symbol,date,open,high,low,close,volume,adjclose,dividends
EASG,2018-11-04 19:00:00-05:00,23.75,23.75,23.75,23.75,0,20.1734561920166,0.0
EASG,2018-11-05 19:00:00-05:00,23.75,23.75,23.75,23.75,0,20.1734561920166,0.0
EASG,2018-11-06 19:00:00-05:00,23.75,23.75,23.75,23.75,0,20.1734561920166,0.0
EASG,2018-11-07 19:00:00-05:00,24.100000381469727,24.100000381469727,24.100000381469727,24.100000381469727,800,20.47075653076172,0.0
EASG,2018-11-08 19:00:00-05:00,23.920000076293945,23.920000076293945,23.920000076293945,23.920000076293945,100,20.317861557006836,0.0
EASG,2018-11-11 19:00:00-05:00,23.920000076293945,23.920000076293945,23.920000076293945,23.920000076293945,100,20.317861557006836,0.0
EASG,2018-11-12 19:00:00-05:00,23.920000076293945,23.920000076293945,23.920000076293945,23.920000076293945,0,20.317861557006836,0.0
EASG,2018-11-13 19:00:00-05:00,23.920000076293945,23.920000076293945,23.920000076293945,23.920000076293945,0,20.317861557006836,0.0
EASG,2018-11-14 19:00:00-05:00,23.520000457763672,23.520000457763672,23.520000457763672,23.520000457763672,800,19.97809600830078,0.0
EASG,2018-11-15 19:00:00-05:00,23.520000457763672,23.520000457763672,23.520000457763672,23.520000457763672,0,19.97809600830078,0.0
EASG,2018-11-18 19:00:00-05:00,23.520000457763672,23.520000457763672,23.520000457763672,23.520000457763672,100,19.97809600830078,0.0
EASG,2018-11-19 19:00:00-05:00,23.520000457763672,23.520000457763672,23.520000457763672,23.520000457763672,0,19.97809600830078,0.0
EASG,2018-11-20 19:00:00-05:00,23.520000457763672,23.520000457763672,23.520000457763672,23.520000457763672,0,19.97809600830078,0.0
EASG,2018-11-22 19:00:00-05:00,23.520000457763672,23.520000457763672,23.520000457763672,23.520000457763672,100,19.97809600830078,0.0
EASG,2018-11-25 19:00:00-05:00,23.520000457763672,23.520000457763672,23.520000457763672,23.520000457763672,0,19.97809600830078,0.0
EASG,2018-11-26 19:00:00-05:00,23.520000457763672,23.520000457763672,23.520000457763672,23.520000457763672,0,19.97809600830078,0.0
EASG,2018-11-27 19:00:00-05:00,23.520000457763672,23.520000457763672,23.520000457763672,23.520000457763672,0,19.97809600830078,0.0
EASG,2018-11-28 19:00:00-05:00,23.8799991607666,23.8799991607666,23.8799991607666,23.8799991607666,100,20.283884048461914,0.0
EASG,2018-11-29 19:00:00-05:00,23.8799991607666,23.8799991607666,23.8799991607666,23.8799991607666,0,20.283884048461914,0.0
EASG,2018-12-02 19:00:00-05:00,23.8799991607666,23.8799991607666,23.8799991607666,23.8799991607666,0,20.283884048461914,0.0
EASG,2018-12-03 19:00:00-05:00,23.790000915527344,23.790000915527344,23.56999969482422,23.56999969482422,300,20.020565032958984,0.0
EASG,2018-12-05 19:00:00-05:00,23.0,23.0,23.0,23.0,100,19.53640365600586,0.0
EASG,2018-12-06 19:00:00-05:00,23.079999923706055,23.17799949645996,23.079999923706055,23.079999923706055,2400,19.612031936645508,0.009
EASG,2018-12-09 19:00:00-05:00,22.84000015258789,22.8799991607666,22.82200050354004,22.82200050354004,600,19.392799377441406,0.0
EASG,2018-12-10 19:00:00-05:00,22.959999084472656,22.959999084472656,22.843000411987305,22.843000411987305,100,19.41064453125,0.0
EASG,2018-12-11 19:00:00-05:00,23.219999313354492,23.219999313354492,23.219999313354492,23.219999313354492,100,19.730995178222656,0.0
EASG,2018-12-12 19:00:00-05:00,23.219999313354492,23.219999313354492,23.219999313354492,23.219999313354492,0,19.730995178222656,0.0
EASG,2018-12-13 19:00:00-05:00,22.979999542236328,22.979999542236328,22.899999618530273,22.899999618530273,400,19.45907974243164,0.0
EASG,2018-12-16 19:00:00-05:00,22.660999298095703,22.660999298095703,22.660999298095703,22.660999298095703,0,19.25598907470703,0.0
EASG,2018-12-17 19:00:00-05:00,22.660999298095703,22.660999298095703,22.660999298095703,22.660999298095703,0,19.25598907470703,0.0
EASG,2018-12-18 19:00:00-05:00,22.59000015258789,22.59000015258789,22.31800079345703,22.31800079345703,100,19.115524291992188,0.179
EASG,2018-12-19 19:00:00-05:00,22.270000457763672,22.270000457763672,22.21500015258789,22.21500015258789,400,19.02730369567871,0.0
EASG,2018-12-20 19:00:00-05:00,22.09000015258789,22.09000015258789,21.827999114990234,21.827999114990234,200,18.69583511352539,0.0
EASG,2018-12-23 19:00:00-05:00,21.827999114990234,21.827999114990234,21.827999114990234,21.827999114990234,0,18.69583511352539,0.0
EASG,2018-12-25 19:00:00-05:00,21.827999114990234,21.827999114990234,21.827999114990234,21.827999114990234,0,18.69583511352539,0.0
EASG,2018-12-26 19:00:00-05:00,22.055999755859375,22.055999755859375,22.055999755859375,22.055999755859375,0,18.891117095947266,0.0
EASG,2018-12-27 19:00:00-05:00,22.055999755859375,22.055999755859375,22.055999755859375,22.055999755859375,0,18.891117095947266,0.0
EASG,2018-12-30 19:00:00-05:00,22.055999755859375,22.055999755859375,22.055999755859375,22.055999755859375,0,18.891117095947266,0.0
EASG,2019-01-01 19:00:00-05:00,22.277999877929688,22.277999877929688,22.277999877929688,22.277999877929688,0,19.081260681152344,0.0
EASG,2019-01-02 19:00:00-05:00,22.072999954223633,22.072999954223633,22.072999954223633,22.072999954223633,0,18.905677795410156,0.0
EASG,2019-01-03 19:00:00-05:00,22.072999954223633,22.072999954223633,22.072999954223633,22.072999954223633,0,18.905677795410156,0.0
EASG,2019-01-06 19:00:00-05:00,22.072999954223633,22.072999954223633,22.072999954223633,22.072999954223633,0,18.905677795410156,0.0
EASG,2019-01-07 19:00:00-05:00,22.95400047302246,22.95400047302246,22.95400047302246,22.95400047302246,100,19.660261154174805,0.0
EASG,2019-01-08 19:00:00-05:00,22.95400047302246,22.95400047302246,22.95400047302246,22.95400047302246,0,19.660261154174805,0.0
EASG,2019-01-09 19:00:00-05:00,22.95400047302246,22.95400047302246,22.95400047302246,22.95400047302246,0,19.660261154174805,0.0
EASG,2019-01-10 19:00:00-05:00,22.95400047302246,22.95400047302246,22.95400047302246,22.95400047302246,0,19.660261154174805,0.0
EASG,2019-01-13 19:00:00-05:00,22.95400047302246,22.95400047302246,22.95400047302246,22.95400047302246,0,19.660261154174805,0.0
EASG,2019-01-14 19:00:00-05:00,22.95400047302246,22.95400047302246,22.95400047302246,22.95400047302246,0,19.660261154174805,0.0
EASG,2019-01-15 19:00:00-05:00,22.95400047302246,22.95400047302246,22.95400047302246,22.95400047302246,0,19.660261154174805,0.0
EASG,2019-01-16 19:00:00-05:00,22.95400047302246,22.95400047302246,22.95400047302246,22.95400047302246,0,19.660261154174805,0.0
EASG,2019-01-17 19:00:00-05:00,22.95400047302246,22.95400047302246,22.95400047302246,22.95400047302246,0,19.660261154174805,0.0
EASG,2019-01-21 19:00:00-05:00,22.95400047302246,22.95400047302246,22.95400047302246,22.95400047302246,0,19.660261154174805,0.0
EASG,2019-01-22 19:00:00-05:00,22.95400047302246,22.95400047302246,22.95400047302246,22.95400047302246,0,19.660261154174805,0.0
EASG,2019-01-23 19:00:00-05:00,22.95400047302246,22.95400047302246,22.95400047302246,22.95400047302246,0,19.660261154174805,0.0
EASG,2019-01-24 19:00:00-05:00,23.520000457763672,23.55500030517578,23.520000457763672,23.55500030517578,400,20.17502784729004,0.0
EASG,2019-01-27 19:00:00-05:00,23.55500030517578,23.55500030517578,23.55500030517578,23.55500030517578,0,20.17502784729004,0.0
EASG,2019-01-28 19:00:00-05:00,23.5049991607666,23.5049991607666,23.5049991607666,23.5049991607666,0,20.132198333740234,0.0
EASG,2019-01-29 19:00:00-05:00,23.732999801635742,23.732999801635742,23.732999801635742,23.732999801635742,0,20.327482223510742,0.0
EASG,2019-01-30 19:00:00-05:00,23.670000076293945,23.684999465942383,23.670000076293945,23.684999465942383,400,20.286367416381836,0.0
EASG,2019-01-31 19:00:00-05:00,23.68600082397461,23.68600082397461,23.68600082397461,23.68600082397461,0,20.287227630615234,0.0
EASG,2019-02-03 19:00:00-05:00,23.670000076293945,23.726999282836914,23.670000076293945,23.726999282836914,200,20.322343826293945,0.0
EASG,2019-02-04 19:00:00-05:00,23.95599937438965,23.95599937438965,23.95599937438965,23.95599937438965,0,20.518482208251953,0.0
EASG,2019-02-05 19:00:00-05:00,23.81399917602539,23.81399917602539,23.81399917602539,23.81399917602539,0,20.3968563079834,0.0
EASG,2019-02-06 19:00:00-05:00,23.62299919128418,23.62299919128418,23.524999618530273,23.524999618530273,200,20.149328231811523,0.0
EASG,2019-02-07 19:00:00-05:00,23.41200065612793,23.41200065612793,23.41200065612793,23.41200065612793,100,20.052539825439453,0.0
EASG,2019-02-10 19:00:00-05:00,23.417999267578125,23.417999267578125,23.417999267578125,23.417999267578125,0,20.057682037353516,0.0
EASG,2019-02-11 19:00:00-05:00,23.715999603271484,23.715999603271484,23.715999603271484,23.715999603271484,0,20.31291961669922,0.0
EASG,2019-02-12 19:00:00-05:00,23.780000686645508,23.780000686645508,23.739999771118164,23.739999771118164,300,20.333477020263672,0.0
EASG,2019-02-13 19:00:00-05:00,23.733999252319336,23.733999252319336,23.687999725341797,23.687999725341797,2200,20.288936614990234,0.0
EASG,2019-02-14 19:00:00-05:00,24.020000457763672,24.020000457763672,24.020000457763672,24.020000457763672,0,20.573299407958984,0.0
EASG,2019-02-18 19:00:00-05:00,24.139999389648438,24.139999389648438,24.139999389648438,24.139999389648438,0,20.67607879638672,0.0
EASG,2019-02-19 19:00:00-05:00,24.170000076293945,24.170000076293945,24.170000076293945,24.170000076293945,0,20.701770782470703,0.0
EASG,2019-02-20 19:00:00-05:00,24.1200008392334,24.1200008392334,24.0939998626709,24.118999481201172,1600,20.65809440612793,0.0
EASG,2019-02-21 19:00:00-05:00,24.2549991607666,24.2549991607666,24.2549991607666,24.2549991607666,0,20.774578094482422,0.0
EASG,2019-02-24 19:00:00-05:00,24.329999923706055,24.329999923706055,24.329999923706055,24.329999923706055,100,20.838815689086914,0.0
EASG,2019-02-25 19:00:00-05:00,24.469999313354492,24.469999313354492,24.469999313354492,24.469999313354492,100,20.95872688293457,0.0
EASG,2019-02-26 19:00:00-05:00,24.360000610351562,24.360000610351562,24.34000015258789,24.34000015258789,1700,20.847379684448242,0.0
EASG,2019-02-27 19:00:00-05:00,24.323999404907227,24.323999404907227,24.290000915527344,24.290000915527344,300,20.804553985595703,0.0
EASG,2019-02-28 19:00:00-05:00,24.398000717163086,24.398000717163086,24.398000717163086,24.398000717163086,0,20.89706039428711,0.0
EASG,2019-03-03 19:00:00-05:00,24.332000732421875,24.332000732421875,24.332000732421875,24.332000732421875,100,20.840530395507812,0.0
EASG,2019-03-04 19:00:00-05:00,24.385000228881836,24.385000228881836,24.385000228881836,24.385000228881836,100,20.885923385620117,0.0
EASG,2019-03-05 19:00:00-05:00,24.600000381469727,24.600000381469727,24.274999618530273,24.274999618530273,1600,20.791706085205078,0.0
EASG,2019-03-06 19:00:00-05:00,24.059999465942383,24.059999465942383,23.974000930786133,23.974000930786133,300,20.533899307250977,0.0
EASG,2019-03-07 19:00:00-05:00,23.94499969482422,23.94499969482422,23.94499969482422,23.94499969482422,0,20.50905990600586,0.0
EASG,2019-03-10 20:00:00-04:00,24.1560001373291,24.1560001373291,24.1560001373291,24.1560001373291,100,20.689783096313477,0.0
EASG,2019-03-11 20:00:00-04:00,24.1560001373291,24.1560001373291,24.1560001373291,24.1560001373291,0,20.689783096313477,0.0
EASG,2019-03-12 20:00:00-04:00,24.336000442504883,24.336000442504883,24.336000442504883,24.336000442504883,100,20.843955993652344,0.0
EASG,2019-03-13 20:00:00-04:00,24.354999542236328,24.354999542236328,24.344999313354492,24.344999313354492,1000,20.85166358947754,0.0
EASG,2019-03-14 20:00:00-04:00,24.604000091552734,24.604000091552734,24.604000091552734,24.604000091552734,0,21.07349967956543,0.0
EASG,2019-03-17 20:00:00-04:00,24.704999923706055,24.704999923706055,24.704999923706055,24.704999923706055,0,21.160005569458008,0.0
EASG,2019-03-18 20:00:00-04:00,24.70400047302246,24.70400047302246,24.70400047302246,24.70400047302246,0,21.159149169921875,0.0
EASG,2019-03-19 20:00:00-04:00,24.65999984741211,24.726999282836914,24.65999984741211,24.726999282836914,1000,21.178850173950195,0.0
EASG,2019-03-20 20:00:00-04:00,24.684999465942383,24.684999465942383,24.684999465942383,24.684999465942383,0,21.142873764038086,0.0
EASG,2019-03-21 20:00:00-04:00,24.21500015258789,24.21500015258789,24.21500015258789,24.21500015258789,0,20.740318298339844,0.0
EASG,2019-03-24 20:00:00-04:00,24.270000457763672,24.270000457763672,24.2450008392334,24.256000518798828,900,20.775434494018555,0.0
EASG,2019-03-25 20:00:00-04:00,24.429000854492188,24.429000854492188,24.40399932861328,24.40399932861328,300,20.902196884155273,0.0
EASG,2019-03-26 20:00:00-04:00,24.479999542236328,24.479999542236328,24.350000381469727,24.385000228881836,800,20.885923385620117,0.0
EASG,2019-03-27 20:00:00-04:00,24.360000610351562,24.360000610351562,24.344999313354492,24.344999313354492,100,20.85166358947754,0.0
EASG,2019-03-28 20:00:00-04:00,24.422000885009766,24.433000564575195,24.422000885009766,24.433000564575195,400,20.92703628540039,0.0
EASG,2019-03-31 20:00:00-04:00,24.71299934387207,24.71299934387207,24.71299934387207,24.71299934387207,100,21.166858673095703,0.0
EASG,2019-04-01 20:00:00-04:00,24.71500015258789,24.71500015258789,24.71500015258789,24.71500015258789,100,21.168569564819336,0.0
EASG,2019-04-02 20:00:00-04:00,24.900999069213867,24.900999069213867,24.900999069213867,24.900999069213867,100,21.327880859375,0.0
EASG,2019-04-03 20:00:00-04:00,24.8700008392334,24.8700008392334,24.854000091552734,24.854000091552734,500,21.287626266479492,0.0
EASG,2019-04-04 20:00:00-04:00,24.875999450683594,24.875999450683594,24.875999450683594,24.875999450683594,0,21.306467056274414,0.0
EASG,2019-04-07 20:00:00-04:00,25.030000686645508,25.030000686645508,24.895000457763672,24.895000457763672,400,21.322744369506836,0.0
EASG,2019-04-08 20:00:00-04:00,24.81999969482422,24.81999969482422,24.767000198364258,24.767000198364258,3000,21.213109970092773,0.0
EASG,2019-04-09 20:00:00-04:00,24.864999771118164,24.864999771118164,24.864999771118164,24.864999771118164,300,21.297048568725586,0.0
EASG,2019-04-10 20:00:00-04:00,24.849000930786133,24.850000381469727,24.84000015258789,24.844999313354492,2000,21.279916763305664,0.0
EASG,2019-04-11 20:00:00-04:00,24.90999984741211,24.93400001525879,24.90999984741211,24.93400001525879,400,21.35614776611328,0.0
EASG,2019-04-14 20:00:00-04:00,24.979999542236328,24.979999542236328,24.954999923706055,24.954999923706055,1400,21.374130249023438,0.0
EASG,2019-04-15 20:00:00-04:00,25.05500030517578,25.05500030517578,25.05500030517578,25.05500030517578,100,21.45978546142578,0.0
EASG,2019-04-16 20:00:00-04:00,25.280000686645508,25.280000686645508,25.110000610351562,25.110000610351562,2500,21.506893157958984,0.0
EASG,2019-04-17 20:00:00-04:00,25.10300064086914,25.10300064086914,25.10300064086914,25.10300064086914,0,21.50089454650879,0.0
EASG,2019-04-21 20:00:00-04:00,25.094999313354492,25.094999313354492,25.094999313354492,25.094999313354492,100,21.494041442871094,0.0
EASG,2019-04-22 20:00:00-04:00,25.134000778198242,25.134000778198242,25.134000778198242,25.134000778198242,0,21.527450561523438,0.0
EASG,2019-04-23 20:00:00-04:00,25.010000228881836,25.010000228881836,25.010000228881836,25.010000228881836,100,21.421241760253906,0.0
EASG,2019-04-24 20:00:00-04:00,24.965999603271484,24.965999603271484,24.965999603271484,24.965999603271484,0,21.383556365966797,0.0
EASG,2019-04-25 20:00:00-04:00,25.084999084472656,25.084999084472656,25.084999084472656,25.084999084472656,0,21.485475540161133,0.0
EASG,2019-04-28 20:00:00-04:00,25.149999618530273,25.155000686645508,25.149999618530273,25.155000686645508,1500,21.545434951782227,0.0
EASG,2019-04-29 20:00:00-04:00,25.200000762939453,25.224000930786133,25.200000762939453,25.224000930786133,500,21.604534149169922,0.0
EASG,2019-04-30 20:00:00-04:00,25.165000915527344,25.165000915527344,25.165000915527344,25.165000915527344,0,21.554000854492188,0.0
EASG,2019-05-01 20:00:00-04:00,25.020000457763672,25.020000457763672,25.020000457763672,25.020000457763672,100,21.429807662963867,0.0
EASG,2019-05-02 20:00:00-04:00,25.240999221801758,25.240999221801758,25.240999221801758,25.240999221801758,0,21.619091033935547,0.0
EASG,2019-05-05 20:00:00-04:00,24.986000061035156,24.986000061035156,24.986000061035156,24.986000061035156,100,21.400684356689453,0.0
EASG,2019-05-06 20:00:00-04:00,24.6299991607666,24.6299991607666,24.548999786376953,24.548999786376953,100,21.02638816833496,0.0
EASG,2019-05-07 20:00:00-04:00,24.565000534057617,24.565000534057617,24.565000534057617,24.565000534057617,0,21.04009246826172,0.0
EASG,2019-05-08 20:00:00-04:00,24.479999542236328,24.479999542236328,24.450000762939453,24.450000762939453,400,20.941598892211914,0.0
EASG,2019-05-09 20:00:00-04:00,24.680999755859375,24.680999755859375,24.680999755859375,24.680999755859375,100,21.139446258544922,0.0
EASG,2019-05-12 20:00:00-04:00,24.280000686645508,24.280000686645508,24.15999984741211,24.15999984741211,200,20.693206787109375,0.0
EASG,2019-05-13 20:00:00-04:00,24.299999237060547,24.40999984741211,24.299999237060547,24.40999984741211,200,20.90733528137207,0.0
EASG,2019-05-14 20:00:00-04:00,24.46500015258789,24.46500015258789,24.46500015258789,24.46500015258789,0,20.954444885253906,0.0
EASG,2019-05-15 20:00:00-04:00,24.729999542236328,24.729999542236328,24.64299964904785,24.64299964904785,400,21.106903076171875,0.0
EASG,2019-05-16 20:00:00-04:00,24.600000381469727,24.600000381469727,24.524999618530273,24.524999618530273,100,21.005834579467773,0.0
EASG,2019-05-19 20:00:00-04:00,24.475000381469727,24.475000381469727,24.475000381469727,24.475000381469727,0,20.963010787963867,0.0
EASG,2019-05-20 20:00:00-04:00,24.621999740600586,24.621999740600586,24.621999740600586,24.621999740600586,0,21.08891487121582,0.0
EASG,2019-05-21 20:00:00-04:00,24.577999114990234,24.577999114990234,24.577999114990234,24.577999114990234,100,21.051227569580078,0.0
EASG,2019-05-22 20:00:00-04:00,24.31999969482422,24.31999969482422,24.295000076293945,24.295000076293945,1400,20.808837890625,0.0
EASG,2019-05-23 20:00:00-04:00,24.575000762939453,24.575000762939453,24.575000762939453,24.575000762939453,0,21.048660278320312,0.0
EASG,2019-05-27 20:00:00-04:00,24.469999313354492,24.469999313354492,24.34600067138672,24.34600067138672,1900,20.852519989013672,0.0
EASG,2019-05-28 20:00:00-04:00,24.142000198364258,24.142000198364258,24.142000198364258,24.142000198364258,100,20.677793502807617,0.0
EASG,2019-05-29 20:00:00-04:00,24.219999313354492,24.242000579833984,24.219999313354492,24.242000579833984,1700,20.76344108581543,0.0
EASG,2019-05-30 20:00:00-04:00,24.079999923706055,24.079999923706055,24.05500030517578,24.05500030517578,1400,20.603281021118164,0.0
EASG,2019-06-02 20:00:00-04:00,24.145000457763672,24.202999114990234,24.145000457763672,24.202999114990234,300,20.730039596557617,0.0
EASG,2019-06-03 20:00:00-04:00,24.472000122070312,24.472000122070312,24.472000122070312,24.472000122070312,0,20.960439682006836,0.0
EASG,2019-06-04 20:00:00-04:00,24.520000457763672,24.579999923706055,24.479999542236328,24.485000610351562,6200,20.971576690673828,0.0
EASG,2019-06-05 20:00:00-04:00,24.610000610351562,24.610000610351562,24.597999572753906,24.597999572753906,1400,21.068361282348633,0.0
EASG,2019-06-06 20:00:00-04:00,24.959999084472656,24.959999084472656,24.915000915527344,24.915000915527344,300,21.339872360229492,0.0
EASG,2019-06-09 20:00:00-04:00,25.020000457763672,25.020000457763672,24.97599983215332,24.97599983215332,900,21.392120361328125,0.0
EASG,2019-06-10 20:00:00-04:00,25.110000610351562,25.1200008392334,25.086999893188477,25.086999893188477,1900,21.48719024658203,0.0
EASG,2019-06-11 20:00:00-04:00,24.93400001525879,24.93400001525879,24.93400001525879,24.93400001525879,200,21.35614776611328,0.0
EASG,2019-06-12 20:00:00-04:00,24.92799949645996,24.92799949645996,24.92799949645996,24.92799949645996,0,21.35100555419922,0.0
EASG,2019-06-13 20:00:00-04:00,24.797000885009766,24.797000885009766,24.797000885009766,24.797000885009766,0,21.238805770874023,0.0
EASG,2019-06-16 20:00:00-04:00,24.809999465942383,24.809999465942383,24.764999389648438,24.764999389648438,900,21.211395263671875,0.0
EASG,2019-06-17 20:00:00-04:00,25.094999313354492,25.094999313354492,25.094999313354492,25.094999313354492,0,21.494041442871094,0.0
EASG,2019-06-18 20:00:00-04:00,25.288999557495117,25.288999557495117,25.288999557495117,25.288999557495117,0,21.660205841064453,0.0
EASG,2019-06-19 20:00:00-04:00,25.5049991607666,25.5049991607666,25.5049991607666,25.5049991607666,0,21.845212936401367,0.0
EASG,2019-06-20 20:00:00-04:00,25.422000885009766,25.422000885009766,25.422000885009766,25.422000885009766,0,21.774126052856445,0.0
EASG,2019-06-23 20:00:00-04:00,25.489999771118164,25.510000228881836,25.489999771118164,25.5,4100,21.840927124023438,0.0
EASG,2019-06-24 20:00:00-04:00,25.5,25.5,25.304000854492188,25.304000854492188,16700,21.673053741455078,0.0
EASG,2019-06-25 20:00:00-04:00,25.332000732421875,25.332000732421875,25.332000732421875,25.332000732421875,0,21.697038650512695,0.0
EASG,2019-06-26 20:00:00-04:00,25.393999099731445,25.399999618530273,25.393999099731445,25.399999618530273,500,21.755279541015625,0.0
EASG,2019-06-27 20:00:00-04:00,24.969999313354492,25.059999465942383,24.969999313354492,25.03499984741211,1100,21.85918426513672,0.484
EASG,2019-06-30 20:00:00-04:00,25.170000076293945,25.170000076293945,25.170000076293945,25.170000076293945,200,21.97705841064453,0.0
EASG,2019-07-01 20:00:00-04:00,25.21500015258789,25.25,25.21500015258789,25.21500015258789,2400,22.016345977783203,0.0
EASG,2019-07-02 20:00:00-04:00,25.420000076293945,25.420000076293945,25.395000457763672,25.395000457763672,300,22.17351531982422,0.0
EASG,2019-07-04 20:00:00-04:00,25.05500030517578,25.209999084472656,25.05500030517578,25.20400047302246,600,22.00674819946289,0.0
EASG,2019-07-07 20:00:00-04:00,25.049999237060547,25.049999237060547,25.049999237060547,25.049999237060547,0,21.87228012084961,0.0
EASG,2019-07-08 20:00:00-04:00,25.0,25.0,24.81999969482422,24.929000854492188,5200,21.766632080078125,0.0
EASG,2019-07-09 20:00:00-04:00,24.98900032043457,24.98900032043457,24.98900032043457,24.98900032043457,100,21.819021224975586,0.0
EASG,2019-07-10 20:00:00-04:00,24.979999542236328,24.979999542236328,24.979999542236328,24.979999542236328,0,21.811161041259766,0.0
EASG,2019-07-11 20:00:00-04:00,25.01300048828125,25.01300048828125,25.01300048828125,25.01300048828125,100,21.83997344970703,0.0
EASG,2019-07-14 20:00:00-04:00,25.045000076293945,25.045000076293945,25.045000076293945,25.045000076293945,200,21.8679141998291,0.0
EASG,2019-07-15 20:00:00-04:00,24.959999084472656,24.959999084472656,24.959999084472656,24.959999084472656,100,21.79369354248047,0.0
EASG,2019-07-16 20:00:00-04:00,24.957000732421875,24.957000732421875,24.957000732421875,24.957000732421875,100,21.791074752807617,0.0
EASG,2019-07-17 20:00:00-04:00,24.8700008392334,24.981000900268555,24.8700008392334,24.981000900268555,300,21.812036514282227,0.0
EASG,2019-07-18 20:00:00-04:00,24.90999984741211,24.90999984741211,24.90999984741211,24.90999984741211,0,21.750041961669922,0.0
EASG,2019-07-21 20:00:00-04:00,24.91200065612793,24.91200065612793,24.91200065612793,24.91200065612793,0,21.751789093017578,0.0
EASG,2019-07-22 20:00:00-04:00,25.0,25.100000381469727,25.0,25.062000274658203,1100,21.88275909423828,0.0
EASG,2019-07-23 20:00:00-04:00,25.094999313354492,25.094999313354492,25.094999313354492,25.094999313354492,100,21.911569595336914,0.0
EASG,2019-07-24 20:00:00-04:00,24.979999542236328,25.0,24.851999282836914,24.851999282836914,1100,21.69940185546875,0.0
EASG,2019-07-25 20:00:00-04:00,24.922000885009766,24.922000885009766,24.922000885009766,24.922000885009766,0,21.76051902770996,0.0
EASG,2019-07-28 20:00:00-04:00,24.969999313354492,24.969999313354492,24.920000076293945,24.959999084472656,1000,21.79369354248047,0.0
EASG,2019-07-29 20:00:00-04:00,24.68000030517578,24.709999084472656,24.621000289916992,24.621000289916992,4000,21.49770164489746,0.0
EASG,2019-07-30 20:00:00-04:00,24.75,24.75,24.47800064086914,24.47800064086914,2300,21.37284278869629,0.0
EASG,2019-07-31 20:00:00-04:00,24.43400001525879,24.43400001525879,24.43400001525879,24.43400001525879,1200,21.334423065185547,0.0
EASG,2019-08-01 20:00:00-04:00,24.249000549316406,24.249000549316406,24.249000549316406,24.249000549316406,1200,21.172889709472656,0.0
EASG,2019-08-04 20:00:00-04:00,23.729999542236328,23.729999542236328,23.652999877929688,23.652999877929688,1900,20.652498245239258,0.0
EASG,2019-08-05 20:00:00-04:00,23.770000457763672,23.791000366210938,23.770000457763672,23.791000366210938,400,20.77298927307129,0.0
EASG,2019-08-06 20:00:00-04:00,23.729999542236328,23.927000045776367,23.709999084472656,23.927000045776367,5200,20.89173698425293,0.0
EASG,2019-08-07 20:00:00-04:00,24.15399932861328,24.15399932861328,24.15399932861328,24.15399932861328,1400,21.089942932128906,0.0
EASG,2019-08-08 20:00:00-04:00,24.09000015258789,24.09000015258789,24.04199981689453,24.04199981689453,1400,20.992151260375977,0.0
EASG,2019-08-11 20:00:00-04:00,23.959999084472656,23.969999313354492,23.829999923706055,23.829999923706055,600,20.807044982910156,0.0
EASG,2019-08-12 20:00:00-04:00,24.058000564575195,24.058000564575195,24.058000564575195,24.058000564575195,600,21.006118774414062,0.0
EASG,2019-08-13 20:00:00-04:00,23.700000762939453,23.700000762939453,23.45199966430664,23.45199966430664,6000,20.47699546813965,0.0
EASG,2019-08-14 20:00:00-04:00,23.530000686645508,23.530000686645508,23.4950008392334,23.50200080871582,1000,20.52065086364746,0.0
EASG,2019-08-15 20:00:00-04:00,23.78499984741211,23.78499984741211,23.78499984741211,23.78499984741211,0,20.767751693725586,0.0
EASG,2019-08-18 20:00:00-04:00,23.923999786376953,23.92799949645996,23.9060001373291,23.915000915527344,500,20.88125991821289,0.0
EASG,2019-08-19 20:00:00-04:00,23.841999053955078,23.865999221801758,23.790000915527344,23.83300018310547,2400,20.809663772583008,0.0
EASG,2019-08-20 20:00:00-04:00,24.020999908447266,24.020999908447266,24.020999908447266,24.020999908447266,0,20.97381019592285,0.0
EASG,2019-08-21 20:00:00-04:00,23.908000946044922,23.98699951171875,23.908000946044922,23.98699951171875,600,20.94412612915039,0.0
EASG,2019-08-22 20:00:00-04:00,23.708999633789062,23.708999633789062,23.708999633789062,23.708999633789062,200,20.701391220092773,0.0
EASG,2019-08-25 20:00:00-04:00,23.889999389648438,23.889999389648438,23.889999389648438,23.889999389648438,100,20.85942840576172,0.0
EASG,2019-08-26 20:00:00-04:00,23.899999618530273,23.899999618530273,23.850000381469727,23.899999618530273,800,20.868162155151367,0.0
EASG,2019-08-27 20:00:00-04:00,23.881999969482422,23.881999969482422,23.881999969482422,23.881999969482422,0,20.852447509765625,0.0
EASG,2019-08-28 20:00:00-04:00,24.062000274658203,24.06999969482422,24.062000274658203,24.06999969482422,200,21.016599655151367,0.0
EASG,2019-08-29 20:00:00-04:00,24.14900016784668,24.14900016784668,24.14900016784668,24.14900016784668,0,21.085580825805664,0.0
EASG,2019-09-02 20:00:00-04:00,24.097999572753906,24.097999572753906,24.09600067138672,24.09600067138672,200,21.03929901123047,0.0
EASG,2019-09-03 20:00:00-04:00,24.399999618530273,24.399999618530273,24.399999618530273,24.399999618530273,0,21.304738998413086,0.0
EASG,2019-09-04 20:00:00-04:00,24.579999923706055,24.579999923706055,24.579999923706055,24.579999923706055,0,21.461904525756836,0.0
EASG,2019-09-05 20:00:00-04:00,24.665000915527344,24.665000915527344,24.665000915527344,24.665000915527344,0,21.53611946105957,0.0
EASG,2019-09-08 20:00:00-04:00,24.709999084472656,24.709999084472656,24.70599937438965,24.70599937438965,600,21.571918487548828,0.0
EASG,2019-09-09 20:00:00-04:00,24.691999435424805,24.691999435424805,24.691999435424805,24.691999435424805,100,21.5596923828125,0.0
EASG,2019-09-10 20:00:00-04:00,24.81999969482422,24.864999771118164,24.81999969482422,24.864999771118164,200,21.71074867248535,0.0
EASG,2019-09-11 20:00:00-04:00,25.018999099731445,25.024999618530273,25.011999130249023,25.011999130249023,6000,21.839096069335938,0.0
EASG,2019-09-12 20:00:00-04:00,25.139999389648438,25.23699951171875,25.139999389648438,25.170000076293945,1000,21.97705841064453,0.0
EASG,2019-09-15 20:00:00-04:00,25.014999389648438,25.030000686645508,25.0,25.0,2200,21.828622817993164,0.0
EASG,2019-09-16 20:00:00-04:00,24.989999771118164,25.139999389648438,24.989999771118164,25.1200008392334,27300,21.93340301513672,0.0
EASG,2019-09-17 20:00:00-04:00,25.040000915527344,25.075000762939453,25.040000915527344,25.075000762939453,600,21.89410972595215,0.0
EASG,2019-09-18 20:00:00-04:00,25.19499969482422,25.19499969482422,25.19499969482422,25.19499969482422,0,21.998882293701172,0.0
EASG,2019-09-19 20:00:00-04:00,25.195999145507812,25.195999145507812,25.170000076293945,25.170000076293945,600,21.97705841064453,0.0
EASG,2019-09-22 20:00:00-04:00,25.05299949645996,25.1200008392334,25.05299949645996,25.065000534057617,1400,21.885379791259766,0.0
EASG,2019-09-23 20:00:00-04:00,25.04400062561035,25.04400062561035,25.04400062561035,25.04400062561035,0,21.867036819458008,0.0
EASG,2019-09-24 20:00:00-04:00,24.989999771118164,25.010000228881836,24.959999084472656,24.968000411987305,13400,21.800682067871094,0.0
EASG,2019-09-25 20:00:00-04:00,24.969999313354492,24.969999313354492,24.969999313354492,24.969999313354492,0,21.80242919921875,0.0
EASG,2019-09-26 20:00:00-04:00,25.09000015258789,25.09000015258789,24.982999801635742,24.982999801635742,900,21.813779830932617,0.0
EASG,2019-09-29 20:00:00-04:00,25.084999084472656,25.084999084472656,25.084999084472656,25.084999084472656,0,21.902835845947266,0.0
EASG,2019-09-30 20:00:00-04:00,25.079999923706055,25.079999923706055,24.844999313354492,24.844999313354492,2300,21.693286895751953,0.0
EASG,2019-10-01 20:00:00-04:00,24.420000076293945,24.420000076293945,24.344999313354492,24.344999313354492,200,21.256711959838867,0.0
EASG,2019-10-02 20:00:00-04:00,24.44700050354004,24.44700050354004,24.44700050354004,24.44700050354004,0,21.345773696899414,0.0
EASG,2019-10-03 20:00:00-04:00,24.62700080871582,24.68400001525879,24.62700080871582,24.68400001525879,1600,21.552709579467773,0.0
EASG,2019-10-06 20:00:00-04:00,24.694000244140625,24.694000244140625,24.694000244140625,24.694000244140625,0,21.561439514160156,0.0
EASG,2019-10-07 20:00:00-04:00,24.639999389648438,24.639999389648438,24.399999618530273,24.399999618530273,2900,21.304738998413086,0.0
EASG,2019-10-08 20:00:00-04:00,24.613000869750977,24.613000869750977,24.613000869750977,24.613000869750977,0,21.49071502685547,0.0
EASG,2019-10-09 20:00:00-04:00,24.739999771118164,24.740999221801758,24.739999771118164,24.740999221801758,1100,21.60247802734375,0.0
EASG,2019-10-10 20:00:00-04:00,25.288999557495117,25.291000366210938,25.232999801635742,25.232999801635742,1300,22.03206443786621,0.0
EASG,2019-10-13 20:00:00-04:00,25.1299991607666,25.15999984741211,25.114999771118164,25.114999771118164,800,21.929033279418945,0.0
EASG,2019-10-14 20:00:00-04:00,25.479999542236328,25.479999542236328,25.42799949645996,25.42799949645996,500,22.20233154296875,0.0
EASG,2019-10-15 20:00:00-04:00,25.44700050354004,25.44700050354004,25.44700050354004,25.44700050354004,0,22.218917846679688,0.0
EASG,2019-10-16 20:00:00-04:00,25.523000717163086,25.523000717163086,25.523000717163086,25.523000717163086,0,22.2852783203125,0.0
EASG,2019-10-17 20:00:00-04:00,25.489999771118164,25.59000015258789,25.489999771118164,25.545000076293945,1400,22.304487228393555,0.0
EASG,2019-10-20 20:00:00-04:00,25.690000534057617,25.690000534057617,25.690000534057617,25.690000534057617,0,22.431093215942383,0.0
EASG,2019-10-21 20:00:00-04:00,25.702999114990234,25.702999114990234,25.702999114990234,25.702999114990234,0,22.44244384765625,0.0
EASG,2019-10-22 20:00:00-04:00,25.8439998626709,25.8439998626709,25.829999923706055,25.829999923706055,400,22.553335189819336,0.0
EASG,2019-10-23 20:00:00-04:00,25.868999481201172,25.868999481201172,25.868999481201172,25.868999481201172,0,22.587385177612305,0.0
EASG,2019-10-24 20:00:00-04:00,25.81999969482422,25.899999618530273,25.81999969482422,25.856000900268555,900,22.576034545898438,0.0
EASG,2019-10-27 20:00:00-04:00,25.957000732421875,25.957000732421875,25.957000732421875,25.957000732421875,0,22.66422462463379,0.0
EASG,2019-10-28 20:00:00-04:00,25.959999084472656,25.959999084472656,25.93600082397461,25.93600082397461,400,22.645889282226562,0.0
EASG,2019-10-29 20:00:00-04:00,26.06999969482422,26.06999969482422,26.06999969482422,26.06999969482422,0,22.762887954711914,0.0
EASG,2019-10-30 20:00:00-04:00,25.92300033569336,26.030000686645508,25.92300033569336,26.030000686645508,300,22.72796058654785,0.0
EASG,2019-10-31 20:00:00-04:00,26.260000228881836,26.260000228881836,26.260000228881836,26.260000228881836,200,22.92878532409668,0.0
EASG,2019-11-03 19:00:00-05:00,26.43000030517578,26.43000030517578,26.3799991607666,26.3799991607666,1100,23.0335636138916,0.0
EASG,2019-11-04 19:00:00-05:00,26.29199981689453,26.295000076293945,26.29199981689453,26.295000076293945,600,22.9593448638916,0.0
EASG,2019-11-05 19:00:00-05:00,26.344999313354492,26.344999313354492,26.344999313354492,26.344999313354492,0,23.00300407409668,0.0
EASG,2019-11-06 19:00:00-05:00,26.440000534057617,26.510000228881836,26.40999984741211,26.40999984741211,15200,23.05976104736328,0.0
EASG,2019-11-07 19:00:00-05:00,26.34000015258789,26.360000610351562,26.291000366210938,26.360000610351562,1000,23.016098022460938,0.0
EASG,2019-11-10 19:00:00-05:00,26.290000915527344,26.360000610351562,26.290000915527344,26.31999969482422,2500,22.981170654296875,0.0
EASG,2019-11-11 19:00:00-05:00,26.299999237060547,26.309999465942383,26.299999237060547,26.309999465942383,200,22.972440719604492,0.0
EASG,2019-11-12 19:00:00-05:00,26.260000228881836,26.260000228881836,26.09000015258789,26.195999145507812,4800,22.872901916503906,0.0
EASG,2019-11-13 19:00:00-05:00,26.190000534057617,26.190000534057617,26.190000534057617,26.190000534057617,200,22.867666244506836,0.0
EASG,2019-11-14 19:00:00-05:00,26.329999923706055,26.329999923706055,26.31100082397461,26.31100082397461,300,22.973318099975586,0.0
EASG,2019-11-17 19:00:00-05:00,26.420000076293945,26.420000076293945,26.392000198364258,26.392000198364258,600,23.04404067993164,0.0
EASG,2019-11-18 19:00:00-05:00,26.6200008392334,26.6200008392334,26.38599967956543,26.38599967956543,1000,23.038803100585938,0.0
EASG,2019-11-19 19:00:00-05:00,26.183000564575195,26.183000564575195,26.174999237060547,26.174999237060547,200,22.854568481445312,0.0
EASG,2019-11-20 19:00:00-05:00,26.13800048828125,26.13800048828125,26.13800048828125,26.13800048828125,0,22.822261810302734,0.0
EASG,2019-11-21 19:00:00-05:00,26.200000762939453,26.200000762939453,26.187999725341797,26.187999725341797,400,22.86591911315918,0.0
EASG,2019-11-24 19:00:00-05:00,26.327999114990234,26.347999572753906,26.327999114990234,26.347999572753906,200,23.00562286376953,0.0
EASG,2019-11-25 19:00:00-05:00,26.39699935913086,26.39699935913086,26.39699935913086,26.39699935913086,0,23.048404693603516,0.0
EASG,2019-11-26 19:00:00-05:00,26.45199966430664,26.45199966430664,26.45199966430664,26.45199966430664,100,23.0964298248291,0.0
EASG,2019-11-28 19:00:00-05:00,26.304000854492188,26.304000854492188,26.304000854492188,26.304000854492188,0,22.967205047607422,0.0
EASG,2019-12-01 19:00:00-05:00,26.299999237060547,26.299999237060547,26.139999389648438,26.139999389648438,2700,22.82400894165039,0.0
EASG,2019-12-02 19:00:00-05:00,25.965999603271484,26.09600067138672,25.965999603271484,26.09600067138672,1300,22.78558921813965,0.0
EASG,2019-12-03 19:00:00-05:00,26.32699966430664,26.32699966430664,26.32699966430664,26.32699966430664,100,22.98728370666504,0.0
EASG,2019-12-04 19:00:00-05:00,26.31800079345703,26.31800079345703,26.31800079345703,26.31800079345703,0,22.979429244995117,0.0
EASG,2019-12-05 19:00:00-05:00,26.547000885009766,26.547000885009766,26.547000885009766,26.547000885009766,400,23.17937660217285,0.0
EASG,2019-12-08 19:00:00-05:00,26.549999237060547,26.559999465942383,26.43000030517578,26.43000030517578,2300,23.077219009399414,0.0
EASG,2019-12-09 19:00:00-05:00,26.510000228881836,26.510000228881836,26.457000732421875,26.464000701904297,3600,23.106904983520508,0.0
EASG,2019-12-10 19:00:00-05:00,26.58099937438965,26.58099937438965,26.58099937438965,26.58099937438965,100,23.209064483642578,0.0
EASG,2019-12-11 19:00:00-05:00,26.72599983215332,26.72599983215332,26.72599983215332,26.72599983215332,0,23.335668563842773,0.0
EASG,2019-12-12 19:00:00-05:00,26.989999771118164,26.989999771118164,26.950000762939453,26.950000762939453,1200,23.531253814697266,0.0
EASG,2019-12-15 19:00:00-05:00,27.19300079345703,27.219999313354492,27.16699981689453,27.180999755859375,2900,23.732954025268555,0.0
EASG,2019-12-16 19:00:00-05:00,27.0310001373291,27.05900001525879,27.02899932861328,27.02899932861328,600,23.60023307800293,0.0
EASG,2019-12-17 19:00:00-05:00,26.719999313354492,26.719999313354492,26.614999771118164,26.635000228881836,600,23.518997192382812,0.302
EASG,2019-12-18 19:00:00-05:00,26.6200008392334,26.6200008392334,26.6200008392334,26.6200008392334,0,23.505752563476562,0.0
EASG,2019-12-19 19:00:00-05:00,26.67799949645996,26.709999084472656,26.65399932861328,26.65399932861328,2900,23.535776138305664,0.0
EASG,2019-12-22 19:00:00-05:00,26.719999313354492,26.739999771118164,26.68899917602539,26.68899917602539,1300,23.566679000854492,0.0
EASG,2019-12-23 19:00:00-05:00,26.639999389648438,26.665000915527344,26.639999389648438,26.649999618530273,1500,23.53223991394043,0.0
EASG,2019-12-25 19:00:00-05:00,26.784000396728516,26.79599952697754,26.784000396728516,26.79599952697754,2300,23.661163330078125,0.0
EASG,2019-12-26 19:00:00-05:00,26.871000289916992,26.93000030517578,26.871000289916992,26.915000915527344,5100,23.766237258911133,0.0
EASG,2019-12-29 19:00:00-05:00,26.84000015258789,26.84000015258789,26.670000076293945,26.670000076293945,1800,23.549903869628906,0.0
EASG,2019-12-30 19:00:00-05:00,26.69700050354004,26.72100067138672,26.649999618530273,26.72100067138672,1800,23.59493637084961,0.0
EASG,2020-01-01 19:00:00-05:00,26.989999771118164,26.989999771118164,26.989999771118164,26.989999771118164,300,23.832468032836914,0.0
EASG,2020-01-02 19:00:00-05:00,26.739999771118164,26.75,26.739999771118164,26.75,100,23.620542526245117,0.0
EASG,2020-01-05 19:00:00-05:00,26.69499969482422,26.75,26.69499969482422,26.75,1500,23.620542526245117,0.0
EASG,2020-01-06 19:00:00-05:00,26.649999618530273,26.649999618530273,26.600000381469727,26.600000381469727,6200,23.48809051513672,0.0
EASG,2020-01-07 19:00:00-05:00,26.610000610351562,26.709999084472656,26.610000610351562,26.709999084472656,3900,23.585220336914062,0.0
EASG,2020-01-08 19:00:00-05:00,26.799999237060547,26.799999237060547,26.799999237060547,26.799999237060547,100,23.664690017700195,0.0
EASG,2020-01-09 19:00:00-05:00,26.770000457763672,26.770000457763672,26.68000030517578,26.68000030517578,500,23.558731079101562,0.0
EASG,2020-01-12 19:00:00-05:00,26.732999801635742,26.80900001525879,26.732999801635742,26.80900001525879,400,23.672636032104492,0.0
EASG,2020-01-13 19:00:00-05:00,26.84000015258789,26.84000015258789,26.84000015258789,26.84000015258789,100,23.700014114379883,0.0
EASG,2020-01-14 19:00:00-05:00,26.860000610351562,26.860000610351562,26.860000610351562,26.860000610351562,100,23.717674255371094,0.0
EASG,2020-01-15 19:00:00-05:00,26.979999542236328,26.979999542236328,26.979999542236328,26.979999542236328,100,23.823633193969727,0.0
EASG,2020-01-16 19:00:00-05:00,27.09000015258789,27.09000015258789,27.09000015258789,27.09000015258789,100,23.920764923095703,0.0
EASG,2020-01-20 19:00:00-05:00,27.149999618530273,27.149999618530273,26.926000595092773,26.926000595092773,1700,23.77595329284668,0.0
EASG,2020-01-21 19:00:00-05:00,27.048999786376953,27.049999237060547,27.003000259399414,27.003000259399414,400,23.843944549560547,0.0
EASG,2020-01-22 19:00:00-05:00,27.06999969482422,27.06999969482422,26.891000747680664,26.972000122070312,1500,23.816572189331055,0.0
EASG,2020-01-23 19:00:00-05:00,27.06999969482422,27.06999969482422,26.93000030517578,26.93000030517578,100,23.77948570251465,0.0
EASG,2020-01-26 19:00:00-05:00,26.360000610351562,26.43000030517578,26.329999923706055,26.329999923706055,800,23.249679565429688,0.0
EASG,2020-01-27 19:00:00-05:00,26.459999084472656,26.572999954223633,26.459999084472656,26.572999954223633,500,23.464250564575195,0.0
EASG,2020-01-28 19:00:00-05:00,26.639999389648438,26.670000076293945,26.607999801635742,26.607999801635742,1100,23.495155334472656,0.0
EASG,2020-01-29 19:00:00-05:00,26.454999923706055,26.631000518798828,26.454999923706055,26.631000518798828,1100,23.515464782714844,0.0
EASG,2020-01-30 19:00:00-05:00,26.450000762939453,26.450000762939453,26.27899932861328,26.27899932861328,2800,23.204641342163086,0.0
EASG,2020-02-02 19:00:00-05:00,26.360000610351562,26.360000610351562,26.309999465942383,26.309999465942383,400,23.232017517089844,0.0
EASG,2020-02-03 19:00:00-05:00,26.65999984741211,26.739999771118164,26.65999984741211,26.690000534057617,500,23.56756591796875,0.0
EASG,2020-02-04 19:00:00-05:00,27.049999237060547,27.049999237060547,26.979999542236328,26.979999542236328,1400,23.823633193969727,0.0
EASG,2020-02-05 19:00:00-05:00,27.049999237060547,27.06999969482422,27.049999237060547,27.066999435424805,3900,23.90045738220215,0.0
EASG,2020-02-06 19:00:00-05:00,26.950000762939453,26.950000762939453,26.80900001525879,26.80900001525879,3600,23.672636032104492,0.0
EASG,2020-02-09 19:00:00-05:00,26.80500030517578,26.849000930786133,26.80500030517578,26.849000930786133,300,23.707963943481445,0.0
EASG,2020-02-10 19:00:00-05:00,27.049999237060547,27.049999237060547,26.992000579833984,26.992000579833984,400,23.83423614501953,0.0
EASG,2020-02-11 19:00:00-05:00,27.066999435424805,27.066999435424805,27.06599998474121,27.06599998474121,400,23.899574279785156,0.0
EASG,2020-02-12 19:00:00-05:00,26.920000076293945,26.9950008392334,26.920000076293945,26.92799949645996,8300,23.777719497680664,0.0
EASG,2020-02-13 19:00:00-05:00,26.950000762939453,27.020000457763672,26.9060001373291,26.969999313354492,7800,23.814804077148438,0.0
EASG,2020-02-17 19:00:00-05:00,26.899999618530273,26.899999618530273,26.780000686645508,26.80500030517578,5900,23.669111251831055,0.0
EASG,2020-02-18 19:00:00-05:00,27.049999237060547,27.049999237060547,26.920000076293945,26.94300079345703,25400,23.790964126586914,0.0
EASG,2020-02-19 19:00:00-05:00,26.829999923706055,26.829999923706055,26.649999618530273,26.72100067138672,2300,23.59493637084961,0.0
EASG,2020-02-20 19:00:00-05:00,26.690000534057617,26.690000534057617,26.621999740600586,26.621999740600586,700,23.507518768310547,0.0
EASG,2020-02-23 19:00:00-05:00,25.649999618530273,25.729999542236328,25.62299919128418,25.62299919128418,4700,22.625389099121094,0.0
EASG,2020-02-24 19:00:00-05:00,25.469999313354492,25.469999313354492,25.110000610351562,25.165000915527344,22400,22.220972061157227,0.0
EASG,2020-02-25 19:00:00-05:00,25.31999969482422,25.459999084472656,25.19300079345703,25.19300079345703,1400,22.24569320678711,0.0
EASG,2020-02-26 19:00:00-05:00,24.718000411987305,24.989999771118164,24.440000534057617,24.440000534057617,9200,21.58078956604004,0.0
EASG,2020-02-27 19:00:00-05:00,23.8799991607666,24.090999603271484,23.81999969482422,24.090999603271484,4200,21.27261734008789,0.0
EASG,2020-03-01 19:00:00-05:00,24.43000030517578,24.600000381469727,24.195999145507812,24.600000381469727,3400,21.72207260131836,0.0
EASG,2020-03-02 19:00:00-05:00,24.639999389648438,24.76099967956543,24.450000762939453,24.450000762939453,1700,21.589616775512695,0.0
EASG,2020-03-03 19:00:00-05:00,25.183000564575195,25.183000564575195,25.183000564575195,25.183000564575195,0,22.23686408996582,0.0
EASG,2020-03-04 19:00:00-05:00,24.674999237060547,24.674999237060547,24.489999771118164,24.52899932861328,1200,21.65937614440918,0.0
EASG,2020-03-05 19:00:00-05:00,24.209999084472656,24.236000061035156,24.040000915527344,24.236000061035156,1000,21.40065574645996,0.0
EASG,2020-03-08 20:00:00-04:00,22.93000030517578,23.06999969482422,22.489999771118164,22.489999771118164,2600,19.85891342163086,0.0
EASG,2020-03-09 20:00:00-04:00,22.59000015258789,23.209999084472656,22.579999923706055,23.209999084472656,3800,20.49468231201172,0.0
EASG,2020-03-10 20:00:00-04:00,22.530000686645508,22.530000686645508,22.049999237060547,22.049999237060547,1100,19.47039222717285,0.0
EASG,2020-03-11 20:00:00-04:00,19.945999145507812,19.969999313354492,19.733999252319336,19.733999252319336,3800,17.425334930419922,0.0
EASG,2020-03-12 20:00:00-04:00,20.059999465942383,20.774999618530273,20.059999465942383,20.77199935913086,2500,18.341899871826172,0.0
EASG,2020-03-15 20:00:00-04:00,18.6299991607666,18.6299991607666,18.474000930786133,18.601999282836914,1200,16.42576789855957,0.0
EASG,2020-03-16 20:00:00-04:00,19.48200035095215,19.48200035095215,19.48200035095215,19.48200035095215,0,17.202817916870117,0.0
EASG,2020-03-17 20:00:00-04:00,18.600000381469727,18.8799991607666,18.190000534057617,18.426000595092773,5200,16.270360946655273,0.0
EASG,2020-03-18 20:00:00-04:00,18.959999084472656,19.225000381469727,18.954999923706055,19.225000381469727,4300,16.97588348388672,0.0
EASG,2020-03-19 20:00:00-04:00,18.760000228881836,19.1299991607666,18.540000915527344,18.540000915527344,24600,16.371023178100586,0.0
EASG,2020-03-22 20:00:00-04:00,18.5,18.527000427246094,18.40399932861328,18.40399932861328,2100,16.250934600830078,0.0
EASG,2020-03-23 20:00:00-04:00,19.55299949645996,19.861000061035156,19.55299949645996,19.861000061035156,2000,17.5374813079834,0.0
EASG,2020-03-24 20:00:00-04:00,20.1200008392334,20.5,20.1200008392334,20.5,400,18.101722717285156,0.0
EASG,2020-03-25 20:00:00-04:00,21.329999923706055,21.434999465942383,21.26799964904785,21.434999465942383,4200,18.927337646484375,0.0
EASG,2020-03-26 20:00:00-04:00,20.84000015258789,20.84000015258789,20.719999313354492,20.83300018310547,1300,18.395763397216797,0.0
EASG,2020-03-29 20:00:00-04:00,20.989999771118164,21.329999923706055,20.989999771118164,21.329999923706055,600,18.834623336791992,0.0
EASG,2020-03-30 20:00:00-04:00,21.149999618530273,21.325000762939453,21.0,21.1299991607666,6900,18.658023834228516,0.0
EASG,2020-03-31 20:00:00-04:00,20.719999313354492,20.719999313354492,20.270000457763672,20.27899932861328,12900,17.90657615661621,0.0
EASG,2020-04-01 20:00:00-04:00,20.559999465942383,20.56399917602539,20.559999465942383,20.56399917602539,10100,18.15823745727539,0.0
EASG,2020-04-02 20:00:00-04:00,20.260000228881836,20.31999969482422,20.204999923706055,20.204999923706055,1900,17.841236114501953,0.0
EASG,2020-04-05 20:00:00-04:00,20.850000381469727,21.209999084472656,20.84000015258789,21.209999084472656,6600,18.728662490844727,0.0
EASG,2020-04-06 20:00:00-04:00,21.90999984741211,21.90999984741211,21.34000015258789,21.34000015258789,1300,18.843456268310547,0.0
EASG,2020-04-07 20:00:00-04:00,21.200000762939453,21.549999237060547,21.200000762939453,21.540000915527344,3800,19.020057678222656,0.0
EASG,2020-04-08 20:00:00-04:00,21.96500015258789,22.030000686645508,21.889999389648438,21.985000610351562,18500,19.412992477416992,0.0
EASG,2020-04-12 20:00:00-04:00,21.899999618530273,21.899999618530273,21.65999984741211,21.753000259399414,23800,19.2081356048584,0.0
EASG,2020-04-13 20:00:00-04:00,22.18000030517578,22.25,22.14900016784668,22.239999771118164,17800,19.63816261291504,0.0
EASG,2020-04-14 20:00:00-04:00,21.540000915527344,21.670000076293945,21.527000427246094,21.527000427246094,4600,19.008577346801758,0.0
EASG,2020-04-15 20:00:00-04:00,21.510000228881836,21.559999465942383,21.510000228881836,21.559999465942383,1300,19.037715911865234,0.0
EASG,2020-04-16 20:00:00-04:00,22.030000686645508,22.139999389648438,22.010000228881836,22.139999389648438,1600,19.549863815307617,0.0
EASG,2020-04-19 20:00:00-04:00,21.874000549316406,22.006000518798828,21.792999267578125,21.792999267578125,1300,19.24345588684082,0.0
EASG,2020-04-20 20:00:00-04:00,21.5,21.5,21.299999237060547,21.360000610351562,4700,18.861112594604492,0.0
EASG,2020-04-21 20:00:00-04:00,21.690000534057617,21.739999771118164,21.687999725341797,21.73900032043457,2800,19.19577407836914,0.0
EASG,2020-04-22 20:00:00-04:00,21.639999389648438,21.639999389648438,21.639999389648438,21.639999389648438,400,19.108356475830078,0.0
EASG,2020-04-23 20:00:00-04:00,21.709999084472656,21.832000732421875,21.649999618530273,21.832000732421875,2900,19.277896881103516,0.0
EASG,2020-04-26 20:00:00-04:00,22.040000915527344,22.1200008392334,22.040000915527344,22.1200008392334,1100,19.532203674316406,0.0
EASG,2020-04-27 20:00:00-04:00,22.440000534057617,22.440000534057617,22.273000717163086,22.273000717163086,300,19.667308807373047,0.0
EASG,2020-04-28 20:00:00-04:00,22.700000762939453,22.8700008392334,22.700000762939453,22.84000015258789,1800,20.167966842651367,0.0
EASG,2020-04-29 20:00:00-04:00,22.21299934387207,22.360000610351562,22.21299934387207,22.360000610351562,1300,19.74412727355957,0.0
EASG,2020-04-30 20:00:00-04:00,22.360000610351562,22.360000610351562,22.360000610351562,22.360000610351562,0,19.74412727355957,0.0
EASG,2020-05-03 20:00:00-04:00,21.75,21.878000259399414,21.719999313354492,21.878000259399414,2600,19.31851577758789,0.0
EASG,2020-05-04 20:00:00-04:00,22.059999465942383,22.079999923706055,21.950000762939453,21.950000762939453,3500,19.382089614868164,0.0
EASG,2020-05-05 20:00:00-04:00,21.920000076293945,21.920000076293945,21.760000228881836,21.760000228881836,3000,19.21432113647461,0.0
EASG,2020-05-06 20:00:00-04:00,22.139999389648438,22.149999618530273,22.1200008392334,22.1200008392334,3800,19.532203674316406,0.0
EASG,2020-05-07 20:00:00-04:00,22.43000030517578,22.43000030517578,22.416000366210938,22.416000366210938,800,19.79357147216797,0.0
EASG,2020-05-10 20:00:00-04:00,22.3700008392334,22.440000534057617,22.360000610351562,22.440000534057617,1800,19.814767837524414,0.0
EASG,2020-05-11 20:00:00-04:00,22.420000076293945,22.479999542236328,22.149999618530273,22.170000076293945,5200,19.576353073120117,0.0
EASG,2020-05-12 20:00:00-04:00,22.170000076293945,22.170000076293945,21.90999984741211,21.989999771118164,14800,19.41741371154785,0.0
EASG,2020-05-13 20:00:00-04:00,21.5,21.80500030517578,21.479999542236328,21.80500030517578,4300,19.254051208496094,0.0
EASG,2020-05-14 20:00:00-04:00,21.844999313354492,21.8700008392334,21.809999465942383,21.809999465942383,700,19.258466720581055,0.0
EASG,2020-05-17 20:00:00-04:00,22.360000610351562,22.677000045776367,22.339000701904297,22.677000045776367,500,20.024038314819336,0.0
EASG,2020-05-18 20:00:00-04:00,22.530000686645508,22.559999465942383,22.290000915527344,22.290000915527344,10300,19.68231773376465,0.0
EASG,2020-05-19 20:00:00-04:00,22.760000228881836,22.799999237060547,22.760000228881836,22.799999237060547,600,20.132652282714844,0.0
EASG,2020-05-20 20:00:00-04:00,22.719999313354492,22.719999313354492,22.56999969482422,22.56999969482422,2400,19.929555892944336,0.0
EASG,2020-05-21 20:00:00-04:00,22.479999542236328,22.510000228881836,22.43000030517578,22.510000228881836,5700,19.87657928466797,0.0
EASG,2020-05-25 20:00:00-04:00,23.264999389648438,23.264999389648438,23.149999618530273,23.149999618530273,700,20.44170379638672,0.0
EASG,2020-05-26 20:00:00-04:00,23.360000610351562,23.426000595092773,23.360000610351562,23.426000595092773,300,20.685413360595703,0.0
EASG,2020-05-27 20:00:00-04:00,23.700000762939453,23.700000762939453,23.700000762939453,23.700000762939453,300,20.92736053466797,0.0
EASG,2020-05-28 20:00:00-04:00,23.6299991607666,23.6299991607666,23.389999389648438,23.617000579833984,2000,20.85407257080078,0.0
EASG,2020-05-31 20:00:00-04:00,23.920000076293945,24.04400062561035,23.920000076293945,24.04400062561035,900,21.231117248535156,0.0
EASG,2020-06-01 20:00:00-04:00,24.309999465942383,24.34000015258789,24.202999114990234,24.34000015258789,5600,21.49248695373535,0.0
EASG,2020-06-02 20:00:00-04:00,24.89299964904785,24.89299964904785,24.89299964904785,24.89299964904785,100,21.98079490661621,0.0
EASG,2020-06-03 20:00:00-04:00,24.59000015258789,24.770000457763672,24.59000015258789,24.7450008392334,2900,21.85010528564453,0.0
EASG,2020-06-04 20:00:00-04:00,25.158000946044922,25.158000946044922,25.158000946044922,25.158000946044922,100,22.214792251586914,0.0
EASG,2020-06-07 20:00:00-04:00,25.14299964904785,25.4060001373291,25.14299964904785,25.4060001373291,1200,22.433773040771484,0.0
EASG,2020-06-08 20:00:00-04:00,25.139999389648438,25.139999389648438,25.1299991607666,25.1299991607666,500,22.190065383911133,0.0
EASG,2020-06-09 20:00:00-04:00,25.142000198364258,25.142000198364258,25.11400032043457,25.11400032043457,200,22.175935745239258,0.0
EASG,2020-06-10 20:00:00-04:00,24.549999237060547,24.559999465942383,23.801000595092773,23.801000595092773,2500,21.016544342041016,0.0
EASG,2020-06-11 20:00:00-04:00,24.485000610351562,24.485000610351562,23.972000122070312,24.214000701904297,700,21.381227493286133,0.0
EASG,2020-06-14 20:00:00-04:00,24.079999923706055,24.375,24.07900047302246,24.31999969482422,1500,21.47482681274414,0.0
EASG,2020-06-15 20:00:00-04:00,24.81999969482422,24.81999969482422,24.389999389648438,24.6299991607666,1300,21.748559951782227,0.0
EASG,2020-06-16 20:00:00-04:00,24.68000030517578,24.790000915527344,24.68000030517578,24.704999923706055,300,21.814783096313477,0.0
EASG,2020-06-17 20:00:00-04:00,24.607999801635742,24.607999801635742,24.607999801635742,24.607999801635742,200,21.7291316986084,0.0
EASG,2020-06-18 20:00:00-04:00,24.825000762939453,24.825000762939453,24.513999938964844,24.513999938964844,900,21.646127700805664,0.0
EASG,2020-06-21 20:00:00-04:00,24.770000457763672,24.829999923706055,24.770000457763672,24.829999923706055,100,21.92516326904297,0.0
EASG,2020-06-22 20:00:00-04:00,24.940000534057617,25.06999969482422,24.908000946044922,24.908000946044922,9100,21.994035720825195,0.0
EASG,2020-06-23 20:00:00-04:00,24.229999542236328,24.399999618530273,24.229999542236328,24.29400062561035,800,21.451868057250977,0.0
EASG,2020-06-24 20:00:00-04:00,24.554000854492188,24.628999710083008,24.554000854492188,24.628999710083008,1200,21.747676849365234,0.0
EASG,2020-06-25 20:00:00-04:00,24.06999969482422,24.132999420166016,24.040000915527344,24.086999893188477,3000,21.49689292907715,0.261
EASG,2020-06-28 20:00:00-04:00,24.139999389648438,24.229999542236328,24.110000610351562,24.222999572753906,6600,21.855083465576172,0.261
EASG,2020-06-29 20:00:00-04:00,24.309999465942383,24.309999465942383,24.309999465942383,24.309999465942383,100,21.93358039855957,0.0
EASG,2020-06-30 20:00:00-04:00,24.170000076293945,24.5,24.170000076293945,24.343000411987305,8700,21.963354110717773,0.0
EASG,2020-07-01 20:00:00-04:00,24.790000915527344,24.790000915527344,24.6299991607666,24.6299991607666,2100,22.2222957611084,0.0
EASG,2020-07-05 20:00:00-04:00,24.889999389648438,24.950000762939453,24.86199951171875,24.950000762939453,3500,22.511016845703125,0.0
EASG,2020-07-06 20:00:00-04:00,24.719999313354492,24.719999313354492,24.57200050354004,24.57200050354004,600,22.169967651367188,0.0
EASG,2020-07-07 20:00:00-04:00,24.679000854492188,24.81800079345703,24.679000854492188,24.81800079345703,600,22.391921997070312,0.0
EASG,2020-07-08 20:00:00-04:00,24.770000457763672,24.770000457763672,24.53499984741211,24.570999145507812,1900,22.169063568115234,0.0
EASG,2020-07-09 20:00:00-04:00,24.760000228881836,24.841999053955078,24.760000228881836,24.841999053955078,400,22.413576126098633,0.0
EASG,2020-07-12 20:00:00-04:00,24.959999084472656,25.100000381469727,24.6560001373291,24.6560001373291,3300,22.245756149291992,0.0
EASG,2020-07-13 20:00:00-04:00,24.649999618530273,25.003000259399414,24.649999618530273,25.003000259399414,5300,22.558835983276367,0.0
EASG,2020-07-14 20:00:00-04:00,25.40999984741211,25.459999084472656,25.290000915527344,25.290000915527344,1500,22.817781448364258,0.0
EASG,2020-07-15 20:00:00-04:00,25.170000076293945,25.190000534057617,25.141000747680664,25.141000747680664,3300,22.683347702026367,0.0
EASG,2020-07-16 20:00:00-04:00,25.139999389648438,25.219999313354492,25.139999389648438,25.209999084472656,1700,22.7455997467041,0.0
EASG,2020-07-19 20:00:00-04:00,25.280000686645508,25.389999389648438,25.249000549316406,25.389999389648438,800,22.908002853393555,0.0
EASG,2020-07-20 20:00:00-04:00,25.530000686645508,25.600000381469727,25.510000228881836,25.510000228881836,800,23.016273498535156,0.0
EASG,2020-07-21 20:00:00-04:00,25.65999984741211,25.729999542236328,25.51799964904785,25.610000610351562,15300,23.10650062561035,0.0
EASG,2020-07-22 20:00:00-04:00,25.51099967956543,25.51099967956543,25.325000762939453,25.347000122070312,1200,22.86920738220215,0.0
EASG,2020-07-23 20:00:00-04:00,25.229999542236328,25.290000915527344,25.1299991607666,25.20199966430664,5200,22.73838233947754,0.0
EASG,2020-07-26 20:00:00-04:00,25.548999786376953,25.583999633789062,25.530000686645508,25.583999633789062,1600,23.08304214477539,0.0
EASG,2020-07-27 20:00:00-04:00,25.490999221801758,25.530000686645508,25.450000762939453,25.450000762939453,1400,22.962141036987305,0.0
EASG,2020-07-28 20:00:00-04:00,25.55299949645996,25.66200065612793,25.55299949645996,25.66200065612793,400,23.153417587280273,0.0
EASG,2020-07-29 20:00:00-04:00,25.170000076293945,25.299999237060547,25.170000076293945,25.299999237060547,1300,22.82680320739746,0.0
EASG,2020-07-30 20:00:00-04:00,25.0,25.0,24.68000030517578,24.7189998626709,2200,22.302597045898438,0.0
EASG,2020-08-02 20:00:00-04:00,25.18000030517578,25.18000030517578,25.15999984741211,25.163999557495117,1200,22.70409393310547,0.0
EASG,2020-08-03 20:00:00-04:00,25.059999465942383,25.3700008392334,25.059999465942383,25.3700008392334,3000,22.88996124267578,0.0
EASG,2020-08-04 20:00:00-04:00,25.420000076293945,25.44499969482422,25.420000076293945,25.430999755859375,1500,22.944997787475586,0.0
EASG,2020-08-05 20:00:00-04:00,25.420000076293945,25.448999404907227,25.41699981689453,25.41699981689453,3300,22.93236541748047,0.0
EASG,2020-08-06 20:00:00-04:00,25.268999099731445,25.357999801635742,25.268999099731445,25.357999801635742,200,22.879133224487305,0.0
EASG,2020-08-09 20:00:00-04:00,25.399999618530273,25.440000534057617,25.3700008392334,25.440000534057617,1000,22.9531192779541,0.0
EASG,2020-08-10 20:00:00-04:00,25.511999130249023,25.511999130249023,25.511999130249023,25.511999130249023,200,23.018081665039062,0.0
EASG,2020-08-11 20:00:00-04:00,26.049999237060547,26.049999237060547,26.049999237060547,26.049999237060547,200,23.50348663330078,0.0
EASG,2020-08-12 20:00:00-04:00,25.88599967956543,25.88599967956543,25.88599967956543,25.88599967956543,200,23.355518341064453,0.0
EASG,2020-08-13 20:00:00-04:00,25.75,25.761999130249023,25.75,25.750999450683594,1800,23.233715057373047,0.0
EASG,2020-08-16 20:00:00-04:00,25.959999084472656,25.969999313354492,25.940000534057617,25.969999313354492,2500,23.431304931640625,0.0
EASG,2020-08-17 20:00:00-04:00,25.93000030517578,25.959999084472656,25.899999618530273,25.959999084472656,500,23.422283172607422,0.0
EASG,2020-08-18 20:00:00-04:00,25.850000381469727,25.850000381469727,25.850000381469727,25.850000381469727,100,23.32303810119629,0.0
EASG,2020-08-19 20:00:00-04:00,25.649999618530273,25.819000244140625,25.649999618530273,25.812999725341797,14100,23.289655685424805,0.0
EASG,2020-08-20 20:00:00-04:00,25.479999542236328,25.652000427246094,25.479999542236328,25.652000427246094,200,23.144393920898438,0.0
EASG,2020-08-23 20:00:00-04:00,25.937999725341797,25.957000732421875,25.937999725341797,25.957000732421875,500,23.419580459594727,0.0
EASG,2020-08-24 20:00:00-04:00,26.016000747680664,26.016000747680664,26.016000747680664,26.016000747680664,100,23.472806930541992,0.0
EASG,2020-08-25 20:00:00-04:00,26.020000457763672,26.219999313354492,26.020000457763672,26.18000030517578,3100,23.62078094482422,0.0
EASG,2020-08-26 20:00:00-04:00,25.989999771118164,25.989999771118164,25.91900062561035,25.91900062561035,700,23.385292053222656,0.0
EASG,2020-08-27 20:00:00-04:00,26.084999084472656,26.084999084472656,26.084999084472656,26.084999084472656,600,23.535066604614258,0.0
EASG,2020-08-30 20:00:00-04:00,26.06999969482422,26.075000762939453,25.899999618530273,25.899999618530273,6300,23.36815071105957,0.0
EASG,2020-08-31 20:00:00-04:00,25.891000747680664,25.891000747680664,25.891000747680664,25.891000747680664,100,23.360031127929688,0.0
EASG,2020-09-01 20:00:00-04:00,26.170000076293945,26.299999237060547,26.09000015258789,26.299999237060547,1000,23.729047775268555,0.0
EASG,2020-09-02 20:00:00-04:00,25.649999618530273,26.010000228881836,25.6200008392334,25.6200008392334,19900,23.115520477294922,0.0
EASG,2020-09-03 20:00:00-04:00,25.450000762939453,25.749000549316406,25.450000762939453,25.749000549316406,1100,23.23191261291504,0.0
EASG,2020-09-07 20:00:00-04:00,25.459999084472656,25.6200008392334,25.440000534057617,25.440000534057617,900,22.9531192779541,0.0
EASG,2020-09-08 20:00:00-04:00,25.950000762939453,25.985000610351562,25.93199920654297,25.93199920654297,1600,23.39702033996582,0.0
EASG,2020-09-09 20:00:00-04:00,26.010000228881836,26.010000228881836,25.687000274658203,25.687000274658203,4000,23.17597007751465,0.0
EASG,2020-09-10 20:00:00-04:00,25.920000076293945,25.920000076293945,25.920000076293945,25.920000076293945,100,23.386192321777344,0.0
EASG,2020-09-13 20:00:00-04:00,26.040000915527344,26.040000915527344,25.969999313354492,26.0,5700,23.458375930786133,0.0
EASG,2020-09-14 20:00:00-04:00,26.143999099731445,26.143999099731445,26.143999099731445,26.143999099731445,100,23.588294982910156,0.0
EASG,2020-09-15 20:00:00-04:00,26.19499969482422,26.309999465942383,26.142000198364258,26.142000198364258,17300,23.58649253845215,0.0
EASG,2020-09-16 20:00:00-04:00,26.09000015258789,26.204999923706055,26.0,26.204999923706055,2400,23.643335342407227,0.0
EASG,2020-09-17 20:00:00-04:00,26.118999481201172,26.118999481201172,26.0,26.059999465942383,1400,23.512510299682617,0.0
EASG,2020-09-20 20:00:00-04:00,25.3700008392334,25.3700008392334,25.010000228881836,25.3700008392334,4000,22.88996124267578,0.0
EASG,2020-09-21 20:00:00-04:00,25.290000915527344,25.399999618530273,25.270000457763672,25.393999099731445,2000,22.91161346435547,0.0
EASG,2020-09-22 20:00:00-04:00,25.179000854492188,25.179000854492188,25.179000854492188,25.179000854492188,100,22.717632293701172,0.0
EASG,2020-09-23 20:00:00-04:00,25.1299991607666,25.485000610351562,25.059999465942383,25.19700050354004,1000,22.733871459960938,0.0
EASG,2020-09-24 20:00:00-04:00,25.0,25.260000228881836,24.860000610351562,25.260000228881836,5500,22.790712356567383,0.0
EASG,2020-09-27 20:00:00-04:00,25.59000015258789,25.6200008392334,25.59000015258789,25.615999221801758,1100,23.111909866333008,0.0
EASG,2020-09-28 20:00:00-04:00,25.639999389648438,25.68000030517578,25.608999252319336,25.608999252319336,1800,23.105594635009766,0.0
EASG,2020-09-29 20:00:00-04:00,25.510000228881836,25.75,25.510000228881836,25.57900047302246,4400,23.078529357910156,0.0
EASG,2020-09-30 20:00:00-04:00,25.69499969482422,25.69499969482422,25.69099998474121,25.69099998474121,100,23.179580688476562,0.0
EASG,2020-10-01 20:00:00-04:00,25.3700008392334,25.59000015258789,25.3700008392334,25.59000015258789,400,23.08845329284668,0.0
EASG,2020-10-04 20:00:00-04:00,25.940000534057617,25.940000534057617,25.90999984741211,25.940000534057617,600,23.40424156188965,0.0
EASG,2020-10-05 20:00:00-04:00,25.950000762939453,25.950000762939453,25.690000534057617,25.690000534057617,1500,23.178678512573242,0.0
EASG,2020-10-06 20:00:00-04:00,25.899999618530273,25.920000076293945,25.864999771118164,25.91900062561035,1500,23.385292053222656,0.0
EASG,2020-10-07 20:00:00-04:00,26.0,26.006999969482422,26.0,26.006999969482422,300,23.46468734741211,0.0
EASG,2020-10-08 20:00:00-04:00,26.264999389648438,26.264999389648438,26.264999389648438,26.264999389648438,100,23.697467803955078,0.0
EASG,2020-10-11 20:00:00-04:00,26.389999389648438,26.610000610351562,26.389999389648438,26.423999786376953,22900,23.840927124023438,0.0
EASG,2020-10-12 20:00:00-04:00,26.209999084472656,26.239999771118164,26.159000396728516,26.200000762939453,4100,23.638824462890625,0.0
EASG,2020-10-13 20:00:00-04:00,26.267000198364258,26.267000198364258,26.173999786376953,26.173999786376953,500,23.61536407470703,0.0
EASG,2020-10-14 20:00:00-04:00,25.76799964904785,25.76799964904785,25.76799964904785,25.76799964904785,100,23.24905014038086,0.0
EASG,2020-10-15 20:00:00-04:00,25.889999389648438,25.93000030517578,25.878000259399414,25.878000259399414,1900,23.34830093383789,0.0
EASG,2020-10-18 20:00:00-04:00,25.989999771118164,25.989999771118164,25.75200080871582,25.75200080871582,1800,23.234619140625,0.0
EASG,2020-10-19 20:00:00-04:00,25.90999984741211,25.90999984741211,25.893999099731445,25.893999099731445,200,23.362735748291016,0.0
EASG,2020-10-20 20:00:00-04:00,25.92300033569336,25.92300033569336,25.783000946044922,25.783000946044922,2000,23.262588500976562,0.0
EASG,2020-10-21 20:00:00-04:00,25.700000762939453,25.71299934387207,25.66699981689453,25.71299934387207,600,23.199426651000977,0.0
EASG,2020-10-22 20:00:00-04:00,25.7549991607666,25.864999771118164,25.740999221801758,25.864999771118164,600,23.33656883239746,0.0
EASG,2020-10-25 20:00:00-04:00,25.312000274658203,25.333999633789062,25.312000274658203,25.333999633789062,200,22.857481002807617,0.0
EASG,2020-10-26 20:00:00-04:00,25.34000015258789,25.34000015258789,25.131000518798828,25.139999389648438,2800,22.68244171142578,0.0
EASG,2020-10-27 20:00:00-04:00,24.579999923706055,24.579999923706055,24.5,24.5,3200,22.105009078979492,0.0
EASG,2020-10-28 20:00:00-04:00,24.5,24.520000457763672,24.391000747680664,24.520000457763672,7100,22.1230525970459,0.0
EASG,2020-10-29 20:00:00-04:00,24.349000930786133,24.38599967956543,24.34000015258789,24.38599967956543,5000,22.00214958190918,0.0
EASG,2020-11-01 19:00:00-05:00,24.68000030517578,24.75,24.649999618530273,24.75,5100,22.33056640625,0.0
EASG,2020-11-02 19:00:00-05:00,25.32200050354004,25.459999084472656,25.31999969482422,25.451000213623047,1900,22.963041305541992,0.0
EASG,2020-11-03 19:00:00-05:00,25.829999923706055,25.889999389648438,25.702999114990234,25.702999114990234,1800,23.190406799316406,0.0
EASG,2020-11-04 19:00:00-05:00,26.301000595092773,26.341999053955078,26.301000595092773,26.341999053955078,500,23.76694107055664,0.0
EASG,2020-11-05 19:00:00-05:00,26.479999542236328,26.549999237060547,26.433000564575195,26.433000564575195,8000,23.849048614501953,0.0
EASG,2020-11-08 19:00:00-05:00,27.729999542236328,27.729999542236328,27.094999313354492,27.094999313354492,2500,24.446332931518555,0.0
EASG,2020-11-09 19:00:00-05:00,27.375999450683594,27.375999450683594,27.375999450683594,27.375999450683594,0,24.69986343383789,0.0
EASG,2020-11-10 19:00:00-05:00,27.55500030517578,27.579999923706055,27.540000915527344,27.548999786376953,1000,24.855955123901367,0.0
EASG,2020-11-11 19:00:00-05:00,27.350000381469727,27.386999130249023,27.149999618530273,27.156999588012695,4500,24.502275466918945,0.0
EASG,2020-11-12 19:00:00-05:00,27.399999618530273,27.549999237060547,27.399999618530273,27.499000549316406,2100,24.810842514038086,0.0
EASG,2020-11-15 19:00:00-05:00,27.780000686645508,27.780000686645508,27.69499969482422,27.753000259399414,1900,25.040010452270508,0.0
EASG,2020-11-16 19:00:00-05:00,27.860000610351562,27.860000610351562,27.65999984741211,27.768999099731445,3100,25.054441452026367,0.0
EASG,2020-11-17 19:00:00-05:00,27.8700008392334,27.8700008392334,27.632999420166016,27.632999420166016,1600,24.93174171447754,0.0
EASG,2020-11-18 19:00:00-05:00,27.6299991607666,27.768999099731445,27.610000610351562,27.768999099731445,1300,25.054441452026367,0.0
EASG,2020-11-19 19:00:00-05:00,27.76099967956543,27.82200050354004,27.76099967956543,27.82200050354004,700,25.102262496948242,0.0
EASG,2020-11-22 19:00:00-05:00,27.84000015258789,27.899999618530273,27.809999465942383,27.809999465942383,31700,25.09143829345703,0.0
EASG,2020-11-23 19:00:00-05:00,28.06999969482422,28.149999618530273,28.06999969482422,28.14900016784668,6400,25.39729881286621,0.0
EASG,2020-11-24 19:00:00-05:00,28.059999465942383,28.15999984741211,28.059999465942383,28.15999984741211,3300,25.4072265625,0.0
EASG,2020-11-26 19:00:00-05:00,28.354999542236328,28.360000610351562,28.34600067138672,28.34600067138672,200,25.575040817260742,0.0
EASG,2020-11-29 19:00:00-05:00,28.040000915527344,28.040000915527344,27.909000396728516,27.909000396728516,33300,25.18075942993164,0.0
EASG,2020-11-30 19:00:00-05:00,28.3799991607666,28.479999542236328,28.340999603271484,28.464000701904297,3600,25.681507110595703,0.0
EASG,2020-12-01 19:00:00-05:00,28.389999389648438,28.440000534057617,28.389999389648438,28.41699981689453,2800,25.63909912109375,0.0
EASG,2020-12-02 19:00:00-05:00,28.469999313354492,28.5,28.420000076293945,28.420000076293945,3300,25.641809463500977,0.0
EASG,2020-12-03 19:00:00-05:00,28.5,28.59000015258789,28.5,28.559999465942383,5600,25.768123626708984,0.0
EASG,2020-12-06 19:00:00-05:00,28.5,28.520000457763672,28.395000457763672,28.413999557495117,11000,25.63639259338379,0.0
EASG,2020-12-07 19:00:00-05:00,28.4950008392334,28.520000457763672,28.434999465942383,28.493000030517578,2000,25.707674026489258,0.0
EASG,2020-12-08 19:00:00-05:00,28.700000762939453,28.700000762939453,28.430999755859375,28.61199951171875,7900,25.81503677368164,0.0
EASG,2020-12-09 19:00:00-05:00,28.496999740600586,28.586000442504883,28.496999740600586,28.586000442504883,1300,25.791580200195312,0.0
EASG,2020-12-10 19:00:00-05:00,28.329999923706055,28.408000946044922,28.329999923706055,28.408000946044922,1200,25.6309814453125,0.0
EASG,2020-12-13 19:00:00-05:00,28.594999313354492,28.600000381469727,28.500999450683594,28.500999450683594,2300,25.714889526367188,0.0
EASG,2020-12-14 19:00:00-05:00,28.55500030517578,28.809999465942383,28.55500030517578,28.809999465942383,8100,25.993682861328125,0.0
EASG,2020-12-15 19:00:00-05:00,28.899999618530273,28.969999313354492,28.8799991607666,28.941999435424805,10300,26.112775802612305,0.0
EASG,2020-12-16 19:00:00-05:00,29.1299991607666,29.202999114990234,29.1299991607666,29.15999984741211,2400,26.30946922302246,0.0
EASG,2020-12-17 19:00:00-05:00,29.030000686645508,29.030000686645508,28.708999633789062,28.788000106811523,4800,26.18395233154297,0.234
EASG,2020-12-20 19:00:00-05:00,28.15999984741211,28.469999313354492,28.15999984741211,28.440000534057617,3100,25.867433547973633,0.0
EASG,2020-12-21 19:00:00-05:00,28.3700008392334,28.389999389648438,28.360000610351562,28.375,1000,25.808311462402344,0.0
EASG,2020-12-22 19:00:00-05:00,28.649999618530273,28.649999618530273,28.6200008392334,28.649999618530273,4300,26.058435440063477,0.0
EASG,2020-12-23 19:00:00-05:00,28.649999618530273,28.666000366210938,28.649999618530273,28.666000366210938,200,26.072988510131836,0.0
EASG,2020-12-27 19:00:00-05:00,29.0,29.0,28.902000427246094,28.902000427246094,2500,26.287643432617188,0.0
EASG,2020-12-28 19:00:00-05:00,29.260000228881836,29.260000228881836,29.149999618530273,29.187000274658203,1600,26.54686164855957,0.0
EASG,2020-12-29 19:00:00-05:00,29.329999923706055,29.389999389648438,29.215999603271484,29.215999603271484,4700,26.573238372802734,0.0
EASG,2020-12-30 19:00:00-05:00,29.200000762939453,29.200000762939453,28.989999771118164,29.040000915527344,1400,26.41316032409668,0.0
EASG,2021-01-03 19:00:00-05:00,29.489999771118164,29.489999771118164,29.145999908447266,29.145999908447266,1500,26.50956916809082,0.0
EASG,2021-01-04 19:00:00-05:00,29.2549991607666,29.413000106811523,29.2549991607666,29.37299919128418,800,26.716033935546875,0.0
EASG,2021-01-05 19:00:00-05:00,29.729999542236328,29.899999618530273,29.71500015258789,29.76799964904785,2600,27.075305938720703,0.0
EASG,2021-01-06 19:00:00-05:00,29.780000686645508,29.790000915527344,29.690000534057617,29.760000228881836,2400,27.068029403686523,0.0
EASG,2021-01-07 19:00:00-05:00,29.825000762939453,30.01799964904785,29.825000762939453,30.01799964904785,2800,27.302690505981445,0.0
EASG,2021-01-10 19:00:00-05:00,29.746000289916992,29.759000778198242,29.68000030517578,29.68000030517578,1000,26.99526596069336,0.0
EASG,2021-01-11 19:00:00-05:00,29.645000457763672,29.79800033569336,29.645000457763672,29.79800033569336,300,27.10259246826172,0.0
EASG,2021-01-12 19:00:00-05:00,29.84000015258789,29.84000015258789,29.788000106811523,29.788000106811523,3900,27.093494415283203,0.0
EASG,2021-01-13 19:00:00-05:00,29.940000534057617,29.996000289916992,29.90999984741211,29.996000289916992,800,27.28268051147461,0.0
EASG,2021-01-14 19:00:00-05:00,29.582000732421875,29.582000732421875,29.582000732421875,29.582000732421875,300,26.906129837036133,0.0
EASG,2021-01-18 19:00:00-05:00,29.670000076293945,29.719999313354492,29.670000076293945,29.714000701904297,1600,27.02619171142578,0.0
EASG,2021-01-19 19:00:00-05:00,29.81999969482422,29.910999298095703,29.799999237060547,29.910999298095703,6000,27.205371856689453,0.0
EASG,2021-01-20 19:00:00-05:00,29.93000030517578,29.98699951171875,29.81999969482422,29.98699951171875,1900,27.274494171142578,0.0
EASG,2021-01-21 19:00:00-05:00,29.774999618530273,29.89299964904785,29.774999618530273,29.89299964904785,2200,27.18899917602539,0.0
EASG,2021-01-24 19:00:00-05:00,29.790000915527344,29.860000610351562,29.56999969482422,29.860000610351562,2800,27.15898323059082,0.0
EASG,2021-01-25 19:00:00-05:00,29.927000045776367,29.927000045776367,29.709999084472656,29.709999084472656,114700,27.022550582885742,0.0
EASG,2021-01-26 19:00:00-05:00,29.334999084472656,29.334999084472656,29.049999237060547,29.086999893188477,800,26.455902099609375,0.0
EASG,2021-01-27 19:00:00-05:00,29.290000915527344,29.459999084472656,29.239999771118164,29.341999053955078,24300,26.687837600708008,0.0
EASG,2021-01-28 19:00:00-05:00,28.81800079345703,28.81800079345703,28.777999877929688,28.777999877929688,1800,26.174856185913086,0.0
EASG,2021-01-31 19:00:00-05:00,28.94700050354004,29.062000274658203,28.94700050354004,29.03499984741211,1800,26.40860939025879,0.0
EASG,2021-02-01 19:00:00-05:00,29.40999984741211,29.40999984741211,29.40999984741211,29.40999984741211,600,26.74968910217285,0.0
EASG,2021-02-02 19:00:00-05:00,29.388999938964844,29.479000091552734,29.3799991607666,29.43000030517578,2000,26.767879486083984,0.0
EASG,2021-02-03 19:00:00-05:00,29.43000030517578,29.469999313354492,29.420000076293945,29.429000854492188,3600,26.766971588134766,0.0
EASG,2021-02-04 19:00:00-05:00,29.523000717163086,29.639999389648438,29.514999389648438,29.639999389648438,3800,26.95888328552246,0.0
EASG,2021-02-07 19:00:00-05:00,29.770000457763672,29.770000457763672,29.690000534057617,29.690000534057617,3300,27.00436019897461,0.0
EASG,2021-02-08 19:00:00-05:00,29.84000015258789,29.84000015258789,29.760000228881836,29.827999114990234,2500,27.1298770904541,0.0
EASG,2021-02-09 19:00:00-05:00,29.719999313354492,29.799999237060547,29.719999313354492,29.780000686645508,1500,27.08622169494629,0.0
EASG,2021-02-10 19:00:00-05:00,29.958999633789062,30.0,29.908000946044922,29.974000930786133,1600,27.262672424316406,0.0
EASG,2021-02-11 19:00:00-05:00,30.15999984741211,30.260000228881836,30.15999984741211,30.260000228881836,900,27.52280044555664,0.0
EASG,2021-02-15 19:00:00-05:00,30.399999618530273,30.399999618530273,30.280000686645508,30.3700008392334,2200,27.622852325439453,0.0
EASG,2021-02-16 19:00:00-05:00,30.200000762939453,30.200000762939453,30.1200008392334,30.191999435424805,2700,27.460948944091797,0.0
EASG,2021-02-17 19:00:00-05:00,29.979999542236328,30.06999969482422,29.979999542236328,30.049999237060547,3200,27.33179473876953,0.0
EASG,2021-02-18 19:00:00-05:00,30.094999313354492,30.209999084472656,30.072999954223633,30.1299991607666,2500,27.404560089111328,0.0
EASG,2021-02-21 19:00:00-05:00,30.07900047302246,30.089000701904297,29.948999404907227,29.948999404907227,2500,27.239933013916016,0.0
EASG,2021-02-22 19:00:00-05:00,29.90999984741211,30.100000381469727,29.834999084472656,30.040000915527344,3600,27.32270050048828,0.0
EASG,2021-02-23 19:00:00-05:00,29.81999969482422,30.079999923706055,29.81999969482422,30.062999725341797,3200,27.34362030029297,0.0
EASG,2021-02-24 19:00:00-05:00,30.084999084472656,30.084999084472656,29.57200050354004,29.57200050354004,2100,26.89703369140625,0.0
EASG,2021-02-25 19:00:00-05:00,29.5,29.5,29.139999389648438,29.177000045776367,4500,26.537765502929688,0.0
EASG,2021-02-28 19:00:00-05:00,29.617000579833984,29.617000579833984,29.617000579833984,29.617000579833984,100,26.93796730041504,0.0
EASG,2021-03-01 19:00:00-05:00,29.594999313354492,29.639999389648438,29.56999969482422,29.639999389648438,1300,26.95888328552246,0.0
EASG,2021-03-02 19:00:00-05:00,29.579999923706055,29.6299991607666,29.420000076293945,29.420000076293945,2300,26.758785247802734,0.0
EASG,2021-03-03 19:00:00-05:00,29.079999923706055,29.097000122070312,29.079999923706055,29.097000122070312,300,26.46500015258789,0.0
EASG,2021-03-04 19:00:00-05:00,29.288999557495117,29.288999557495117,29.288999557495117,29.288999557495117,1200,26.63963508605957,0.0
EASG,2021-03-07 19:00:00-05:00,29.329999923706055,29.350000381469727,29.190000534057617,29.190000534057617,1300,26.549589157104492,0.0
EASG,2021-03-08 19:00:00-05:00,29.600000381469727,29.600000381469727,29.579999923706055,29.59000015258789,1000,26.913408279418945,0.0
EASG,2021-03-09 19:00:00-05:00,29.760000228881836,29.760000228881836,29.743999481201172,29.743999481201172,400,27.053476333618164,0.0
EASG,2021-03-10 19:00:00-05:00,29.829999923706055,29.8799991607666,29.750999450683594,29.834999084472656,1200,27.13624382019043,0.0
EASG,2021-03-11 19:00:00-05:00,29.809999465942383,29.864999771118164,29.809999465942383,29.864999771118164,200,27.163530349731445,0.0
EASG,2021-03-14 20:00:00-04:00,29.850000381469727,29.979999542236328,29.841999053955078,29.979999542236328,1000,27.268129348754883,0.0
EASG,2021-03-15 20:00:00-04:00,30.030000686645508,30.030000686645508,29.98699951171875,29.98699951171875,400,27.274494171142578,0.0
EASG,2021-03-16 20:00:00-04:00,30.125,30.125,30.125,30.125,600,27.400012969970703,0.0
EASG,2021-03-17 20:00:00-04:00,30.09000015258789,30.219999313354492,29.885000228881836,29.885000228881836,2400,27.181720733642578,0.0
EASG,2021-03-18 20:00:00-04:00,29.940000534057617,29.986000061035156,29.940000534057617,29.986000061035156,100,27.27358627319336,0.0
EASG,2021-03-21 20:00:00-04:00,30.020000457763672,30.1299991607666,30.020000457763672,30.06999969482422,3700,27.349987030029297,0.0
EASG,2021-03-22 20:00:00-04:00,29.700000762939453,29.729999542236328,29.434999465942383,29.479999542236328,47400,26.813356399536133,0.0
EASG,2021-03-23 20:00:00-04:00,29.389999389648438,29.469999313354492,29.389999389648438,29.405000686645508,2000,26.74513816833496,0.0
EASG,2021-03-24 20:00:00-04:00,29.613000869750977,29.613000869750977,29.613000869750977,29.613000869750977,0,26.934326171875,0.0
EASG,2021-03-25 20:00:00-04:00,29.790000915527344,29.996999740600586,29.788000106811523,29.996999740600586,1400,27.283592224121094,0.0
EASG,2021-03-28 20:00:00-04:00,29.89900016784668,30.06999969482422,29.89900016784668,30.06999969482422,2900,27.349987030029297,0.0
EASG,2021-03-29 20:00:00-04:00,29.895000457763672,29.895000457763672,29.850000381469727,29.850000381469727,400,27.149887084960938,0.0
EASG,2021-03-30 20:00:00-04:00,29.860000610351562,29.899999618530273,29.81999969482422,29.81999969482422,1900,27.122602462768555,0.0
EASG,2021-03-31 20:00:00-04:00,30.049999237060547,30.16200065612793,30.0,30.16200065612793,2800,27.433666229248047,0.0
EASG,2021-04-04 20:00:00-04:00,30.540000915527344,30.639999389648438,30.540000915527344,30.639999389648438,600,27.868425369262695,0.0
EASG,2021-04-05 20:00:00-04:00,30.24799919128418,30.25,30.24799919128418,30.25,400,27.51370620727539,0.0
EASG,2021-04-06 20:00:00-04:00,30.274999618530273,30.3700008392334,30.274999618530273,30.3700008392334,700,27.622852325439453,0.0
EASG,2021-04-07 20:00:00-04:00,30.5049991607666,30.610000610351562,30.5,30.610000610351562,2100,27.841144561767578,0.0
EASG,2021-04-08 20:00:00-04:00,30.649999618530273,30.649999618530273,30.628000259399414,30.628000259399414,300,27.857513427734375,0.0
EASG,2021-04-11 20:00:00-04:00,30.43000030517578,30.469999313354492,30.360000610351562,30.469999313354492,5800,27.71380615234375,0.0
EASG,2021-04-12 20:00:00-04:00,30.549999237060547,30.549999237060547,30.549999237060547,30.549999237060547,200,27.78656578063965,0.0
EASG,2021-04-13 20:00:00-04:00,30.559999465942383,30.639999389648438,30.549999237060547,30.639999389648438,2100,27.868425369262695,0.0
EASG,2021-04-14 20:00:00-04:00,30.860000610351562,30.90999984741211,30.81999969482422,30.90999984741211,10600,28.114002227783203,0.0
EASG,2021-04-15 20:00:00-04:00,31.010000228881836,31.1200008392334,30.97599983215332,31.1200008392334,4900,28.305009841918945,0.0
EASG,2021-04-18 20:00:00-04:00,30.981000900268555,30.981000900268555,30.981000900268555,30.981000900268555,100,28.1785831451416,0.0
EASG,2021-04-19 20:00:00-04:00,30.615999221801758,30.615999221801758,30.530000686645508,30.530000686645508,1800,27.76837921142578,0.0
EASG,2021-04-20 20:00:00-04:00,30.540000915527344,30.8799991607666,30.540000915527344,30.850000381469727,5200,28.059432983398438,0.0
EASG,2021-04-21 20:00:00-04:00,30.84000015258789,30.84000015258789,30.70599937438965,30.70599937438965,200,27.928457260131836,0.0
EASG,2021-04-22 20:00:00-04:00,30.909000396728516,31.059999465942383,30.909000396728516,31.059999465942383,1400,28.250436782836914,0.0
EASG,2021-04-25 20:00:00-04:00,31.049999237060547,31.059999465942383,31.030000686645508,31.030000686645508,3100,28.223148345947266,0.0
EASG,2021-04-26 20:00:00-04:00,30.889999389648438,30.920000076293945,30.889999389648438,30.899999618530273,1100,28.104907989501953,0.0
EASG,2021-04-27 20:00:00-04:00,30.93000030517578,31.0,30.93000030517578,30.989999771118164,700,28.186767578125,0.0
EASG,2021-04-28 20:00:00-04:00,31.0,31.0,30.826000213623047,30.959999084472656,1700,28.159481048583984,0.0
EASG,2021-04-29 20:00:00-04:00,30.729999542236328,30.729999542236328,30.482999801635742,30.482999801635742,2000,27.725631713867188,0.0
EASG,2021-05-02 20:00:00-04:00,30.81999969482422,30.920000076293945,30.81999969482422,30.881000518798828,1200,28.087627410888672,0.0
EASG,2021-05-03 20:00:00-04:00,30.31999969482422,30.479999542236328,30.31999969482422,30.479999542236328,1900,27.722898483276367,0.0
EASG,2021-05-04 20:00:00-04:00,30.809999465942383,30.885000228881836,30.809999465942383,30.841999053955078,800,28.052154541015625,0.0
EASG,2021-05-05 20:00:00-04:00,30.950000762939453,31.052000045776367,30.950000762939453,31.052000045776367,700,28.2431583404541,0.0
EASG,2021-05-06 20:00:00-04:00,31.190000534057617,31.42300033569336,31.190000534057617,31.42300033569336,200,28.58060073852539,0.0
EASG,2021-05-09 20:00:00-04:00,31.56999969482422,31.56999969482422,31.299999237060547,31.299999237060547,600,28.468725204467773,0.0
EASG,2021-05-10 20:00:00-04:00,30.770000457763672,30.889999389648438,30.770000457763672,30.836000442504883,500,28.04669761657715,0.0
EASG,2021-05-11 20:00:00-04:00,30.510000228881836,30.510000228881836,30.301000595092773,30.301000595092773,200,27.56009292602539,0.0
EASG,2021-05-12 20:00:00-04:00,30.290000915527344,30.618000030517578,30.290000915527344,30.618000030517578,300,27.848417282104492,0.0
EASG,2021-05-13 20:00:00-04:00,30.944000244140625,31.170000076293945,30.944000244140625,31.170000076293945,1500,28.35048484802246,0.0
EASG,2021-05-16 20:00:00-04:00,31.02899932861328,31.02899932861328,30.950000762939453,31.02899932861328,500,28.222240447998047,0.0
EASG,2021-05-17 20:00:00-04:00,31.298999786376953,31.298999786376953,31.15999984741211,31.15999984741211,300,28.341392517089844,0.0
EASG,2021-05-18 20:00:00-04:00,30.780000686645508,30.860000610351562,30.65999984741211,30.860000610351562,2100,28.06852912902832,0.0
EASG,2021-05-19 20:00:00-04:00,31.280000686645508,31.34000015258789,31.26799964904785,31.34000015258789,800,28.505107879638672,0.0
EASG,2021-05-20 20:00:00-04:00,31.339000701904297,31.384000778198242,31.33300018310547,31.384000778198242,700,28.54513168334961,0.0
EASG,2021-05-23 20:00:00-04:00,31.55900001525879,31.59000015258789,31.55900001525879,31.586000442504883,500,28.728857040405273,0.0
EASG,2021-05-24 20:00:00-04:00,31.6299991607666,31.6299991607666,31.545000076293945,31.545000076293945,600,28.691566467285156,0.0
EASG,2021-05-25 20:00:00-04:00,31.530000686645508,31.59000015258789,31.51799964904785,31.523000717163086,1100,28.671552658081055,0.0
EASG,2021-05-26 20:00:00-04:00,31.549999237060547,31.549999237060547,31.479000091552734,31.479000091552734,200,28.63153839111328,0.0
EASG,2021-05-27 20:00:00-04:00,31.6200008392334,31.690000534057617,31.6200008392334,31.6299991607666,3800,28.768877029418945,0.0
EASG,2021-05-31 20:00:00-04:00,31.75,31.75,31.58799934387207,31.58799934387207,2700,28.730674743652344,0.0
EASG,2021-06-01 20:00:00-04:00,31.719999313354492,31.780000686645508,31.680999755859375,31.739999771118164,2000,28.868925094604492,0.0
EASG,2021-06-02 20:00:00-04:00,31.56999969482422,31.56999969482422,31.520000457763672,31.541000366210938,1200,28.68792724609375,0.0
EASG,2021-06-03 20:00:00-04:00,31.809999465942383,31.809999465942383,31.690000534057617,31.809999465942383,5800,28.932594299316406,0.0
EASG,2021-06-06 20:00:00-04:00,31.920000076293945,32.02000045776367,31.8700008392334,32.02000045776367,4400,29.123600006103516,0.0
EASG,2021-06-07 20:00:00-04:00,31.941999435424805,31.941999435424805,31.941999435424805,31.941999435424805,300,29.05265235900879,0.0
EASG,2021-06-08 20:00:00-04:00,31.90999984741211,31.90999984741211,31.844999313354492,31.844999313354492,900,28.964427947998047,0.0
EASG,2021-06-09 20:00:00-04:00,31.875,31.920000076293945,31.875,31.920000076293945,600,29.032644271850586,0.0
EASG,2021-06-10 20:00:00-04:00,31.924999237060547,31.924999237060547,31.924999237060547,31.924999237060547,100,29.037193298339844,0.0
EASG,2021-06-13 20:00:00-04:00,31.950000762939453,31.993000030517578,31.900999069213867,31.993000030517578,2500,29.099040985107422,0.0
EASG,2021-06-14 20:00:00-04:00,32.047000885009766,32.150001525878906,32.047000885009766,32.150001525878906,1600,29.241840362548828,0.0
EASG,2021-06-15 20:00:00-04:00,32.150001525878906,32.150001525878906,31.9060001373291,31.9060001373291,1700,29.01991081237793,0.0
EASG,2021-06-16 20:00:00-04:00,31.719999313354492,31.73200035095215,31.66900062561035,31.695999145507812,1600,28.82890510559082,0.0
EASG,2021-06-17 20:00:00-04:00,31.260000228881836,31.260000228881836,31.040000915527344,31.040000915527344,700,28.232248306274414,0.0
EASG,2021-06-20 20:00:00-04:00,31.361000061035156,31.461999893188477,31.361000061035156,31.461999893188477,1200,28.616073608398438,0.0
EASG,2021-06-21 20:00:00-04:00,31.440000534057617,31.559999465942383,31.440000534057617,31.559999465942383,3500,28.70520782470703,0.0
EASG,2021-06-22 20:00:00-04:00,31.479000091552734,31.479000091552734,31.274999618530273,31.299999237060547,4400,28.468725204467773,0.0
EASG,2021-06-23 20:00:00-04:00,31.5310001373291,31.541000366210938,31.5310001373291,31.541000366210938,500,28.68792724609375,0.0
EASG,2021-06-24 20:00:00-04:00,31.15999984741211,31.15999984741211,31.1200008392334,31.121000289916992,1300,28.723922729492188,0.459
EASG,2021-06-27 20:00:00-04:00,31.06999969482422,31.06999969482422,30.989999771118164,31.0,3700,28.61224365234375,0.0
EASG,2021-06-28 20:00:00-04:00,31.040000915527344,31.040000915527344,31.040000915527344,31.040000915527344,100,28.64916229248047,0.0
EASG,2021-06-29 20:00:00-04:00,30.78499984741211,30.81999969482422,30.68000030517578,30.75200080871582,1300,28.383346557617188,0.0
EASG,2021-06-30 20:00:00-04:00,30.850000381469727,30.8799991607666,30.790000915527344,30.878999710083008,1900,28.50056266784668,0.0
EASG,2021-07-01 20:00:00-04:00,30.969999313354492,31.049999237060547,30.94099998474121,31.049999237060547,1800,28.65839195251465,0.0
EASG,2021-07-05 20:00:00-04:00,31.030000686645508,31.030000686645508,30.888999938964844,30.888999938964844,900,28.50979232788086,0.0
EASG,2021-07-06 20:00:00-04:00,31.059999465942383,31.1200008392334,31.059999465942383,31.065000534057617,5000,28.6722354888916,0.0
EASG,2021-07-07 20:00:00-04:00,30.649999618530273,30.719999313354492,30.5,30.700000762939453,13800,28.335351943969727,0.0
EASG,2021-07-08 20:00:00-04:00,31.010000228881836,31.115999221801758,31.010000228881836,31.115999221801758,500,28.71930694580078,0.0
EASG,2021-07-11 20:00:00-04:00,31.170000076293945,31.284000396728516,31.170000076293945,31.284000396728516,400,28.874366760253906,0.0
EASG,2021-07-12 20:00:00-04:00,31.239999771118164,31.239999771118164,31.139999389648438,31.170000076293945,2900,28.769147872924805,0.0
EASG,2021-07-13 20:00:00-04:00,31.298999786376953,31.298999786376953,31.225000381469727,31.225000381469727,300,28.819913864135742,0.0
EASG,2021-07-14 20:00:00-04:00,30.91200065612793,30.91200065612793,30.91200065612793,30.91200065612793,300,28.531023025512695,0.0
EASG,2021-07-15 20:00:00-04:00,30.799999237060547,30.860000610351562,30.709999084472656,30.709999084472656,4200,28.344579696655273,0.0
EASG,2021-07-18 20:00:00-04:00,30.31999969482422,30.31999969482422,30.149999618530273,30.25,3100,27.920011520385742,0.0
EASG,2021-07-19 20:00:00-04:00,30.149999618530273,30.559999465942383,30.149999618530273,30.450000762939453,4200,28.1046085357666,0.0
EASG,2021-07-20 20:00:00-04:00,30.709999084472656,30.850000381469727,30.709999084472656,30.850000381469727,900,28.473798751831055,0.0
EASG,2021-07-21 20:00:00-04:00,30.85099983215332,30.85099983215332,30.85099983215332,30.85099983215332,100,28.474720001220703,0.0
EASG,2021-07-22 20:00:00-04:00,31.1200008392334,31.229999542236328,31.110000610351562,31.110000610351562,6300,28.71377182006836,0.0
EASG,2021-07-25 20:00:00-04:00,31.030000686645508,31.070999145507812,31.030000686645508,31.070999145507812,300,28.67777442932129,0.0
EASG,2021-07-26 20:00:00-04:00,30.860000610351562,30.913999557495117,30.75,30.913999557495117,4700,28.532865524291992,0.0
EASG,2021-07-27 20:00:00-04:00,31.055999755859375,31.055999755859375,31.055999755859375,31.055999755859375,100,28.663928985595703,0.0
EASG,2021-07-28 20:00:00-04:00,31.280000686645508,31.280000686645508,31.280000686645508,31.280000686645508,200,28.870676040649414,0.0
EASG,2021-07-29 20:00:00-04:00,31.1200008392334,31.1299991607666,31.104999542236328,31.1299991607666,1200,28.732227325439453,0.0
EASG,2021-08-01 20:00:00-04:00,31.34000015258789,31.34000015258789,31.23699951171875,31.23699951171875,1000,28.83098793029785,0.0
EASG,2021-08-02 20:00:00-04:00,31.357999801635742,31.461999893188477,31.357999801635742,31.461999893188477,300,29.03865623474121,0.0
EASG,2021-08-03 20:00:00-04:00,31.459999084472656,31.479999542236328,31.420000076293945,31.420000076293945,2000,28.99989128112793,0.0
EASG,2021-08-04 20:00:00-04:00,31.6299991607666,31.729999542236328,31.6200008392334,31.729999542236328,6100,29.286014556884766,0.0
EASG,2021-08-05 20:00:00-04:00,31.547000885009766,31.547000885009766,31.538000106811523,31.538000106811523,1200,29.108802795410156,0.0
EASG,2021-08-08 20:00:00-04:00,31.562999725341797,31.579999923706055,31.562999725341797,31.579999923706055,2800,29.147567749023438,0.0
EASG,2021-08-09 20:00:00-04:00,31.579999923706055,31.6299991607666,31.579999923706055,31.60099983215332,1600,29.166950225830078,0.0
EASG,2021-08-10 20:00:00-04:00,31.860000610351562,31.860000610351562,31.834999084472656,31.834999084472656,300,29.38292694091797,0.0
EASG,2021-08-11 20:00:00-04:00,31.809999465942383,31.812000274658203,31.809999465942383,31.812000274658203,200,29.3617000579834,0.0
EASG,2021-08-12 20:00:00-04:00,31.940000534057617,32.04999923706055,31.940000534057617,32.04999923706055,1900,29.58136558532715,0.0
EASG,2021-08-15 20:00:00-04:00,31.790000915527344,32.0,31.790000915527344,31.836000442504883,4700,29.38385009765625,0.0
EASG,2021-08-16 20:00:00-04:00,31.530000686645508,31.579999923706055,31.530000686645508,31.570999145507812,1300,29.13926124572754,0.0
EASG,2021-08-17 20:00:00-04:00,31.690000534057617,31.84000015258789,31.50200080871582,31.50200080871582,12300,29.075576782226562,0.0
EASG,2021-08-18 20:00:00-04:00,31.260000228881836,31.280000686645508,31.23699951171875,31.23699951171875,1300,28.83098793029785,0.0
EASG,2021-08-19 20:00:00-04:00,31.27199935913086,31.389999389648438,31.260000228881836,31.385000228881836,1300,28.967586517333984,0.0
EASG,2021-08-22 20:00:00-04:00,31.708999633789062,31.75,31.697999954223633,31.697999954223633,1200,29.25647735595703,0.0
EASG,2021-08-23 20:00:00-04:00,31.69499969482422,31.809999465942383,31.69499969482422,31.753999710083008,4400,29.308164596557617,0.0
EASG,2021-08-24 20:00:00-04:00,31.75,31.8799991607666,31.65999984741211,31.85700035095215,4800,29.40323257446289,0.0
EASG,2021-08-25 20:00:00-04:00,31.639999389648438,31.674999237060547,31.600000381469727,31.674999237060547,3900,29.23525047302246,0.0
EASG,2021-08-26 20:00:00-04:00,31.649999618530273,31.75,31.6299991607666,31.75,11100,29.304475784301758,0.0
EASG,2021-08-29 20:00:00-04:00,31.729999542236328,31.840999603271484,31.729999542236328,31.799999237060547,3200,29.350622177124023,0.0
EASG,2021-08-30 20:00:00-04:00,31.829999923706055,31.83099937438965,31.829999923706055,31.83099937438965,400,29.37923240661621,0.0
EASG,2021-08-31 20:00:00-04:00,32.10599899291992,32.16600036621094,32.10599899291992,32.16600036621094,300,29.68842887878418,0.0
EASG,2021-09-01 20:00:00-04:00,35.439998626708984,35.439998626708984,32.2599983215332,32.2599983215332,700,29.775188446044922,0.0
EASG,2021-09-02 20:00:00-04:00,32.2400016784668,32.40999984741211,32.2400016784668,32.40999984741211,3100,29.913639068603516,0.0
EASG,2021-09-06 20:00:00-04:00,32.34000015258789,32.38999938964844,32.34000015258789,32.38999938964844,400,29.895177841186523,0.0
EASG,2021-09-07 20:00:00-04:00,32.2400016784668,32.2400016784668,32.09000015258789,32.15999984741211,3600,29.682893753051758,0.0
EASG,2021-09-08 20:00:00-04:00,32.130001068115234,32.130001068115234,32.025001525878906,32.099998474121094,2300,29.627513885498047,0.0
EASG,2021-09-09 20:00:00-04:00,32.38999938964844,32.38999938964844,32.02000045776367,32.02000045776367,4500,29.553680419921875,0.0
EASG,2021-09-12 20:00:00-04:00,32.38999938964844,32.404998779296875,32.290000915527344,32.327999114990234,5700,29.837953567504883,0.0
EASG,2021-09-13 20:00:00-04:00,32.31800079345703,32.31800079345703,32.25,32.25,300,29.765962600708008,0.0
EASG,2021-09-14 20:00:00-04:00,32.29499816894531,32.29499816894531,32.29499816894531,32.29499816894531,500,29.807493209838867,0.0
EASG,2021-09-15 20:00:00-04:00,32.2599983215332,32.327999114990234,32.191001892089844,32.327999114990234,500,29.837953567504883,0.0
EASG,2021-09-16 20:00:00-04:00,32.02000045776367,32.06999969482422,31.860000610351562,31.860000610351562,33300,29.4060001373291,0.0
EASG,2021-09-19 20:00:00-04:00,31.280000686645508,31.329999923706055,31.139999389648438,31.288999557495117,5400,28.878984451293945,0.0
EASG,2021-09-20 20:00:00-04:00,31.649999618530273,31.65999984741211,31.559999465942383,31.56999969482422,6500,29.138338088989258,0.0
EASG,2021-09-21 20:00:00-04:00,31.6299991607666,31.8700008392334,31.440000534057617,31.739999771118164,11900,29.295242309570312,0.0
EASG,2021-09-22 20:00:00-04:00,32.099998474121094,32.150001525878906,32.099998474121094,32.150001525878906,800,29.67366600036621,0.0
EASG,2021-09-23 20:00:00-04:00,31.809999465942383,31.809999465942383,31.809999465942383,31.809999465942383,200,29.35984992980957,0.0
EASG,2021-09-26 20:00:00-04:00,31.768999099731445,31.768999099731445,31.700000762939453,31.700000762939453,2400,29.258325576782227,0.0
EASG,2021-09-27 20:00:00-04:00,31.042999267578125,31.042999267578125,30.94300079345703,30.979999542236328,1300,28.593780517578125,0.0
EASG,2021-09-28 20:00:00-04:00,30.8799991607666,30.8799991607666,30.8799991607666,30.8799991607666,400,28.501483917236328,0.0
EASG,2021-09-29 20:00:00-04:00,30.84000015258789,30.885000228881836,30.729999542236328,30.790000915527344,3500,28.418418884277344,0.0
EASG,2021-09-30 20:00:00-04:00,30.610000610351562,30.81999969482422,30.610000610351562,30.81999969482422,4800,28.44610595703125,0.0
EASG,2021-10-03 20:00:00-04:00,30.459999084472656,30.562000274658203,30.459999084472656,30.562000274658203,1700,28.207979202270508,0.0
EASG,2021-10-04 20:00:00-04:00,30.6200008392334,30.791000366210938,30.6200008392334,30.740999221801758,1400,28.373191833496094,0.0
EASG,2021-10-05 20:00:00-04:00,30.360000610351562,30.510000228881836,30.31999969482422,30.510000228881836,1100,28.159982681274414,0.0
EASG,2021-10-06 20:00:00-04:00,30.8799991607666,30.8799991607666,30.780000686645508,30.780000686645508,1800,28.40918731689453,0.0
EASG,2021-10-07 20:00:00-04:00,30.715999603271484,30.715999603271484,30.715999603271484,30.715999603271484,900,28.35011863708496,0.0
EASG,2021-10-10 20:00:00-04:00,30.836999893188477,30.836999893188477,30.617000579833984,30.617000579833984,200,28.258745193481445,0.0
EASG,2021-10-11 20:00:00-04:00,30.634000778198242,30.670000076293945,30.6299991607666,30.635000228881836,1600,28.27535629272461,0.0
EASG,2021-10-12 20:00:00-04:00,30.8799991607666,30.895999908447266,30.8799991607666,30.895999908447266,200,28.516252517700195,0.0
EASG,2021-10-13 20:00:00-04:00,31.18000030517578,31.198999404907227,31.149999618530273,31.19499969482422,2200,28.79222297668457,0.0
EASG,2021-10-14 20:00:00-04:00,31.450000762939453,31.489999771118164,31.450000762939453,31.48200035095215,1900,29.05711555480957,0.0
EASG,2021-10-17 20:00:00-04:00,31.350000381469727,31.368999481201172,31.31999969482422,31.34600067138672,2800,28.931591033935547,0.0
EASG,2021-10-18 20:00:00-04:00,31.540000915527344,31.541000366210938,31.540000915527344,31.541000366210938,400,29.111574172973633,0.0
EASG,2021-10-19 20:00:00-04:00,31.479999542236328,31.631999969482422,31.479999542236328,31.600000381469727,1100,29.166027069091797,0.0
EASG,2021-10-20 20:00:00-04:00,31.479999542236328,31.520000457763672,31.479999542236328,31.503999710083008,2200,29.077421188354492,0.0
EASG,2021-10-21 20:00:00-04:00,31.75,31.760000228881836,31.68000030517578,31.687999725341797,2400,29.247249603271484,0.0
EASG,2021-10-24 20:00:00-04:00,31.6200008392334,31.687999725341797,31.6200008392334,31.6299991607666,700,29.193716049194336,0.0
EASG,2021-10-25 20:00:00-04:00,31.8700008392334,31.8700008392334,31.7450008392334,31.7450008392334,600,29.299861907958984,0.0
EASG,2021-10-26 20:00:00-04:00,31.829999923706055,31.829999923706055,31.704999923706055,31.704999923706055,600,29.262939453125,0.0
EASG,2021-10-27 20:00:00-04:00,31.969999313354492,32.02000045776367,31.860000610351562,32.02000045776367,1400,29.553680419921875,0.0
EASG,2021-10-28 20:00:00-04:00,31.729999542236328,31.864999771118164,31.729999542236328,31.864999771118164,1600,29.410615921020508,0.0
EASG,2021-10-31 20:00:00-04:00,32.125,32.17100143432617,32.125,32.17100143432617,1200,29.69304847717285,0.0
EASG,2021-11-01 20:00:00-04:00,32.18000030517578,32.215999603271484,32.15299987792969,32.15299987792969,1100,29.676433563232422,0.0
EASG,2021-11-02 20:00:00-04:00,32.13999938964844,32.4900016784668,32.13999938964844,32.4900016784668,700,29.98748016357422,0.0
EASG,2021-11-03 20:00:00-04:00,32.44900131225586,32.47200012207031,32.380001068115234,32.47200012207031,1500,29.970861434936523,0.0
EASG,2021-11-04 20:00:00-04:00,32.409000396728516,32.41400146484375,32.29999923706055,32.41400146484375,4700,29.917329788208008,0.0
EASG,2021-11-07 19:00:00-05:00,32.43000030517578,32.52000045776367,32.43000030517578,32.43899917602539,2000,29.94040298461914,0.0
EASG,2021-11-08 19:00:00-05:00,32.43000030517578,32.43000030517578,32.42399978637695,32.42399978637695,600,29.926559448242188,0.0
EASG,2021-11-09 19:00:00-05:00,32.31999969482422,32.349998474121094,32.040000915527344,32.04100036621094,5000,29.573060989379883,0.0
EASG,2021-11-10 19:00:00-05:00,32.209999084472656,32.209999084472656,32.11600112915039,32.138999938964844,800,29.663511276245117,0.0
EASG,2021-11-11 19:00:00-05:00,32.310001373291016,32.310001373291016,32.25,32.30400085449219,4100,29.81580352783203,0.0
EASG,2021-11-14 19:00:00-05:00,32.34000015258789,32.34000015258789,32.21699905395508,32.21699905395508,300,29.735502243041992,0.0
EASG,2021-11-15 19:00:00-05:00,32.19599914550781,32.19599914550781,32.125,32.125,800,29.650588989257812,0.0
EASG,2021-11-16 19:00:00-05:00,32.06999969482422,32.06999969482422,32.0,32.04499816894531,4100,29.576751708984375,0.0
EASG,2021-11-17 19:00:00-05:00,32.08000183105469,32.125999450683594,32.08000183105469,32.125999450683594,500,29.651512145996094,0.0
EASG,2021-11-18 19:00:00-05:00,31.950000762939453,31.950000762939453,31.827999114990234,31.827999114990234,2200,29.376466751098633,0.0
EASG,2021-11-21 19:00:00-05:00,31.708999633789062,31.708999633789062,31.591999053955078,31.591999053955078,700,29.158641815185547,0.0
EASG,2021-11-22 19:00:00-05:00,31.389999389648438,31.525999069213867,31.381000518798828,31.525999069213867,1100,29.097726821899414,0.0
EASG,2021-11-23 19:00:00-05:00,31.214000701904297,31.309999465942383,31.18000030517578,31.30900001525879,4000,28.897441864013672,0.0
EASG,2021-11-25 19:00:00-05:00,30.820999145507812,30.820999145507812,30.513999938964844,30.513999938964844,7100,28.16367530822754,0.0
EASG,2021-11-28 19:00:00-05:00,31.670000076293945,31.670000076293945,30.701000213623047,30.701000213623047,200,28.336271286010742,0.0
EASG,2021-11-29 19:00:00-05:00,30.5,30.5,30.270999908447266,30.388999938964844,2400,28.04830551147461,0.0
EASG,2021-11-30 19:00:00-05:00,30.850000381469727,30.979999542236328,30.35700035095215,30.35700035095215,3500,28.01877212524414,0.0
EASG,2021-12-01 19:00:00-05:00,30.613000869750977,30.65999984741211,30.613000869750977,30.65999984741211,9300,28.298431396484375,0.0
EASG,2021-12-02 19:00:00-05:00,30.809999465942383,30.809999465942383,30.420000076293945,30.579999923706055,10500,28.224594116210938,0.0
EASG,2021-12-05 19:00:00-05:00,30.829999923706055,30.858999252319336,30.829999923706055,30.856000900268555,2700,28.479333877563477,0.0
EASG,2021-12-06 19:00:00-05:00,31.290000915527344,31.464000701904297,31.290000915527344,31.464000701904297,1400,29.040504455566406,0.0
EASG,2021-12-07 19:00:00-05:00,31.590999603271484,31.590999603271484,31.590999603271484,31.590999603271484,100,29.15772247314453,0.0
EASG,2021-12-08 19:00:00-05:00,31.479999542236328,31.479999542236328,31.299999237060547,31.325000762939453,5700,28.91221046447754,0.0
EASG,2021-12-09 19:00:00-05:00,31.371000289916992,31.382999420166016,31.371000289916992,31.382999420166016,300,28.965742111206055,0.0
EASG,2021-12-12 19:00:00-05:00,31.239999771118164,31.239999771118164,31.101999282836914,31.101999282836914,900,28.70638656616211,0.0
EASG,2021-12-13 19:00:00-05:00,30.834999084472656,30.920000076293945,30.799999237060547,30.920000076293945,2900,28.53840446472168,0.0
EASG,2021-12-14 19:00:00-05:00,30.950000762939453,31.360000610351562,30.90999984741211,31.360000610351562,9300,28.944515228271484,0.0
EASG,2021-12-15 19:00:00-05:00,31.489999771118164,31.489999771118164,31.290000915527344,31.386999130249023,700,28.969432830810547,0.0
EASG,2021-12-16 19:00:00-05:00,30.625,30.709999084472656,30.54199981689453,30.54199981689453,2700,28.542354583740234,0.388
EASG,2021-12-19 19:00:00-05:00,30.290000915527344,30.445999145507812,30.290000915527344,30.445999145507812,1900,28.452638626098633,0.0
EASG,2021-12-20 19:00:00-05:00,30.6299991607666,30.81800079345703,30.628000259399414,30.80699920654297,9700,28.79000473022461,0.0
EASG,2021-12-21 19:00:00-05:00,30.969999313354492,31.121999740600586,30.739999771118164,31.121999740600586,20200,29.084383010864258,0.0
EASG,2021-12-22 19:00:00-05:00,31.219999313354492,31.329999923706055,31.219999313354492,31.312000274658203,11100,29.26194190979004,0.0
EASG,2021-12-26 19:00:00-05:00,31.290000915527344,31.520000457763672,31.290000915527344,31.479999542236328,11400,29.418943405151367,0.0
EASG,2021-12-27 19:00:00-05:00,31.540000915527344,31.868999481201172,31.540000915527344,31.57699966430664,28900,29.50959014892578,0.0
EASG,2021-12-28 19:00:00-05:00,31.559999465942383,31.799999237060547,31.540000915527344,31.590999603271484,13600,29.522676467895508,0.0
EASG,2021-12-29 19:00:00-05:00,31.739999771118164,31.739999771118164,31.493999481201172,31.493999481201172,25000,29.432024002075195,0.0
EASG,2021-12-30 19:00:00-05:00,31.5,31.600000381469727,31.474000930786133,31.474000930786133,3300,29.4133358001709,0.0
EASG,2022-01-02 19:00:00-05:00,31.56999969482422,31.56999969482422,31.56999969482422,31.56999969482422,300,29.503049850463867,0.0
EASG,2022-01-03 19:00:00-05:00,31.809999465942383,31.822999954223633,31.56999969482422,31.690000534057617,18500,29.615192413330078,0.0
EASG,2022-01-04 19:00:00-05:00,31.860000610351562,31.889999389648438,31.4689998626709,31.4689998626709,11300,29.408662796020508,0.0
EASG,2022-01-05 19:00:00-05:00,31.290000915527344,31.309999465942383,31.200000762939453,31.200000762939453,17600,29.157276153564453,0.0
EASG,2022-01-06 19:00:00-05:00,31.209999084472656,31.34000015258789,31.159000396728516,31.34000015258789,60700,29.288108825683594,0.0
EASG,2022-01-09 19:00:00-05:00,30.950000762939453,31.200000762939453,30.799999237060547,31.02400016784668,39900,28.9927978515625,0.0
EASG,2022-01-10 19:00:00-05:00,31.200000762939453,31.3799991607666,31.100000381469727,31.3700008392334,11500,29.316144943237305,0.0
EASG,2022-01-11 19:00:00-05:00,31.610000610351562,31.65999984741211,31.56999969482422,31.65399932861328,92500,29.5815486907959,0.0
EASG,2022-01-12 19:00:00-05:00,31.75,31.75,31.34600067138672,31.34600067138672,6500,29.29371452331543,0.0
EASG,2022-01-13 19:00:00-05:00,31.290000915527344,31.450000762939453,31.18000030517578,31.395999908447266,24500,29.340442657470703,0.0
EASG,2022-01-17 19:00:00-05:00,30.989999771118164,31.0,30.860000610351562,30.860000610351562,11600,28.839534759521484,0.0
EASG,2022-01-18 19:00:00-05:00,31.1200008392334,31.1200008392334,30.829999923706055,30.829999923706055,38200,28.81149673461914,0.0
EASG,2022-01-19 19:00:00-05:00,30.950000762939453,31.065000534057617,30.700000762939453,30.700000762939453,4200,28.690013885498047,0.0
EASG,2022-01-20 19:00:00-05:00,30.582000732421875,30.613000869750977,30.33099937438965,30.33099937438965,4700,28.345170974731445,0.0
EASG,2022-01-23 19:00:00-05:00,29.84000015258789,30.040000915527344,29.350000381469727,30.016000747680664,5000,28.05079460144043,0.0
EASG,2022-01-24 19:00:00-05:00,29.68000030517578,29.989999771118164,29.454999923706055,29.83799934387207,7500,27.88444709777832,0.0
EASG,2022-01-25 19:00:00-05:00,29.989999771118164,30.040000915527344,29.610000610351562,29.722999572753906,8400,27.776975631713867,0.0
EASG,2022-01-26 19:00:00-05:00,29.709999084472656,29.764999389648438,29.420000076293945,29.488000869750977,6900,27.557363510131836,0.0
EASG,2022-01-27 19:00:00-05:00,29.235000610351562,29.56999969482422,29.15999984741211,29.56999969482422,13000,27.63399314880371,0.0
EASG,2022-01-30 19:00:00-05:00,29.670000076293945,30.052000045776367,29.649999618530273,30.052000045776367,3100,28.084436416625977,0.0
EASG,2022-01-31 19:00:00-05:00,30.270000457763672,30.302000045776367,30.094999313354492,30.302000045776367,11700,28.318069458007812,0.0
EASG,2022-02-01 19:00:00-05:00,30.59000015258789,30.59000015258789,30.43000030517578,30.55500030517578,8000,28.554502487182617,0.0
EASG,2022-02-02 19:00:00-05:00,30.295000076293945,30.297000885009766,30.030000686645508,30.030000686645508,7000,28.063879013061523,0.0
EASG,2022-02-03 19:00:00-05:00,29.969999313354492,30.159000396728516,29.950000762939453,30.02199935913086,5600,28.056398391723633,0.0
EASG,2022-02-06 19:00:00-05:00,30.06999969482422,30.20599937438965,30.06999969482422,30.10700035095215,3400,28.135835647583008,0.0
EASG,2022-02-07 19:00:00-05:00,30.100000381469727,30.249000549316406,30.100000381469727,30.249000549316406,1300,28.268537521362305,0.0
EASG,2022-02-08 19:00:00-05:00,30.6299991607666,30.718000411987305,30.6299991607666,30.718000411987305,2300,28.706830978393555,0.0
EASG,2022-02-09 19:00:00-05:00,30.520000457763672,30.631999969482422,30.309999465942383,30.309999465942383,7000,28.325544357299805,0.0
EASG,2022-02-10 19:00:00-05:00,30.266000747680664,30.266000747680664,29.799999237060547,29.84600067138672,2600,27.891925811767578,0.0
EASG,2022-02-13 19:00:00-05:00,29.584999084472656,29.670000076293945,29.488000869750977,29.604999542236328,23600,27.666702270507812,0.0
EASG,2022-02-14 19:00:00-05:00,29.989999771118164,30.14900016784668,29.989999771118164,30.14900016784668,6400,28.175086975097656,0.0
EASG,2022-02-15 19:00:00-05:00,29.959999084472656,30.270000457763672,29.959999084472656,30.246000289916992,4400,28.265737533569336,0.0
EASG,2022-02-16 19:00:00-05:00,29.969999313354492,30.020000457763672,29.826000213623047,29.826000213623047,1700,27.873233795166016,0.0
EASG,2022-02-17 19:00:00-05:00,29.799999237060547,29.799999237060547,29.652999877929688,29.652999877929688,700,27.711559295654297,0.0
EASG,2022-02-21 19:00:00-05:00,29.360000610351562,29.389999389648438,29.219999313354492,29.239999771118164,2200,27.325599670410156,0.0
EASG,2022-02-22 19:00:00-05:00,29.6200008392334,29.6200008392334,28.990999221801758,28.990999221801758,4200,27.0929012298584,0.0
EASG,2022-02-23 19:00:00-05:00,27.959999084472656,28.674999237060547,27.959999084472656,28.674999237060547,4300,26.797590255737305,0.0
EASG,2022-02-24 19:00:00-05:00,28.8700008392334,29.288000106811523,28.8700008392334,29.281999588012695,7200,27.364849090576172,0.0
EASG,2022-02-27 19:00:00-05:00,28.780000686645508,29.06999969482422,28.729999542236328,28.79199981689453,3700,26.90692901611328,0.0
EASG,2022-02-28 19:00:00-05:00,28.809999465942383,28.809999465942383,28.065000534057617,28.179000854492188,5600,26.33406639099121,0.0
EASG,2022-03-01 19:00:00-05:00,28.299999237060547,28.56999969482422,28.280000686645508,28.496999740600586,2900,26.631244659423828,0.0
EASG,2022-03-02 19:00:00-05:00,28.420000076293945,28.420000076293945,27.940000534057617,28.040000915527344,13700,26.20416831970215,0.0
EASG,2022-03-03 19:00:00-05:00,27.299999237060547,27.309999465942383,27.06999969482422,27.20599937438965,8300,25.42477035522461,0.0
EASG,2022-03-06 19:00:00-05:00,26.719999313354492,26.719999313354492,26.43199920654297,26.43199920654297,4500,24.70144271850586,0.0
EASG,2022-03-07 19:00:00-05:00,26.43000030517578,27.149999618530273,25.816999435424805,26.632999420166016,18800,24.889284133911133,0.0
EASG,2022-03-08 19:00:00-05:00,27.959999084472656,27.979000091552734,27.4689998626709,27.780000686645508,29600,25.961191177368164,0.0
EASG,2022-03-09 19:00:00-05:00,27.59000015258789,28.290000915527344,27.34000015258789,28.280000686645508,12400,26.42845344543457,0.0
EASG,2022-03-10 19:00:00-05:00,27.459999084472656,27.520000457763672,27.12700080871582,27.12700080871582,17000,25.35094451904297,0.0
EASG,2022-03-13 20:00:00-04:00,27.739999771118164,27.739999771118164,27.402999877929688,27.406999588012695,13900,25.61260986328125,0.0
EASG,2022-03-14 20:00:00-04:00,27.55900001525879,27.69099998474121,27.5,27.69099998474121,5200,25.878015518188477,0.0
EASG,2022-03-15 20:00:00-04:00,28.170000076293945,28.613000869750977,28.110000610351562,28.613000869750977,5500,26.73965072631836,0.0
EASG,2022-03-16 20:00:00-04:00,28.6560001373291,28.93000030517578,28.6560001373291,28.889999389648438,5200,26.99851417541504,0.0
EASG,2022-03-17 20:00:00-04:00,29.149999618530273,29.18000030517578,29.149999618530273,29.156999588012695,1500,27.248031616210938,0.0
EASG,2022-03-20 20:00:00-04:00,29.069000244140625,29.069000244140625,28.790000915527344,28.93199920654297,5900,27.037763595581055,0.0
EASG,2022-03-21 20:00:00-04:00,29.1299991607666,29.239999771118164,29.1299991607666,29.239999771118164,3300,27.325599670410156,0.0
EASG,2022-03-22 20:00:00-04:00,28.815000534057617,28.84000015258789,28.79199981689453,28.79199981689453,1200,26.90692901611328,0.0
EASG,2022-03-23 20:00:00-04:00,29.010000228881836,29.010000228881836,28.920000076293945,29.010000228881836,1600,27.110658645629883,0.0
EASG,2022-03-24 20:00:00-04:00,29.0,29.03499984741211,28.9950008392334,28.9950008392334,900,27.096641540527344,0.0
EASG,2022-03-27 20:00:00-04:00,28.84000015258789,28.93000030517578,28.809999465942383,28.93000030517578,6800,27.0358943939209,0.0
EASG,2022-03-28 20:00:00-04:00,29.440000534057617,29.579999923706055,29.34000015258789,29.531999588012695,5500,27.598482131958008,0.0
EASG,2022-03-29 20:00:00-04:00,29.6299991607666,29.6299991607666,29.3700008392334,29.3799991607666,6500,27.45643424987793,0.0
EASG,2022-03-30 20:00:00-04:00,29.18000030517578,29.18000030517578,28.88599967956543,28.88599967956543,10200,26.994775772094727,0.0
EASG,2022-03-31 20:00:00-04:00,29.09000015258789,29.15999984741211,28.979999542236328,29.155000686645508,19100,27.24616813659668,0.0
EASG,2022-04-03 20:00:00-04:00,29.26300048828125,29.280000686645508,29.209999084472656,29.270000457763672,7600,27.353635787963867,0.0
EASG,2022-04-04 20:00:00-04:00,29.033000946044922,29.033000946044922,28.850000381469727,28.96500015258789,3800,27.068605422973633,0.0
EASG,2022-04-05 20:00:00-04:00,28.729999542236328,28.729999542236328,28.454999923706055,28.583999633789062,11500,26.712547302246094,0.0
EASG,2022-04-06 20:00:00-04:00,28.719999313354492,28.760000228881836,28.489999771118164,28.67099952697754,16100,26.793855667114258,0.0
EASG,2022-04-07 20:00:00-04:00,28.479999542236328,28.770000457763672,28.479999542236328,28.639999389648438,15900,26.764881134033203,0.0
EASG,2022-04-10 20:00:00-04:00,28.559999465942383,28.559999465942383,28.329999923706055,28.329999923706055,5300,26.475177764892578,0.0
EASG,2022-04-11 20:00:00-04:00,28.06999969482422,28.072999954223633,28.059999465942383,28.072999954223633,2100,26.23500633239746,0.0
EASG,2022-04-12 20:00:00-04:00,28.229999542236328,28.361000061035156,28.229999542236328,28.361000061035156,1100,26.504150390625,0.0
EASG,2022-04-13 20:00:00-04:00,28.56999969482422,28.56999969482422,28.260000228881836,28.299999237060547,19200,26.447141647338867,0.0
EASG,2022-04-17 20:00:00-04:00,28.360000610351562,28.360000610351562,28.06999969482422,28.086999893188477,14700,26.248088836669922,0.0
EASG,2022-04-18 20:00:00-04:00,27.979999542236328,28.136999130249023,27.979999542236328,28.136999130249023,3000,26.29481315612793,0.0
EASG,2022-04-19 20:00:00-04:00,28.5049991607666,28.5049991607666,28.31999969482422,28.393999099731445,5100,26.53498649597168,0.0
EASG,2022-04-20 20:00:00-04:00,28.709999084472656,28.709999084472656,28.099000930786133,28.099000930786133,4500,26.25930404663086,0.0
EASG,2022-04-21 20:00:00-04:00,28.09000015258789,28.09000015258789,27.679000854492188,27.679000854492188,9800,25.86680030822754,0.0
EASG,2022-04-24 20:00:00-04:00,27.399999618530273,27.485000610351562,27.280000686645508,27.485000610351562,2200,25.685503005981445,0.0
EASG,2022-04-25 20:00:00-04:00,27.329999923706055,27.329999923706055,26.857999801635742,26.857999801635742,11700,25.09955406188965,0.0
EASG,2022-04-26 20:00:00-04:00,26.920000076293945,27.06999969482422,26.84000015258789,26.934999465942383,12000,25.171512603759766,0.0
EASG,2022-04-27 20:00:00-04:00,27.277999877929688,27.360000610351562,27.200000762939453,27.31999969482422,4800,25.53130531311035,0.0
EASG,2022-04-28 20:00:00-04:00,27.399999618530273,27.450000762939453,27.006999969482422,27.006999969482422,10300,25.238800048828125,0.0
EASG,2022-05-01 20:00:00-04:00,26.81999969482422,26.90999984741211,26.714000701904297,26.90999984741211,6100,25.148149490356445,0.0
EASG,2022-05-02 20:00:00-04:00,27.0049991607666,27.15999984741211,27.0049991607666,27.084999084472656,14400,25.311691284179688,0.0
EASG,2022-05-03 20:00:00-04:00,26.899999618530273,27.516000747680664,26.899999618530273,27.516000747680664,700,25.7144718170166,0.0
EASG,2022-05-04 20:00:00-04:00,26.510000228881836,26.649999618530273,26.510000228881836,26.649999618530273,1900,24.905170440673828,0.0
EASG,2022-05-05 20:00:00-04:00,26.295000076293945,26.510000228881836,26.209999084472656,26.351999282836914,17900,24.62668228149414,0.0
EASG,2022-05-08 20:00:00-04:00,25.899999618530273,25.899999618530273,25.617000579833984,25.617000579833984,3500,23.939804077148438,0.0
EASG,2022-05-09 20:00:00-04:00,26.030000686645508,26.049999237060547,25.785999298095703,25.785999298095703,8600,24.097740173339844,0.0
EASG,2022-05-10 20:00:00-04:00,25.989999771118164,26.030000686645508,25.562999725341797,25.562999725341797,9800,23.889339447021484,0.0
EASG,2022-05-11 20:00:00-04:00,25.600000381469727,25.600000381469727,25.420000076293945,25.600000381469727,11600,23.923919677734375,0.0
EASG,2022-05-12 20:00:00-04:00,25.889999389648438,26.249000549316406,25.889999389648438,26.170000076293945,22600,24.45659828186035,0.0
EASG,2022-05-15 20:00:00-04:00,26.079999923706055,26.280000686645508,26.045000076293945,26.150999069213867,9600,24.438840866088867,0.0
EASG,2022-05-16 20:00:00-04:00,26.65999984741211,26.709999084472656,26.549999237060547,26.655000686645508,8100,24.90984344482422,0.0
EASG,2022-05-17 20:00:00-04:00,26.299999237060547,26.299999237060547,26.00200080871582,26.00200080871582,2900,24.299598693847656,0.0
EASG,2022-05-18 20:00:00-04:00,26.059999465942383,26.389999389648438,26.020000457763672,26.24799919128418,6400,24.529491424560547,0.0
EASG,2022-05-19 20:00:00-04:00,26.600000381469727,26.600000381469727,26.190000534057617,26.510000228881836,18500,24.77433967590332,0.0
EASG,2022-05-22 20:00:00-04:00,26.809999465942383,26.940000534057617,26.809999465942383,26.891000747680664,3700,25.130395889282227,0.0
EASG,2022-05-23 20:00:00-04:00,26.799999237060547,26.819000244140625,26.729999542236328,26.819000244140625,3300,25.063106536865234,0.0
EASG,2022-05-24 20:00:00-04:00,26.71500015258789,26.899999618530273,26.71500015258789,26.82699966430664,18700,25.070581436157227,0.0
EASG,2022-05-25 20:00:00-04:00,27.00200080871582,27.170000076293945,27.00200080871582,27.118000030517578,43300,25.342533111572266,0.0
EASG,2022-05-26 20:00:00-04:00,27.316999435424805,27.440000534057617,27.260000228881836,27.392000198364258,3000,25.598590850830078,0.0
EASG,2022-05-30 20:00:00-04:00,27.309999465942383,27.360000610351562,27.290000915527344,27.290000915527344,11100,25.50326919555664,0.0
EASG,2022-05-31 20:00:00-04:00,27.530000686645508,27.530000686645508,26.899999618530273,27.0,9400,25.232257843017578,0.0
EASG,2022-06-01 20:00:00-04:00,27.440000534057617,27.481000900268555,27.440000534057617,27.481000900268555,1300,25.681766510009766,0.0
EASG,2022-06-02 20:00:00-04:00,27.09000015258789,27.108999252319336,27.089000701904297,27.089000701904297,2700,25.3154296875,0.0
EASG,2022-06-05 20:00:00-04:00,27.420000076293945,27.420000076293945,27.13599967956543,27.21500015258789,5300,25.433181762695312,0.0
EASG,2022-06-06 20:00:00-04:00,26.920000076293945,27.2450008392334,26.920000076293945,27.2450008392334,1300,25.461217880249023,0.0
EASG,2022-06-07 20:00:00-04:00,27.040000915527344,27.075000762939453,26.920000076293945,26.93600082397461,16300,25.172449111938477,0.0
EASG,2022-06-08 20:00:00-04:00,26.799999237060547,26.8700008392334,26.389999389648438,26.389999389648438,7200,24.662193298339844,0.0
EASG,2022-06-09 20:00:00-04:00,26.0,26.0,25.719999313354492,25.738000869750977,21300,24.05288314819336,0.0
EASG,2022-06-12 20:00:00-04:00,25.139999389648438,25.139999389648438,24.84000015258789,24.927000045776367,9500,23.294981002807617,0.0
EASG,2022-06-13 20:00:00-04:00,24.81999969482422,24.920000076293945,24.469999313354492,24.68000030517578,4100,23.064149856567383,0.0
EASG,2022-06-14 20:00:00-04:00,24.920000076293945,25.229999542236328,24.81999969482422,25.12299919128418,2400,23.478145599365234,0.0
EASG,2022-06-15 20:00:00-04:00,26.979999542236328,26.979999542236328,24.479999542236328,24.670000076293945,17400,23.054807662963867,0.0
EASG,2022-06-16 20:00:00-04:00,24.639999389648438,24.670000076293945,24.520000457763672,24.540000915527344,14500,22.933319091796875,0.0
EASG,2022-06-20 20:00:00-04:00,25.010000228881836,25.010000228881836,24.929000854492188,24.929000854492188,3800,23.296850204467773,0.0
EASG,2022-06-21 20:00:00-04:00,24.649999618530273,24.969999313354492,24.649999618530273,24.770000457763672,3800,23.14826011657715,0.0
EASG,2022-06-22 20:00:00-04:00,24.75,24.75,24.56999969482422,24.711000442504883,4800,23.093122482299805,0.0
EASG,2022-06-23 20:00:00-04:00,24.93000030517578,25.024999618530273,24.905000686645508,25.024999618530273,1600,23.79386329650879,0.423
EASG,2022-06-26 20:00:00-04:00,25.030000686645508,25.030000686645508,25.0,25.0,1800,23.770092010498047,0.0
EASG,2022-06-27 20:00:00-04:00,25.090999603271484,25.135000228881836,24.775999069213867,24.775999069213867,12000,23.557113647460938,0.0
EASG,2022-06-28 20:00:00-04:00,24.760000228881836,24.809999465942383,24.739999771118164,24.760000228881836,4700,23.541900634765625,0.0
EASG,2022-06-29 20:00:00-04:00,24.2450008392334,24.582000732421875,24.200000762939453,24.55699920654297,3300,23.348888397216797,0.0
EASG,2022-06-30 20:00:00-04:00,24.329999923706055,24.600000381469727,24.329999923706055,24.59600067138672,8000,23.385969161987305,0.0
EASG,2022-07-04 20:00:00-04:00,23.920000076293945,24.139999389648438,23.888999938964844,24.139999389648438,4900,22.952402114868164,0.0
EASG,2022-07-05 20:00:00-04:00,24.110000610351562,24.219999313354492,24.110000610351562,24.170000076293945,5900,22.980926513671875,0.0
EASG,2022-07-06 20:00:00-04:00,24.510000228881836,24.540000915527344,24.479999542236328,24.540000915527344,800,23.332725524902344,0.0
EASG,2022-07-07 20:00:00-04:00,24.459999084472656,24.54400062561035,24.450000762939453,24.54400062561035,1800,23.33652687072754,0.0
EASG,2022-07-10 20:00:00-04:00,24.239999771118164,24.34000015258789,24.177000045776367,24.177000045776367,7700,22.98758316040039,0.0
EASG,2022-07-11 20:00:00-04:00,24.239999771118164,24.3799991607666,24.204999923706055,24.219999313354492,5700,23.028467178344727,0.0
EASG,2022-07-12 20:00:00-04:00,23.799999237060547,24.239999771118164,23.799999237060547,24.16900062561035,37200,22.9799747467041,0.0
EASG,2022-07-13 20:00:00-04:00,23.65999984741211,23.850000381469727,23.5,23.850000381469727,15700,22.67667007446289,0.0
EASG,2022-07-14 20:00:00-04:00,24.049999237060547,24.190000534057617,24.049999237060547,24.187999725341797,20100,22.99803924560547,0.0
EASG,2022-07-17 20:00:00-04:00,24.690000534057617,24.690000534057617,24.329999923706055,24.3799991607666,4600,23.18059539794922,0.0
EASG,2022-07-18 20:00:00-04:00,24.924999237060547,24.975000381469727,24.899999618530273,24.975000381469727,6200,23.74632453918457,0.0
EASG,2022-07-19 20:00:00-04:00,24.941999435424805,24.941999435424805,24.75,24.809999465942383,4000,23.589441299438477,0.0
EASG,2022-07-20 20:00:00-04:00,24.950000762939453,25.05500030517578,24.940000534057617,25.05500030517578,3700,23.822389602661133,0.0
EASG,2022-07-21 20:00:00-04:00,25.149999618530273,25.149999618530273,24.989999771118164,24.989999771118164,400,23.76058578491211,0.0
EASG,2022-07-24 20:00:00-04:00,25.260000228881836,25.260000228881836,25.170000076293945,25.170000076293945,500,23.931732177734375,0.0
EASG,2022-07-25 20:00:00-04:00,24.920000076293945,24.920000076293945,24.91900062561035,24.91900062561035,2400,23.693078994750977,0.0
EASG,2022-07-26 20:00:00-04:00,25.06999969482422,25.450000762939453,25.040000915527344,25.3799991607666,11700,24.131399154663086,0.0
EASG,2022-07-27 20:00:00-04:00,25.53499984741211,25.606000900268555,25.5,25.606000900268555,3000,24.346282958984375,0.0
EASG,2022-07-28 20:00:00-04:00,25.719999313354492,25.906999588012695,25.719999313354492,25.906999588012695,200,24.63247299194336,0.0
EASG,2022-07-31 20:00:00-04:00,25.951000213623047,25.951000213623047,25.951000213623047,25.951000213623047,100,24.674306869506836,0.0
EASG,2022-08-01 20:00:00-04:00,25.790000915527344,25.790000915527344,25.579999923706055,25.579999923706055,800,24.32155990600586,0.0
EASG,2022-08-02 20:00:00-04:00,25.719999313354492,25.719999313354492,25.645000457763672,25.690000534057617,5100,24.426149368286133,0.0
EASG,2022-08-03 20:00:00-04:00,25.65999984741211,25.84000015258789,25.65999984741211,25.829999923706055,6900,24.55925941467285,0.0
EASG,2022-08-04 20:00:00-04:00,25.459999084472656,25.569000244140625,25.459999084472656,25.569000244140625,2900,24.31110191345215,0.0
EASG,2022-08-07 20:00:00-04:00,25.68000030517578,25.709999084472656,25.600000381469727,25.634000778198242,7200,24.37290382385254,0.0
EASG,2022-08-08 20:00:00-04:00,25.579999923706055,25.582000732421875,25.5,25.525999069213867,6400,24.27021598815918,0.0
EASG,2022-08-09 20:00:00-04:00,26.049999237060547,26.139999389648438,26.049999237060547,26.09600067138672,2200,24.812175750732422,0.0
EASG,2022-08-10 20:00:00-04:00,26.139999389648438,26.240999221801758,26.000999450683594,26.06999969482422,10500,24.787452697753906,0.0
EASG,2022-08-11 20:00:00-04:00,26.100000381469727,26.260000228881836,26.045000076293945,26.260000228881836,4600,24.968107223510742,0.0
EASG,2022-08-14 20:00:00-04:00,26.15999984741211,26.15999984741211,26.06999969482422,26.110000610351562,8300,24.82548713684082,0.0
EASG,2022-08-15 20:00:00-04:00,25.979999542236328,26.079999923706055,25.940000534057617,26.079999923706055,5100,24.796960830688477,0.0
EASG,2022-08-16 20:00:00-04:00,25.940000534057617,25.98200035095215,25.770000457763672,25.889999389648438,5500,24.616310119628906,0.0
EASG,2022-08-17 20:00:00-04:00,25.850000381469727,25.850000381469727,25.670000076293945,25.743999481201172,10400,24.47749137878418,0.0
EASG,2022-08-18 20:00:00-04:00,25.520000457763672,25.520000457763672,25.40999984741211,25.434999465942383,3100,24.183691024780273,0.0
EASG,2022-08-21 20:00:00-04:00,25.05900001525879,25.09000015258789,24.9950008392334,25.00200080871582,2500,23.771997451782227,0.0
EASG,2022-08-22 20:00:00-04:00,24.940000534057617,25.1200008392334,24.940000534057617,24.993999481201172,1400,23.764389038085938,0.0
EASG,2022-08-23 20:00:00-04:00,25.06999969482422,25.070999145507812,25.03700065612793,25.03700065612793,800,23.805273056030273,0.0
EASG,2022-08-24 20:00:00-04:00,25.079999923706055,25.350000381469727,25.079999923706055,25.350000381469727,8200,24.102874755859375,0.0
EASG,2022-08-25 20:00:00-04:00,25.3700008392334,25.3700008392334,24.649999618530273,24.65999984741211,4300,23.446823120117188,0.0
EASG,2022-08-28 20:00:00-04:00,24.75,24.75,24.549999237060547,24.600000381469727,10900,23.3897705078125,0.0
EASG,2022-08-29 20:00:00-04:00,24.650999069213867,24.650999069213867,24.340999603271484,24.340999603271484,600,23.14351463317871,0.0
EASG,2022-08-30 20:00:00-04:00,24.389999389648438,24.415000915527344,24.18899917602539,24.18899917602539,2000,22.998992919921875,0.0
EASG,2022-08-31 20:00:00-04:00,24.020000457763672,24.020000457763672,23.739999771118164,23.812000274658203,34200,22.640539169311523,0.0
EASG,2022-09-01 20:00:00-04:00,24.131000518798828,24.131000518798828,23.600000381469727,23.600000381469727,20300,22.4389705657959,0.0
EASG,2022-09-05 20:00:00-04:00,23.530000686645508,23.610000610351562,23.5,23.542999267578125,13100,22.3847713470459,0.0
EASG,2022-09-06 20:00:00-04:00,23.3799991607666,23.739999771118164,23.3799991607666,23.731000900268555,5600,22.56352424621582,0.0
EASG,2022-09-07 20:00:00-04:00,23.459999084472656,23.84000015258789,23.459999084472656,23.84000015258789,5600,22.66716194152832,0.0
EASG,2022-09-08 20:00:00-04:00,24.139999389648438,24.40399932861328,24.139999389648438,24.40399932861328,7900,23.203414916992188,0.0
EASG,2022-09-11 20:00:00-04:00,24.690000534057617,24.84000015258789,24.690000534057617,24.735000610351562,12100,23.51813316345215,0.0
EASG,2022-09-12 20:00:00-04:00,24.209999084472656,24.290000915527344,23.851999282836914,23.851999282836914,9300,22.678571701049805,0.0
EASG,2022-09-13 20:00:00-04:00,23.889999389648438,23.906999588012695,23.780000686645508,23.906999588012695,1300,22.730863571166992,0.0
EASG,2022-09-14 20:00:00-04:00,23.670000076293945,23.93000030517578,23.670000076293945,23.690000534057617,4200,22.52454376220703,0.0
EASG,2022-09-15 20:00:00-04:00,23.489999771118164,23.597999572753906,23.489999771118164,23.597999572753906,7900,22.43706512451172,0.0
EASG,2022-09-18 20:00:00-04:00,23.290000915527344,23.639999389648438,23.290000915527344,23.59000015258789,3700,22.429462432861328,0.0
EASG,2022-09-19 20:00:00-04:00,23.239999771118164,23.280000686645508,23.084999084472656,23.211999893188477,5600,22.070056915283203,0.0
EASG,2022-09-20 20:00:00-04:00,23.190000534057617,23.190000534057617,22.937000274658203,22.937000274658203,2400,21.808584213256836,0.0
EASG,2022-09-21 20:00:00-04:00,23.059999465942383,23.059999465942383,22.690000534057617,22.8799991607666,6900,21.7543888092041,0.0
EASG,2022-09-22 20:00:00-04:00,22.299999237060547,22.299999237060547,21.989999771118164,22.086999893188477,36200,21.000402450561523,0.0
EASG,2022-09-25 20:00:00-04:00,21.93400001525879,21.94700050354004,21.709999084472656,21.777000427246094,5700,20.70565414428711,0.0
EASG,2022-09-26 20:00:00-04:00,21.739999771118164,21.75,21.545000076293945,21.6299991607666,2400,20.56588363647461,0.0
EASG,2022-09-27 20:00:00-04:00,21.65999984741211,22.170000076293945,21.65999984741211,22.1200008392334,3100,21.031780242919922,0.0
EASG,2022-09-28 20:00:00-04:00,21.760000228881836,21.820999145507812,21.709999084472656,21.81999969482422,10200,20.746538162231445,0.0
EASG,2022-09-29 20:00:00-04:00,21.790000915527344,21.959999084472656,21.726999282836914,21.726999282836914,36900,20.658113479614258,0.0
EASG,2022-10-02 20:00:00-04:00,21.989999771118164,22.25,21.950000762939453,22.25,7500,21.155384063720703,0.0
EASG,2022-10-03 20:00:00-04:00,22.829999923706055,23.1299991607666,22.829999923706055,23.1200008392334,4900,21.98258399963379,0.0
EASG,2022-10-04 20:00:00-04:00,22.68000030517578,23.040000915527344,22.68000030517578,22.959999084472656,11700,21.830453872680664,0.0
EASG,2022-10-05 20:00:00-04:00,22.690000534057617,22.690000534057617,22.565000534057617,22.59000015258789,4000,21.478656768798828,0.0
EASG,2022-10-06 20:00:00-04:00,22.329999923706055,22.3799991607666,22.100000381469727,22.100000381469727,7400,21.01276206970215,0.0
EASG,2022-10-09 20:00:00-04:00,22.34000015258789,22.34000015258789,21.90999984741211,22.100000381469727,41500,21.01276206970215,0.0
EASG,2022-10-10 20:00:00-04:00,21.979999542236328,22.059999465942383,21.80699920654297,21.80699920654297,2300,20.734176635742188,0.0
EASG,2022-10-11 20:00:00-04:00,21.719999313354492,21.757999420166016,21.719999313354492,21.757999420166016,1000,20.68758773803711,0.0
EASG,2022-10-12 20:00:00-04:00,21.479999542236328,22.231000900268555,21.25,22.200000762939453,16900,21.10784339904785,0.0
EASG,2022-10-13 20:00:00-04:00,22.049999237060547,22.06999969482422,21.861000061035156,21.861000061035156,12000,20.785520553588867,0.0
EASG,2022-10-16 20:00:00-04:00,22.3799991607666,22.469999313354492,22.290000915527344,22.43000030517578,16300,21.326528549194336,0.0
EASG,2022-10-17 20:00:00-04:00,22.68000030517578,22.68000030517578,22.43000030517578,22.514999389648438,5900,21.407344818115234,0.0
EASG,2022-10-18 20:00:00-04:00,22.3799991607666,22.3799991607666,22.219999313354492,22.2810001373291,8500,21.184858322143555,0.0
EASG,2022-10-19 20:00:00-04:00,22.299999237060547,22.549999237060547,22.219999313354492,22.243999481201172,7500,21.149677276611328,0.0
EASG,2022-10-20 20:00:00-04:00,22.149999618530273,22.649999618530273,22.030000686645508,22.649999618530273,16100,21.535703659057617,0.0
EASG,2022-10-23 20:00:00-04:00,22.559999465942383,22.690000534057617,22.559999465942383,22.579999923706055,5800,21.469148635864258,0.0
EASG,2022-10-24 20:00:00-04:00,22.979999542236328,23.190000534057617,22.969999313354492,23.139999389648438,10800,22.001598358154297,0.0
EASG,2022-10-25 20:00:00-04:00,23.45199966430664,23.520000457763672,23.309999465942383,23.326000213623047,21500,22.178447723388672,0.0
EASG,2022-10-26 20:00:00-04:00,23.329999923706055,23.450000762939453,23.14299964904785,23.14299964904785,5300,22.00444984436035,0.0
EASG,2022-10-27 20:00:00-04:00,23.15999984741211,23.34000015258789,23.15999984741211,23.334999084472656,6800,22.18700408935547,0.0
EASG,2022-10-30 20:00:00-04:00,23.1200008392334,23.389999389648438,23.09600067138672,23.131999969482422,13700,21.993993759155273,0.0
EASG,2022-10-31 20:00:00-04:00,23.6299991607666,23.6299991607666,23.25,23.329999923706055,15200,22.182252883911133,0.0
EASG,2022-11-01 20:00:00-04:00,23.290000915527344,23.34000015258789,22.98699951171875,22.98699951171875,4500,21.856124877929688,0.0
EASG,2022-11-02 20:00:00-04:00,22.90999984741211,22.940000534057617,22.81800079345703,22.81800079345703,5100,21.6954402923584,0.0
EASG,2022-11-03 20:00:00-04:00,23.649999618530273,23.666000366210938,23.649999618530273,23.666000366210938,1300,22.50172233581543,0.0
EASG,2022-11-06 19:00:00-05:00,23.729999542236328,23.860000610351562,23.700000762939453,23.81599998474121,11500,22.644344329833984,0.0
EASG,2022-11-07 19:00:00-05:00,23.989999771118164,24.270000457763672,23.989999771118164,24.136999130249023,5900,22.949548721313477,0.0
EASG,2022-11-08 19:00:00-05:00,23.959999084472656,23.959999084472656,23.610000610351562,23.799999237060547,33500,22.62912940979004,0.0
EASG,2022-11-09 19:00:00-05:00,24.910999298095703,25.110000610351562,24.770000457763672,25.110000610351562,35000,23.87468147277832,0.0
EASG,2022-11-10 19:00:00-05:00,25.25,25.709999084472656,25.25,25.700000762939453,25100,24.435657501220703,0.0
EASG,2022-11-13 19:00:00-05:00,25.540000915527344,25.610000610351562,25.378000259399414,25.378000259399414,3600,24.129499435424805,0.0
EASG,2022-11-14 19:00:00-05:00,25.729999542236328,25.735000610351562,25.420000076293945,25.5,2800,24.245494842529297,0.0
EASG,2022-11-15 19:00:00-05:00,25.450000762939453,25.559999465942383,25.40999984741211,25.531999588012695,12100,24.275920867919922,0.0
EASG,2022-11-16 19:00:00-05:00,25.260000228881836,25.43000030517578,25.18000030517578,25.423999786376953,9400,24.173234939575195,0.0
EASG,2022-11-17 19:00:00-05:00,25.700000762939453,25.700000762939453,25.3700008392334,25.499000549316406,9100,24.244544982910156,0.0
EASG,2022-11-20 19:00:00-05:00,25.219999313354492,25.280000686645508,25.155000686645508,25.270000457763672,8500,24.026809692382812,0.0
EASG,2022-11-21 19:00:00-05:00,25.434999465942383,25.6200008392334,25.434999465942383,25.610000610351562,3800,24.35008430480957,0.0
EASG,2022-11-22 19:00:00-05:00,25.729999542236328,25.90399932861328,25.690000534057617,25.90399932861328,6100,24.629619598388672,0.0
EASG,2022-11-24 19:00:00-05:00,26.030000686645508,26.1299991607666,26.030000686645508,26.089000701904297,1100,24.80552101135254,0.0
EASG,2022-11-27 19:00:00-05:00,26.0,26.18000030517578,25.69700050354004,25.756000518798828,8200,24.488903045654297,0.0
EASG,2022-11-28 19:00:00-05:00,25.81999969482422,25.81999969482422,25.760000228881836,25.79400062561035,4800,24.52503204345703,0.0
EASG,2022-11-29 19:00:00-05:00,25.979999542236328,26.284000396728516,25.760000228881836,26.284000396728516,8200,24.99092674255371,0.0
EASG,2022-11-30 19:00:00-05:00,26.450000762939453,26.52899932861328,26.399999618530273,26.520000457763672,6100,25.215316772460938,0.0
EASG,2022-12-01 19:00:00-05:00,26.299999237060547,26.51799964904785,26.299999237060547,26.440000534057617,14400,25.139251708984375,0.0
EASG,2022-12-04 19:00:00-05:00,26.510000228881836,26.510000228881836,26.163999557495117,26.163999557495117,13300,24.8768310546875,0.0
EASG,2022-12-05 19:00:00-05:00,26.09000015258789,26.1299991607666,25.989999771118164,25.9950008392334,7200,24.716144561767578,0.0
EASG,2022-12-06 19:00:00-05:00,26.020000457763672,26.094999313354492,25.889999389648438,26.030000686645508,9100,24.749422073364258,0.0
EASG,2022-12-07 19:00:00-05:00,25.969999313354492,26.15999984741211,25.969999313354492,26.15999984741211,15500,24.87302589416504,0.0
EASG,2022-12-08 19:00:00-05:00,26.139999389648438,26.309999465942383,26.09000015258789,26.09000015258789,12600,24.80647087097168,0.0
EASG,2022-12-11 19:00:00-05:00,26.190000534057617,26.25,26.059999465942383,26.25,5200,24.958599090576172,0.0
EASG,2022-12-12 19:00:00-05:00,26.850000381469727,26.850000381469727,26.58799934387207,26.617000579833984,3400,25.307544708251953,0.0
EASG,2022-12-13 19:00:00-05:00,26.729999542236328,26.729999542236328,26.648000717163086,26.648000717163086,500,25.337018966674805,0.0
EASG,2022-12-14 19:00:00-05:00,26.5,26.5,25.8799991607666,25.989999771118164,15100,24.711389541625977,0.0
EASG,2022-12-15 19:00:00-05:00,25.739999771118164,25.739999771118164,25.44099998474121,25.540000915527344,7700,24.479440689086914,0.208
EASG,2022-12-18 19:00:00-05:00,25.459999084472656,25.503000259399414,25.389999389648438,25.409000396728516,1800,24.353878021240234,0.0
EASG,2022-12-19 19:00:00-05:00,25.489999771118164,25.59000015258789,25.450000762939453,25.493000030517578,13700,24.434389114379883,0.0
EASG,2022-12-20 19:00:00-05:00,25.700000762939453,25.860000610351562,25.700000762939453,25.746000289916992,10400,24.6768856048584,0.0
EASG,2022-12-21 19:00:00-05:00,25.399999618530273,25.517000198364258,25.309999465942383,25.517000198364258,4000,24.457393646240234,0.0
EASG,2022-12-22 19:00:00-05:00,25.43000030517578,25.604000091552734,25.43000030517578,25.600000381469727,2600,24.536949157714844,0.0
EASG,2022-12-26 19:00:00-05:00,25.559999465942383,25.700000762939453,25.559999465942383,25.670000076293945,12400,24.60403823852539,0.0
EASG,2022-12-27 19:00:00-05:00,25.649999618530273,25.760000228881836,25.363000869750977,25.363000869750977,39900,24.309789657592773,0.0
EASG,2022-12-28 19:00:00-05:00,25.75,25.829999923706055,25.739999771118164,25.777999877929688,3100,24.707555770874023,0.0
EASG,2022-12-29 19:00:00-05:00,25.549999237060547,25.670000076293945,25.459999084472656,25.489999771118164,23500,24.431514739990234,0.0
EASG,2023-01-02 19:00:00-05:00,25.861000061035156,25.861000061035156,25.639999389648438,25.709999084472656,8600,24.642377853393555,0.0
EASG,2023-01-03 19:00:00-05:00,26.280000686645508,26.280000686645508,26.079999923706055,26.11400032043457,1700,25.02960205078125,0.0
EASG,2023-01-04 19:00:00-05:00,25.829999923706055,25.867000579833984,25.829999923706055,25.867000579833984,1200,24.792861938476562,0.0
EASG,2023-01-05 19:00:00-05:00,26.024999618530273,26.500999450683594,26.024999618530273,26.5,4800,25.399574279785156,0.0
EASG,2023-01-08 19:00:00-05:00,26.700000762939453,26.959999084472656,26.687999725341797,26.687999725341797,5700,25.57976722717285,0.0
EASG,2023-01-09 19:00:00-05:00,26.829999923706055,26.829999923706055,26.7189998626709,26.759000778198242,3000,25.64781951904297,0.0
EASG,2023-01-10 19:00:00-05:00,26.940000534057617,26.950000762939453,26.868999481201172,26.950000762939453,3500,25.830888748168945,0.0
EASG,2023-01-11 19:00:00-05:00,26.889999389648438,27.31399917602539,26.889999389648438,27.31399917602539,2600,26.179771423339844,0.0
EASG,2023-01-12 19:00:00-05:00,27.299999237060547,27.48900032043457,27.299999237060547,27.48900032043457,1100,26.347505569458008,0.0
EASG,2023-01-16 19:00:00-05:00,27.65999984741211,27.65999984741211,27.52199935913086,27.6299991607666,6300,26.482648849487305,0.0
EASG,2023-01-17 19:00:00-05:00,27.860000610351562,27.860000610351562,27.496000289916992,27.496000289916992,9500,26.35421371459961,0.0
EASG,2023-01-18 19:00:00-05:00,27.389999389648438,27.479999542236328,27.295000076293945,27.437000274658203,3600,26.297666549682617,0.0
EASG,2023-01-19 19:00:00-05:00,27.5049991607666,27.652999877929688,27.5049991607666,27.652999877929688,1000,26.50469398498535,0.0
EASG,2023-01-22 19:00:00-05:00,27.81999969482422,27.850000381469727,27.670000076293945,27.76799964904785,7700,26.614919662475586,0.0
EASG,2023-01-23 19:00:00-05:00,27.790000915527344,28.040000915527344,27.729999542236328,27.774999618530273,4700,26.621627807617188,0.0
EASG,2023-01-24 19:00:00-05:00,27.799999237060547,28.09000015258789,27.709999084472656,28.006000518798828,3600,26.84303855895996,0.0
EASG,2023-01-25 19:00:00-05:00,27.985000610351562,27.99799919128418,27.780000686645508,27.99799919128418,1300,26.83536720275879,0.0
EASG,2023-01-26 19:00:00-05:00,27.850000381469727,27.969999313354492,27.850000381469727,27.917999267578125,1400,26.758689880371094,0.0
EASG,2023-01-29 19:00:00-05:00,27.850000381469727,27.954999923706055,27.739999771118164,27.790000915527344,13300,26.636005401611328,0.0
EASG,2023-01-30 19:00:00-05:00,27.649999618530273,27.906999588012695,27.649999618530273,27.906999588012695,9700,26.74814796447754,0.0
EASG,2023-01-31 19:00:00-05:00,27.790000915527344,28.1200008392334,27.719999313354492,28.113000869750977,3800,26.945592880249023,0.0
EASG,2023-02-01 19:00:00-05:00,27.979999542236328,28.149999618530273,27.93000030517578,28.07200050354004,3000,26.90629768371582,0.0
EASG,2023-02-02 19:00:00-05:00,28.440000534057617,28.440000534057617,27.850000381469727,27.95400047302246,3500,26.793197631835938,0.0
EASG,2023-02-05 19:00:00-05:00,27.56999969482422,27.604999542236328,27.559999465942383,27.604999542236328,4100,26.45868682861328,0.0
EASG,2023-02-06 19:00:00-05:00,27.520000457763672,27.860000610351562,27.5,27.860000610351562,5000,26.703100204467773,0.0
EASG,2023-02-07 19:00:00-05:00,27.774999618530273,27.774999618530273,27.649999618530273,27.65999984741211,3000,26.511404037475586,0.0
EASG,2023-02-08 19:00:00-05:00,28.1299991607666,28.1299991607666,27.760000228881836,27.760000228881836,2000,26.60725212097168,0.0
EASG,2023-02-09 19:00:00-05:00,27.610000610351562,27.610000610351562,27.450000762939453,27.540000915527344,3100,26.396387100219727,0.0
EASG,2023-02-12 19:00:00-05:00,27.68000030517578,27.875999450683594,27.68000030517578,27.875999450683594,6800,26.718435287475586,0.0
EASG,2023-02-13 19:00:00-05:00,27.959999084472656,27.959999084472656,27.7549991607666,27.8799991607666,900,26.722267150878906,0.0
EASG,2023-02-14 19:00:00-05:00,27.690000534057617,27.764999389648438,27.579999923706055,27.764999389648438,1900,26.612043380737305,0.0
EASG,2023-02-15 19:00:00-05:00,27.530000686645508,27.819000244140625,27.530000686645508,27.650999069213867,3000,26.502777099609375,0.0
EASG,2023-02-16 19:00:00-05:00,27.56999969482422,27.780000686645508,27.56999969482422,27.775999069213867,2700,26.622587203979492,0.0
EASG,2023-02-20 19:00:00-05:00,27.68000030517578,27.68000030517578,27.389999389648438,27.434999465942383,3400,26.295747756958008,0.0
EASG,2023-02-21 19:00:00-05:00,27.309999465942383,27.420000076293945,27.139999389648438,27.249000549316406,4200,26.11747169494629,0.0
EASG,2023-02-22 19:00:00-05:00,27.266000747680664,27.415000915527344,27.190000534057617,27.402000427246094,3700,26.26412010192871,0.0
EASG,2023-02-23 19:00:00-05:00,27.079999923706055,27.079999923706055,26.889999389648438,26.944000244140625,1700,25.825136184692383,0.0
EASG,2023-02-26 19:00:00-05:00,27.229999542236328,27.29199981689453,27.219999313354492,27.29199981689453,7000,26.1586856842041,0.0
EASG,2023-02-27 19:00:00-05:00,27.260000228881836,27.260000228881836,27.100000381469727,27.100000381469727,2600,25.974660873413086,0.0
EASG,2023-02-28 19:00:00-05:00,27.229999542236328,27.229999542236328,27.110000610351562,27.20800018310547,7700,26.078174591064453,0.0
EASG,2023-03-01 19:00:00-05:00,27.06999969482422,27.24799919128418,27.030000686645508,27.24799919128418,9900,26.11651039123535,0.0
EASG,2023-03-02 19:00:00-05:00,27.670000076293945,27.670000076293945,27.360000610351562,27.624000549316406,16200,26.476900100708008,0.0
EASG,2023-03-05 19:00:00-05:00,27.65999984741211,27.670000076293945,27.549999237060547,27.586999893188477,1600,26.441434860229492,0.0
EASG,2023-03-06 19:00:00-05:00,27.586999893188477,27.586999893188477,27.110000610351562,27.131999969482422,5000,26.005329132080078,0.0
EASG,2023-03-07 19:00:00-05:00,27.219999313354492,27.260000228881836,27.139999389648438,27.224000930786133,3700,26.0935115814209,0.0
EASG,2023-03-08 19:00:00-05:00,27.290000915527344,27.329999923706055,27.025999069213867,27.025999069213867,3300,25.903730392456055,0.0
EASG,2023-03-09 19:00:00-05:00,27.059999465942383,27.110000610351562,26.753000259399414,26.753000259399414,4400,25.642066955566406,0.0
EASG,2023-03-12 20:00:00-04:00,26.549999237060547,26.68000030517578,26.530000686645508,26.65999984741211,12900,25.552928924560547,0.0
EASG,2023-03-13 20:00:00-04:00,26.959999084472656,27.030000686645508,26.94499969482422,27.030000686645508,1800,25.90756607055664,0.0
EASG,2023-03-14 20:00:00-04:00,26.010000228881836,26.190000534057617,25.860000610351562,26.118999481201172,4500,25.034395217895508,0.0
EASG,2023-03-15 20:00:00-04:00,26.290000915527344,26.562000274658203,26.290000915527344,26.562000274658203,10200,25.458999633789062,0.0
EASG,2023-03-16 20:00:00-04:00,26.264999389648438,26.3700008392334,26.264999389648438,26.31399917602539,6000,25.221298217773438,0.0
EASG,2023-03-19 20:00:00-04:00,26.719999313354492,26.75200080871582,26.719999313354492,26.75200080871582,500,25.641109466552734,0.0
EASG,2023-03-20 20:00:00-04:00,27.010000228881836,27.111000061035156,26.950000762939453,27.111000061035156,4400,25.985200881958008,0.0
EASG,2023-03-21 20:00:00-04:00,27.218000411987305,27.341999053955078,27.06399917602539,27.06399917602539,5500,25.940153121948242,0.0
EASG,2023-03-22 20:00:00-04:00,27.360000610351562,27.360000610351562,27.077999114990234,27.077999114990234,500,25.953571319580078,0.0
EASG,2023-03-23 20:00:00-04:00,26.700000762939453,26.940000534057617,26.700000762939453,26.940000534057617,3700,25.82130241394043,0.0
EASG,2023-03-26 20:00:00-04:00,27.165000915527344,27.16900062561035,27.149999618530273,27.16900062561035,700,26.04079246520996,0.0
EASG,2023-03-27 20:00:00-04:00,27.1299991607666,27.187999725341797,27.09000015258789,27.187999725341797,7500,26.059001922607422,0.0
EASG,2023-03-28 20:00:00-04:00,27.450000762939453,27.530000686645508,27.415000915527344,27.510000228881836,8900,26.367633819580078,0.0
EASG,2023-03-29 20:00:00-04:00,27.770000457763672,27.84000015258789,27.770000457763672,27.84000015258789,2100,26.683927536010742,0.0
EASG,2023-03-30 20:00:00-04:00,28.0,28.040000915527344,27.950000762939453,27.985000610351562,6000,26.82291030883789,0.0
EASG,2023-04-02 20:00:00-04:00,28.138999938964844,28.166000366210938,28.09000015258789,28.166000366210938,1600,26.99639320373535,0.0
EASG,2023-04-03 20:00:00-04:00,28.219999313354492,28.219999313354492,28.174999237060547,28.174999237060547,2200,27.005016326904297,0.0
EASG,2023-04-04 20:00:00-04:00,28.079999923706055,28.079999923706055,27.93000030517578,28.000999450683594,2300,26.83824348449707,0.0
EASG,2023-04-05 20:00:00-04:00,28.079999923706055,28.219999313354492,28.079999923706055,28.10700035095215,32600,26.939844131469727,0.0
EASG,2023-04-09 20:00:00-04:00,29.510000228881836,29.510000228881836,27.959999084472656,28.07699966430664,4800,26.911087036132812,0.0
EASG,2023-04-10 20:00:00-04:00,28.3700008392334,28.3700008392334,28.110000610351562,28.174999237060547,15100,27.005016326904297,0.0
EASG,2023-04-11 20:00:00-04:00,28.520000457763672,28.538000106811523,28.381000518798828,28.381000518798828,3800,27.202465057373047,0.0
EASG,2023-04-12 20:00:00-04:00,28.6299991607666,28.8799991607666,28.6299991607666,28.860000610351562,15400,27.661575317382812,0.0
EASG,2023-04-13 20:00:00-04:00,28.774999618530273,28.774999618530273,28.655000686645508,28.714000701904297,1300,27.521636962890625,0.0
EASG,2023-04-16 20:00:00-04:00,28.610000610351562,28.659000396728516,28.520000457763672,28.659000396728516,1400,27.46891975402832,0.0
EASG,2023-04-17 20:00:00-04:00,28.81599998474121,28.81599998474121,28.719999313354492,28.80900001525879,7900,27.61269187927246,0.0
EASG,2023-04-18 20:00:00-04:00,28.6299991607666,28.670000076293945,28.6299991607666,28.670000076293945,3200,27.47946548461914,0.0
EASG,2023-04-19 20:00:00-04:00,28.709999084472656,28.850000381469727,28.709999084472656,28.739999771118164,2400,27.54655647277832,0.0
EASG,2023-04-20 20:00:00-04:00,28.770000457763672,28.940000534057617,28.719999313354492,28.90999984741211,8500,27.70949935913086,0.0
EASG,2023-04-23 20:00:00-04:00,28.959999084472656,28.992000579833984,28.90999984741211,28.992000579833984,4400,27.7880916595459,0.0
EASG,2023-04-24 20:00:00-04:00,28.746000289916992,28.746000289916992,28.59000015258789,28.604000091552734,43100,27.41620445251465,0.0
EASG,2023-04-25 20:00:00-04:00,28.6200008392334,28.6200008392334,28.5,28.540000915527344,3000,27.354862213134766,0.0
EASG,2023-04-26 20:00:00-04:00,28.760000228881836,28.899999618530273,28.760000228881836,28.899999618530273,400,27.69991111755371,0.0
EASG,2023-04-27 20:00:00-04:00,28.75,28.922000885009766,28.75,28.922000885009766,4500,27.72100067138672,0.0
EASG,2023-04-30 20:00:00-04:00,29.09000015258789,29.09000015258789,28.889999389648438,28.93000030517578,12800,27.728666305541992,0.0
EASG,2023-05-01 20:00:00-04:00,28.579999923706055,28.645000457763672,28.514999389648438,28.645000457763672,8100,27.455503463745117,0.0
EASG,2023-05-02 20:00:00-04:00,28.940000534057617,28.940000534057617,28.729999542236328,28.753000259399414,8900,27.559017181396484,0.0
EASG,2023-05-03 20:00:00-04:00,28.594999313354492,28.729999542236328,28.594999313354492,28.64699935913086,51800,27.45741844177246,0.0
EASG,2023-05-04 20:00:00-04:00,28.775999069213867,29.042999267578125,28.775999069213867,29.042999267578125,900,27.83697509765625,0.0
EASG,2023-05-07 20:00:00-04:00,29.020000457763672,29.075000762939453,29.020000457763672,29.075000762939453,1400,27.867645263671875,0.0
EASG,2023-05-08 20:00:00-04:00,28.91900062561035,28.91900062561035,28.91900062561035,28.91900062561035,300,27.718124389648438,0.0
EASG,2023-05-09 20:00:00-04:00,28.899999618530273,28.899999618530273,28.690000534057617,28.849000930786133,1800,27.651031494140625,0.0
EASG,2023-05-10 20:00:00-04:00,28.860000610351562,28.860000610351562,28.68000030517578,28.84000015258789,8500,27.642404556274414,0.0
EASG,2023-05-11 20:00:00-04:00,28.940000534057617,28.940000534057617,28.670000076293945,28.809999465942383,71600,27.613649368286133,0.0
EASG,2023-05-14 20:00:00-04:00,28.871999740600586,29.0,28.820999145507812,28.9950008392334,1800,27.790969848632812,0.0
EASG,2023-05-15 20:00:00-04:00,28.920000076293945,28.920000076293945,28.68000030517578,28.68000030517578,5800,27.489049911499023,0.0
EASG,2023-05-16 20:00:00-04:00,28.81999969482422,28.856000900268555,28.670000076293945,28.827999114990234,11800,27.630901336669922,0.0
EASG,2023-05-17 20:00:00-04:00,28.770000457763672,28.81100082397461,28.698999404907227,28.81100082397461,5400,27.614608764648438,0.0
EASG,2023-05-18 20:00:00-04:00,28.920000076293945,29.020000457763672,28.920000076293945,28.992000579833984,1800,27.7880916595459,0.0
EASG,2023-05-21 20:00:00-04:00,28.950000762939453,29.059999465942383,28.950000762939453,28.996999740600586,1200,27.792884826660156,0.0
EASG,2023-05-22 20:00:00-04:00,28.829999923706055,28.829999923706055,28.5,28.5,4000,27.3165225982666,0.0
EASG,2023-05-23 20:00:00-04:00,28.1200008392334,28.190000534057617,28.1200008392334,28.134000778198242,3000,26.965723037719727,0.0
EASG,2023-05-24 20:00:00-04:00,28.06999969482422,28.170000076293945,28.030000686645508,28.1299991607666,3400,26.96188735961914,0.0
EASG,2023-05-25 20:00:00-04:00,28.31999969482422,28.410999298095703,28.31999969482422,28.410999298095703,900,27.231216430664062,0.0
EASG,2023-05-29 20:00:00-04:00,28.3700008392334,28.3700008392334,28.059999465942383,28.115999221801758,151000,26.948469161987305,0.0
EASG,2023-05-30 20:00:00-04:00,27.8700008392334,27.8700008392334,27.760000228881836,27.83300018310547,2200,26.677221298217773,0.0
EASG,2023-05-31 20:00:00-04:00,27.920000076293945,28.200000762939453,27.920000076293945,28.136999130249023,2100,26.968595504760742,0.0
EASG,2023-06-01 20:00:00-04:00,28.68000030517578,28.68000030517578,28.139999389648438,28.549999237060547,27600,27.364444732666016,0.0
EASG,2023-06-04 20:00:00-04:00,28.440000534057617,28.520000457763672,28.389999389648438,28.43400001525879,6100,27.253263473510742,0.0
EASG,2023-06-05 20:00:00-04:00,28.440000534057617,28.673999786376953,28.31999969482422,28.673999786376953,1700,27.48329734802246,0.0
EASG,2023-06-06 20:00:00-04:00,28.479999542236328,28.520000457763672,28.280000686645508,28.299999237060547,3600,27.124826431274414,0.0
EASG,2023-06-07 20:00:00-04:00,28.450000762939453,28.659000396728516,28.450000762939453,28.659000396728516,1900,27.46891975402832,0.0
EASG,2023-06-08 20:00:00-04:00,28.700000762939453,28.700000762939453,28.610000610351562,28.639999389648438,1400,27.450708389282227,0.0
EASG,2023-06-11 20:00:00-04:00,28.799999237060547,28.799999237060547,28.6299991607666,28.780000686645508,1900,27.584896087646484,0.0
EASG,2023-06-12 20:00:00-04:00,28.974000930786133,29.0,28.974000930786133,28.985000610351562,1500,27.781383514404297,0.0
EASG,2023-06-13 20:00:00-04:00,29.1299991607666,29.25,28.8799991607666,29.059999465942383,15400,27.853267669677734,0.0
EASG,2023-06-14 20:00:00-04:00,29.06999969482422,29.35700035095215,29.06999969482422,29.35700035095215,2300,28.137935638427734,0.0
EASG,2023-06-15 20:00:00-04:00,29.440000534057617,29.459999084472656,29.274999618530273,29.274999618530273,2200,28.05933952331543,0.0
EASG,2023-06-19 20:00:00-04:00,29.0,29.0049991607666,28.76099967956543,28.89900016784668,8100,27.69895362854004,0.0
EASG,2023-06-20 20:00:00-04:00,28.8700008392334,28.96500015258789,28.760000228881836,28.940000534057617,2400,27.738250732421875,0.0
EASG,2023-06-21 20:00:00-04:00,28.770000457763672,28.770000457763672,28.540000915527344,28.739999771118164,6900,27.54655647277832,0.0
EASG,2023-06-22 20:00:00-04:00,27.850000381469727,27.850000381469727,27.709999084472656,27.78499984741211,4700,27.08450698852539,0.481
EASG,2023-06-25 20:00:00-04:00,27.8700008392334,27.889999389648438,27.770000457763672,27.804000854492188,9900,27.103029251098633,0.0
EASG,2023-06-26 20:00:00-04:00,27.889999389648438,28.049999237060547,27.889999389648438,28.049999237060547,400,27.34282684326172,0.0
EASG,2023-06-27 20:00:00-04:00,27.969999313354492,28.110000610351562,27.969999313354492,28.091999053955078,1600,27.383766174316406,0.0
EASG,2023-06-28 20:00:00-04:00,28.040000915527344,28.06999969482422,27.989999771118164,28.055999755859375,4300,27.348674774169922,0.0
EASG,2023-06-29 20:00:00-04:00,28.34000015258789,28.5,28.329999923706055,28.44499969482422,52000,27.727867126464844,0.0
EASG,2023-07-02 20:00:00-04:00,28.510000228881836,28.510000228881836,28.393999099731445,28.42099952697754,4500,27.704471588134766,0.0
EASG,2023-07-04 20:00:00-04:00,28.15999984741211,28.15999984741211,28.059999465942383,28.094999313354492,1400,27.38669204711914,0.0
EASG,2023-07-05 20:00:00-04:00,27.690000534057617,27.690000534057617,27.43000030517578,27.58099937438965,3600,26.885650634765625,0.0
EASG,2023-07-06 20:00:00-04:00,27.760000228881836,27.881000518798828,27.760000228881836,27.785999298095703,1500,27.085481643676758,0.0
EASG,2023-07-09 20:00:00-04:00,27.739999771118164,27.85099983215332,27.739999771118164,27.85099983215332,500,27.14884376525879,0.0
EASG,2023-07-10 20:00:00-04:00,28.010000228881836,28.09000015258789,27.93000030517578,28.09000015258789,1100,27.381818771362305,0.0
EASG,2023-07-11 20:00:00-04:00,28.545000076293945,28.665000915527344,28.545000076293945,28.614999771118164,2200,27.89358139038086,0.0
EASG,2023-07-12 20:00:00-04:00,29.020000457763672,29.1299991607666,28.899999618530273,29.114999771118164,4100,28.380977630615234,0.0
EASG,2023-07-13 20:00:00-04:00,29.05699920654297,29.05699920654297,28.969999313354492,28.969999313354492,700,28.23963165283203,0.0
EASG,2023-07-16 20:00:00-04:00,28.80500030517578,28.94499969482422,28.80500030517578,28.94499969482422,10300,28.215261459350586,0.0
EASG,2023-07-17 20:00:00-04:00,28.950000762939453,29.1299991607666,28.950000762939453,29.1299991607666,4200,28.395597457885742,0.0
EASG,2023-07-18 20:00:00-04:00,29.100000381469727,29.100000381469727,29.04800033569336,29.04800033569336,1600,28.315664291381836,0.0
EASG,2023-07-19 20:00:00-04:00,28.93000030517578,28.933000564575195,28.83799934387207,28.871000289916992,1400,28.14312744140625,0.0
EASG,2023-07-20 20:00:00-04:00,28.905000686645508,29.02899932861328,28.905000686645508,28.950000762939453,2000,28.220136642456055,0.0
EASG,2023-07-23 20:00:00-04:00,28.80699920654297,28.940000534057617,28.80699920654297,28.84000015258789,2000,28.1129093170166,0.0
EASG,2023-07-24 20:00:00-04:00,28.950000762939453,28.979999542236328,28.8700008392334,28.93000030517578,3800,28.200639724731445,0.0
EASG,2023-07-25 20:00:00-04:00,28.899999618530273,28.93000030517578,28.760000228881836,28.93000030517578,4500,28.200639724731445,0.0
EASG,2023-07-26 20:00:00-04:00,29.15999984741211,29.15999984741211,28.899999618530273,28.917999267578125,3300,28.188941955566406,0.0
EASG,2023-07-27 20:00:00-04:00,29.190000534057617,29.27199935913086,29.06999969482422,29.1299991607666,4000,28.395597457885742,0.0
EASG,2023-07-30 20:00:00-04:00,29.10700035095215,29.176000595092773,29.09000015258789,29.148000717163086,25500,28.413145065307617,0.0
EASG,2023-07-31 20:00:00-04:00,28.899999618530273,28.899999618530273,28.719999313354492,28.792999267578125,1600,28.067094802856445,0.0
EASG,2023-08-01 20:00:00-04:00,28.360000610351562,28.360000610351562,28.15999984741211,28.211000442504883,1500,27.499767303466797,0.0
EASG,2023-08-02 20:00:00-04:00,28.020000457763672,28.139999389648438,28.020000457763672,28.139999389648438,200,27.43055534362793,0.0
EASG,2023-08-03 20:00:00-04:00,28.29199981689453,28.29199981689453,28.200000762939453,28.200000762939453,600,27.489046096801758,0.0
EASG,2023-08-06 20:00:00-04:00,28.459999084472656,28.459999084472656,28.299999237060547,28.450000762939453,5700,27.732742309570312,0.0
EASG,2023-08-07 20:00:00-04:00,28.17799949645996,28.389999389648438,28.15999984741211,28.389999389648438,1300,27.674253463745117,0.0
EASG,2023-08-08 20:00:00-04:00,28.375,28.424999237060547,28.322999954223633,28.322999954223633,1400,27.608943939208984,0.0
EASG,2023-08-09 20:00:00-04:00,28.68000030517578,28.68000030517578,28.44300079345703,28.44499969482422,1100,27.727867126464844,0.0
EASG,2023-08-10 20:00:00-04:00,28.190000534057617,28.25,28.160999298095703,28.20199966430664,4600,27.49099349975586,0.0
EASG,2023-08-13 20:00:00-04:00,28.010000228881836,28.10099983215332,27.90999984741211,28.100000381469727,8800,27.391565322875977,0.0
EASG,2023-08-14 20:00:00-04:00,27.799999237060547,27.90999984741211,27.65999984741211,27.750999450683594,10100,27.051362991333008,0.0
EASG,2023-08-15 20:00:00-04:00,27.610000610351562,27.610000610351562,27.565000534057617,27.565000534057617,500,26.870054244995117,0.0
EASG,2023-08-16 20:00:00-04:00,27.65999984741211,27.65999984741211,27.34000015258789,27.3799991607666,2100,26.689716339111328,0.0
EASG,2023-08-17 20:00:00-04:00,27.260000228881836,27.43000030517578,27.239999771118164,27.43000030517578,700,26.73845863342285,0.0
EASG,2023-08-20 20:00:00-04:00,27.399999618530273,27.499000549316406,27.360000610351562,27.499000549316406,1400,26.80571937561035,0.0
EASG,2023-08-21 20:00:00-04:00,27.5,27.5,27.424999237060547,27.424999237060547,4900,26.73358154296875,0.0
EASG,2023-08-22 20:00:00-04:00,27.72599983215332,27.729999542236328,27.709999084472656,27.729999542236328,700,27.03089141845703,0.0
EASG,2023-08-23 20:00:00-04:00,27.520000457763672,27.520000457763672,27.319000244140625,27.319000244140625,2200,26.6302547454834,0.0
EASG,2023-08-24 20:00:00-04:00,27.433000564575195,27.579999923706055,27.28499984741211,27.489999771118164,700,26.79694366455078,0.0
EASG,2023-08-27 20:00:00-04:00,27.729999542236328,27.7450008392334,27.729999542236328,27.7450008392334,1200,27.045516967773438,0.0
EASG,2023-08-28 20:00:00-04:00,27.989999771118164,28.1299991607666,27.989999771118164,28.1299991607666,1100,27.420808792114258,0.0
EASG,2023-08-29 20:00:00-04:00,28.200000762939453,28.200000762939453,28.06999969482422,28.07200050354004,1500,27.364273071289062,0.0
EASG,2023-08-30 20:00:00-04:00,27.950000762939453,28.309999465942383,27.950000762939453,28.309999465942383,5400,27.596269607543945,0.0
EASG,2023-08-31 20:00:00-04:00,28.114999771118164,28.114999771118164,27.920000076293945,27.979000091552734,1100,27.273616790771484,0.0
EASG,2023-09-04 20:00:00-04:00,27.809999465942383,27.809999465942383,27.729999542236328,27.729999542236328,1000,27.03089141845703,0.0
EASG,2023-09-05 20:00:00-04:00,27.600000381469727,27.63599967956543,27.600000381469727,27.63599967956543,1000,26.93926239013672,0.0
EASG,2023-09-06 20:00:00-04:00,27.5,27.610000610351562,27.5,27.562000274658203,4200,26.867128372192383,0.0
EASG,2023-09-07 20:00:00-04:00,27.420000076293945,27.549999237060547,27.420000076293945,27.450000762939453,4900,26.757953643798828,0.0
EASG,2023-09-10 20:00:00-04:00,27.760000228881836,27.774999618530273,27.75,27.774999618530273,800,27.074758529663086,0.0
EASG,2023-09-11 20:00:00-04:00,27.68000030517578,27.68000030517578,27.6299991607666,27.6299991607666,5300,26.933414459228516,0.0
EASG,2023-09-12 20:00:00-04:00,27.579999923706055,27.59000015258789,27.57200050354004,27.59000015258789,500,26.894424438476562,0.0
EASG,2023-09-13 20:00:00-04:00,27.799999237060547,27.959999084472656,27.799999237060547,27.959999084472656,1200,27.255094528198242,0.0
EASG,2023-09-14 20:00:00-04:00,27.94099998474121,27.94099998474121,27.825000762939453,27.825000762939453,2800,27.123498916625977,0.0
EASG,2023-09-17 20:00:00-04:00,27.6299991607666,27.708999633789062,27.6200008392334,27.666000366210938,1900,26.968505859375,0.0
EASG,2023-09-18 20:00:00-04:00,27.670000076293945,27.69499969482422,27.58099937438965,27.69499969482422,1500,26.996774673461914,0.0
EASG,2023-09-19 20:00:00-04:00,27.860000610351562,27.860000610351562,27.639999389648438,27.639999389648438,400,26.94316291809082,0.0
EASG,2023-09-20 20:00:00-04:00,27.38599967956543,27.399999618530273,27.215999603271484,27.215999603271484,27800,26.52985191345215,0.0
EASG,2023-09-21 20:00:00-04:00,27.3700008392334,27.3700008392334,27.219999313354492,27.219999313354492,900,26.533750534057617,0.0
EASG,2023-09-24 20:00:00-04:00,26.957000732421875,27.097000122070312,26.957000732421875,27.097000122070312,600,26.41385269165039,0.0
EASG,2023-09-25 20:00:00-04:00,26.746000289916992,26.780000686645508,26.746000289916992,26.750999450683594,3100,26.076574325561523,0.0
EASG,2023-09-26 20:00:00-04:00,26.68400001525879,26.684999465942383,26.68400001525879,26.684999465942383,400,26.012239456176758,0.0
EASG,2023-09-27 20:00:00-04:00,26.770000457763672,26.950000762939453,26.559999465942383,26.86199951171875,9200,26.184778213500977,0.0
EASG,2023-09-28 20:00:00-04:00,26.916000366210938,26.916000366210938,26.829999923706055,26.829999923706055,4300,26.15358543395996,0.0
EASG,2023-10-01 20:00:00-04:00,26.670000076293945,26.670000076293945,26.416000366210938,26.440000534057617,2600,25.77341651916504,0.0
EASG,2023-10-02 20:00:00-04:00,26.079999923706055,26.190000534057617,26.040000915527344,26.09000015258789,5100,25.432241439819336,0.0
EASG,2023-10-03 20:00:00-04:00,26.18000030517578,26.239999771118164,26.18000030517578,26.233999252319336,1200,25.572608947753906,0.0
EASG,2023-10-04 20:00:00-04:00,26.40999984741211,26.458999633789062,26.3700008392334,26.458999633789062,3200,25.79193687438965,0.0
EASG,2023-10-05 20:00:00-04:00,26.799999237060547,26.799999237060547,26.777999877929688,26.777999877929688,300,26.102893829345703,0.0
EASG,2023-10-08 20:00:00-04:00,26.674999237060547,26.674999237060547,26.674999237060547,26.674999237060547,0,26.002490997314453,0.0
EASG,2023-10-09 20:00:00-04:00,27.030000686645508,27.05500030517578,26.950000762939453,27.05500030517578,1900,26.37291145324707,0.0
EASG,2023-10-10 20:00:00-04:00,27.110000610351562,27.173999786376953,27.059999465942383,27.173999786376953,4800,26.488910675048828,0.0
EASG,2023-10-11 20:00:00-04:00,27.389999389648438,27.389999389648438,26.90999984741211,26.96500015258789,11300,26.285179138183594,0.0
EASG,2023-10-12 20:00:00-04:00,26.889999389648438,26.889999389648438,26.68000030517578,26.690000534057617,1500,26.017114639282227,0.0
EASG,2023-10-15 20:00:00-04:00,26.854999542236328,26.875,26.760000228881836,26.875,3800,26.19744873046875,0.0
EASG,2023-10-16 20:00:00-04:00,26.649999618530273,26.940000534057617,26.649999618530273,26.85099983215332,1600,26.174053192138672,0.0
EASG,2023-10-17 20:00:00-04:00,26.451000213623047,26.451000213623047,26.389999389648438,26.389999389648438,200,25.72467613220215,0.0
EASG,2023-10-18 20:00:00-04:00,26.270000457763672,26.270000457763672,26.15999984741211,26.15999984741211,500,25.50047492980957,0.0
EASG,2023-10-19 20:00:00-04:00,26.149999618530273,26.149999618530273,25.920000076293945,25.920000076293945,1400,25.26652717590332,0.0
EASG,2023-10-22 20:00:00-04:00,25.989999771118164,26.040000915527344,25.90999984741211,25.93400001525879,4400,25.28017234802246,0.0
EASG,2023-10-23 20:00:00-04:00,26.06999969482422,26.118000030517578,26.06999969482422,26.118000030517578,200,25.45953369140625,0.0
EASG,2023-10-24 20:00:00-04:00,26.100000381469727,26.100000381469727,25.893999099731445,25.893999099731445,5500,25.241180419921875,0.0
EASG,2023-10-25 20:00:00-04:00,25.759000778198242,25.809999465942383,25.70599937438965,25.716999053955078,5700,25.06864356994629,0.0
EASG,2023-10-26 20:00:00-04:00,25.617000579833984,25.655000686645508,25.617000579833984,25.655000686645508,1600,25.008207321166992,0.0
EASG,2023-10-29 20:00:00-04:00,25.940000534057617,25.976999282836914,25.829999923706055,25.976999282836914,600,25.32208824157715,0.0
EASG,2023-10-30 20:00:00-04:00,26.18000030517578,26.18000030517578,26.010000228881836,26.135000228881836,3500,25.476106643676758,0.0
EASG,2023-10-31 20:00:00-04:00,26.33799934387207,26.33799934387207,26.33799934387207,26.33799934387207,100,25.673988342285156,0.0
EASG,2023-11-01 20:00:00-04:00,26.829999923706055,26.87700080871582,26.780000686645508,26.87700080871582,4700,26.199399948120117,0.0
EASG,2023-11-02 20:00:00-04:00,27.049999237060547,27.200000762939453,27.049999237060547,27.1200008392334,2800,26.43627166748047,0.0
EASG,2023-11-05 19:00:00-05:00,27.219999313354492,27.219999313354492,27.051000595092773,27.051000595092773,2100,26.36901092529297,0.0
EASG,2023-11-06 19:00:00-05:00,26.84000015258789,26.871999740600586,26.84000015258789,26.871999740600586,1700,26.19452476501465,0.0
EASG,2023-11-07 19:00:00-05:00,26.790000915527344,26.924999237060547,26.790000915527344,26.875,8900,26.19744873046875,0.0
EASG,2023-11-08 19:00:00-05:00,27.121000289916992,27.121000289916992,26.884000778198242,26.884000778198242,300,26.20622444152832,0.0
EASG,2023-11-09 19:00:00-05:00,26.959999084472656,27.06999969482422,26.719999313354492,27.020000457763672,16000,26.338794708251953,0.0
EASG,2023-11-12 19:00:00-05:00,26.94499969482422,27.097000122070312,26.94499969482422,27.097000122070312,900,26.41385269165039,0.0
EASG,2023-11-13 19:00:00-05:00,27.704999923706055,27.749000549316406,27.704999923706055,27.749000549316406,1500,27.049415588378906,0.0
EASG,2023-11-14 19:00:00-05:00,27.670000076293945,27.770000457763672,27.670000076293945,27.72100067138672,1600,27.02212142944336,0.0
EASG,2023-11-15 19:00:00-05:00,27.625,27.69300079345703,27.625,27.69300079345703,4600,26.994827270507812,0.0
EASG,2023-11-16 19:00:00-05:00,28.02400016784668,28.084999084472656,28.02400016784668,28.073999404907227,3100,27.366220474243164,0.0
EASG,2023-11-19 19:00:00-05:00,28.1299991607666,28.18600082397461,28.110000610351562,28.18600082397461,500,27.475399017333984,0.0
EASG,2023-11-20 19:00:00-05:00,28.43000030517578,28.43000030517578,28.09000015258789,28.09000015258789,6200,27.381818771362305,0.0
EASG,2023-11-21 19:00:00-05:00,28.110000610351562,28.152000427246094,28.110000610351562,28.143999099731445,700,27.43445587158203,0.0
EASG,2023-11-23 19:00:00-05:00,28.190000534057617,28.339000701904297,28.190000534057617,28.339000701904297,500,27.624540328979492,0.0
EASG,2023-11-26 19:00:00-05:00,28.209999084472656,28.29599952697754,28.209999084472656,28.26300048828125,3400,27.550457000732422,0.0
EASG,2023-11-27 19:00:00-05:00,28.280000686645508,28.288999557495117,28.201000213623047,28.226999282836914,3000,27.515363693237305,0.0
EASG,2023-11-28 19:00:00-05:00,28.25,28.350000381469727,28.229999542236328,28.283000946044922,4500,27.5699520111084,0.0
EASG,2023-11-29 19:00:00-05:00,28.360000610351562,28.360000610351562,28.190000534057617,28.309999465942383,11000,27.596269607543945,0.0
EASG,2023-11-30 19:00:00-05:00,28.350000381469727,28.549999237060547,28.350000381469727,28.527000427246094,1400,27.80780029296875,0.0
EASG,2023-12-03 19:00:00-05:00,28.214000701904297,28.288000106811523,28.214000701904297,28.288000106811523,500,27.574825286865234,0.0
EASG,2023-12-04 19:00:00-05:00,28.25,28.25,28.1200008392334,28.141000747680664,7900,27.431533813476562,0.0
EASG,2023-12-05 19:00:00-05:00,28.364999771118164,28.364999771118164,28.243999481201172,28.243999481201172,2100,27.53193473815918,0.0
EASG,2023-12-06 19:00:00-05:00,28.260000228881836,28.440000534057617,28.260000228881836,28.429000854492188,3000,27.71227264404297,0.0
EASG,2023-12-07 19:00:00-05:00,28.3799991607666,28.479999542236328,28.290000915527344,28.479999542236328,3100,27.76198387145996,0.0
EASG,2023-12-10 19:00:00-05:00,28.479999542236328,28.56999969482422,28.3799991607666,28.56999969482422,105300,27.849716186523438,0.0
EASG,2023-12-11 19:00:00-05:00,28.530000686645508,28.639999389648438,28.459999084472656,28.639999389648438,3400,27.917949676513672,0.0
EASG,2023-12-12 19:00:00-05:00,28.572999954223633,28.9950008392334,28.572999954223633,28.9950008392334,2800,28.26400375366211,0.0
EASG,2023-12-13 19:00:00-05:00,29.1299991607666,29.3799991607666,29.1299991607666,29.299999237060547,3600,28.561311721801758,0.0
EASG,2023-12-14 19:00:00-05:00,28.886999130249023,28.889999389648438,28.760000228881836,28.78499984741211,3700,28.311491012573242,0.261
EASG,2023-12-17 19:00:00-05:00,29.040000915527344,29.040000915527344,28.790000915527344,28.8799991607666,4900,28.404926300048828,0.0
EASG,2023-12-18 19:00:00-05:00,29.059999465942383,29.079999923706055,29.05500030517578,29.05500030517578,1400,28.577049255371094,0.0
EASG,2023-12-19 19:00:00-05:00,29.18000030517578,29.18000030517578,28.825000762939453,28.825000762939453,5200,28.350833892822266,0.0
EASG,2023-12-20 19:00:00-05:00,29.020000457763672,29.26099967956543,29.020000457763672,29.26099967956543,11100,28.779659271240234,0.0
EASG,2023-12-21 19:00:00-05:00,29.39900016784668,29.39900016784668,29.232999801635742,29.281999588012695,9900,28.80031394958496,0.0
EASG,2023-12-25 19:00:00-05:00,29.34000015258789,29.468000411987305,29.34000015258789,29.459999084472656,2600,28.975385665893555,0.0
EASG,2023-12-26 19:00:00-05:00,29.510000228881836,29.586999893188477,29.440000534057617,29.558000564575195,7600,29.071775436401367,0.0
EASG,2023-12-27 19:00:00-05:00,29.6200008392334,29.6200008392334,29.31999969482422,29.5049991607666,16100,29.01964569091797,0.0
EASG,2023-12-28 19:00:00-05:00,29.530000686645508,29.540000915527344,29.510000228881836,29.510000228881836,2300,29.024564743041992,0.0
EASG,2024-01-01 19:00:00-05:00,29.239999771118164,29.295000076293945,29.106000900268555,29.106000900268555,11300,28.62721061706543,0.0
EASG,2024-01-02 19:00:00-05:00,28.764999389648438,28.90999984741211,28.764999389648438,28.90999984741211,800,28.43443489074707,0.0
EASG,2024-01-03 19:00:00-05:00,29.084999084472656,29.084999084472656,28.981000900268555,28.981000900268555,200,28.5042667388916,0.0
EASG,2024-01-04 19:00:00-05:00,29.110000610351562,29.110000610351562,28.990999221801758,28.990999221801758,1100,28.514101028442383,0.0
EASG,2024-01-07 19:00:00-05:00,29.170000076293945,29.3700008392334,29.06999969482422,29.3700008392334,2100,28.88686752319336,0.0
EASG,2024-01-08 19:00:00-05:00,29.049999237060547,29.09000015258789,28.969999313354492,29.055999755859375,5600,28.578031539916992,0.0
EASG,2024-01-09 19:00:00-05:00,29.290000915527344,29.59000015258789,29.198999404907227,29.350000381469727,66200,28.867197036743164,0.0
EASG,2024-01-10 19:00:00-05:00,29.479999542236328,29.479999542236328,28.729999542236328,29.253999710083008,5600,28.772775650024414,0.0
EASG,2024-01-11 19:00:00-05:00,29.540000915527344,29.540000915527344,29.334999084472656,29.388999938964844,2000,28.905553817749023,0.0
EASG,2024-01-15 19:00:00-05:00,29.0,29.0,28.850000381469727,28.860000610351562,5500,28.385257720947266,0.0
EASG,2024-01-16 19:00:00-05:00,28.440000534057617,28.579999923706055,28.40999984741211,28.56999969482422,18100,28.100027084350586,0.0
EASG,2024-01-17 19:00:00-05:00,28.74799919128418,28.847000122070312,28.639999389648438,28.847000122070312,5500,28.37247085571289,0.0
EASG,2024-01-18 19:00:00-05:00,28.770000457763672,28.950000762939453,28.770000457763672,28.93000030517578,10600,28.454105377197266,0.0
EASG,2024-01-21 19:00:00-05:00,29.260000228881836,29.260000228881836,29.059999465942383,29.059999465942383,3700,28.581966400146484,0.0
EASG,2024-01-22 19:00:00-05:00,29.059999465942383,29.059999465942383,28.899999618530273,29.0049991607666,3300,28.527870178222656,0.0
EASG,2024-01-23 19:00:00-05:00,29.420000076293945,29.420000076293945,29.249000549316406,29.249000549316406,3200,28.767858505249023,0.0
EASG,2024-01-24 19:00:00-05:00,29.31999969482422,29.358999252319336,29.229999542236328,29.358999252319336,1700,28.876047134399414,0.0
EASG,2024-01-25 19:00:00-05:00,29.600000381469727,29.600000381469727,29.489999771118164,29.538000106811523,2200,29.05210304260254,0.0
EASG,2024-01-28 19:00:00-05:00,29.530000686645508,29.759000778198242,29.50200080871582,29.75,9100,29.260616302490234,0.0
EASG,2024-01-29 19:00:00-05:00,29.66200065612793,29.66200065612793,29.648000717163086,29.648000717163086,400,29.160295486450195,0.0
EASG,2024-01-30 19:00:00-05:00,29.93000030517578,29.93000030517578,29.559999465942383,29.59000015258789,6800,29.103248596191406,0.0
EASG,2024-01-31 19:00:00-05:00,29.6299991607666,29.854999542236328,29.6299991607666,29.854999542236328,2700,29.363887786865234,0.0
EASG,2024-02-01 19:00:00-05:00,29.700000762939453,29.700000762939453,29.594999313354492,29.594999313354492,500,29.108165740966797,0.0
EASG,2024-02-04 19:00:00-05:00,29.309999465942383,29.549999237060547,29.309999465942383,29.4950008392334,2700,29.009811401367188,0.0
EASG,2024-02-05 19:00:00-05:00,29.450000762939453,29.559999465942383,29.450000762939453,29.554000854492188,1100,29.067840576171875,0.0
EASG,2024-02-06 19:00:00-05:00,29.540000915527344,29.600000381469727,29.51300048828125,29.59600067138672,3200,29.109149932861328,0.0
EASG,2024-02-07 19:00:00-05:00,29.530000686645508,29.549999237060547,29.450000762939453,29.485000610351562,8900,28.999977111816406,0.0
EASG,2024-02-08 19:00:00-05:00,29.420000076293945,29.6299991607666,29.420000076293945,29.545000076293945,8600,29.058988571166992,0.0
EASG,2024-02-11 19:00:00-05:00,29.709999084472656,29.729999542236328,29.6299991607666,29.6299991607666,6800,29.142589569091797,0.0
EASG,2024-02-12 19:00:00-05:00,29.43000030517578,29.43000030517578,29.06999969482422,29.190000534057617,23500,28.709829330444336,0.0
EASG,2024-02-13 19:00:00-05:00,29.530000686645508,29.575000762939453,29.440000534057617,29.575000762939453,2400,29.0884952545166,0.0
EASG,2024-02-14 19:00:00-05:00,29.8700008392334,29.920000076293945,29.780000686645508,29.89299964904785,2800,29.401264190673828,0.0
EASG,2024-02-15 19:00:00-05:00,30.049999237060547,30.06100082397461,29.8700008392334,29.96299934387207,3100,29.470111846923828,0.0
EASG,2024-02-19 19:00:00-05:00,30.030000686645508,30.049999237060547,29.920000076293945,30.040000915527344,31800,29.545846939086914,0.0
EASG,2024-02-20 19:00:00-05:00,29.93000030517578,30.07900047302246,29.889999389648438,30.062999725341797,4400,29.56846809387207,0.0
EASG,2024-02-21 19:00:00-05:00,30.30900001525879,30.43000030517578,30.30900001525879,30.42799949645996,1000,29.92746353149414,0.0
EASG,2024-02-22 19:00:00-05:00,30.510000228881836,30.510000228881836,30.3700008392334,30.461999893188477,5500,29.96090316772461,0.0
EASG,2024-02-25 19:00:00-05:00,30.395000457763672,30.440000534057617,30.395000457763672,30.406999588012695,2600,29.906808853149414,0.0
EASG,2024-02-26 19:00:00-05:00,30.420000076293945,30.420000076293945,30.360000610351562,30.405000686645508,2800,29.904842376708984,0.0
EASG,2024-02-27 19:00:00-05:00,31.450000762939453,31.450000762939453,30.200000762939453,30.225000381469727,3700,29.727802276611328,0.0
EASG,2024-02-28 19:00:00-05:00,30.290000915527344,30.290000915527344,29.7450008392334,30.270000457763672,14200,29.772062301635742,0.0
EASG,2024-02-29 19:00:00-05:00,30.479999542236328,30.709999084472656,30.389999389648438,30.709999084472656,2600,30.204824447631836,0.0
EASG,2024-03-03 19:00:00-05:00,30.600000381469727,30.665000915527344,30.579999923706055,30.62299919128418,1500,30.11925506591797,0.0
EASG,2024-03-04 19:00:00-05:00,30.594999313354492,30.594999313354492,30.389999389648438,30.444000244140625,2300,29.943201065063477,0.0
EASG,2024-03-05 19:00:00-05:00,30.68000030517578,30.799999237060547,30.639999389648438,30.753000259399414,10000,30.24711799621582,0.0
EASG,2024-03-06 19:00:00-05:00,31.260000228881836,31.260000228881836,31.24799919128418,31.24799919128418,1300,30.73397445678711,0.0
EASG,2024-03-07 19:00:00-05:00,31.239999771118164,31.239999771118164,31.117000579833984,31.118999481201172,700,30.60709571838379,0.0
EASG,2024-03-10 20:00:00-04:00,31.059999465942383,31.059999465942383,30.815000534057617,30.915000915527344,5500,30.40645408630371,0.0
EASG,2024-03-11 20:00:00-04:00,31.15999984741211,31.15999984741211,31.15999984741211,31.15999984741211,100,30.647422790527344,0.0
EASG,2024-03-12 20:00:00-04:00,31.2189998626709,31.2189998626709,31.138999938964844,31.138999938964844,2400,30.626768112182617,0.0
EASG,2024-03-13 20:00:00-04:00,30.993999481201172,30.993999481201172,30.825000762939453,30.89299964904785,1800,30.38481330871582,0.0
EASG,2024-03-14 20:00:00-04:00,31.530000686645508,31.530000686645508,30.874000549316406,30.874000549316406,500,30.366127014160156,0.0
EASG,2024-03-17 20:00:00-04:00,31.100000381469727,31.100000381469727,30.889999389648438,30.889999389648438,1400,30.38186264038086,0.0
EASG,2024-03-18 20:00:00-04:00,30.91699981689453,30.926000595092773,30.91699981689453,30.926000595092773,2700,30.417272567749023,0.0
EASG,2024-03-19 20:00:00-04:00,31.020000457763672,31.246999740600586,30.924999237060547,31.246999740600586,1700,30.732990264892578,0.0
EASG,2024-03-20 20:00:00-04:00,31.301000595092773,31.301000595092773,31.170000076293945,31.231000900268555,1500,30.717254638671875,0.0
EASG,2024-03-21 20:00:00-04:00,31.18000030517578,31.18000030517578,31.145999908447266,31.145999908447266,1200,30.633651733398438,0.0
EASG,2024-03-24 20:00:00-04:00,31.139999389648438,31.139999389648438,31.03700065612793,31.03700065612793,3700,30.526445388793945,0.0
EASG,2024-03-25 20:00:00-04:00,31.25,31.25,31.114999771118164,31.114999771118164,500,30.60316276550293,0.0
EASG,2024-03-26 20:00:00-04:00,31.145000457763672,31.22599983215332,31.145000457763672,31.22599983215332,1400,30.71233558654785,0.0
EASG,2024-03-27 20:00:00-04:00,31.195999145507812,31.229999542236328,31.141000747680664,31.219999313354492,9800,30.70643424987793,0.0
EASG,2024-03-31 20:00:00-04:00,31.027999877929688,31.027999877929688,31.027999877929688,31.027999877929688,200,30.517593383789062,0.0
EASG,2024-04-01 20:00:00-04:00,30.780000686645508,30.84000015258789,30.68199920654297,30.84000015258789,1300,30.332685470581055,0.0
EASG,2024-04-02 20:00:00-04:00,30.95800018310547,30.98200035095215,30.92099952697754,30.98200035095215,700,30.47235107421875,0.0
EASG,2024-04-03 20:00:00-04:00,31.165000915527344,31.165000915527344,30.7450008392334,30.75,1600,30.24416732788086,0.0
EASG,2024-04-04 20:00:00-04:00,30.860000610351562,30.93000030517578,30.75,30.87299919128418,3900,30.365142822265625,0.0
EASG,2024-04-07 20:00:00-04:00,30.950000762939453,31.030000686645508,30.34000015258789,30.90999984741211,9800,30.401535034179688,0.0
EASG,2024-04-08 20:00:00-04:00,30.88800048828125,30.961000442504883,30.88800048828125,30.961000442504883,1400,30.451696395874023,0.0
EASG,2024-04-09 20:00:00-04:00,30.579999923706055,30.670000076293945,30.524999618530273,30.56399917602539,1200,30.06122589111328,0.0
EASG,2024-04-10 20:00:00-04:00,30.760000228881836,30.760000228881836,30.410999298095703,30.719999313354492,2200,30.214658737182617,0.0
EASG,2024-04-11 20:00:00-04:00,30.389999389648438,30.389999389648438,30.177000045776367,30.18000030517578,1200,29.683544158935547,0.0
EASG,2024-04-14 20:00:00-04:00,30.690000534057617,30.690000534057617,30.079999923706055,30.09000015258789,4700,29.59502410888672,0.0
EASG,2024-04-15 20:00:00-04:00,29.780000686645508,29.899999618530273,29.780000686645508,29.822999954223633,1500,29.332414627075195,0.0
EASG,2024-04-16 20:00:00-04:00,29.829999923706055,29.829999923706055,29.665000915527344,29.76099967956543,6700,29.271434783935547,0.0
EASG,2024-04-17 20:00:00-04:00,29.84000015258789,29.850000381469727,29.649999618530273,29.66200065612793,6600,29.17406463623047,0.0
EASG,2024-04-18 20:00:00-04:00,29.770000457763672,29.77400016784668,29.610000610351562,29.670000076293945,1200,29.18193244934082,0.0
EASG,2024-04-21 20:00:00-04:00,30.09600067138672,30.104999542236328,30.003000259399414,30.003000259399414,1000,29.50945472717285,0.0
EASG,2024-04-22 20:00:00-04:00,30.17099952697754,30.375999450683594,30.17099952697754,30.344999313354492,900,29.845829010009766,0.0
EASG,2024-04-23 20:00:00-04:00,30.31999969482422,30.33799934387207,30.209999084472656,30.285999298095703,1400,29.787797927856445,0.0
EASG,2024-04-24 20:00:00-04:00,30.059999465942383,30.204999923706055,30.059999465942383,30.204999923706055,26900,29.708131790161133,0.0
EASG,2024-04-25 20:00:00-04:00,30.53499984741211,30.53499984741211,30.514999389648438,30.514999389648438,200,30.013031005859375,0.0
EASG,2024-04-28 20:00:00-04:00,30.469999313354492,30.625,30.469999313354492,30.625,600,30.12122344970703,0.0
EASG,2024-04-29 20:00:00-04:00,30.6200008392334,30.6299991607666,30.285999298095703,30.285999298095703,2100,29.787797927856445,0.0
EASG,2024-04-30 20:00:00-04:00,30.25200080871582,30.25200080871582,30.25200080871582,30.25200080871582,100,29.75436019897461,0.0
EASG,2024-05-01 20:00:00-04:00,30.5049991607666,30.600000381469727,29.889999389648438,30.600000381469727,14800,30.096633911132812,0.0
EASG,2024-05-02 20:00:00-04:00,30.780000686645508,31.0,30.780000686645508,30.979999542236328,52500,30.470382690429688,0.0
EASG,2024-05-05 20:00:00-04:00,31.09000015258789,31.180999755859375,31.09000015258789,31.180999755859375,400,30.668075561523438,0.0
EASG,2024-05-06 20:00:00-04:00,31.270000457763672,31.270000457763672,31.21500015258789,31.236000061035156,1400,30.722171783447266,0.0
EASG,2024-05-07 20:00:00-04:00,31.149999618530273,31.190000534057617,31.149999618530273,31.190000534057617,1300,30.676929473876953,0.0
EASG,2024-05-08 20:00:00-04:00,31.34000015258789,31.399999618530273,31.34000015258789,31.399999618530273,1800,30.883474349975586,0.0
EASG,2024-05-09 20:00:00-04:00,31.479999542236328,31.481000900268555,31.461000442504883,31.479999542236328,700,30.962158203125,0.0
EASG,2024-05-12 20:00:00-04:00,31.649999618530273,31.649999618530273,31.47100067138672,31.520000457763672,1800,31.001501083374023,0.0
EASG,2024-05-13 20:00:00-04:00,31.700000762939453,31.735000610351562,31.645000457763672,31.735000610351562,900,31.212963104248047,0.0
EASG,2024-05-14 20:00:00-04:00,31.950000762939453,32.09299850463867,31.940000534057617,32.09299850463867,1600,31.565073013305664,0.0
EASG,2024-05-15 20:00:00-04:00,32.02000045776367,32.04999923706055,31.950000762939453,31.950000762939453,3000,31.424427032470703,0.0
EASG,2024-05-16 20:00:00-04:00,31.940000534057617,32.0,31.940000534057617,32.0,1300,31.473604202270508,0.0
EASG,2024-05-19 20:00:00-04:00,32.1150016784668,32.167999267578125,32.060001373291016,32.06999969482422,2800,31.542451858520508,0.0
EASG,2024-05-20 20:00:00-04:00,32.0,32.040000915527344,31.950000762939453,32.01499938964844,3100,31.488357543945312,0.0
EASG,2024-05-21 20:00:00-04:00,31.8799991607666,31.8799991607666,31.65999984741211,31.711000442504883,1200,31.18935775756836,0.0
EASG,2024-05-22 20:00:00-04:00,31.930999755859375,31.930999755859375,31.510000228881836,31.584999084472656,1600,31.0654296875,0.0
EASG,2024-05-23 20:00:00-04:00,31.84000015258789,31.908000946044922,31.760000228881836,31.902000427246094,2200,31.377216339111328,0.0
EASG,2024-05-27 20:00:00-04:00,31.854999542236328,31.854999542236328,31.832000732421875,31.832000732421875,300,31.308368682861328,0.0
EASG,2024-05-28 20:00:00-04:00,31.290000915527344,31.3799991607666,31.290000915527344,31.32200050354004,1900,30.8067569732666,0.0
EASG,2024-05-29 20:00:00-04:00,31.59000015258789,31.635000228881836,31.55500030517578,31.61400032043457,1200,31.09395408630371,0.0
EASG,2024-05-30 20:00:00-04:00,31.979999542236328,31.979999542236328,31.722000122070312,31.979999542236328,2800,31.45393180847168,0.0
EASG,2024-06-02 20:00:00-04:00,31.969999313354492,32.0260009765625,31.969999313354492,32.0260009765625,2000,31.499177932739258,0.0
EASG,2024-06-03 20:00:00-04:00,32.090999603271484,32.090999603271484,32.090999603271484,32.090999603271484,100,31.563106536865234,0.0
EASG,2024-06-04 20:00:00-04:00,32.459999084472656,32.459999084472656,32.189998626708984,32.347999572753906,4400,31.815879821777344,0.0
EASG,2024-06-05 20:00:00-04:00,32.33000183105469,32.45600128173828,32.27000045776367,32.45600128173828,2500,31.922103881835938,0.0
EASG,2024-06-06 20:00:00-04:00,32.279998779296875,32.279998779296875,32.10599899291992,32.10599899291992,1400,31.57785987854004,0.0
EASG,2024-06-09 20:00:00-04:00,31.93000030517578,32.41999816894531,31.899999618530273,32.0880012512207,4500,31.560157775878906,0.0
EASG,2024-06-10 20:00:00-04:00,31.829999923706055,31.829999923706055,31.75,31.799999237060547,1600,31.276893615722656,0.0
EASG,2024-06-11 20:00:00-04:00,32.29999923706055,32.380001068115234,32.111000061035156,32.145999908447266,6800,31.617202758789062,0.0
EASG,2024-06-12 20:00:00-04:00,32.029998779296875,32.029998779296875,31.709999084472656,31.781999588012695,2200,31.25918960571289,0.0
EASG,2024-06-13 20:00:00-04:00,31.420000076293945,31.420000076293945,31.360000610351562,31.41200065612793,1900,30.89527702331543,0.0
EASG,2024-06-16 20:00:00-04:00,31.309999465942383,31.600000381469727,31.302000045776367,31.53499984741211,4800,31.016252517700195,0.0
EASG,2024-06-17 20:00:00-04:00,31.649999618530273,31.655000686645508,31.59000015258789,31.655000686645508,1300,31.134279251098633,0.0
EASG,2024-06-19 20:00:00-04:00,31.722000122070312,31.722000122070312,31.672000885009766,31.672000885009766,700,31.1510009765625,0.0
EASG,2024-06-20 20:00:00-04:00,30.829999923706055,30.999000549316406,30.829999923706055,30.94499969482422,3400,30.94499969482422,0.521
EASG,2024-06-23 20:00:00-04:00,31.219999313354492,31.290000915527344,31.165000915527344,31.165000915527344,900,31.165000915527344,0.0
EASG,2024-06-24 20:00:00-04:00,31.290000915527344,31.299999237060547,31.250999450683594,31.299999237060547,1800,31.299999237060547,0.0
EASG,2024-06-25 20:00:00-04:00,31.1299991607666,31.15999984741211,30.986000061035156,31.115999221801758,13000,31.115999221801758,0.0
EASG,2024-06-26 20:00:00-04:00,31.15999984741211,31.190000534057617,31.020000457763672,31.100000381469727,13400,31.100000381469727,0.0
EASG,2024-06-27 20:00:00-04:00,31.1200008392334,31.21500015258789,31.089000701904297,31.089000701904297,5800,31.089000701904297,0.0
EASG,2024-06-30 20:00:00-04:00,31.43000030517578,31.43000030517578,31.079999923706055,31.150999069213867,4600,31.150999069213867,0.0
EASG,2024-07-01 20:00:00-04:00,31.049999237060547,31.229999542236328,31.049999237060547,31.201000213623047,1300,31.201000213623047,0.0
EASG,2024-07-02 20:00:00-04:00,31.472000122070312,31.472000122070312,31.472000122070312,31.472000122070312,100,31.472000122070312,0.0
EASG,2024-07-04 20:00:00-04:00,33.04999923706055,34.040000915527344,31.559999465942383,31.735000610351562,7100,31.735000610351562,0.0
EASG,2024-07-07 20:00:00-04:00,31.770000457763672,32.4900016784668,31.60099983215332,31.60099983215332,1500,31.60099983215332,0.0
EASG,2024-07-08 20:00:00-04:00,31.510000228881836,31.565000534057617,31.489999771118164,31.489999771118164,1400,31.489999771118164,0.0
EASG,2024-07-09 20:00:00-04:00,31.68000030517578,31.957000732421875,31.68000030517578,31.957000732421875,800,31.957000732421875,0.0
EASG,2024-07-10 20:00:00-04:00,32.09000015258789,32.09000015258789,32.00199890136719,32.00199890136719,1700,32.00199890136719,0.0
EASG,2024-07-11 20:00:00-04:00,32.31999969482422,32.58000183105469,32.31999969482422,32.349998474121094,3800,32.349998474121094,0.0
EASG,2024-07-14 20:00:00-04:00,32.40999984741211,32.40999984741211,32.040000915527344,32.09000015258789,7300,32.09000015258789,0.0
EASG,2024-07-15 20:00:00-04:00,31.90999984741211,32.189998626708984,31.90999984741211,32.189998626708984,1700,32.189998626708984,0.0
EASG,2024-07-16 20:00:00-04:00,31.8700008392334,32.007999420166016,31.81999969482422,31.881999969482422,8100,31.881999969482422,0.0
EASG,2024-07-17 20:00:00-04:00,31.868999481201172,31.868999481201172,31.399999618530273,31.500999450683594,1600,31.500999450683594,0.0
EASG,2024-07-18 20:00:00-04:00,31.5,31.5,31.326000213623047,31.326000213623047,1700,31.326000213623047,0.0
EASG,2024-07-22 10:18:00-04:00,31.59000015258789,31.648300170898438,31.648300170898438,31.648300170898438,301,31.648300170898438,0.0
