symbol,date,open,high,low,close,volume,adjclose,dividends
EPHE,2010-09-28 20:00:00-04:00,24.75,24.959999084472656,24.75,24.940000534057617,25700,21.642539978027344,0.0
EPHE,2010-09-29 20:00:00-04:00,25.59000015258789,25.59000015258789,24.90999984741211,24.969999313354492,9100,21.6685791015625,0.0
EPHE,2010-09-30 20:00:00-04:00,25.209999084472656,25.209999084472656,25.049999237060547,25.170000076293945,40000,21.842130661010742,0.0
EPHE,2010-10-03 20:00:00-04:00,25.6299991607666,25.6299991607666,25.350000381469727,25.469999313354492,121800,22.102468490600586,0.0
EPHE,2010-10-04 20:00:00-04:00,26.139999389648438,26.139999389648438,25.540000915527344,25.899999618530273,54400,22.47561264038086,0.0
EPHE,2010-10-05 20:00:00-04:00,25.770000457763672,25.8799991607666,25.649999618530273,25.8799991607666,41500,22.4582576751709,0.0
EPHE,2010-10-06 20:00:00-04:00,26.209999084472656,26.25,25.780000686645508,25.90999984741211,67400,22.484291076660156,0.0
EPHE,2010-10-07 20:00:00-04:00,25.899999618530273,25.940000534057617,25.700000762939453,25.90999984741211,17600,22.484291076660156,0.0
EPHE,2010-10-10 20:00:00-04:00,25.809999465942383,25.809999465942383,25.5,25.549999237060547,29100,22.171892166137695,0.0
EPHE,2010-10-11 20:00:00-04:00,25.15999984741211,25.25,24.989999771118164,25.229999542236328,67600,21.89419937133789,0.0
EPHE,2010-10-12 20:00:00-04:00,25.25,25.549999237060547,25.25,25.530000686645508,66800,22.1545352935791,0.0
EPHE,2010-10-13 20:00:00-04:00,25.770000457763672,25.770000457763672,25.520000457763672,25.649999618530273,36400,22.258668899536133,0.0
EPHE,2010-10-14 20:00:00-04:00,25.829999923706055,25.829999923706055,25.3700008392334,25.549999237060547,76600,22.171892166137695,0.0
EPHE,2010-10-17 20:00:00-04:00,25.40999984741211,25.700000762939453,25.40999984741211,25.690000534057617,51800,22.29338264465332,0.0
EPHE,2010-10-18 20:00:00-04:00,25.1200008392334,25.209999084472656,24.950000762939453,25.030000686645508,37100,21.72064208984375,0.0
EPHE,2010-10-19 20:00:00-04:00,25.020000457763672,25.450000762939453,25.020000457763672,25.329999923706055,61300,21.98097801208496,0.0
EPHE,2010-10-20 20:00:00-04:00,25.739999771118164,25.799999237060547,25.450000762939453,25.610000610351562,26300,22.223957061767578,0.0
EPHE,2010-10-21 20:00:00-04:00,25.940000534057617,25.940000534057617,25.75,25.809999465942383,20500,22.39751434326172,0.0
EPHE,2010-10-24 20:00:00-04:00,26.15999984741211,26.15999984741211,26.0,26.06999969482422,52300,22.623140335083008,0.0
EPHE,2010-10-25 20:00:00-04:00,25.850000381469727,25.93000030517578,25.700000762939453,25.8700008392334,35900,22.449583053588867,0.0
EPHE,2010-10-26 20:00:00-04:00,25.610000610351562,25.850000381469727,25.610000610351562,25.850000381469727,26000,22.432226181030273,0.0
EPHE,2010-10-27 20:00:00-04:00,26.079999923706055,26.079999923706055,25.760000228881836,25.829999923706055,15500,22.414871215820312,0.0
EPHE,2010-10-28 20:00:00-04:00,25.950000762939453,26.100000381469727,25.950000762939453,26.09000015258789,10400,22.64049530029297,0.0
EPHE,2010-10-31 20:00:00-04:00,26.280000686645508,26.34000015258789,25.899999618530273,26.0,60700,22.562393188476562,0.0
EPHE,2010-11-01 20:00:00-04:00,26.809999465942383,26.809999465942383,26.639999389648438,26.729999542236328,30300,23.19587516784668,0.0
EPHE,2010-11-02 20:00:00-04:00,27.059999465942383,27.100000381469727,26.860000610351562,27.040000915527344,36700,23.464893341064453,0.0
EPHE,2010-11-03 20:00:00-04:00,27.469999313354492,27.520000457763672,27.350000381469727,27.5,32000,23.864070892333984,0.0
EPHE,2010-11-04 20:00:00-04:00,26.729999542236328,26.829999923706055,26.649999618530273,26.809999465942383,42700,23.265295028686523,0.0
EPHE,2010-11-07 19:00:00-05:00,26.06999969482422,26.06999969482422,25.899999618530273,26.0,58500,22.562393188476562,0.0
EPHE,2010-11-08 19:00:00-05:00,26.0,26.0,25.549999237060547,25.649999618530273,58000,22.258668899536133,0.0
EPHE,2010-11-09 19:00:00-05:00,25.459999084472656,25.459999084472656,25.010000228881836,25.3700008392334,24700,22.015689849853516,0.0
EPHE,2010-11-10 19:00:00-05:00,24.520000457763672,24.530000686645508,24.350000381469727,24.510000228881836,46500,21.269390106201172,0.0
EPHE,2010-11-11 19:00:00-05:00,24.239999771118164,24.239999771118164,23.81999969482422,23.899999618530273,61100,20.74004364013672,0.0
EPHE,2010-11-14 19:00:00-05:00,24.260000228881836,24.59000015258789,24.260000228881836,24.389999389648438,24700,21.165260314941406,0.0
EPHE,2010-11-15 19:00:00-05:00,24.360000610351562,24.360000610351562,23.8799991607666,23.93000030517578,31400,20.766080856323242,0.0
EPHE,2010-11-16 19:00:00-05:00,23.90999984741211,24.0,23.889999389648438,23.93000030517578,7200,20.766080856323242,0.0
EPHE,2010-11-17 19:00:00-05:00,24.350000381469727,24.459999084472656,24.31999969482422,24.40999984741211,123300,21.182613372802734,0.0
EPHE,2010-11-18 19:00:00-05:00,24.59000015258789,24.59000015258789,24.3799991607666,24.59000015258789,18400,21.338821411132812,0.0
EPHE,2010-11-21 19:00:00-05:00,24.190000534057617,24.270000457763672,24.09000015258789,24.209999084472656,21200,21.009057998657227,0.0
EPHE,2010-11-22 19:00:00-05:00,23.989999771118164,23.989999771118164,23.739999771118164,23.809999465942383,26300,20.66194725036621,0.0
EPHE,2010-11-23 19:00:00-05:00,23.780000686645508,24.139999389648438,23.780000686645508,24.1200008392334,27000,20.930957794189453,0.0
EPHE,2010-11-25 19:00:00-05:00,23.3799991607666,23.3799991607666,22.989999771118164,23.299999237060547,15400,20.219371795654297,0.0
EPHE,2010-11-28 19:00:00-05:00,23.290000915527344,23.399999618530273,23.139999389648438,23.389999389648438,40100,20.29747200012207,0.0
EPHE,2010-11-29 19:00:00-05:00,22.90999984741211,23.030000686645508,22.700000762939453,22.920000076293945,44800,19.889619827270508,0.0
EPHE,2010-11-30 19:00:00-05:00,23.459999084472656,23.75,23.459999084472656,23.670000076293945,37300,20.540456771850586,0.0
EPHE,2010-12-01 19:00:00-05:00,24.190000534057617,24.440000534057617,24.079999923706055,24.440000534057617,80200,21.20864486694336,0.0
EPHE,2010-12-02 19:00:00-05:00,24.280000686645508,24.450000762939453,24.270000457763672,24.450000762939453,62100,21.217329025268555,0.0
EPHE,2010-12-05 19:00:00-05:00,24.709999084472656,24.770000457763672,24.639999389648438,24.739999771118164,71800,21.46898651123047,0.0
EPHE,2010-12-06 19:00:00-05:00,24.889999389648438,24.889999389648438,24.709999084472656,24.719999313354492,91800,21.451629638671875,0.0
EPHE,2010-12-07 19:00:00-05:00,24.780000686645508,24.8799991607666,24.739999771118164,24.850000381469727,25800,21.56443977355957,0.0
EPHE,2010-12-08 19:00:00-05:00,24.8700008392334,24.93000030517578,24.690000534057617,24.8799991607666,25500,21.590473175048828,0.0
EPHE,2010-12-09 19:00:00-05:00,24.420000076293945,24.520000457763672,24.309999465942383,24.5,20900,21.260719299316406,0.0
EPHE,2010-12-12 19:00:00-05:00,24.1200008392334,24.3700008392334,24.1200008392334,24.299999237060547,49900,21.087156295776367,0.0
EPHE,2010-12-13 19:00:00-05:00,24.510000228881836,24.559999465942383,24.3799991607666,24.489999771118164,21200,21.252033233642578,0.0
EPHE,2010-12-14 19:00:00-05:00,24.100000381469727,24.100000381469727,23.8799991607666,23.899999618530273,61300,20.74004364013672,0.0
EPHE,2010-12-15 19:00:00-05:00,23.540000915527344,23.59000015258789,23.399999618530273,23.59000015258789,58100,20.471033096313477,0.0
EPHE,2010-12-16 19:00:00-05:00,23.56999969482422,23.56999969482422,23.450000762939453,23.56999969482422,66700,20.453672409057617,0.0
EPHE,2010-12-19 19:00:00-05:00,23.649999618530273,23.649999618530273,23.510000228881836,23.610000610351562,10600,20.48838996887207,0.0
EPHE,2010-12-20 19:00:00-05:00,23.68000030517578,23.760000228881836,23.639999389648438,23.75,11900,20.62298011779785,0.015
EPHE,2010-12-21 19:00:00-05:00,23.899999618530273,23.989999771118164,23.889999389648438,23.940000534057617,19000,20.7879638671875,0.0
EPHE,2010-12-22 19:00:00-05:00,24.290000915527344,24.290000915527344,24.190000534057617,24.229999542236328,8700,21.039775848388672,0.0
EPHE,2010-12-26 19:00:00-05:00,24.389999389648438,24.389999389648438,24.219999313354492,24.34000015258789,8200,21.135299682617188,0.0
EPHE,2010-12-27 19:00:00-05:00,24.399999618530273,24.399999618530273,24.31999969482422,24.350000381469727,20300,21.143983840942383,0.0
EPHE,2010-12-28 19:00:00-05:00,24.760000228881836,24.760000228881836,24.600000381469727,24.6299991607666,11600,21.387113571166992,0.0
EPHE,2010-12-29 19:00:00-05:00,24.8700008392334,24.8700008392334,24.700000762939453,24.799999237060547,43200,21.53473663330078,0.0
EPHE,2010-12-30 19:00:00-05:00,24.790000915527344,24.950000762939453,24.770000457763672,24.93000030517578,18800,21.64761734008789,0.0
EPHE,2011-01-02 19:00:00-05:00,25.049999237060547,25.190000534057617,25.040000915527344,25.1299991607666,38700,21.82128143310547,0.0
EPHE,2011-01-03 19:00:00-05:00,25.18000030517578,25.18000030517578,24.950000762939453,25.09000015258789,29400,21.78655242919922,0.0
EPHE,2011-01-04 19:00:00-05:00,24.920000076293945,25.100000381469727,24.889999389648438,25.100000381469727,43100,21.795238494873047,0.0
EPHE,2011-01-05 19:00:00-05:00,24.959999084472656,24.969999313354492,24.81999969482422,24.959999084472656,32800,21.67366600036621,0.0
EPHE,2011-01-06 19:00:00-05:00,24.739999771118164,24.799999237060547,24.579999923706055,24.65999984741211,27000,21.413166046142578,0.0
EPHE,2011-01-09 19:00:00-05:00,23.899999618530273,23.950000762939453,23.799999237060547,23.940000534057617,35700,20.7879638671875,0.0
EPHE,2011-01-10 19:00:00-05:00,23.709999084472656,23.719999313354492,23.579999923706055,23.6200008392334,40900,20.510099411010742,0.0
EPHE,2011-01-11 19:00:00-05:00,23.93000030517578,24.020000457763672,23.899999618530273,24.020000457763672,20300,20.857431411743164,0.0
EPHE,2011-01-12 19:00:00-05:00,23.940000534057617,23.940000534057617,23.799999237060547,23.81999969482422,33000,20.683765411376953,0.0
EPHE,2011-01-13 19:00:00-05:00,23.940000534057617,24.260000228881836,23.8799991607666,24.18000030517578,43600,20.99636459350586,0.0
EPHE,2011-01-17 19:00:00-05:00,23.579999923706055,23.649999618530273,23.540000915527344,23.579999923706055,35800,20.47536277770996,0.0
EPHE,2011-01-18 19:00:00-05:00,23.510000228881836,23.520000457763672,23.270000457763672,23.280000686645508,7700,20.214866638183594,0.0
EPHE,2011-01-19 19:00:00-05:00,23.020000457763672,23.110000610351562,22.959999084472656,23.110000610351562,21300,20.067251205444336,0.0
EPHE,2011-01-20 19:00:00-05:00,22.950000762939453,22.950000762939453,22.700000762939453,22.719999313354492,36100,19.72859001159668,0.0
EPHE,2011-01-23 19:00:00-05:00,22.520000457763672,22.520000457763672,22.290000915527344,22.450000762939453,49800,19.494144439697266,0.0
EPHE,2011-01-24 19:00:00-05:00,22.6299991607666,22.709999084472656,22.549999237060547,22.670000076293945,11400,19.685176849365234,0.0
EPHE,2011-01-25 19:00:00-05:00,22.809999465942383,22.860000610351562,22.690000534057617,22.829999923706055,34400,19.824115753173828,0.0
EPHE,2011-01-26 19:00:00-05:00,23.100000381469727,23.18000030517578,23.079999923706055,23.100000381469727,29700,20.058565139770508,0.0
EPHE,2011-01-27 19:00:00-05:00,23.030000686645508,23.030000686645508,22.540000915527344,22.59000015258789,64700,19.61570930480957,0.0
EPHE,2011-01-30 19:00:00-05:00,22.43000030517578,22.5,22.200000762939453,22.329999923706055,46300,19.389944076538086,0.0
EPHE,2011-01-31 19:00:00-05:00,22.110000610351562,22.329999923706055,22.06999969482422,22.31999969482422,26600,19.38125991821289,0.0
EPHE,2011-02-01 19:00:00-05:00,22.5,22.6299991607666,22.5,22.579999923706055,49200,19.60702133178711,0.0
EPHE,2011-02-02 19:00:00-05:00,22.56999969482422,22.709999084472656,22.56999969482422,22.700000762939453,43300,19.711225509643555,0.0
EPHE,2011-02-03 19:00:00-05:00,22.670000076293945,22.719999313354492,22.56999969482422,22.700000762939453,20000,19.711225509643555,0.0
EPHE,2011-02-06 19:00:00-05:00,22.829999923706055,22.969999313354492,22.829999923706055,22.93000030517578,42800,19.910945892333984,0.0
EPHE,2011-02-07 19:00:00-05:00,22.8700008392334,23.010000228881836,22.829999923706055,23.010000228881836,9500,19.980417251586914,0.0
EPHE,2011-02-08 19:00:00-05:00,22.6200008392334,22.639999389648438,22.5,22.6299991607666,94500,19.650440216064453,0.0
EPHE,2011-02-09 19:00:00-05:00,21.799999237060547,21.799999237060547,21.59000015258789,21.799999237060547,109400,18.929723739624023,0.0
EPHE,2011-02-10 19:00:00-05:00,21.790000915527344,21.8700008392334,21.6299991607666,21.860000610351562,29800,18.98182487487793,0.0
EPHE,2011-02-13 19:00:00-05:00,22.06999969482422,22.09000015258789,21.93000030517578,22.0,31000,19.1033878326416,0.0
EPHE,2011-02-14 19:00:00-05:00,22.0,22.0,21.899999618530273,21.950000762939453,10300,19.059974670410156,0.0
EPHE,2011-02-15 19:00:00-05:00,22.079999923706055,22.329999923706055,22.079999923706055,22.209999084472656,12500,19.285741806030273,0.0
EPHE,2011-02-16 19:00:00-05:00,22.579999923706055,22.729999542236328,22.56999969482422,22.729999542236328,9200,19.737276077270508,0.0
EPHE,2011-02-17 19:00:00-05:00,22.649999618530273,22.739999771118164,22.56999969482422,22.709999084472656,39900,19.719911575317383,0.0
EPHE,2011-02-21 19:00:00-05:00,22.079999923706055,22.219999313354492,21.829999923706055,21.860000610351562,31600,18.98182487487793,0.0
EPHE,2011-02-22 19:00:00-05:00,21.860000610351562,21.90999984741211,21.68000030517578,21.770000457763672,58700,18.90367889404297,0.0
EPHE,2011-02-23 19:00:00-05:00,21.520000457763672,21.559999465942383,21.360000610351562,21.520000457763672,29300,18.686588287353516,0.0
EPHE,2011-02-24 19:00:00-05:00,21.649999618530273,21.81999969482422,21.6200008392334,21.75,19700,18.88631248474121,0.0
EPHE,2011-02-27 19:00:00-05:00,22.100000381469727,22.15999984741211,22.010000228881836,22.1299991607666,20600,19.216276168823242,0.0
EPHE,2011-02-28 19:00:00-05:00,22.030000686645508,22.030000686645508,21.6299991607666,21.670000076293945,69900,18.816844940185547,0.0
EPHE,2011-03-01 19:00:00-05:00,21.75,21.899999618530273,21.75,21.850000381469727,17300,18.973142623901367,0.0
EPHE,2011-03-02 19:00:00-05:00,22.15999984741211,22.450000762939453,22.139999389648438,22.450000762939453,33400,19.494144439697266,0.0
EPHE,2011-03-03 19:00:00-05:00,22.5,22.540000915527344,22.309999465942383,22.440000534057617,19700,19.485458374023438,0.0
EPHE,2011-03-06 19:00:00-05:00,22.559999465942383,22.84000015258789,22.34000015258789,22.440000534057617,28000,19.485458374023438,0.0
EPHE,2011-03-07 19:00:00-05:00,22.43000030517578,22.65999984741211,22.399999618530273,22.59000015258789,15800,19.61570930480957,0.0
EPHE,2011-03-08 19:00:00-05:00,22.690000534057617,22.780000686645508,22.65999984741211,22.780000686645508,17400,19.78069305419922,0.0
EPHE,2011-03-09 19:00:00-05:00,22.81999969482422,22.81999969482422,22.639999389648438,22.639999389648438,21600,19.659122467041016,0.0
EPHE,2011-03-10 19:00:00-05:00,22.65999984741211,22.8700008392334,22.639999389648438,22.860000610351562,29800,19.85016441345215,0.0
EPHE,2011-03-13 20:00:00-04:00,22.799999237060547,22.959999084472656,22.760000228881836,22.920000076293945,125600,19.902263641357422,0.0
EPHE,2011-03-14 20:00:00-04:00,22.399999618530273,22.850000381469727,22.399999618530273,22.780000686645508,80400,19.78069305419922,0.0
EPHE,2011-03-15 20:00:00-04:00,22.489999771118164,22.600000381469727,22.110000610351562,22.239999771118164,64700,19.31178855895996,0.0
EPHE,2011-03-16 20:00:00-04:00,22.239999771118164,22.25,22.100000381469727,22.25,70100,19.320476531982422,0.0
EPHE,2011-03-17 20:00:00-04:00,22.280000686645508,22.309999465942383,22.09000015258789,22.149999618530273,21800,19.233638763427734,0.0
EPHE,2011-03-20 20:00:00-04:00,22.3700008392334,22.510000228881836,22.309999465942383,22.329999923706055,122200,19.389944076538086,0.0
EPHE,2011-03-21 20:00:00-04:00,22.59000015258789,22.59000015258789,22.43000030517578,22.43000030517578,14300,19.476776123046875,0.0
EPHE,2011-03-22 20:00:00-04:00,22.440000534057617,22.549999237060547,22.3700008392334,22.549999237060547,23000,19.58097267150879,0.0
EPHE,2011-03-23 20:00:00-04:00,22.520000457763672,22.729999542236328,22.489999771118164,22.719999313354492,100400,19.72859001159668,0.0
EPHE,2011-03-24 20:00:00-04:00,22.770000457763672,22.860000610351562,22.75,22.770000457763672,7200,19.772014617919922,0.0
EPHE,2011-03-27 20:00:00-04:00,22.950000762939453,22.979999542236328,22.84000015258789,22.84000015258789,3500,19.832792282104492,0.0
EPHE,2011-03-28 20:00:00-04:00,22.8799991607666,22.989999771118164,22.81999969482422,22.979999542236328,15800,19.954362869262695,0.0
EPHE,2011-03-29 20:00:00-04:00,23.559999465942383,23.670000076293945,23.450000762939453,23.559999465942383,273700,20.457998275756836,0.0
EPHE,2011-03-30 20:00:00-04:00,23.780000686645508,23.8700008392334,23.739999771118164,23.739999771118164,37000,20.61429786682129,0.0
EPHE,2011-03-31 20:00:00-04:00,24.360000610351562,24.549999237060547,24.34000015258789,24.510000228881836,71100,21.282913208007812,0.0
EPHE,2011-04-03 20:00:00-04:00,24.670000076293945,24.940000534057617,24.670000076293945,24.889999389648438,30400,21.61288070678711,0.0
EPHE,2011-04-04 20:00:00-04:00,24.5,24.639999389648438,24.440000534057617,24.510000228881836,44900,21.282913208007812,0.0
EPHE,2011-04-05 20:00:00-04:00,24.799999237060547,24.989999771118164,24.790000915527344,24.860000610351562,134700,21.586833953857422,0.0
EPHE,2011-04-06 20:00:00-04:00,24.899999618530273,25.040000915527344,24.8700008392334,24.940000534057617,30600,21.656301498413086,0.0
EPHE,2011-04-07 20:00:00-04:00,24.969999313354492,25.149999618530273,24.889999389648438,24.979999542236328,53500,21.691030502319336,0.0
EPHE,2011-04-10 20:00:00-04:00,24.770000457763672,24.8799991607666,24.690000534057617,24.809999465942383,41600,21.543418884277344,0.0
EPHE,2011-04-11 20:00:00-04:00,24.600000381469727,24.719999313354492,24.520000457763672,24.549999237060547,41100,21.31764793395996,0.0
EPHE,2011-04-12 20:00:00-04:00,24.65999984741211,24.739999771118164,24.479999542236328,24.579999923706055,65300,21.34369659423828,0.0
EPHE,2011-04-13 20:00:00-04:00,24.729999542236328,24.93000030517578,24.6200008392334,24.860000610351562,37400,21.586833953857422,0.0
EPHE,2011-04-14 20:00:00-04:00,24.780000686645508,25.049999237060547,24.75,24.940000534057617,66500,21.656301498413086,0.0
EPHE,2011-04-17 20:00:00-04:00,24.649999618530273,24.649999618530273,24.34000015258789,24.469999313354492,69300,21.248184204101562,0.0
EPHE,2011-04-18 20:00:00-04:00,24.5,24.700000762939453,24.489999771118164,24.700000762939453,35200,21.447906494140625,0.0
EPHE,2011-04-19 20:00:00-04:00,24.850000381469727,24.989999771118164,24.809999465942383,24.90999984741211,66900,21.630245208740234,0.0
EPHE,2011-04-20 20:00:00-04:00,24.920000076293945,25.100000381469727,24.920000076293945,25.030000686645508,27500,21.734445571899414,0.0
EPHE,2011-04-24 20:00:00-04:00,25.040000915527344,25.149999618530273,25.0,25.139999389648438,156300,21.829967498779297,0.0
EPHE,2011-04-25 20:00:00-04:00,25.149999618530273,25.280000686645508,25.1299991607666,25.270000457763672,313600,21.942853927612305,0.0
EPHE,2011-04-26 20:00:00-04:00,25.219999313354492,25.31999969482422,25.06999969482422,25.280000686645508,101100,21.95153045654297,0.0
EPHE,2011-04-27 20:00:00-04:00,25.020000457763672,25.040000915527344,24.899999618530273,24.93000030517578,12700,21.64761734008789,0.0
EPHE,2011-04-28 20:00:00-04:00,25.299999237060547,25.489999771118164,25.299999237060547,25.350000381469727,52000,22.012317657470703,0.0
EPHE,2011-05-01 20:00:00-04:00,25.459999084472656,25.459999084472656,25.200000762939453,25.219999313354492,79000,21.899436950683594,0.0
EPHE,2011-05-02 20:00:00-04:00,25.190000534057617,25.280000686645508,24.979999542236328,25.09000015258789,34000,21.78655242919922,0.0
EPHE,2011-05-03 20:00:00-04:00,25.030000686645508,25.030000686645508,24.790000915527344,24.829999923706055,95000,21.56078338623047,0.0
EPHE,2011-05-04 20:00:00-04:00,24.559999465942383,24.68000030517578,24.280000686645508,24.440000534057617,127100,21.22212791442871,0.0
EPHE,2011-05-05 20:00:00-04:00,24.299999237060547,24.520000457763672,24.229999542236328,24.31999969482422,83000,21.117935180664062,0.0
EPHE,2011-05-08 20:00:00-04:00,24.43000030517578,24.690000534057617,24.420000076293945,24.670000076293945,78000,21.42184829711914,0.0
EPHE,2011-05-09 20:00:00-04:00,24.739999771118164,25.049999237060547,24.739999771118164,25.010000228881836,51700,21.717084884643555,0.0
EPHE,2011-05-10 20:00:00-04:00,25.020000457763672,25.040000915527344,24.649999618530273,24.799999237060547,53400,21.53473663330078,0.0
EPHE,2011-05-11 20:00:00-04:00,24.639999389648438,24.889999389648438,24.5,24.8799991607666,102000,21.604198455810547,0.0
EPHE,2011-05-12 20:00:00-04:00,24.700000762939453,24.700000762939453,24.3700008392334,24.540000915527344,30100,21.308963775634766,0.0
EPHE,2011-05-15 20:00:00-04:00,24.559999465942383,24.639999389648438,24.3700008392334,24.40999984741211,30400,21.196081161499023,0.0
EPHE,2011-05-16 20:00:00-04:00,24.469999313354492,24.530000686645508,24.31999969482422,24.530000686645508,80900,21.30028533935547,0.0
EPHE,2011-05-17 20:00:00-04:00,24.729999542236328,24.920000076293945,24.639999389648438,24.90999984741211,23200,21.630245208740234,0.0
EPHE,2011-05-18 20:00:00-04:00,24.850000381469727,24.850000381469727,24.6299991607666,24.729999542236328,20400,21.473947525024414,0.0
EPHE,2011-05-19 20:00:00-04:00,24.68000030517578,24.68000030517578,24.43000030517578,24.520000457763672,13400,21.29160499572754,0.0
EPHE,2011-05-22 20:00:00-04:00,24.290000915527344,24.290000915527344,24.079999923706055,24.149999618530273,88000,20.97031593322754,0.0
EPHE,2011-05-23 20:00:00-04:00,24.270000457763672,24.31999969482422,24.059999465942383,24.149999618530273,12400,20.97031593322754,0.0
EPHE,2011-05-24 20:00:00-04:00,23.8799991607666,24.239999771118164,23.84000015258789,24.200000762939453,57100,21.013731002807617,0.0
EPHE,2011-05-25 20:00:00-04:00,24.299999237060547,24.5,24.280000686645508,24.469999313354492,511000,21.248184204101562,0.0
EPHE,2011-05-26 20:00:00-04:00,24.5,24.639999389648438,24.5,24.610000610351562,104400,21.3697509765625,0.0
EPHE,2011-05-30 20:00:00-04:00,24.649999618530273,24.649999618530273,24.389999389648438,24.479999542236328,149600,21.256866455078125,0.0
EPHE,2011-05-31 20:00:00-04:00,24.5,24.579999923706055,24.049999237060547,24.09000015258789,59400,20.91822052001953,0.0
EPHE,2011-06-01 20:00:00-04:00,24.670000076293945,24.780000686645508,24.56999969482422,24.719999313354492,149500,21.465267181396484,0.0
EPHE,2011-06-02 20:00:00-04:00,24.450000762939453,24.510000228881836,24.3799991607666,24.40999984741211,37300,21.196081161499023,0.0
EPHE,2011-06-05 20:00:00-04:00,24.270000457763672,24.420000076293945,24.219999313354492,24.309999465942383,111900,21.109251022338867,0.0
EPHE,2011-06-06 20:00:00-04:00,24.350000381469727,24.3799991607666,24.18000030517578,24.18000030517578,40100,20.99636459350586,0.0
EPHE,2011-06-07 20:00:00-04:00,24.329999923706055,24.329999923706055,24.139999389648438,24.139999389648438,40200,20.96162986755371,0.0
EPHE,2011-06-08 20:00:00-04:00,24.209999084472656,24.270000457763672,24.010000228881836,24.260000228881836,26200,21.06583595275879,0.0
EPHE,2011-06-09 20:00:00-04:00,24.049999237060547,24.049999237060547,23.850000381469727,23.899999618530273,29500,20.753231048583984,0.0
EPHE,2011-06-12 20:00:00-04:00,23.8700008392334,23.8799991607666,23.670000076293945,23.829999923706055,49600,20.692445755004883,0.0
EPHE,2011-06-13 20:00:00-04:00,23.610000610351562,23.790000915527344,23.559999465942383,23.700000762939453,99200,20.579565048217773,0.0
EPHE,2011-06-14 20:00:00-04:00,23.780000686645508,23.809999465942383,23.549999237060547,23.6200008392334,21200,20.510099411010742,0.0
EPHE,2011-06-15 20:00:00-04:00,23.530000686645508,23.719999313354492,23.5,23.639999389648438,23200,20.527467727661133,0.0
EPHE,2011-06-16 20:00:00-04:00,23.709999084472656,23.780000686645508,23.579999923706055,23.649999618530273,170300,20.536144256591797,0.0
EPHE,2011-06-19 20:00:00-04:00,23.5,23.760000228881836,23.5,23.6200008392334,29500,20.510099411010742,0.0
EPHE,2011-06-20 20:00:00-04:00,24.18000030517578,24.219999313354492,24.040000915527344,24.1200008392334,56500,20.944265365600586,0.0
EPHE,2011-06-21 20:00:00-04:00,24.079999923706055,24.170000076293945,23.799999237060547,23.799999237060547,42500,20.797460556030273,0.152
EPHE,2011-06-22 20:00:00-04:00,23.559999465942383,23.899999618530273,23.530000686645508,23.84000015258789,47400,20.832414627075195,0.0
EPHE,2011-06-23 20:00:00-04:00,23.959999084472656,24.049999237060547,23.780000686645508,23.81999969482422,41500,20.814937591552734,0.0
EPHE,2011-06-26 20:00:00-04:00,23.75,24.18000030517578,23.709999084472656,24.100000381469727,29000,21.05961036682129,0.0
EPHE,2011-06-27 20:00:00-04:00,23.93000030517578,24.450000762939453,23.93000030517578,24.450000762939453,536500,21.365459442138672,0.0
EPHE,2011-06-28 20:00:00-04:00,24.100000381469727,24.309999465942383,24.010000228881836,24.290000915527344,280900,21.225643157958984,0.0
EPHE,2011-06-29 20:00:00-04:00,24.40999984741211,24.559999465942383,24.350000381469727,24.549999237060547,79100,21.45284080505371,0.0
EPHE,2011-06-30 20:00:00-04:00,24.90999984741211,24.93000030517578,24.700000762939453,24.90999984741211,46000,21.767425537109375,0.0
EPHE,2011-07-04 20:00:00-04:00,25.3799991607666,25.3799991607666,25.200000762939453,25.309999465942383,56600,22.116960525512695,0.0
EPHE,2011-07-05 20:00:00-04:00,25.110000610351562,25.110000610351562,24.989999771118164,25.100000381469727,39500,21.933454513549805,0.0
EPHE,2011-07-06 20:00:00-04:00,25.139999389648438,25.260000228881836,25.110000610351562,25.239999771118164,21400,22.055795669555664,0.0
EPHE,2011-07-07 20:00:00-04:00,25.040000915527344,25.1299991607666,24.899999618530273,25.1299991607666,16900,21.959671020507812,0.0
EPHE,2011-07-10 20:00:00-04:00,24.59000015258789,24.950000762939453,24.59000015258789,24.770000457763672,83600,21.645084381103516,0.0
EPHE,2011-07-11 20:00:00-04:00,24.610000610351562,24.979999542236328,24.600000381469727,24.860000610351562,632700,21.723726272583008,0.0
EPHE,2011-07-12 20:00:00-04:00,25.100000381469727,25.200000762939453,24.940000534057617,24.959999084472656,83700,21.811119079589844,0.0
EPHE,2011-07-13 20:00:00-04:00,25.350000381469727,25.389999389648438,24.959999084472656,25.010000228881836,140400,21.854816436767578,0.0
EPHE,2011-07-14 20:00:00-04:00,25.270000457763672,25.329999923706055,25.1299991607666,25.1299991607666,46500,21.959671020507812,0.0
EPHE,2011-07-17 20:00:00-04:00,25.399999618530273,25.399999618530273,25.079999923706055,25.15999984741211,23000,21.985885620117188,0.0
EPHE,2011-07-18 20:00:00-04:00,25.459999084472656,25.59000015258789,25.40999984741211,25.520000457763672,88300,22.30047035217285,0.0
EPHE,2011-07-19 20:00:00-04:00,25.520000457763672,25.6299991607666,25.5,25.520000457763672,55300,22.30047035217285,0.0
EPHE,2011-07-20 20:00:00-04:00,25.579999923706055,25.799999237060547,25.579999923706055,25.700000762939453,63500,22.457765579223633,0.0
EPHE,2011-07-21 20:00:00-04:00,25.75,25.75,25.65999984741211,25.670000076293945,28800,22.431550979614258,0.0
EPHE,2011-07-24 20:00:00-04:00,25.690000534057617,25.8799991607666,25.690000534057617,25.860000610351562,24600,22.597576141357422,0.0
EPHE,2011-07-25 20:00:00-04:00,25.780000686645508,25.809999465942383,25.6299991607666,25.68000030517578,15100,22.440284729003906,0.0
EPHE,2011-07-26 20:00:00-04:00,25.8700008392334,25.8700008392334,25.6200008392334,25.739999771118164,65900,22.492713928222656,0.0
EPHE,2011-07-27 20:00:00-04:00,25.90999984741211,26.06999969482422,25.829999923706055,25.93000030517578,40800,22.65874671936035,0.0
EPHE,2011-07-28 20:00:00-04:00,25.8700008392334,26.25,25.8700008392334,26.100000381469727,87900,22.807300567626953,0.0
EPHE,2011-07-31 20:00:00-04:00,26.5,26.5,26.020000457763672,26.34000015258789,79700,23.01702308654785,0.0
EPHE,2011-08-01 20:00:00-04:00,26.219999313354492,26.350000381469727,25.93000030517578,25.93000030517578,105200,22.65874671936035,0.0
EPHE,2011-08-02 20:00:00-04:00,25.989999771118164,25.989999771118164,25.56999969482422,25.950000762939453,88800,22.676218032836914,0.0
EPHE,2011-08-03 20:00:00-04:00,25.579999923706055,25.75,24.969999313354492,25.030000686645508,391300,21.87228012084961,0.0
EPHE,2011-08-04 20:00:00-04:00,25.530000686645508,25.530000686645508,24.59000015258789,25.030000686645508,111100,21.87228012084961,0.0
EPHE,2011-08-07 20:00:00-04:00,24.489999771118164,24.649999618530273,23.670000076293945,23.670000076293945,92500,20.68385887145996,0.0
EPHE,2011-08-08 20:00:00-04:00,24.1200008392334,24.549999237060547,23.5,24.5,120500,21.409151077270508,0.0
EPHE,2011-08-09 20:00:00-04:00,23.950000762939453,24.25,23.719999313354492,23.809999465942383,34600,20.806198120117188,0.0
EPHE,2011-08-10 20:00:00-04:00,24.059999465942383,24.969999313354492,24.059999465942383,24.81999969482422,18100,21.688777923583984,0.0
EPHE,2011-08-11 20:00:00-04:00,24.899999618530273,24.90999984741211,24.530000686645508,24.600000381469727,29200,21.496532440185547,0.0
EPHE,2011-08-14 20:00:00-04:00,24.56999969482422,24.81999969482422,24.559999465942383,24.690000534057617,39800,21.57518196105957,0.0
EPHE,2011-08-15 20:00:00-04:00,24.639999389648438,24.739999771118164,24.43000030517578,24.520000457763672,81900,21.4266300201416,0.0
EPHE,2011-08-16 20:00:00-04:00,24.790000915527344,24.790000915527344,24.479999542236328,24.579999923706055,29300,21.47905921936035,0.0
EPHE,2011-08-17 20:00:00-04:00,24.600000381469727,24.600000381469727,24.1299991607666,24.420000076293945,59100,21.33924102783203,0.0
EPHE,2011-08-18 20:00:00-04:00,24.239999771118164,24.75,24.239999771118164,24.399999618530273,8600,21.32176399230957,0.0
EPHE,2011-08-21 20:00:00-04:00,24.579999923706055,24.59000015258789,24.1299991607666,24.25,19700,21.190690994262695,0.0
EPHE,2011-08-22 20:00:00-04:00,24.56999969482422,25.06999969482422,24.489999771118164,25.06999969482422,28500,21.90723991394043,0.0
EPHE,2011-08-23 20:00:00-04:00,24.84000015258789,24.959999084472656,24.610000610351562,24.959999084472656,37900,21.811119079589844,0.0
EPHE,2011-08-24 20:00:00-04:00,24.90999984741211,24.90999984741211,24.31999969482422,24.350000381469727,64800,21.278076171875,0.0
EPHE,2011-08-25 20:00:00-04:00,24.209999084472656,24.559999465942383,24.010000228881836,24.440000534057617,31300,21.356721878051758,0.0
EPHE,2011-08-28 20:00:00-04:00,24.860000610351562,24.899999618530273,24.639999389648438,24.8799991607666,8100,21.7412052154541,0.0
EPHE,2011-08-29 20:00:00-04:00,24.850000381469727,25.049999237060547,24.670000076293945,24.969999313354492,12600,21.819854736328125,0.0
EPHE,2011-08-30 20:00:00-04:00,24.940000534057617,25.18000030517578,24.899999618530273,24.940000534057617,116800,21.79364013671875,0.0
EPHE,2011-08-31 20:00:00-04:00,24.959999084472656,25.110000610351562,24.75,24.75,57600,21.62761116027832,0.0
EPHE,2011-09-01 20:00:00-04:00,24.940000534057617,25.15999984741211,24.829999923706055,24.850000381469727,24500,21.714994430541992,0.0
EPHE,2011-09-05 20:00:00-04:00,24.440000534057617,24.90999984741211,24.350000381469727,24.899999618530273,19300,21.75868797302246,0.0
EPHE,2011-09-06 20:00:00-04:00,25.09000015258789,25.100000381469727,24.899999618530273,25.100000381469727,54700,21.933454513549805,0.0
EPHE,2011-09-07 20:00:00-04:00,24.90999984741211,25.049999237060547,24.68000030517578,24.780000686645508,18400,21.65382957458496,0.0
EPHE,2011-09-08 20:00:00-04:00,24.579999923706055,24.600000381469727,24.229999542236328,24.25,56600,21.190690994262695,0.0
EPHE,2011-09-11 20:00:00-04:00,24.139999389648438,24.469999313354492,24.100000381469727,24.450000762939453,48000,21.365459442138672,0.0
EPHE,2011-09-12 20:00:00-04:00,24.350000381469727,24.350000381469727,24.100000381469727,24.329999923706055,16400,21.260595321655273,0.0
EPHE,2011-09-13 20:00:00-04:00,24.280000686645508,24.3700008392334,23.950000762939453,24.15999984741211,53500,21.11203956604004,0.0
EPHE,2011-09-14 20:00:00-04:00,24.420000076293945,24.420000076293945,24.15999984741211,24.270000457763672,72800,21.20816421508789,0.0
EPHE,2011-09-15 20:00:00-04:00,24.280000686645508,24.280000686645508,24.049999237060547,24.209999084472656,31500,21.155733108520508,0.0
EPHE,2011-09-18 20:00:00-04:00,24.09000015258789,24.209999084472656,23.8799991607666,24.209999084472656,169300,21.155733108520508,0.0
EPHE,2011-09-19 20:00:00-04:00,23.829999923706055,23.93000030517578,23.649999618530273,23.719999313354492,47700,20.72754669189453,0.0
EPHE,2011-09-20 20:00:00-04:00,23.469999313354492,23.469999313354492,22.920000076293945,23.06999969482422,57200,20.159557342529297,0.0
EPHE,2011-09-21 20:00:00-04:00,22.399999618530273,22.5,21.959999084472656,22.209999084472656,65900,19.408042907714844,0.0
EPHE,2011-09-22 20:00:00-04:00,21.450000762939453,21.729999542236328,21.3799991607666,21.579999923706055,58800,18.857528686523438,0.0
EPHE,2011-09-25 20:00:00-04:00,21.049999237060547,21.06999969482422,20.600000381469727,21.049999237060547,96700,18.394390106201172,0.0
EPHE,2011-09-26 20:00:00-04:00,21.399999618530273,21.850000381469727,21.1299991607666,21.440000534057617,1614000,18.73518943786621,0.0
EPHE,2011-09-27 20:00:00-04:00,21.549999237060547,21.889999389648438,21.299999237060547,21.350000381469727,162900,18.656545639038086,0.0
EPHE,2011-09-28 20:00:00-04:00,21.719999313354492,21.790000915527344,21.299999237060547,21.469999313354492,45600,18.761404037475586,0.0
EPHE,2011-09-29 20:00:00-04:00,21.760000228881836,22.040000915527344,21.209999084472656,21.260000228881836,144400,18.577898025512695,0.0
EPHE,2011-10-02 20:00:00-04:00,21.209999084472656,21.40999984741211,20.950000762939453,21.040000915527344,176200,18.385656356811523,0.0
EPHE,2011-10-03 20:00:00-04:00,20.829999923706055,21.3799991607666,20.100000381469727,21.3799991607666,146400,18.682756423950195,0.0
EPHE,2011-10-04 20:00:00-04:00,21.18000030517578,21.6299991607666,20.850000381469727,21.549999237060547,75600,18.83131217956543,0.0
EPHE,2011-10-05 20:00:00-04:00,21.559999465942383,21.979999542236328,21.489999771118164,21.93000030517578,98000,19.163368225097656,0.0
EPHE,2011-10-06 20:00:00-04:00,22.34000015258789,22.450000762939453,21.899999618530273,22.149999618530273,69200,19.355621337890625,0.0
EPHE,2011-10-09 20:00:00-04:00,22.5,23.0,22.3700008392334,22.979999542236328,31900,20.080909729003906,0.0
EPHE,2011-10-10 20:00:00-04:00,22.799999237060547,22.940000534057617,22.739999771118164,22.940000534057617,1000,20.04595375061035,0.0
EPHE,2011-10-11 20:00:00-04:00,23.260000228881836,23.719999313354492,23.260000228881836,23.530000686645508,59500,20.5615234375,0.0
EPHE,2011-10-12 20:00:00-04:00,23.030000686645508,23.1200008392334,22.770000457763672,23.030000686645508,57300,20.124601364135742,0.0
EPHE,2011-10-13 20:00:00-04:00,23.149999618530273,23.540000915527344,23.149999618530273,23.43000030517578,56000,20.474138259887695,0.0
EPHE,2011-10-16 20:00:00-04:00,23.600000381469727,23.600000381469727,23.1299991607666,23.139999389648438,77100,20.220720291137695,0.0
EPHE,2011-10-17 20:00:00-04:00,23.1200008392334,23.65999984741211,23.0,23.540000915527344,63800,20.57026481628418,0.0
EPHE,2011-10-18 20:00:00-04:00,23.850000381469727,23.850000381469727,23.31999969482422,23.459999084472656,12300,20.500350952148438,0.0
EPHE,2011-10-19 20:00:00-04:00,23.31999969482422,23.510000228881836,23.010000228881836,23.219999313354492,52500,20.290632247924805,0.0
EPHE,2011-10-20 20:00:00-04:00,23.420000076293945,23.56999969482422,23.25,23.520000457763672,108800,20.55278205871582,0.0
EPHE,2011-10-23 20:00:00-04:00,23.389999389648438,23.540000915527344,23.299999237060547,23.540000915527344,123500,20.57026481628418,0.0
EPHE,2011-10-24 20:00:00-04:00,23.479999542236328,23.690000534057617,23.309999465942383,23.34000015258789,40700,20.39549446105957,0.0
EPHE,2011-10-25 20:00:00-04:00,23.40999984741211,23.56999969482422,23.25,23.56999969482422,7200,20.596473693847656,0.0
EPHE,2011-10-26 20:00:00-04:00,23.75,24.84000015258789,23.75,24.65999984741211,157700,21.548967361450195,0.0
EPHE,2011-10-27 20:00:00-04:00,24.5,24.540000915527344,24.309999465942383,24.479999542236328,100900,21.391672134399414,0.0
EPHE,2011-10-30 20:00:00-04:00,23.950000762939453,24.06999969482422,23.799999237060547,23.90999984741211,95800,20.89358139038086,0.0
EPHE,2011-10-31 20:00:00-04:00,23.420000076293945,23.639999389648438,23.399999618530273,23.540000915527344,33000,20.57026481628418,0.0
EPHE,2011-11-01 20:00:00-04:00,24.030000686645508,24.260000228881836,23.8799991607666,24.219999313354492,63100,21.164470672607422,0.0
EPHE,2011-11-02 20:00:00-04:00,24.190000534057617,24.190000534057617,23.899999618530273,24.09000015258789,21200,21.050872802734375,0.0
EPHE,2011-11-03 20:00:00-04:00,23.799999237060547,23.850000381469727,23.459999084472656,23.56999969482422,275000,20.596473693847656,0.0
EPHE,2011-11-06 19:00:00-05:00,23.43000030517578,23.770000457763672,23.43000030517578,23.770000457763672,27600,20.7712459564209,0.0
EPHE,2011-11-07 19:00:00-05:00,24.149999618530273,24.239999771118164,23.8799991607666,24.110000610351562,51900,21.0683536529541,0.0
EPHE,2011-11-08 19:00:00-05:00,23.709999084472656,23.899999618530273,23.350000381469727,23.420000076293945,53800,20.46539878845215,0.0
EPHE,2011-11-09 19:00:00-05:00,23.799999237060547,23.860000610351562,23.510000228881836,23.760000228881836,44800,20.762508392333984,0.0
EPHE,2011-11-10 19:00:00-05:00,23.81999969482422,24.049999237060547,23.799999237060547,24.030000686645508,2300,20.998445510864258,0.0
EPHE,2011-11-13 19:00:00-05:00,23.780000686645508,23.809999465942383,23.6200008392334,23.639999389648438,12900,20.65764808654785,0.0
EPHE,2011-11-14 19:00:00-05:00,23.75,24.1299991607666,23.75,24.1299991607666,9600,21.08582305908203,0.0
EPHE,2011-11-15 19:00:00-05:00,23.760000228881836,23.850000381469727,23.59000015258789,23.59000015258789,17700,20.61395263671875,0.0
EPHE,2011-11-16 19:00:00-05:00,23.729999542236328,23.850000381469727,23.31999969482422,23.520000457763672,130300,20.55278205871582,0.0
EPHE,2011-11-17 19:00:00-05:00,23.649999618530273,23.649999618530273,23.459999084472656,23.520000457763672,21600,20.55278205871582,0.0
EPHE,2011-11-20 19:00:00-05:00,23.170000076293945,23.290000915527344,22.989999771118164,23.18000030517578,46500,20.255674362182617,0.0
EPHE,2011-11-21 19:00:00-05:00,23.3799991607666,23.540000915527344,23.15999984741211,23.520000457763672,134100,20.55278205871582,0.0
EPHE,2011-11-22 19:00:00-05:00,23.43000030517578,23.43000030517578,23.18000030517578,23.270000457763672,47500,20.334325790405273,0.0
EPHE,2011-11-24 19:00:00-05:00,22.979999542236328,23.260000228881836,22.850000381469727,23.010000228881836,26000,20.10712242126465,0.0
EPHE,2011-11-27 19:00:00-05:00,23.299999237060547,23.299999237060547,22.899999618530273,22.959999084472656,90100,20.063426971435547,0.0
EPHE,2011-11-28 19:00:00-05:00,22.90999984741211,22.90999984741211,22.65999984741211,22.65999984741211,46800,19.801279067993164,0.0
EPHE,2011-11-29 19:00:00-05:00,23.280000686645508,23.700000762939453,23.219999313354492,23.600000381469727,26100,20.622695922851562,0.0
EPHE,2011-11-30 19:00:00-05:00,23.399999618530273,23.530000686645508,23.3799991607666,23.450000762939453,25400,20.491613388061523,0.0
EPHE,2011-12-01 19:00:00-05:00,23.59000015258789,23.6200008392334,23.350000381469727,23.3799991607666,17400,20.430448532104492,0.0
EPHE,2011-12-04 19:00:00-05:00,23.600000381469727,23.719999313354492,23.440000534057617,23.530000686645508,37300,20.5615234375,0.0
EPHE,2011-12-05 19:00:00-05:00,23.440000534057617,23.610000610351562,23.3799991607666,23.40999984741211,30300,20.4566593170166,0.0
EPHE,2011-12-06 19:00:00-05:00,23.299999237060547,23.549999237060547,23.290000915527344,23.479999542236328,35100,20.5178279876709,0.0
EPHE,2011-12-07 19:00:00-05:00,23.450000762939453,23.520000457763672,23.200000762939453,23.200000762939453,13600,20.273157119750977,0.0
EPHE,2011-12-08 19:00:00-05:00,23.309999465942383,23.600000381469727,23.309999465942383,23.520000457763672,4400,20.55278205871582,0.0
EPHE,2011-12-11 19:00:00-05:00,23.100000381469727,23.100000381469727,22.6299991607666,22.670000076293945,51200,19.81001853942871,0.0
EPHE,2011-12-12 19:00:00-05:00,22.950000762939453,23.059999465942383,22.709999084472656,22.770000457763672,73000,19.897403717041016,0.0
EPHE,2011-12-13 19:00:00-05:00,22.780000686645508,22.90999984741211,22.520000457763672,22.639999389648438,24300,19.783798217773438,0.0
EPHE,2011-12-14 19:00:00-05:00,23.170000076293945,23.170000076293945,22.889999389648438,22.940000534057617,41000,20.04595375061035,0.0
EPHE,2011-12-15 19:00:00-05:00,23.06999969482422,23.280000686645508,23.06999969482422,23.18000030517578,73600,20.255674362182617,0.0
EPHE,2011-12-18 19:00:00-05:00,23.290000915527344,23.43000030517578,22.979999542236328,22.979999542236328,52500,20.080909729003906,0.0
EPHE,2011-12-19 19:00:00-05:00,23.389999389648438,23.610000610351562,23.389999389648438,23.600000381469727,39700,20.71010971069336,0.097
EPHE,2011-12-20 19:00:00-05:00,23.489999771118164,23.600000381469727,23.34000015258789,23.600000381469727,20000,20.71010971069336,0.0
EPHE,2011-12-21 19:00:00-05:00,23.610000610351562,23.8799991607666,23.610000610351562,23.860000610351562,12100,20.93827247619629,0.0
EPHE,2011-12-22 19:00:00-05:00,23.709999084472656,23.780000686645508,23.610000610351562,23.68000030517578,12900,20.780311584472656,0.0
EPHE,2011-12-26 19:00:00-05:00,23.65999984741211,23.65999984741211,23.34000015258789,23.510000228881836,13200,20.63113021850586,0.0
EPHE,2011-12-27 19:00:00-05:00,23.34000015258789,23.34000015258789,22.959999084472656,23.170000076293945,24700,20.332761764526367,0.0
EPHE,2011-12-28 19:00:00-05:00,23.389999389648438,23.549999237060547,23.389999389648438,23.520000457763672,71900,20.63990592956543,0.0
EPHE,2011-12-29 19:00:00-05:00,23.520000457763672,23.6299991607666,23.469999313354492,23.56999969482422,26700,20.68378448486328,0.0
EPHE,2012-01-02 19:00:00-05:00,23.860000610351562,24.18000030517578,23.709999084472656,24.010000228881836,160800,21.06990623474121,0.0
EPHE,2012-01-03 19:00:00-05:00,24.100000381469727,24.290000915527344,24.020000457763672,24.25,38400,21.280515670776367,0.0
EPHE,2012-01-04 19:00:00-05:00,24.09000015258789,24.43000030517578,24.09000015258789,24.43000030517578,28900,21.4384708404541,0.0
EPHE,2012-01-05 19:00:00-05:00,24.239999771118164,24.239999771118164,24.030000686645508,24.09000015258789,88700,21.14011001586914,0.0
EPHE,2012-01-08 19:00:00-05:00,24.3700008392334,24.559999465942383,24.3700008392334,24.520000457763672,39400,21.5174560546875,0.0
EPHE,2012-01-09 19:00:00-05:00,24.579999923706055,25.100000381469727,24.579999923706055,24.989999771118164,882900,21.929903030395508,0.0
EPHE,2012-01-10 19:00:00-05:00,25.1200008392334,25.34000015258789,25.09000015258789,25.170000076293945,58000,22.087858200073242,0.0
EPHE,2012-01-11 19:00:00-05:00,25.420000076293945,25.420000076293945,25.239999771118164,25.3700008392334,25400,22.26336669921875,0.0
EPHE,2012-01-12 19:00:00-05:00,24.989999771118164,25.15999984741211,24.979999542236328,25.049999237060547,65000,21.982553482055664,0.0
EPHE,2012-01-16 19:00:00-05:00,25.489999771118164,25.489999771118164,25.25,25.309999465942383,51800,22.210710525512695,0.0
EPHE,2012-01-17 19:00:00-05:00,25.6299991607666,26.0,25.559999465942383,25.950000762939453,184500,22.7723445892334,0.0
EPHE,2012-01-18 19:00:00-05:00,25.989999771118164,26.06999969482422,25.84000015258789,25.950000762939453,95400,22.7723445892334,0.0
EPHE,2012-01-19 19:00:00-05:00,26.040000915527344,26.190000534057617,26.040000915527344,26.190000534057617,27400,22.98295783996582,0.0
EPHE,2012-01-22 19:00:00-05:00,26.200000762939453,26.329999923706055,26.1299991607666,26.15999984741211,62900,22.956626892089844,0.0
EPHE,2012-01-23 19:00:00-05:00,26.0,26.020000457763672,25.860000610351562,25.969999313354492,23900,22.789894104003906,0.0
EPHE,2012-01-24 19:00:00-05:00,25.729999542236328,26.059999465942383,25.600000381469727,25.93000030517578,29700,22.754793167114258,0.0
EPHE,2012-01-25 19:00:00-05:00,25.950000762939453,25.979999542236328,25.600000381469727,25.639999389648438,30600,22.500307083129883,0.0
EPHE,2012-01-26 19:00:00-05:00,25.920000076293945,26.209999084472656,25.920000076293945,26.149999618530273,33300,22.947853088378906,0.0
EPHE,2012-01-29 19:00:00-05:00,25.850000381469727,25.850000381469727,25.479999542236328,25.59000015258789,155600,22.456430435180664,0.0
EPHE,2012-01-30 19:00:00-05:00,25.989999771118164,26.100000381469727,25.8700008392334,25.989999771118164,20900,22.807449340820312,0.0
EPHE,2012-01-31 19:00:00-05:00,26.34000015258789,26.709999084472656,26.34000015258789,26.649999618530273,201600,23.38663101196289,0.0
EPHE,2012-02-01 19:00:00-05:00,26.899999618530273,27.170000076293945,26.899999618530273,27.100000381469727,118800,23.781524658203125,0.0
EPHE,2012-02-02 19:00:00-05:00,27.059999465942383,27.25,26.940000534057617,27.239999771118164,290600,23.90437889099121,0.0
EPHE,2012-02-05 19:00:00-05:00,27.059999465942383,27.190000534057617,27.040000915527344,27.18000030517578,164700,23.851730346679688,0.0
EPHE,2012-02-06 19:00:00-05:00,26.829999923706055,27.010000228881836,26.690000534057617,26.940000534057617,81500,23.6411190032959,0.0
EPHE,2012-02-07 19:00:00-05:00,27.139999389648438,27.329999923706055,27.139999389648438,27.31999969482422,37000,23.974586486816406,0.0
EPHE,2012-02-08 19:00:00-05:00,27.260000228881836,27.260000228881836,27.010000228881836,27.1299991607666,48100,23.80784797668457,0.0
EPHE,2012-02-09 19:00:00-05:00,26.940000534057617,26.979999542236328,26.8799991607666,26.93000030517578,42500,23.632341384887695,0.0
EPHE,2012-02-12 19:00:00-05:00,27.079999923706055,27.1299991607666,26.899999618530273,27.030000686645508,26100,23.7200927734375,0.0
EPHE,2012-02-13 19:00:00-05:00,26.799999237060547,26.799999237060547,26.559999465942383,26.790000915527344,42200,23.509485244750977,0.0
EPHE,2012-02-14 19:00:00-05:00,26.93000030517578,26.93000030517578,26.579999923706055,26.579999923706055,35200,23.3252010345459,0.0
EPHE,2012-02-15 19:00:00-05:00,26.700000762939453,26.829999923706055,26.579999923706055,26.829999923706055,35000,23.544586181640625,0.0
EPHE,2012-02-16 19:00:00-05:00,27.270000457763672,27.40999984741211,27.209999084472656,27.270000457763672,104300,23.93070411682129,0.0
EPHE,2012-02-20 19:00:00-05:00,27.299999237060547,27.5,27.260000228881836,27.309999465942383,68000,23.96581268310547,0.0
EPHE,2012-02-21 19:00:00-05:00,27.440000534057617,27.530000686645508,27.34000015258789,27.479999542236328,46000,24.114992141723633,0.0
EPHE,2012-02-22 19:00:00-05:00,27.420000076293945,27.420000076293945,27.219999313354492,27.329999923706055,46000,23.98335838317871,0.0
EPHE,2012-02-23 19:00:00-05:00,27.200000762939453,27.3700008392334,27.1200008392334,27.18000030517578,40000,23.851730346679688,0.0
EPHE,2012-02-26 19:00:00-05:00,26.809999465942383,26.809999465942383,26.3700008392334,26.59000015258789,30600,23.333972930908203,0.0
EPHE,2012-02-27 19:00:00-05:00,26.610000610351562,26.670000076293945,26.350000381469727,26.3700008392334,890100,23.140914916992188,0.0
EPHE,2012-02-28 19:00:00-05:00,27.1200008392334,27.25,26.899999618530273,27.100000381469727,171200,23.781524658203125,0.0
EPHE,2012-02-29 19:00:00-05:00,27.25,27.489999771118164,27.25,27.43000030517578,185000,24.07111930847168,0.0
EPHE,2012-03-01 19:00:00-05:00,27.700000762939453,27.84000015258789,27.65999984741211,27.690000534057617,56200,24.299280166625977,0.0
EPHE,2012-03-04 19:00:00-05:00,27.770000457763672,27.81999969482422,27.700000762939453,27.770000457763672,31000,24.36948013305664,0.0
EPHE,2012-03-05 19:00:00-05:00,27.309999465942383,27.309999465942383,26.959999084472656,27.010000228881836,85200,23.702543258666992,0.0
EPHE,2012-03-06 19:00:00-05:00,27.1299991607666,27.260000228881836,27.030000686645508,27.219999313354492,69800,23.886829376220703,0.0
EPHE,2012-03-07 19:00:00-05:00,27.579999923706055,27.93000030517578,27.579999923706055,27.899999618530273,38900,24.483558654785156,0.0
EPHE,2012-03-08 19:00:00-05:00,27.799999237060547,27.93000030517578,27.68000030517578,27.8700008392334,90500,24.45723533630371,0.0
EPHE,2012-03-11 20:00:00-04:00,27.770000457763672,27.84000015258789,27.68000030517578,27.770000457763672,18300,24.36948013305664,0.0
EPHE,2012-03-12 20:00:00-04:00,27.860000610351562,28.350000381469727,27.860000610351562,28.329999923706055,68800,24.860910415649414,0.0
EPHE,2012-03-13 20:00:00-04:00,28.190000534057617,28.399999618530273,28.1299991607666,28.200000762939453,165600,24.746828079223633,0.0
EPHE,2012-03-14 20:00:00-04:00,28.200000762939453,28.229999542236328,27.979999542236328,28.219999313354492,123400,24.764375686645508,0.0
EPHE,2012-03-15 20:00:00-04:00,28.6299991607666,28.969999313354492,28.6299991607666,28.90999984741211,33400,25.369882583618164,0.0
EPHE,2012-03-18 20:00:00-04:00,28.799999237060547,29.06999969482422,28.75,28.93000030517578,40100,25.387435913085938,0.0
EPHE,2012-03-19 20:00:00-04:00,28.450000762939453,28.81999969482422,28.329999923706055,28.760000228881836,522400,25.238250732421875,0.0
EPHE,2012-03-20 20:00:00-04:00,28.15999984741211,28.479999542236328,28.15999984741211,28.440000534057617,89700,24.957435607910156,0.0
EPHE,2012-03-21 20:00:00-04:00,28.149999618530273,28.239999771118164,27.959999084472656,28.149999618530273,80900,24.702951431274414,0.0
EPHE,2012-03-22 20:00:00-04:00,28.15999984741211,28.350000381469727,28.1200008392334,28.209999084472656,15900,24.755598068237305,0.0
EPHE,2012-03-25 20:00:00-04:00,28.270000457763672,28.43000030517578,28.1299991607666,28.43000030517578,75400,24.94866371154785,0.0
EPHE,2012-03-26 20:00:00-04:00,28.489999771118164,28.530000686645508,28.43000030517578,28.43000030517578,85900,24.94866371154785,0.0
EPHE,2012-03-27 20:00:00-04:00,28.559999465942383,28.559999465942383,28.209999084472656,28.34000015258789,62700,24.869680404663086,0.0
EPHE,2012-03-28 20:00:00-04:00,28.280000686645508,28.43000030517578,28.18000030517578,28.43000030517578,38200,24.94866371154785,0.0
EPHE,2012-03-29 20:00:00-04:00,28.670000076293945,28.780000686645508,28.6299991607666,28.739999771118164,75900,25.2206974029541,0.0
EPHE,2012-04-01 20:00:00-04:00,28.90999984741211,28.90999984741211,28.489999771118164,28.790000915527344,474000,25.26457405090332,0.0
EPHE,2012-04-02 20:00:00-04:00,28.520000457763672,28.520000457763672,28.15999984741211,28.309999465942383,31700,24.843355178833008,0.0
EPHE,2012-04-03 20:00:00-04:00,27.979999542236328,28.079999923706055,27.940000534057617,28.059999465942383,68700,24.623966217041016,0.0
EPHE,2012-04-04 20:00:00-04:00,28.049999237060547,28.329999923706055,28.049999237060547,28.139999389648438,30800,24.69417381286621,0.0
EPHE,2012-04-08 20:00:00-04:00,27.959999084472656,27.989999771118164,27.770000457763672,27.84000015258789,42600,24.430910110473633,0.0
EPHE,2012-04-09 20:00:00-04:00,28.06999969482422,28.200000762939453,27.670000076293945,27.690000534057617,78000,24.299280166625977,0.0
EPHE,2012-04-10 20:00:00-04:00,28.030000686645508,28.1299991607666,27.940000534057617,27.950000762939453,33300,24.52743911743164,0.0
EPHE,2012-04-11 20:00:00-04:00,28.200000762939453,28.600000381469727,28.190000534057617,28.479999542236328,154100,24.99254035949707,0.0
EPHE,2012-04-12 20:00:00-04:00,28.510000228881836,28.559999465942383,28.31999969482422,28.360000610351562,183600,24.887229919433594,0.0
EPHE,2012-04-15 20:00:00-04:00,28.729999542236328,28.760000228881836,28.450000762939453,28.510000228881836,77000,25.018863677978516,0.0
EPHE,2012-04-16 20:00:00-04:00,28.979999542236328,29.469999313354492,28.93000030517578,29.40999984741211,297800,25.80866050720215,0.0
EPHE,2012-04-17 20:00:00-04:00,29.139999389648438,29.329999923706055,29.139999389648438,29.18000030517578,64500,25.606826782226562,0.0
EPHE,2012-04-18 20:00:00-04:00,29.040000915527344,29.239999771118164,28.950000762939453,29.049999237060547,48400,25.492738723754883,0.0
EPHE,2012-04-19 20:00:00-04:00,29.229999542236328,29.260000228881836,29.1200008392334,29.200000762939453,61900,25.624374389648438,0.0
EPHE,2012-04-22 20:00:00-04:00,29.0,29.059999465942383,28.739999771118164,28.940000534057617,232400,25.396207809448242,0.0
EPHE,2012-04-23 20:00:00-04:00,29.020000457763672,29.309999465942383,29.020000457763672,29.260000228881836,369700,25.677021026611328,0.0
EPHE,2012-04-24 20:00:00-04:00,29.3700008392334,29.43000030517578,29.270000457763672,29.3799991607666,31400,25.782331466674805,0.0
EPHE,2012-04-25 20:00:00-04:00,29.5,29.700000762939453,29.459999084472656,29.68000030517578,85600,26.04559326171875,0.0
EPHE,2012-04-26 20:00:00-04:00,29.719999313354492,29.719999313354492,29.420000076293945,29.68000030517578,589100,26.04559326171875,0.0
EPHE,2012-04-29 20:00:00-04:00,29.65999984741211,29.719999313354492,29.559999465942383,29.649999618530273,43000,26.01926612854004,0.0
EPHE,2012-04-30 20:00:00-04:00,29.65999984741211,29.920000076293945,29.600000381469727,29.760000228881836,73900,26.115802764892578,0.0
EPHE,2012-05-01 20:00:00-04:00,29.93000030517578,29.93000030517578,29.6299991607666,29.90999984741211,181000,26.2474308013916,0.0
EPHE,2012-05-02 20:00:00-04:00,30.190000534057617,30.280000686645508,30.079999923706055,30.110000610351562,82000,26.422941207885742,0.0
EPHE,2012-05-03 20:00:00-04:00,30.15999984741211,30.15999984741211,29.940000534057617,29.979999542236328,65900,26.30885887145996,0.0
EPHE,2012-05-06 20:00:00-04:00,29.850000381469727,29.969999313354492,29.829999923706055,29.899999618530273,82000,26.23866081237793,0.0
EPHE,2012-05-07 20:00:00-04:00,29.850000381469727,29.93000030517578,29.639999389648438,29.93000030517578,259700,26.26498794555664,0.0
EPHE,2012-05-08 20:00:00-04:00,29.450000762939453,29.59000015258789,29.040000915527344,29.540000915527344,67700,25.922739028930664,0.0
EPHE,2012-05-09 20:00:00-04:00,29.540000915527344,29.540000915527344,29.34000015258789,29.350000381469727,35700,25.756006240844727,0.0
EPHE,2012-05-10 20:00:00-04:00,29.18000030517578,29.350000381469727,29.1299991607666,29.15999984741211,87000,25.589271545410156,0.0
EPHE,2012-05-13 20:00:00-04:00,28.68000030517578,28.68000030517578,27.709999084472656,28.229999542236328,206400,24.773155212402344,0.0
EPHE,2012-05-14 20:00:00-04:00,27.920000076293945,27.920000076293945,27.260000228881836,27.389999389648438,360200,24.036014556884766,0.0
EPHE,2012-05-15 20:00:00-04:00,27.170000076293945,27.290000915527344,26.81999969482422,26.81999969482422,209000,23.535812377929688,0.0
EPHE,2012-05-16 20:00:00-04:00,27.65999984741211,28.079999923706055,27.610000610351562,27.850000381469727,844400,24.439687728881836,0.0
EPHE,2012-05-17 20:00:00-04:00,27.389999389648438,27.389999389648438,27.010000228881836,27.1200008392334,640300,23.799072265625,0.0
EPHE,2012-05-20 20:00:00-04:00,27.31999969482422,27.729999542236328,27.31999969482422,27.59000015258789,411600,24.211524963378906,0.0
EPHE,2012-05-21 20:00:00-04:00,27.420000076293945,27.719999313354492,27.290000915527344,27.43000030517578,121300,24.07111930847168,0.0
EPHE,2012-05-22 20:00:00-04:00,27.100000381469727,27.100000381469727,26.68000030517578,27.06999969482422,87000,23.75519371032715,0.0
EPHE,2012-05-23 20:00:00-04:00,27.049999237060547,27.190000534057617,26.68000030517578,26.81999969482422,193100,23.535812377929688,0.0
EPHE,2012-05-24 20:00:00-04:00,26.950000762939453,26.969999313354492,26.790000915527344,26.81999969482422,53600,23.535812377929688,0.0
EPHE,2012-05-28 20:00:00-04:00,27.59000015258789,27.979999542236328,27.59000015258789,27.940000534057617,98300,24.51866340637207,0.0
EPHE,2012-05-29 20:00:00-04:00,27.709999084472656,27.84000015258789,27.5,27.719999313354492,354100,24.32560157775879,0.0
EPHE,2012-05-30 20:00:00-04:00,27.979999542236328,28.280000686645508,27.979999542236328,28.139999389648438,39500,24.69417381286621,0.0
EPHE,2012-05-31 20:00:00-04:00,27.739999771118164,27.75,27.420000076293945,27.459999084472656,123000,24.097444534301758,0.0
EPHE,2012-06-03 20:00:00-04:00,27.110000610351562,27.149999618530273,26.780000686645508,27.010000228881836,400000,23.702543258666992,0.0
EPHE,2012-06-04 20:00:00-04:00,27.09000015258789,27.139999389648438,26.979999542236328,27.1200008392334,198400,23.799072265625,0.0
EPHE,2012-06-05 20:00:00-04:00,27.56999969482422,27.81999969482422,27.469999313354492,27.799999237060547,143700,24.395809173583984,0.0
EPHE,2012-06-06 20:00:00-04:00,28.1299991607666,28.190000534057617,27.90999984741211,27.950000762939453,134700,24.52743911743164,0.0
EPHE,2012-06-07 20:00:00-04:00,27.81999969482422,27.8700008392334,27.639999389648438,27.809999465942383,42700,24.404586791992188,0.0
EPHE,2012-06-10 20:00:00-04:00,28.239999771118164,28.610000610351562,27.809999465942383,27.829999923706055,132300,24.42214012145996,0.0
EPHE,2012-06-11 20:00:00-04:00,28.040000915527344,28.450000762939453,28.010000228881836,28.360000610351562,343400,24.887229919433594,0.0
EPHE,2012-06-12 20:00:00-04:00,28.610000610351562,28.8700008392334,28.329999923706055,28.389999389648438,531700,24.913558959960938,0.0
EPHE,2012-06-13 20:00:00-04:00,28.280000686645508,28.3700008392334,28.010000228881836,28.290000915527344,344800,24.825809478759766,0.0
EPHE,2012-06-14 20:00:00-04:00,28.0,28.34000015258789,27.719999313354492,28.100000381469727,135800,24.65907096862793,0.0
EPHE,2012-06-17 20:00:00-04:00,28.43000030517578,28.6299991607666,28.3799991607666,28.579999923706055,102900,25.080297470092773,0.0
EPHE,2012-06-18 20:00:00-04:00,28.93000030517578,29.229999542236328,28.65999984741211,29.06999969482422,223900,25.510292053222656,0.0
EPHE,2012-06-19 20:00:00-04:00,29.31999969482422,29.450000762939453,29.1200008392334,29.299999237060547,72900,25.712127685546875,0.0
EPHE,2012-06-20 20:00:00-04:00,28.850000381469727,28.850000381469727,28.049999237060547,28.049999237060547,122600,24.803123474121094,0.222
EPHE,2012-06-21 20:00:00-04:00,28.479999542236328,28.700000762939453,28.479999542236328,28.600000381469727,53300,25.289461135864258,0.0
EPHE,2012-06-24 20:00:00-04:00,28.540000915527344,28.540000915527344,28.219999313354492,28.280000686645508,119400,25.006500244140625,0.0
EPHE,2012-06-25 20:00:00-04:00,28.84000015258789,28.84000015258789,28.65999984741211,28.719999313354492,83900,25.39556884765625,0.0
EPHE,2012-06-26 20:00:00-04:00,29.200000762939453,29.350000381469727,29.18000030517578,29.280000686645508,135300,25.890743255615234,0.0
EPHE,2012-06-27 20:00:00-04:00,29.1299991607666,29.309999465942383,28.979999542236328,29.229999542236328,74200,25.846532821655273,0.0
EPHE,2012-06-28 20:00:00-04:00,29.579999923706055,29.899999618530273,29.479999542236328,29.829999923706055,125900,26.377079010009766,0.0
EPHE,2012-07-01 20:00:00-04:00,29.90999984741211,30.1200008392334,29.81999969482422,30.010000228881836,85900,26.536243438720703,0.0
EPHE,2012-07-02 20:00:00-04:00,30.43000030517578,30.770000457763672,30.43000030517578,30.68000030517578,80800,27.128686904907227,0.0
EPHE,2012-07-04 20:00:00-04:00,30.600000381469727,30.639999389648438,30.420000076293945,30.489999771118164,100300,26.960683822631836,0.0
EPHE,2012-07-05 20:00:00-04:00,30.260000228881836,30.260000228881836,30.06999969482422,30.18000030517578,53600,26.686569213867188,0.0
EPHE,2012-07-08 20:00:00-04:00,29.719999313354492,29.81999969482422,29.510000228881836,29.809999465942383,48600,26.35939598083496,0.0
EPHE,2012-07-09 20:00:00-04:00,29.809999465942383,29.950000762939453,29.389999389648438,29.540000915527344,63400,26.120647430419922,0.0
EPHE,2012-07-10 20:00:00-04:00,29.600000381469727,29.799999237060547,29.549999237060547,29.739999771118164,44000,26.297494888305664,0.0
EPHE,2012-07-11 20:00:00-04:00,29.31999969482422,29.610000610351562,29.049999237060547,29.489999771118164,45700,26.076435089111328,0.0
EPHE,2012-07-12 20:00:00-04:00,29.459999084472656,29.93000030517578,29.260000228881836,29.889999389648438,68100,26.430137634277344,0.0
EPHE,2012-07-15 20:00:00-04:00,30.139999389648438,30.25,30.020000457763672,30.18000030517578,48200,26.686569213867188,0.0
EPHE,2012-07-16 20:00:00-04:00,30.190000534057617,30.329999923706055,29.899999618530273,30.309999465942383,150400,26.801517486572266,0.0
EPHE,2012-07-17 20:00:00-04:00,29.93000030517578,30.1299991607666,29.84000015258789,30.0,141800,26.52740478515625,0.0
EPHE,2012-07-18 20:00:00-04:00,29.600000381469727,29.709999084472656,29.469999313354492,29.610000610351562,34800,26.182546615600586,0.0
EPHE,2012-07-19 20:00:00-04:00,29.600000381469727,29.600000381469727,29.309999465942383,29.389999389648438,66400,25.98801040649414,0.0
EPHE,2012-07-22 20:00:00-04:00,28.829999923706055,28.84000015258789,28.639999389648438,28.760000228881836,158100,25.43093490600586,0.0
EPHE,2012-07-23 20:00:00-04:00,29.06999969482422,29.1200008392334,28.84000015258789,29.079999923706055,73700,25.713891983032227,0.0
EPHE,2012-07-24 20:00:00-04:00,29.299999237060547,29.309999465942383,29.0,29.170000076293945,51700,25.793472290039062,0.0
EPHE,2012-07-25 20:00:00-04:00,29.399999618530273,29.56999969482422,29.309999465942383,29.56999969482422,96100,26.147172927856445,0.0
EPHE,2012-07-26 20:00:00-04:00,29.860000610351562,30.110000610351562,29.56999969482422,29.940000534057617,64300,26.474348068237305,0.0
EPHE,2012-07-29 20:00:00-04:00,29.920000076293945,30.1200008392334,29.920000076293945,29.979999542236328,48500,26.50971794128418,0.0
EPHE,2012-07-30 20:00:00-04:00,30.100000381469727,30.200000762939453,29.950000762939453,29.950000762939453,60000,26.483196258544922,0.0
EPHE,2012-07-31 20:00:00-04:00,30.100000381469727,30.100000381469727,29.709999084472656,29.739999771118164,111800,26.297494888305664,0.0
EPHE,2012-08-01 20:00:00-04:00,29.799999237060547,29.969999313354492,29.510000228881836,29.649999618530273,52300,26.217912673950195,0.0
EPHE,2012-08-02 20:00:00-04:00,30.290000915527344,30.329999923706055,30.059999465942383,30.15999984741211,139800,26.66887664794922,0.0
EPHE,2012-08-05 20:00:00-04:00,30.06999969482422,30.3700008392334,30.0,30.229999542236328,184500,26.730777740478516,0.0
EPHE,2012-08-06 20:00:00-04:00,30.3700008392334,30.510000228881836,30.049999237060547,30.049999237060547,605400,26.57161521911621,0.0
EPHE,2012-08-07 20:00:00-04:00,30.06999969482422,30.149999618530273,30.0,30.0,365300,26.52740478515625,0.0
EPHE,2012-08-08 20:00:00-04:00,29.739999771118164,29.780000686645508,29.600000381469727,29.649999618530273,118100,26.217912673950195,0.0
EPHE,2012-08-09 20:00:00-04:00,29.889999389648438,29.889999389648438,29.649999618530273,29.770000457763672,86800,26.32402229309082,0.0
EPHE,2012-08-12 20:00:00-04:00,29.860000610351562,29.860000610351562,29.670000076293945,29.84000015258789,93000,26.38592529296875,0.0
EPHE,2012-08-13 20:00:00-04:00,29.790000915527344,29.790000915527344,29.56999969482422,29.6200008392334,44600,26.191394805908203,0.0
EPHE,2012-08-14 20:00:00-04:00,29.59000015258789,29.719999313354492,29.489999771118164,29.690000534057617,69600,26.2532901763916,0.0
EPHE,2012-08-15 20:00:00-04:00,29.18000030517578,29.43000030517578,29.18000030517578,29.3700008392334,49700,25.97032356262207,0.0
EPHE,2012-08-16 20:00:00-04:00,29.219999313354492,29.219999313354492,29.049999237060547,29.149999618530273,78700,25.775793075561523,0.0
EPHE,2012-08-19 20:00:00-04:00,28.979999542236328,29.309999465942383,28.90999984741211,29.190000534057617,90400,25.811161041259766,0.0
EPHE,2012-08-20 20:00:00-04:00,29.280000686645508,29.360000610351562,28.809999465942383,28.84000015258789,969200,25.501670837402344,0.0
EPHE,2012-08-21 20:00:00-04:00,28.639999389648438,28.75,28.520000457763672,28.670000076293945,277000,25.351354598999023,0.0
EPHE,2012-08-22 20:00:00-04:00,28.969999313354492,28.969999313354492,28.719999313354492,28.760000228881836,140500,25.43093490600586,0.0
EPHE,2012-08-23 20:00:00-04:00,28.610000610351562,28.65999984741211,28.399999618530273,28.600000381469727,169300,25.289461135864258,0.0
EPHE,2012-08-26 20:00:00-04:00,28.649999618530273,28.68000030517578,28.420000076293945,28.510000228881836,184500,25.20987319946289,0.0
EPHE,2012-08-27 20:00:00-04:00,28.760000228881836,28.8799991607666,28.649999618530273,28.799999237060547,73600,25.4663028717041,0.0
EPHE,2012-08-28 20:00:00-04:00,28.899999618530273,28.950000762939453,28.84000015258789,28.950000762939453,51600,25.59894561767578,0.0
EPHE,2012-08-29 20:00:00-04:00,28.729999542236328,28.790000915527344,28.649999618530273,28.68000030517578,573300,25.36020278930664,0.0
EPHE,2012-08-30 20:00:00-04:00,29.100000381469727,29.25,28.989999771118164,29.100000381469727,130500,25.731582641601562,0.0
EPHE,2012-09-03 20:00:00-04:00,29.139999389648438,29.170000076293945,29.0,29.1299991607666,87500,25.75811004638672,0.0
EPHE,2012-09-04 20:00:00-04:00,29.020000457763672,29.059999465942383,28.90999984741211,28.989999771118164,48200,25.634313583374023,0.0
EPHE,2012-09-05 20:00:00-04:00,29.1299991607666,29.479999542236328,29.1299991607666,29.469999313354492,134800,26.05875015258789,0.0
EPHE,2012-09-06 20:00:00-04:00,29.639999389648438,29.8799991607666,29.639999389648438,29.8799991607666,155200,26.42129135131836,0.0
EPHE,2012-09-09 20:00:00-04:00,29.700000762939453,29.829999923706055,29.549999237060547,29.549999237060547,40500,26.129493713378906,0.0
EPHE,2012-09-10 20:00:00-04:00,29.729999542236328,29.829999923706055,29.639999389648438,29.780000686645508,22000,26.332866668701172,0.0
EPHE,2012-09-11 20:00:00-04:00,29.860000610351562,29.93000030517578,29.809999465942383,29.84000015258789,97300,26.38592529296875,0.0
EPHE,2012-09-12 20:00:00-04:00,29.829999923706055,30.639999389648438,29.809999465942383,30.43000030517578,104100,26.907629013061523,0.0
EPHE,2012-09-13 20:00:00-04:00,30.610000610351562,31.030000686645508,30.610000610351562,30.81999969482422,81300,27.252485275268555,0.0
EPHE,2012-09-16 20:00:00-04:00,30.690000534057617,30.690000534057617,30.479999542236328,30.5,65700,26.969526290893555,0.0
EPHE,2012-09-17 20:00:00-04:00,30.34000015258789,30.56999969482422,30.25,30.489999771118164,45300,26.960683822631836,0.0
EPHE,2012-09-18 20:00:00-04:00,30.399999618530273,30.579999923706055,30.350000381469727,30.450000762939453,22600,26.925312042236328,0.0
EPHE,2012-09-19 20:00:00-04:00,30.290000915527344,30.34000015258789,30.18000030517578,30.280000686645508,41200,26.774995803833008,0.0
EPHE,2012-09-20 20:00:00-04:00,30.450000762939453,30.56999969482422,30.350000381469727,30.350000381469727,181800,26.83688735961914,0.0
EPHE,2012-09-23 20:00:00-04:00,30.3799991607666,30.579999923706055,30.3799991607666,30.559999465942383,44400,27.022584915161133,0.0
EPHE,2012-09-24 20:00:00-04:00,30.559999465942383,30.68000030517578,30.280000686645508,30.290000915527344,53400,26.783828735351562,0.0
EPHE,2012-09-25 20:00:00-04:00,30.100000381469727,30.1200008392334,29.979999542236328,30.049999237060547,56900,26.57161521911621,0.0
EPHE,2012-09-26 20:00:00-04:00,30.229999542236328,30.559999465942383,30.229999542236328,30.530000686645508,52300,26.996055603027344,0.0
EPHE,2012-09-27 20:00:00-04:00,30.770000457763672,30.799999237060547,30.5,30.639999389648438,65700,27.09331703186035,0.0
EPHE,2012-09-30 20:00:00-04:00,30.579999923706055,30.809999465942383,30.530000686645508,30.65999984741211,42900,27.111005783081055,0.0
EPHE,2012-10-01 20:00:00-04:00,30.850000381469727,30.989999771118164,30.770000457763672,30.93000030517578,73900,27.349754333496094,0.0
EPHE,2012-10-02 20:00:00-04:00,31.260000228881836,31.270000457763672,31.100000381469727,31.170000076293945,130900,27.561969757080078,0.0
EPHE,2012-10-03 20:00:00-04:00,31.649999618530273,31.690000534057617,31.540000915527344,31.690000534057617,95200,28.021778106689453,0.0
EPHE,2012-10-04 20:00:00-04:00,31.790000915527344,31.850000381469727,31.540000915527344,31.6200008392334,213800,27.959882736206055,0.0
EPHE,2012-10-07 20:00:00-04:00,31.670000076293945,31.670000076293945,31.25,31.510000228881836,123100,27.86261558532715,0.0
EPHE,2012-10-08 20:00:00-04:00,31.489999771118164,31.510000228881836,31.110000610351562,31.18000030517578,156000,27.570816040039062,0.0
EPHE,2012-10-09 20:00:00-04:00,31.270000457763672,31.270000457763672,30.90999984741211,31.049999237060547,172300,27.455856323242188,0.0
EPHE,2012-10-10 20:00:00-04:00,31.239999771118164,31.3700008392334,31.049999237060547,31.049999237060547,128400,27.455856323242188,0.0
EPHE,2012-10-11 20:00:00-04:00,31.270000457763672,31.270000457763672,31.09000015258789,31.239999771118164,36100,27.623863220214844,0.0
EPHE,2012-10-14 20:00:00-04:00,31.5,31.510000228881836,31.229999542236328,31.459999084472656,103200,27.818405151367188,0.0
EPHE,2012-10-15 20:00:00-04:00,31.6200008392334,31.770000457763672,31.56999969482422,31.700000762939453,79700,28.030622482299805,0.0
EPHE,2012-10-16 20:00:00-04:00,31.989999771118164,32.189998626708984,31.860000610351562,32.16999816894531,210200,28.446212768554688,0.0
EPHE,2012-10-17 20:00:00-04:00,31.899999618530273,32.029998779296875,31.719999313354492,31.84000015258789,75900,28.154415130615234,0.0
EPHE,2012-10-18 20:00:00-04:00,31.770000457763672,31.770000457763672,31.450000762939453,31.520000457763672,232700,27.871458053588867,0.0
EPHE,2012-10-21 20:00:00-04:00,31.649999618530273,31.739999771118164,31.459999084472656,31.68000030517578,290900,28.012935638427734,0.0
EPHE,2012-10-22 20:00:00-04:00,31.43000030517578,31.469999313354492,31.229999542236328,31.3799991607666,172200,27.747663497924805,0.0
EPHE,2012-10-23 20:00:00-04:00,31.389999389648438,31.579999923706055,31.260000228881836,31.329999923706055,246400,27.703449249267578,0.0
EPHE,2012-10-24 20:00:00-04:00,31.65999984741211,31.719999313354492,31.420000076293945,31.489999771118164,61700,27.84493064880371,0.0
EPHE,2012-10-25 20:00:00-04:00,31.309999465942383,31.559999465942383,31.239999771118164,31.40999984741211,64000,27.774187088012695,0.0
EPHE,2012-10-30 20:00:00-04:00,31.90999984741211,31.950000762939453,31.559999465942383,31.81999969482422,232500,28.136734008789062,0.0
EPHE,2012-10-31 20:00:00-04:00,31.790000915527344,32.150001525878906,31.790000915527344,32.040000915527344,573400,28.33126449584961,0.0
EPHE,2012-11-01 20:00:00-04:00,32.209999084472656,32.209999084472656,31.790000915527344,31.850000381469727,192600,28.163257598876953,0.0
EPHE,2012-11-04 19:00:00-05:00,32.0,32.099998474121094,31.829999923706055,32.060001373291016,160900,28.34895133972168,0.0
EPHE,2012-11-05 19:00:00-05:00,32.18000030517578,32.38999938964844,32.13999938964844,32.34000015258789,100000,28.596538543701172,0.0
EPHE,2012-11-06 19:00:00-05:00,31.90999984741211,31.940000534057617,31.559999465942383,31.780000686645508,206300,28.101360321044922,0.0
EPHE,2012-11-07 19:00:00-05:00,32.029998779296875,32.130001068115234,31.690000534057617,31.690000534057617,164400,28.021778106689453,0.0
EPHE,2012-11-08 19:00:00-05:00,31.889999389648438,32.130001068115234,31.84000015258789,31.920000076293945,171000,28.225156784057617,0.0
EPHE,2012-11-11 19:00:00-05:00,31.989999771118164,32.220001220703125,31.989999771118164,32.150001525878906,121900,28.42853546142578,0.0
EPHE,2012-11-12 19:00:00-05:00,32.099998474121094,32.20000076293945,31.989999771118164,32.08000183105469,109500,28.366640090942383,0.0
EPHE,2012-11-13 19:00:00-05:00,31.989999771118164,32.040000915527344,31.579999923706055,31.65999984741211,69100,27.995254516601562,0.0
EPHE,2012-11-14 19:00:00-05:00,31.6299991607666,31.799999237060547,31.459999084472656,31.770000457763672,232700,28.09251594543457,0.0
EPHE,2012-11-15 19:00:00-05:00,31.93000030517578,32.0099983215332,31.649999618530273,31.969999313354492,114700,28.26936149597168,0.0
EPHE,2012-11-18 19:00:00-05:00,32.099998474121094,32.439998626708984,32.099998474121094,32.439998626708984,101400,28.68496322631836,0.0
EPHE,2012-11-19 19:00:00-05:00,32.41999816894531,32.52000045776367,32.209999084472656,32.52000045776367,122600,28.755706787109375,0.0
EPHE,2012-11-20 19:00:00-05:00,32.689998626708984,32.880001068115234,32.65999984741211,32.81999969482422,138600,29.02097511291504,0.0
EPHE,2012-11-22 19:00:00-05:00,33.0,33.06999969482422,32.86000061035156,33.060001373291016,181200,29.23320770263672,0.0
EPHE,2012-11-25 19:00:00-05:00,33.040000915527344,33.20000076293945,32.880001068115234,33.060001373291016,283800,29.23320770263672,0.0
EPHE,2012-11-26 19:00:00-05:00,33.41999816894531,33.41999816894531,32.900001525878906,32.9900016784668,159000,29.17129898071289,0.0
EPHE,2012-11-27 19:00:00-05:00,33.15999984741211,33.54999923706055,33.02000045776367,33.540000915527344,201600,29.65764045715332,0.0
EPHE,2012-11-28 19:00:00-05:00,33.56999969482422,33.619998931884766,33.45000076293945,33.59000015258789,134600,29.701847076416016,0.0
EPHE,2012-11-29 19:00:00-05:00,33.849998474121094,33.869998931884766,33.4900016784668,33.599998474121094,274000,29.710691452026367,0.0
EPHE,2012-12-02 19:00:00-05:00,33.61000061035156,33.900001525878906,33.61000061035156,33.779998779296875,514800,29.869850158691406,0.0
EPHE,2012-12-03 19:00:00-05:00,33.939998626708984,34.060001373291016,33.900001525878906,33.97999954223633,268600,30.046701431274414,0.0
EPHE,2012-12-04 19:00:00-05:00,33.709999084472656,33.81999969482422,33.58000183105469,33.70000076293945,215500,29.799116134643555,0.0
EPHE,2012-12-05 19:00:00-05:00,34.09000015258789,34.279998779296875,34.09000015258789,34.27000045776367,146900,30.303136825561523,0.0
EPHE,2012-12-06 19:00:00-05:00,34.43000030517578,34.4900016784668,34.29999923706055,34.369998931884766,150700,30.391559600830078,0.0
EPHE,2012-12-09 19:00:00-05:00,34.31999969482422,34.31999969482422,34.099998474121094,34.209999084472656,171600,30.250083923339844,0.0
EPHE,2012-12-10 19:00:00-05:00,34.630001068115234,34.77000045776367,34.599998474121094,34.7400016784668,150100,30.718730926513672,0.0
EPHE,2012-12-11 19:00:00-05:00,34.4900016784668,34.61000061035156,34.34000015258789,34.380001068115234,197000,30.40040397644043,0.0
EPHE,2012-12-12 19:00:00-05:00,34.22999954223633,34.25,33.900001525878906,33.9900016784668,149000,30.055557250976562,0.0
EPHE,2012-12-13 19:00:00-05:00,33.599998474121094,33.66999816894531,33.4900016784668,33.650001525878906,729300,29.754905700683594,0.0
EPHE,2012-12-16 19:00:00-05:00,33.29999923706055,33.47999954223633,33.2400016784668,33.40999984741211,257700,29.542686462402344,0.0
EPHE,2012-12-17 19:00:00-05:00,33.22999954223633,33.349998474121094,33.02000045776367,33.310001373291016,332500,29.491336822509766,0.042
EPHE,2012-12-18 19:00:00-05:00,33.77000045776367,34.040000915527344,33.77000045776367,33.849998474121094,384400,29.96942710876465,0.0
EPHE,2012-12-19 19:00:00-05:00,34.25,34.540000915527344,34.2400016784668,34.529998779296875,318900,30.57146644592285,0.0
EPHE,2012-12-20 19:00:00-05:00,34.29999923706055,34.41999816894531,34.2400016784668,34.369998931884766,547200,30.429813385009766,0.0
EPHE,2012-12-23 19:00:00-05:00,34.0,34.29999923706055,34.0,34.2400016784668,35900,30.314725875854492,0.0
EPHE,2012-12-25 19:00:00-05:00,34.5,34.5,34.13999938964844,34.209999084472656,107200,30.28816032409668,0.0
EPHE,2012-12-26 19:00:00-05:00,34.16999816894531,34.25,33.939998626708984,34.150001525878906,129300,30.23503875732422,0.0
EPHE,2012-12-27 19:00:00-05:00,34.15999984741211,34.31999969482422,34.099998474121094,34.22999954223633,127100,30.305862426757812,0.0
EPHE,2012-12-30 19:00:00-05:00,34.130001068115234,34.630001068115234,34.130001068115234,34.54999923706055,171500,30.58918571472168,0.0
EPHE,2013-01-01 19:00:00-05:00,35.0,35.18000030517578,34.84000015258789,35.06999969482422,466100,31.049570083618164,0.0
EPHE,2013-01-02 19:00:00-05:00,35.36000061035156,35.5099983215332,35.310001373291016,35.349998474121094,385200,31.297460556030273,0.0
EPHE,2013-01-03 19:00:00-05:00,35.43000030517578,35.619998931884766,35.41999816894531,35.599998474121094,208100,31.518802642822266,0.0
EPHE,2013-01-06 19:00:00-05:00,35.75,35.79999923706055,35.65999984741211,35.75,356400,31.6516170501709,0.0
EPHE,2013-01-07 19:00:00-05:00,35.959999084472656,35.970001220703125,35.790000915527344,35.93000030517578,376300,31.81097412109375,0.0
EPHE,2013-01-08 19:00:00-05:00,36.2599983215332,36.290000915527344,36.130001068115234,36.209999084472656,551100,32.058868408203125,0.0
EPHE,2013-01-09 19:00:00-05:00,35.91999816894531,36.0,35.79999923706055,35.93000030517578,220900,31.81097412109375,0.0
EPHE,2013-01-10 19:00:00-05:00,36.099998474121094,36.099998474121094,35.900001525878906,36.04999923706055,194100,31.917224884033203,0.0
EPHE,2013-01-13 19:00:00-05:00,36.20000076293945,36.20000076293945,36.0,36.150001525878906,326400,32.0057487487793,0.0
EPHE,2013-01-14 19:00:00-05:00,36.119998931884766,36.20000076293945,36.02000045776367,36.189998626708984,871700,32.04117202758789,0.0
EPHE,2013-01-15 19:00:00-05:00,35.86000061035156,36.0099983215332,35.810001373291016,35.97999954223633,148300,31.85523796081543,0.0
EPHE,2013-01-16 19:00:00-05:00,36.150001525878906,36.36000061035156,36.13999938964844,36.290000915527344,274300,32.129703521728516,0.0
EPHE,2013-01-17 19:00:00-05:00,36.40999984741211,36.5,36.33000183105469,36.47999954223633,244800,32.29793167114258,0.0
EPHE,2013-01-21 19:00:00-05:00,36.310001373291016,36.34000015258789,36.15999984741211,36.290000915527344,377500,32.129703521728516,0.0
EPHE,2013-01-22 19:00:00-05:00,36.18000030517578,36.20000076293945,36.099998474121094,36.18000030517578,204000,32.03231430053711,0.0
EPHE,2013-01-23 19:00:00-05:00,36.369998931884766,36.4900016784668,36.310001373291016,36.40999984741211,264200,32.23594665527344,0.0
EPHE,2013-01-24 19:00:00-05:00,36.58000183105469,36.59000015258789,36.380001068115234,36.459999084472656,233000,32.280216217041016,0.0
EPHE,2013-01-27 19:00:00-05:00,36.5099983215332,36.540000915527344,36.400001525878906,36.5099983215332,238900,32.32448196411133,0.0
EPHE,2013-01-28 19:00:00-05:00,36.68000030517578,37.150001525878906,36.650001525878906,37.08000183105469,480600,32.82914352416992,0.0
EPHE,2013-01-29 19:00:00-05:00,37.380001068115234,37.400001525878906,37.2400016784668,37.279998779296875,461700,33.00621032714844,0.0
EPHE,2013-01-30 19:00:00-05:00,37.189998626708984,37.290000915527344,37.15999984741211,37.2599983215332,299600,32.988502502441406,0.0
EPHE,2013-01-31 19:00:00-05:00,37.880001068115234,38.0,37.790000915527344,37.869998931884766,351300,33.528568267822266,0.0
EPHE,2013-02-03 19:00:00-05:00,38.290000915527344,38.369998931884766,38.099998474121094,38.150001525878906,380000,33.77647018432617,0.0
EPHE,2013-02-04 19:00:00-05:00,38.63999938964844,38.70000076293945,38.5,38.599998474121094,226200,34.174888610839844,0.0
EPHE,2013-02-05 19:00:00-05:00,38.2400016784668,38.33000183105469,38.09000015258789,38.290000915527344,287500,33.900428771972656,0.0
EPHE,2013-02-06 19:00:00-05:00,38.439998626708984,38.5,38.2400016784668,38.439998626708984,147700,34.03322982788086,0.0
EPHE,2013-02-07 19:00:00-05:00,38.439998626708984,38.63999938964844,38.38999938964844,38.599998474121094,216000,34.174888610839844,0.0
EPHE,2013-02-10 19:00:00-05:00,38.529998779296875,38.61000061035156,38.47999954223633,38.58000183105469,220200,34.15717697143555,0.0
EPHE,2013-02-11 19:00:00-05:00,38.599998474121094,38.7599983215332,38.5099983215332,38.709999084472656,179000,34.27227783203125,0.0
EPHE,2013-02-12 19:00:00-05:00,39.02000045776367,39.09000015258789,38.95000076293945,39.0,211500,34.52903366088867,0.0
EPHE,2013-02-13 19:00:00-05:00,38.95000076293945,38.97999954223633,38.83000183105469,38.959999084472656,322000,34.493621826171875,0.0
EPHE,2013-02-14 19:00:00-05:00,39.119998931884766,39.220001220703125,38.91999816894531,39.0099983215332,188600,34.53788757324219,0.0
EPHE,2013-02-18 19:00:00-05:00,39.63999938964844,39.849998474121094,39.560001373291016,39.70000076293945,562200,35.14878463745117,0.0
EPHE,2013-02-19 19:00:00-05:00,39.75,39.79999923706055,39.45000076293945,39.470001220703125,344700,34.94514846801758,0.0
EPHE,2013-02-20 19:00:00-05:00,39.599998474121094,39.66999816894531,39.2400016784668,39.349998474121094,339900,34.838905334472656,0.0
EPHE,2013-02-21 19:00:00-05:00,39.619998931884766,39.790000915527344,39.439998626708984,39.5,441600,34.97170639038086,0.0
EPHE,2013-02-24 19:00:00-05:00,40.04999923706055,40.22999954223633,39.529998779296875,39.529998779296875,421600,34.99827194213867,0.0
EPHE,2013-02-25 19:00:00-05:00,39.7400016784668,39.77000045776367,39.369998931884766,39.529998779296875,223300,34.99827194213867,0.0
EPHE,2013-02-26 19:00:00-05:00,39.56999969482422,39.91999816894531,39.4900016784668,39.880001068115234,298700,35.30815124511719,0.0
EPHE,2013-02-27 19:00:00-05:00,40.099998474121094,40.2599983215332,40.0,40.0,494200,35.41438674926758,0.0
EPHE,2013-02-28 19:00:00-05:00,39.43000030517578,39.599998474121094,39.209999084472656,39.5099983215332,395200,34.98057174682617,0.0
EPHE,2013-03-03 19:00:00-05:00,39.43000030517578,39.540000915527344,39.119998931884766,39.45000076293945,285500,34.92744445800781,0.0
EPHE,2013-03-04 19:00:00-05:00,39.75,40.119998931884766,39.75,40.0,265800,35.41438674926758,0.0
EPHE,2013-03-05 19:00:00-05:00,40.599998474121094,40.77000045776367,40.540000915527344,40.68000030517578,294400,36.01643753051758,0.0
EPHE,2013-03-06 19:00:00-05:00,40.150001525878906,40.47999954223633,40.09000015258789,40.459999084472656,1597300,35.821651458740234,0.0
EPHE,2013-03-07 19:00:00-05:00,40.86000061035156,40.900001525878906,40.75,40.7599983215332,576200,36.08726501464844,0.0
EPHE,2013-03-10 20:00:00-04:00,40.66999816894531,40.84000015258789,40.5099983215332,40.83000183105469,499900,36.14924240112305,0.0
EPHE,2013-03-11 20:00:00-04:00,40.65999984741211,40.66999816894531,40.43000030517578,40.5,549000,35.85707473754883,0.0
EPHE,2013-03-12 20:00:00-04:00,40.56999969482422,40.58000183105469,40.290000915527344,40.5,478200,35.85707473754883,0.0
EPHE,2013-03-13 20:00:00-04:00,40.189998626708984,40.349998474121094,40.11000061035156,40.279998779296875,460100,35.662288665771484,0.0
EPHE,2013-03-14 20:00:00-04:00,40.099998474121094,40.099998474121094,39.849998474121094,39.90999984741211,494200,35.3347053527832,0.0
EPHE,2013-03-17 20:00:00-04:00,39.25,39.31999969482422,38.90999984741211,39.11000061035156,599800,34.62641525268555,0.0
EPHE,2013-03-18 20:00:00-04:00,38.689998626708984,38.689998626708984,37.939998626708984,38.02000045776367,1084300,33.661376953125,0.0
EPHE,2013-03-19 20:00:00-04:00,38.45000076293945,38.7599983215332,38.400001525878906,38.459999084472656,351600,34.050933837890625,0.0
EPHE,2013-03-20 20:00:00-04:00,38.529998779296875,38.650001525878906,38.220001220703125,38.220001220703125,696600,33.83844757080078,0.0
EPHE,2013-03-21 20:00:00-04:00,38.619998931884766,38.970001220703125,38.58000183105469,38.880001068115234,410000,34.42279815673828,0.0
EPHE,2013-03-24 20:00:00-04:00,39.279998779296875,39.43000030517578,39.04999923706055,39.130001068115234,375600,34.64412307739258,0.0
EPHE,2013-03-25 20:00:00-04:00,39.56999969482422,39.77000045776367,39.400001525878906,39.7599983215332,268700,35.201904296875,0.0
EPHE,2013-03-26 20:00:00-04:00,40.59000015258789,40.869998931884766,40.5099983215332,40.849998474121094,429500,36.16694641113281,0.0
EPHE,2013-03-27 20:00:00-04:00,40.880001068115234,41.2599983215332,40.849998474121094,41.13999938964844,455500,36.4237060546875,0.0
EPHE,2013-03-31 20:00:00-04:00,41.04999923706055,41.09000015258789,40.630001068115234,40.650001525878906,318400,35.98988342285156,0.0
EPHE,2013-04-01 20:00:00-04:00,40.38999938964844,40.400001525878906,40.060001373291016,40.09000015258789,359100,35.49407196044922,0.0
EPHE,2013-04-02 20:00:00-04:00,40.380001068115234,40.70000076293945,40.16999816894531,40.27000045776367,246800,35.6534309387207,0.0
EPHE,2013-04-03 20:00:00-04:00,40.0,40.06999969482422,39.79999923706055,39.9900016784668,175400,35.40554428100586,0.0
EPHE,2013-04-04 20:00:00-04:00,39.38999938964844,39.810001373291016,39.2599983215332,39.790000915527344,568700,35.22847366333008,0.0
EPHE,2013-04-07 20:00:00-04:00,39.810001373291016,39.810001373291016,39.5,39.77000045776367,206900,35.21075439453125,0.0
EPHE,2013-04-08 20:00:00-04:00,40.09000015258789,40.119998931884766,39.77000045776367,40.02000045776367,223600,35.432106018066406,0.0
EPHE,2013-04-09 20:00:00-04:00,40.630001068115234,41.0,40.58000183105469,40.90999984741211,163300,36.220069885253906,0.0
EPHE,2013-04-10 20:00:00-04:00,40.650001525878906,40.97999954223633,40.650001525878906,40.900001525878906,223400,36.211219787597656,0.0
EPHE,2013-04-11 20:00:00-04:00,40.65999984741211,40.7599983215332,40.33000183105469,40.529998779296875,270700,35.883628845214844,0.0
EPHE,2013-04-14 20:00:00-04:00,40.150001525878906,40.31999969482422,39.650001525878906,39.75,243200,35.193050384521484,0.0
EPHE,2013-04-15 20:00:00-04:00,39.7400016784668,39.93000030517578,39.650001525878906,39.849998474121094,197400,35.281585693359375,0.0
EPHE,2013-04-16 20:00:00-04:00,40.11000061035156,40.119998931884766,39.560001373291016,39.65999984741211,232900,35.113365173339844,0.0
EPHE,2013-04-17 20:00:00-04:00,40.150001525878906,40.40999984741211,39.9900016784668,40.02000045776367,174800,35.432106018066406,0.0
EPHE,2013-04-18 20:00:00-04:00,40.81999969482422,41.040000915527344,40.810001373291016,40.970001220703125,223300,36.2731819152832,0.0
EPHE,2013-04-21 20:00:00-04:00,41.540000915527344,41.869998931884766,41.40999984741211,41.77000045776367,471800,36.98147201538086,0.0
EPHE,2013-04-22 20:00:00-04:00,41.33000183105469,41.619998931884766,41.310001373291016,41.529998779296875,362200,36.76898956298828,0.0
EPHE,2013-04-23 20:00:00-04:00,40.970001220703125,41.119998931884766,40.86000061035156,41.029998779296875,365000,36.32630920410156,0.0
EPHE,2013-04-24 20:00:00-04:00,41.15999984741211,41.380001068115234,41.099998474121094,41.31999969482422,273100,36.58306121826172,0.0
EPHE,2013-04-25 20:00:00-04:00,41.459999084472656,41.459999084472656,41.25,41.33000183105469,165800,36.5919189453125,0.0
EPHE,2013-04-28 20:00:00-04:00,41.47999954223633,42.0,41.439998626708984,41.75,415300,36.96377182006836,0.0
EPHE,2013-04-29 20:00:00-04:00,41.75,41.939998626708984,41.61000061035156,41.880001068115234,358900,37.07887268066406,0.0
EPHE,2013-04-30 20:00:00-04:00,41.88999938964844,41.88999938964844,41.52000045776367,41.54999923706055,161000,36.78669357299805,0.0
EPHE,2013-05-01 20:00:00-04:00,42.2400016784668,42.54999923706055,42.0,42.540000915527344,633800,37.6632080078125,0.0
EPHE,2013-05-02 20:00:00-04:00,43.13999938964844,43.4900016784668,43.130001068115234,43.25,261100,38.29181671142578,0.0
EPHE,2013-05-05 20:00:00-04:00,42.810001373291016,42.90999984741211,42.56999969482422,42.810001373291016,198800,37.902252197265625,0.0
EPHE,2013-05-06 20:00:00-04:00,42.619998931884766,42.720001220703125,42.56999969482422,42.65999984741211,244500,37.769447326660156,0.0
EPHE,2013-05-07 20:00:00-04:00,42.900001525878906,43.040000915527344,42.849998474121094,43.02000045776367,244200,38.088172912597656,0.0
EPHE,2013-05-08 20:00:00-04:00,42.93000030517578,42.97999954223633,42.7400016784668,42.849998474121094,258500,37.93765640258789,0.0
EPHE,2013-05-09 20:00:00-04:00,42.869998931884766,42.9900016784668,42.779998779296875,42.83000183105469,241100,37.919960021972656,0.0
EPHE,2013-05-12 20:00:00-04:00,42.77000045776367,42.869998931884766,42.72999954223633,42.779998779296875,203700,37.87568283081055,0.0
EPHE,2013-05-13 20:00:00-04:00,43.0099983215332,43.33000183105469,43.0099983215332,43.27000045776367,175000,38.30951690673828,0.0
EPHE,2013-05-14 20:00:00-04:00,43.529998779296875,43.59000015258789,43.400001525878906,43.470001220703125,288400,38.48659133911133,0.0
EPHE,2013-05-15 20:00:00-04:00,42.9900016784668,42.9900016784668,42.650001525878906,42.650001525878906,281500,37.76059341430664,0.0
EPHE,2013-05-16 20:00:00-04:00,42.599998474121094,42.790000915527344,42.599998474121094,42.70000076293945,197800,37.80485916137695,0.0
EPHE,2013-05-19 20:00:00-04:00,42.599998474121094,42.689998626708984,42.52000045776367,42.63999938964844,228000,37.75173568725586,0.0
EPHE,2013-05-20 20:00:00-04:00,42.86000061035156,43.0099983215332,42.709999084472656,42.93000030517578,281700,38.00849151611328,0.0
EPHE,2013-05-21 20:00:00-04:00,43.220001220703125,43.5099983215332,42.720001220703125,42.790000915527344,325300,37.884544372558594,0.0
EPHE,2013-05-22 20:00:00-04:00,41.900001525878906,42.119998931884766,41.25,41.880001068115234,613000,37.07887268066406,0.0
EPHE,2013-05-23 20:00:00-04:00,41.720001220703125,41.720001220703125,41.380001068115234,41.54999923706055,368700,36.78669357299805,0.0
EPHE,2013-05-27 20:00:00-04:00,40.66999816894531,40.810001373291016,40.5,40.779998779296875,830900,36.10496139526367,0.0
EPHE,2013-05-28 20:00:00-04:00,40.83000183105469,40.88999938964844,40.4900016784668,40.56999969482422,420000,35.91904067993164,0.0
EPHE,2013-05-29 20:00:00-04:00,39.470001220703125,39.470001220703125,38.790000915527344,39.16999816894531,860200,34.67954635620117,0.0
EPHE,2013-05-30 20:00:00-04:00,39.40999984741211,39.5,38.810001373291016,39.0099983215332,854900,34.53788757324219,0.0
EPHE,2013-06-02 20:00:00-04:00,38.0,38.31999969482422,37.529998779296875,38.25,788200,33.86501693725586,0.0
EPHE,2013-06-03 20:00:00-04:00,37.61000061035156,37.630001068115234,37.2400016784668,37.47999954223633,849600,33.183284759521484,0.0
EPHE,2013-06-04 20:00:00-04:00,36.81999969482422,36.880001068115234,36.290000915527344,36.349998474121094,842100,32.182830810546875,0.0
EPHE,2013-06-05 20:00:00-04:00,36.720001220703125,37.2599983215332,36.720001220703125,37.189998626708984,421300,32.926536560058594,0.0
EPHE,2013-06-06 20:00:00-04:00,37.59000015258789,38.029998779296875,37.34000015258789,37.77000045776367,312900,33.440032958984375,0.0
EPHE,2013-06-09 20:00:00-04:00,37.939998626708984,37.95000076293945,37.470001220703125,37.66999816894531,588400,33.351497650146484,0.0
EPHE,2013-06-10 20:00:00-04:00,35.880001068115234,36.029998779296875,35.400001525878906,35.720001220703125,801200,31.625062942504883,0.0
EPHE,2013-06-11 20:00:00-04:00,35.720001220703125,35.97999954223633,35.369998931884766,35.70000076293945,597900,31.607341766357422,0.0
EPHE,2013-06-12 20:00:00-04:00,34.04999923706055,35.47999954223633,33.88999938964844,35.380001068115234,944800,31.324024200439453,0.0
EPHE,2013-06-13 20:00:00-04:00,34.9900016784668,35.119998931884766,34.40999984741211,34.79999923706055,520300,30.810518264770508,0.0
EPHE,2013-06-16 20:00:00-04:00,35.0,35.45000076293945,35.0,35.13999938964844,352600,31.11154556274414,0.0
EPHE,2013-06-17 20:00:00-04:00,35.849998474121094,36.20000076293945,35.79999923706055,36.189998626708984,341500,32.04117202758789,0.0
EPHE,2013-06-18 20:00:00-04:00,35.810001373291016,36.13999938964844,35.0,35.04999923706055,222400,31.031862258911133,0.0
EPHE,2013-06-19 20:00:00-04:00,33.9900016784668,33.9900016784668,31.93000030517578,32.22999954223633,1010700,28.53514289855957,0.0
EPHE,2013-06-20 20:00:00-04:00,33.130001068115234,33.400001525878906,32.31999969482422,33.16999816894531,668600,29.367380142211914,0.0
EPHE,2013-06-23 20:00:00-04:00,31.93000030517578,32.02000045776367,30.93000030517578,31.719999313354492,835300,28.0836124420166,0.0
EPHE,2013-06-24 20:00:00-04:00,31.920000076293945,32.29999923706055,31.65999984741211,32.16999816894531,701100,28.482019424438477,0.0
EPHE,2013-06-25 20:00:00-04:00,33.529998779296875,34.380001068115234,33.529998779296875,34.22999954223633,767500,30.305862426757812,0.0
EPHE,2013-06-26 20:00:00-04:00,34.40999984741211,35.06999969482422,34.349998474121094,34.959999084472656,445700,31.21664047241211,0.29
EPHE,2013-06-27 20:00:00-04:00,34.7400016784668,35.209999084472656,34.380001068115234,35.040000915527344,290500,31.288082122802734,0.0
EPHE,2013-06-30 20:00:00-04:00,35.4900016784668,35.650001525878906,35.06999969482422,35.150001525878906,226300,31.38630485534668,0.0
EPHE,2013-07-01 20:00:00-04:00,35.150001525878906,35.439998626708984,34.22999954223633,34.83000183105469,378300,31.100574493408203,0.0
EPHE,2013-07-02 20:00:00-04:00,35.130001068115234,35.5,34.83000183105469,35.11000061035156,198800,31.350584030151367,0.0
EPHE,2013-07-04 20:00:00-04:00,35.029998779296875,35.029998779296875,33.95000076293945,34.65999984741211,508000,30.948766708374023,0.0
EPHE,2013-07-07 20:00:00-04:00,33.7599983215332,34.43000030517578,33.7599983215332,33.91999816894531,282300,30.288005828857422,0.0
EPHE,2013-07-08 20:00:00-04:00,34.31999969482422,34.529998779296875,33.83000183105469,34.43000030517578,287500,30.743396759033203,0.0
EPHE,2013-07-09 20:00:00-04:00,33.959999084472656,34.130001068115234,33.75,33.7599983215332,212100,30.1451358795166,0.0
EPHE,2013-07-10 20:00:00-04:00,34.77000045776367,35.720001220703125,34.66999816894531,35.70000076293945,443400,31.877418518066406,0.0
EPHE,2013-07-11 20:00:00-04:00,35.93000030517578,36.02000045776367,35.61000061035156,35.70000076293945,253600,31.877418518066406,0.0
EPHE,2013-07-14 20:00:00-04:00,36.029998779296875,36.34000015258789,35.95000076293945,36.220001220703125,170500,32.34174346923828,0.0
EPHE,2013-07-15 20:00:00-04:00,35.959999084472656,36.22999954223633,35.880001068115234,36.16999816894531,139000,32.29709243774414,0.0
EPHE,2013-07-16 20:00:00-04:00,36.18000030517578,36.560001373291016,36.18000030517578,36.43000030517578,115200,32.52923583984375,0.0
EPHE,2013-07-17 20:00:00-04:00,36.61000061035156,36.790000915527344,36.369998931884766,36.63999938964844,368400,32.716758728027344,0.0
EPHE,2013-07-18 20:00:00-04:00,36.36000061035156,36.47999954223633,36.130001068115234,36.34000015258789,119600,32.448883056640625,0.0
EPHE,2013-07-21 20:00:00-04:00,36.380001068115234,36.959999084472656,36.34000015258789,36.959999084472656,177100,33.00249481201172,0.0
EPHE,2013-07-22 20:00:00-04:00,37.08000183105469,37.349998474121094,37.06999969482422,37.31999969482422,232500,33.32395553588867,0.0
EPHE,2013-07-23 20:00:00-04:00,37.380001068115234,37.459999084472656,36.95000076293945,37.15999984741211,392300,33.181087493896484,0.0
EPHE,2013-07-24 20:00:00-04:00,37.20000076293945,37.470001220703125,36.91999816894531,37.459999084472656,212400,33.4489631652832,0.0
EPHE,2013-07-25 20:00:00-04:00,37.0099983215332,37.310001373291016,36.720001220703125,37.290000915527344,114700,33.29716110229492,0.0
EPHE,2013-07-28 20:00:00-04:00,36.86000061035156,37.0099983215332,36.650001525878906,36.689998626708984,151700,32.76140594482422,0.0
EPHE,2013-07-29 20:00:00-04:00,36.72999954223633,36.810001373291016,36.220001220703125,36.29999923706055,148800,32.41316223144531,0.0
EPHE,2013-07-30 20:00:00-04:00,36.0099983215332,36.09000015258789,35.400001525878906,36.0,678900,32.14529037475586,0.0
EPHE,2013-07-31 20:00:00-04:00,36.099998474121094,36.779998779296875,36.099998474121094,36.72999954223633,168300,32.7971305847168,0.0
EPHE,2013-08-01 20:00:00-04:00,35.529998779296875,35.86000061035156,35.310001373291016,35.7400016784668,169000,31.913127899169922,0.0
EPHE,2013-08-04 20:00:00-04:00,35.2599983215332,35.29999923706055,34.81999969482422,35.0,156500,31.25235939025879,0.0
EPHE,2013-08-05 20:00:00-04:00,34.59000015258789,34.95000076293945,34.119998931884766,34.369998931884766,140200,30.689817428588867,0.0
EPHE,2013-08-06 20:00:00-04:00,34.15999984741211,34.33000183105469,34.029998779296875,34.15999984741211,181100,30.502304077148438,0.0
EPHE,2013-08-07 20:00:00-04:00,34.220001220703125,34.65999984741211,34.040000915527344,34.540000915527344,225900,30.84161949157715,0.0
EPHE,2013-08-08 20:00:00-04:00,34.61000061035156,34.84000015258789,34.5,34.61000061035156,139300,30.904117584228516,0.0
EPHE,2013-08-11 20:00:00-04:00,34.5,34.970001220703125,34.41999816894531,34.93000030517578,128800,31.189855575561523,0.0
EPHE,2013-08-12 20:00:00-04:00,35.08000183105469,35.45000076293945,35.040000915527344,35.290000915527344,170600,31.511320114135742,0.0
EPHE,2013-08-13 20:00:00-04:00,35.91999816894531,35.959999084472656,35.650001525878906,35.779998779296875,304600,31.948848724365234,0.0
EPHE,2013-08-14 20:00:00-04:00,35.09000015258789,35.099998474121094,34.709999084472656,35.040000915527344,54300,31.288082122802734,0.0
EPHE,2013-08-15 20:00:00-04:00,35.16999816894531,35.27000045776367,34.70000076293945,34.7400016784668,101700,31.020204544067383,0.0
EPHE,2013-08-18 20:00:00-04:00,34.41999816894531,34.470001220703125,33.68000030517578,33.68000030517578,781900,30.073701858520508,0.0
EPHE,2013-08-19 20:00:00-04:00,33.220001220703125,33.470001220703125,32.970001220703125,33.220001220703125,617300,29.6629581451416,0.0
EPHE,2013-08-20 20:00:00-04:00,32.869998931884766,32.93000030517578,32.400001525878906,32.439998626708984,453300,28.966472625732422,0.0
EPHE,2013-08-21 20:00:00-04:00,31.850000381469727,32.16999816894531,31.469999313354492,32.02000045776367,1678600,28.591453552246094,0.0
EPHE,2013-08-22 20:00:00-04:00,32.439998626708984,32.4900016784668,32.06999969482422,32.47999954223633,481100,29.002195358276367,0.0
EPHE,2013-08-25 20:00:00-04:00,32.58000183105469,32.75,32.0,32.119998931884766,370900,28.680740356445312,0.0
EPHE,2013-08-26 20:00:00-04:00,30.59000015258789,30.59000015258789,29.389999389648438,29.549999237060547,954700,26.38592529296875,0.0
EPHE,2013-08-27 20:00:00-04:00,29.530000686645508,30.049999237060547,29.0,29.40999984741211,848000,26.260915756225586,0.0
EPHE,2013-08-28 20:00:00-04:00,30.5,31.010000228881836,30.389999389648438,30.549999237060547,694800,27.278852462768555,0.0
EPHE,2013-08-29 20:00:00-04:00,31.559999465942383,31.559999465942383,30.920000076293945,31.15999984741211,626400,27.823537826538086,0.0
EPHE,2013-09-02 20:00:00-04:00,31.780000686645508,31.850000381469727,31.18000030517578,31.299999237060547,320500,27.948543548583984,0.0
EPHE,2013-09-03 20:00:00-04:00,31.200000762939453,31.790000915527344,31.200000762939453,31.540000915527344,357600,28.162845611572266,0.0
EPHE,2013-09-04 20:00:00-04:00,31.329999923706055,31.549999237060547,31.06999969482422,31.469999313354492,414200,28.100337982177734,0.0
EPHE,2013-09-05 20:00:00-04:00,31.989999771118164,32.40999984741211,31.399999618530273,32.220001220703125,457300,28.770038604736328,0.0
EPHE,2013-09-08 20:00:00-04:00,32.279998779296875,33.34000015258789,32.13999938964844,33.25,501100,29.689741134643555,0.0
EPHE,2013-09-09 20:00:00-04:00,33.38999938964844,33.650001525878906,33.13999938964844,33.599998474121094,758300,30.002267837524414,0.0
EPHE,2013-09-10 20:00:00-04:00,33.58000183105469,33.58000183105469,33.209999084472656,33.5,362500,29.912979125976562,0.0
EPHE,2013-09-11 20:00:00-04:00,33.20000076293945,33.20000076293945,32.7599983215332,32.84000015258789,380700,29.323652267456055,0.0
EPHE,2013-09-12 20:00:00-04:00,33.099998474121094,33.099998474121094,32.5,33.0099983215332,156400,29.475444793701172,0.0
EPHE,2013-09-15 20:00:00-04:00,34.0,34.04999923706055,33.63999938964844,33.869998931884766,288900,30.243358612060547,0.0
EPHE,2013-09-16 20:00:00-04:00,34.06999969482422,34.27000045776367,33.779998779296875,33.900001525878906,481400,30.27014923095703,0.0
EPHE,2013-09-17 20:00:00-04:00,34.029998779296875,36.380001068115234,33.65999984741211,36.34000015258789,899800,32.448883056640625,0.0
EPHE,2013-09-18 20:00:00-04:00,35.849998474121094,36.279998779296875,35.560001373291016,35.93000030517578,664800,32.08278274536133,0.0
EPHE,2013-09-19 20:00:00-04:00,35.439998626708984,35.45000076293945,34.18000030517578,34.279998779296875,350600,30.60945701599121,0.0
EPHE,2013-09-22 20:00:00-04:00,34.810001373291016,35.220001220703125,34.75,35.11000061035156,103900,31.350584030151367,0.0
EPHE,2013-09-23 20:00:00-04:00,34.66999816894531,34.91999816894531,34.18000030517578,34.2599983215332,435800,30.59160041809082,0.0
EPHE,2013-09-24 20:00:00-04:00,34.29999923706055,34.45000076293945,33.77000045776367,34.209999084472656,373400,30.546951293945312,0.0
EPHE,2013-09-25 20:00:00-04:00,34.25,34.47999954223633,33.88999938964844,34.29999923706055,199700,30.627315521240234,0.0
EPHE,2013-09-26 20:00:00-04:00,33.959999084472656,34.150001525878906,33.619998931884766,33.869998931884766,203200,30.243358612060547,0.0
EPHE,2013-09-29 20:00:00-04:00,32.599998474121094,32.95000076293945,32.4900016784668,32.88999938964844,275000,29.36829376220703,0.0
EPHE,2013-09-30 20:00:00-04:00,32.779998779296875,33.689998626708984,32.779998779296875,33.630001068115234,545200,30.029054641723633,0.0
EPHE,2013-10-01 20:00:00-04:00,34.060001373291016,34.439998626708984,33.959999084472656,34.41999816894531,210400,30.734466552734375,0.0
EPHE,2013-10-02 20:00:00-04:00,34.5,34.65999984741211,33.61000061035156,33.90999984741211,297000,30.27907371520996,0.0
EPHE,2013-10-03 20:00:00-04:00,34.25,34.7599983215332,34.130001068115234,34.70000076293945,243300,30.9844913482666,0.0
EPHE,2013-10-06 20:00:00-04:00,34.959999084472656,34.959999084472656,34.40999984741211,34.58000183105469,312200,30.877336502075195,0.0
EPHE,2013-10-07 20:00:00-04:00,34.75,35.0,33.66999816894531,33.70000076293945,277400,30.09156608581543,0.0
EPHE,2013-10-08 20:00:00-04:00,33.88999938964844,34.060001373291016,33.4900016784668,33.95000076293945,300100,30.314796447753906,0.0
EPHE,2013-10-09 20:00:00-04:00,34.9900016784668,35.56999969482422,34.689998626708984,35.45000076293945,335000,31.654176712036133,0.0
EPHE,2013-10-10 20:00:00-04:00,35.040000915527344,35.650001525878906,35.040000915527344,35.630001068115234,198400,31.81490135192871,0.0
EPHE,2013-10-13 20:00:00-04:00,34.900001525878906,35.54999923706055,34.56999969482422,35.27000045776367,165700,31.493465423583984,0.0
EPHE,2013-10-14 20:00:00-04:00,35.279998779296875,35.5,34.790000915527344,34.849998474121094,264900,31.118431091308594,0.0
EPHE,2013-10-15 20:00:00-04:00,35.09000015258789,35.29999923706055,34.880001068115234,35.150001525878906,220000,31.38630485534668,0.0
EPHE,2013-10-16 20:00:00-04:00,35.16999816894531,35.880001068115234,35.16999816894531,35.65999984741211,226100,31.841705322265625,0.0
EPHE,2013-10-17 20:00:00-04:00,35.900001525878906,35.959999084472656,35.619998931884766,35.810001373291016,216700,31.975643157958984,0.0
EPHE,2013-10-20 20:00:00-04:00,35.5099983215332,35.70000076293945,35.22999954223633,35.36000061035156,337100,31.573820114135742,0.0
EPHE,2013-10-21 20:00:00-04:00,35.869998931884766,36.13999938964844,35.58000183105469,35.869998931884766,536700,32.02920150756836,0.0
EPHE,2013-10-22 20:00:00-04:00,35.79999923706055,35.79999923706055,35.22999954223633,35.25,213000,31.475595474243164,0.0
EPHE,2013-10-23 20:00:00-04:00,35.43000030517578,35.47999954223633,34.83000183105469,34.970001220703125,217300,31.2255802154541,0.0
EPHE,2013-10-24 20:00:00-04:00,34.9900016784668,35.29999923706055,34.9900016784668,35.29999923706055,78000,31.520238876342773,0.0
EPHE,2013-10-27 20:00:00-04:00,35.0,35.54999923706055,35.0,35.310001373291016,163600,31.529172897338867,0.0
EPHE,2013-10-28 20:00:00-04:00,35.2400016784668,35.560001373291016,35.04999923706055,35.2599983215332,174800,31.484525680541992,0.0
EPHE,2013-10-29 20:00:00-04:00,35.709999084472656,35.790000915527344,34.72999954223633,35.0,265900,31.25235939025879,0.0
EPHE,2013-10-30 20:00:00-04:00,35.380001068115234,35.4900016784668,35.04999923706055,35.20000076293945,235400,31.43094253540039,0.0
EPHE,2013-10-31 20:00:00-04:00,35.13999938964844,35.40999984741211,34.65999984741211,34.970001220703125,279800,31.2255802154541,0.0
EPHE,2013-11-03 19:00:00-05:00,34.88999938964844,35.41999816894531,34.88999938964844,35.400001525878906,175000,31.60953140258789,0.0
EPHE,2013-11-04 19:00:00-05:00,35.04999923706055,35.18000030517578,34.720001220703125,34.779998779296875,152200,31.05592155456543,0.0
EPHE,2013-11-05 19:00:00-05:00,34.790000915527344,35.0099983215332,34.68000030517578,34.90999984741211,118400,31.171998977661133,0.0
EPHE,2013-11-06 19:00:00-05:00,35.029998779296875,35.029998779296875,33.72999954223633,33.810001373291016,480400,30.189777374267578,0.0
EPHE,2013-11-07 19:00:00-05:00,33.650001525878906,34.0,33.099998474121094,33.849998474121094,716100,30.225500106811523,0.0
EPHE,2013-11-10 19:00:00-05:00,33.099998474121094,33.540000915527344,33.099998474121094,33.47999954223633,196000,29.89512062072754,0.0
EPHE,2013-11-11 19:00:00-05:00,33.33000183105469,33.630001068115234,33.0,33.34000015258789,427600,29.770105361938477,0.0
EPHE,2013-11-12 19:00:00-05:00,33.18000030517578,33.9900016784668,33.16999816894531,33.84000015258789,378500,30.216571807861328,0.0
EPHE,2013-11-13 19:00:00-05:00,33.77000045776367,34.209999084472656,33.5099983215332,34.09000015258789,193300,30.439802169799805,0.0
EPHE,2013-11-14 19:00:00-05:00,34.04999923706055,34.900001525878906,34.0,34.65999984741211,259000,30.948766708374023,0.0
EPHE,2013-11-17 19:00:00-05:00,34.58000183105469,34.619998931884766,34.11000061035156,34.15999984741211,213300,30.502304077148438,0.0
EPHE,2013-11-18 19:00:00-05:00,33.66999816894531,33.810001373291016,33.34000015258789,33.38999938964844,163900,29.814754486083984,0.0
EPHE,2013-11-19 19:00:00-05:00,32.9900016784668,33.0,32.27000045776367,32.36000061035156,182800,28.895051956176758,0.0
EPHE,2013-11-20 19:00:00-05:00,32.58000183105469,32.86000061035156,32.43000030517578,32.779998779296875,234300,29.27007293701172,0.0
EPHE,2013-11-21 19:00:00-05:00,32.400001525878906,32.59000015258789,32.0099983215332,32.41999816894531,211200,28.94862174987793,0.0
EPHE,2013-11-24 19:00:00-05:00,32.0099983215332,32.13999938964844,31.510000228881836,31.559999465942383,426000,28.18070411682129,0.0
EPHE,2013-11-25 19:00:00-05:00,31.93000030517578,32.09000015258789,31.84000015258789,32.04999923706055,392900,28.618234634399414,0.0
EPHE,2013-11-26 19:00:00-05:00,32.31999969482422,32.86000061035156,32.2400016784668,32.810001373291016,223400,29.296863555908203,0.0
EPHE,2013-11-28 19:00:00-05:00,32.900001525878906,33.59000015258789,32.900001525878906,33.459999084472656,189900,29.87725830078125,0.0
EPHE,2013-12-01 19:00:00-05:00,33.93000030517578,33.93000030517578,32.630001068115234,32.75,113900,29.243282318115234,0.0
EPHE,2013-12-02 19:00:00-05:00,32.880001068115234,32.970001220703125,32.40999984741211,32.59000015258789,109600,29.10041046142578,0.0
EPHE,2013-12-03 19:00:00-05:00,32.58000183105469,32.58000183105469,31.850000381469727,32.20000076293945,145200,28.752174377441406,0.0
EPHE,2013-12-04 19:00:00-05:00,31.809999465942383,32.09000015258789,31.75,31.889999389648438,142100,28.475370407104492,0.0
EPHE,2013-12-05 19:00:00-05:00,32.16999816894531,32.52000045776367,31.940000534057617,32.41999816894531,92200,28.94862174987793,0.0
EPHE,2013-12-08 19:00:00-05:00,32.25,32.25,31.780000686645508,32.08000183105469,79600,28.6450252532959,0.0
EPHE,2013-12-09 19:00:00-05:00,31.049999237060547,31.360000610351562,31.0,31.280000686645508,200200,27.930681228637695,0.0
EPHE,2013-12-10 19:00:00-05:00,31.5,31.5,30.68000030517578,30.709999084472656,122100,27.421716690063477,0.0
EPHE,2013-12-11 19:00:00-05:00,30.690000534057617,30.690000534057617,30.25,30.34000015258789,125300,27.091331481933594,0.0
EPHE,2013-12-12 19:00:00-05:00,30.329999923706055,30.6200008392334,30.270000457763672,30.399999618530273,107100,27.144908905029297,0.0
EPHE,2013-12-15 19:00:00-05:00,31.260000228881836,31.40999984741211,31.010000228881836,31.170000076293945,121000,27.83246421813965,0.0
EPHE,2013-12-16 19:00:00-05:00,31.31999969482422,31.389999389648438,31.06999969482422,31.139999389648438,108000,27.80567169189453,0.0
EPHE,2013-12-17 19:00:00-05:00,31.25,31.979999542236328,31.0,31.93000030517578,92800,28.549592971801758,0.042
EPHE,2013-12-18 19:00:00-05:00,31.09000015258789,31.770000457763672,30.799999237060547,31.329999923706055,227700,28.013113021850586,0.0
EPHE,2013-12-19 19:00:00-05:00,30.700000762939453,30.889999389648438,30.5,30.700000762939453,263400,27.449811935424805,0.0
EPHE,2013-12-22 19:00:00-05:00,31.010000228881836,31.200000762939453,30.8799991607666,31.0,223400,27.71805191040039,0.0
EPHE,2013-12-23 19:00:00-05:00,31.0,31.290000915527344,31.0,31.270000457763672,41600,27.95946502685547,0.0
EPHE,2013-12-25 19:00:00-05:00,30.959999084472656,30.979999542236328,30.68000030517578,30.760000228881836,55700,27.50346565246582,0.0
EPHE,2013-12-26 19:00:00-05:00,31.06999969482422,31.200000762939453,30.90999984741211,30.979999542236328,178600,27.70016860961914,0.0
EPHE,2013-12-29 19:00:00-05:00,30.959999084472656,31.350000381469727,30.940000534057617,31.229999542236328,79400,27.923704147338867,0.0
EPHE,2013-12-30 19:00:00-05:00,31.239999771118164,31.600000381469727,31.15999984741211,31.600000381469727,68000,28.254531860351562,0.0
EPHE,2014-01-01 19:00:00-05:00,31.600000381469727,31.8799991607666,30.90999984741211,31.040000915527344,323400,27.753816604614258,0.0
EPHE,2014-01-02 19:00:00-05:00,31.18000030517578,31.229999542236328,30.709999084472656,30.850000381469727,77700,27.583932876586914,0.0
EPHE,2014-01-05 19:00:00-05:00,31.270000457763672,31.329999923706055,31.040000915527344,31.200000762939453,186100,27.896873474121094,0.0
EPHE,2014-01-06 19:00:00-05:00,31.200000762939453,31.309999465942383,30.969999313354492,31.059999465942383,64100,27.771696090698242,0.0
EPHE,2014-01-07 19:00:00-05:00,31.200000762939453,31.389999389648438,31.010000228881836,31.100000381469727,108900,27.807466506958008,0.0
EPHE,2014-01-08 19:00:00-05:00,31.0,31.18000030517578,30.719999313354492,31.100000381469727,89000,27.807466506958008,0.0
EPHE,2014-01-09 19:00:00-05:00,30.8799991607666,31.399999618530273,30.760000228881836,31.299999237060547,205200,27.986286163330078,0.0
EPHE,2014-01-12 19:00:00-05:00,31.40999984741211,31.56999969482422,30.760000228881836,31.010000228881836,248000,27.726991653442383,0.0
EPHE,2014-01-13 19:00:00-05:00,31.0,31.3700008392334,30.959999084472656,31.229999542236328,194200,27.923704147338867,0.0
EPHE,2014-01-14 19:00:00-05:00,31.15999984741211,31.239999771118164,31.0,31.020000457763672,68100,27.735931396484375,0.0
EPHE,2014-01-15 19:00:00-05:00,31.110000610351562,31.110000610351562,30.780000686645508,30.899999618530273,56900,27.628639221191406,0.0
EPHE,2014-01-16 19:00:00-05:00,30.889999389648438,31.040000915527344,30.75,30.81999969482422,89300,27.557106018066406,0.0
EPHE,2014-01-20 19:00:00-05:00,30.920000076293945,31.149999618530273,30.6200008392334,30.780000686645508,152500,27.52134132385254,0.0
EPHE,2014-01-21 19:00:00-05:00,31.350000381469727,31.649999618530273,31.25,31.59000015258789,211500,28.245586395263672,0.0
EPHE,2014-01-22 19:00:00-05:00,31.6200008392334,31.649999618530273,30.90999984741211,31.440000534057617,313000,28.111467361450195,0.0
EPHE,2014-01-23 19:00:00-05:00,31.59000015258789,31.59000015258789,30.850000381469727,31.030000686645508,566800,27.744876861572266,0.0
EPHE,2014-01-26 19:00:00-05:00,31.18000030517578,31.440000534057617,30.8700008392334,30.979999542236328,214900,27.70016860961914,0.0
EPHE,2014-01-27 19:00:00-05:00,31.059999465942383,31.280000686645508,30.920000076293945,30.940000534057617,210000,27.664403915405273,0.0
EPHE,2014-01-28 19:00:00-05:00,30.899999618530273,30.920000076293945,30.350000381469727,30.450000762939453,118800,27.22627830505371,0.0
EPHE,2014-01-29 19:00:00-05:00,31.0,31.139999389648438,30.770000457763672,30.920000076293945,105400,27.646520614624023,0.0
EPHE,2014-01-30 19:00:00-05:00,30.8700008392334,31.110000610351562,30.3700008392334,30.959999084472656,113600,27.68228530883789,0.0
EPHE,2014-02-02 19:00:00-05:00,30.899999618530273,31.0,30.020000457763672,30.170000076293945,163200,26.975923538208008,0.0
EPHE,2014-02-03 19:00:00-05:00,30.309999465942383,30.93000030517578,30.309999465942383,30.829999923706055,382900,27.56604766845703,0.0
EPHE,2014-02-04 19:00:00-05:00,30.809999465942383,30.850000381469727,30.3799991607666,30.6299991607666,117100,27.38722038269043,0.0
EPHE,2014-02-05 19:00:00-05:00,30.739999771118164,31.299999237060547,30.700000762939453,31.260000228881836,453000,27.950523376464844,0.0
EPHE,2014-02-06 19:00:00-05:00,31.459999084472656,31.790000915527344,31.170000076293945,31.489999771118164,166500,28.156173706054688,0.0
EPHE,2014-02-09 19:00:00-05:00,31.530000686645508,31.600000381469727,31.200000762939453,31.290000915527344,111100,27.97734832763672,0.0
EPHE,2014-02-10 19:00:00-05:00,31.6299991607666,32.599998474121094,31.6299991607666,32.15999984741211,924900,28.755245208740234,0.0
EPHE,2014-02-11 19:00:00-05:00,32.220001220703125,32.34000015258789,31.8700008392334,31.959999084472656,223000,28.576416015625,0.0
EPHE,2014-02-12 19:00:00-05:00,31.690000534057617,32.220001220703125,31.690000534057617,32.0099983215332,237900,28.621118545532227,0.0
EPHE,2014-02-13 19:00:00-05:00,32.099998474121094,32.63999938964844,32.060001373291016,32.369998931884766,329100,28.943002700805664,0.0
EPHE,2014-02-17 19:00:00-05:00,32.779998779296875,32.79999923706055,32.369998931884766,32.470001220703125,150900,29.032426834106445,0.0
EPHE,2014-02-18 19:00:00-05:00,32.83000183105469,33.209999084472656,32.70000076293945,32.880001068115234,218500,29.399019241333008,0.0
EPHE,2014-02-19 19:00:00-05:00,33.220001220703125,33.599998474121094,33.08000183105469,33.52000045776367,218800,29.97126007080078,0.0
EPHE,2014-02-20 19:00:00-05:00,33.459999084472656,33.630001068115234,33.209999084472656,33.45000076293945,270000,29.908672332763672,0.0
EPHE,2014-02-23 19:00:00-05:00,33.599998474121094,33.720001220703125,33.310001373291016,33.56999969482422,165700,30.015962600708008,0.0
EPHE,2014-02-24 19:00:00-05:00,33.41999816894531,33.599998474121094,32.90999984741211,33.060001373291016,308100,29.55996322631836,0.0
EPHE,2014-02-25 19:00:00-05:00,33.31999969482422,33.529998779296875,32.93000030517578,33.13999938964844,190900,29.631484985351562,0.0
EPHE,2014-02-26 19:00:00-05:00,33.41999816894531,34.029998779296875,33.380001068115234,33.95000076293945,265700,30.355735778808594,0.0
EPHE,2014-02-27 19:00:00-05:00,34.13999938964844,34.41999816894531,33.79999923706055,34.18000030517578,669300,30.56138801574707,0.0
EPHE,2014-03-02 19:00:00-05:00,33.79999923706055,33.93000030517578,33.349998474121094,33.70000076293945,998500,30.132198333740234,0.0
EPHE,2014-03-03 19:00:00-05:00,34.0099983215332,34.279998779296875,34.0099983215332,34.20000076293945,285600,30.579269409179688,0.0
EPHE,2014-03-04 19:00:00-05:00,34.22999954223633,34.4900016784668,34.040000915527344,34.45000076293945,256300,30.802806854248047,0.0
EPHE,2014-03-05 19:00:00-05:00,34.65999984741211,34.9900016784668,34.61000061035156,34.880001068115234,379700,31.187274932861328,0.0
EPHE,2014-03-06 19:00:00-05:00,34.689998626708984,34.689998626708984,34.04999923706055,34.2599983215332,138200,30.632915496826172,0.0
EPHE,2014-03-09 20:00:00-04:00,34.380001068115234,34.41999816894531,34.099998474121094,34.369998931884766,1058200,30.73126792907715,0.0
EPHE,2014-03-10 20:00:00-04:00,34.599998474121094,34.86000061035156,34.13999938964844,34.310001373291016,218100,30.67761993408203,0.0
EPHE,2014-03-11 20:00:00-04:00,34.09000015258789,34.310001373291016,33.7599983215332,34.2599983215332,167200,30.632915496826172,0.0
EPHE,2014-03-12 20:00:00-04:00,34.20000076293945,34.33000183105469,33.400001525878906,33.59000015258789,185300,30.033843994140625,0.0
EPHE,2014-03-13 20:00:00-04:00,33.630001068115234,34.0,33.599998474121094,33.63999938964844,79300,30.078556060791016,0.0
EPHE,2014-03-16 20:00:00-04:00,34.08000183105469,34.279998779296875,34.04999923706055,34.22999954223633,97800,30.606088638305664,0.0
EPHE,2014-03-17 20:00:00-04:00,34.209999084472656,34.7599983215332,34.20000076293945,34.7400016784668,128400,31.06209945678711,0.0
EPHE,2014-03-18 20:00:00-04:00,34.310001373291016,34.45000076293945,33.66999816894531,33.779998779296875,243700,30.2037296295166,0.0
EPHE,2014-03-19 20:00:00-04:00,33.720001220703125,34.150001525878906,33.470001220703125,34.13999938964844,266100,30.52562141418457,0.0
EPHE,2014-03-20 20:00:00-04:00,33.9900016784668,34.08000183105469,33.619998931884766,33.68000030517578,228100,30.11431884765625,0.0
EPHE,2014-03-23 20:00:00-04:00,33.779998779296875,33.790000915527344,33.43000030517578,33.54999923706055,1153000,29.99808692932129,0.0
EPHE,2014-03-24 20:00:00-04:00,33.560001373291016,33.75,33.459999084472656,33.540000915527344,758500,29.989145278930664,0.0
EPHE,2014-03-25 20:00:00-04:00,33.5099983215332,33.869998931884766,33.34000015258789,33.36000061035156,206900,29.828195571899414,0.0
EPHE,2014-03-26 20:00:00-04:00,33.5,33.61000061035156,33.189998626708984,33.459999084472656,271400,29.917606353759766,0.0
EPHE,2014-03-27 20:00:00-04:00,33.790000915527344,34.369998931884766,33.72999954223633,33.869998931884766,350700,30.284204483032227,0.0
EPHE,2014-03-30 20:00:00-04:00,34.290000915527344,34.47999954223633,34.02000045776367,34.09000015258789,365200,30.480915069580078,0.0
EPHE,2014-03-31 20:00:00-04:00,34.56999969482422,34.900001525878906,34.560001373291016,34.77000045776367,145600,31.08892822265625,0.0
EPHE,2014-04-01 20:00:00-04:00,35.029998779296875,35.040000915527344,34.790000915527344,34.9900016784668,354900,31.285633087158203,0.0
EPHE,2014-04-02 20:00:00-04:00,34.91999816894531,34.91999816894531,34.16999816894531,34.619998931884766,210200,30.95479965209961,0.0
EPHE,2014-04-03 20:00:00-04:00,34.79999923706055,35.5,34.34000015258789,34.38999938964844,579700,30.7491512298584,0.0
EPHE,2014-04-06 20:00:00-04:00,34.81999969482422,35.119998931884766,34.58000183105469,34.65999984741211,317300,30.990570068359375,0.0
EPHE,2014-04-07 20:00:00-04:00,34.81999969482422,35.33000183105469,34.81999969482422,35.09000015258789,199600,31.37505340576172,0.0
EPHE,2014-04-08 20:00:00-04:00,35.439998626708984,35.689998626708984,34.939998626708984,35.47999954223633,327300,31.723751068115234,0.0
EPHE,2014-04-09 20:00:00-04:00,35.689998626708984,35.77000045776367,34.93000030517578,35.0099983215332,326600,31.303516387939453,0.0
EPHE,2014-04-10 20:00:00-04:00,34.7599983215332,35.15999984741211,34.720001220703125,35.09000015258789,193000,31.37505340576172,0.0
EPHE,2014-04-13 20:00:00-04:00,35.2599983215332,35.380001068115234,35.0099983215332,35.279998779296875,418400,31.5449275970459,0.0
EPHE,2014-04-14 20:00:00-04:00,35.279998779296875,35.45000076293945,34.560001373291016,35.2599983215332,252300,31.527050018310547,0.0
EPHE,2014-04-15 20:00:00-04:00,35.59000015258789,36.029998779296875,35.47999954223633,35.95000076293945,233100,32.14399719238281,0.0
EPHE,2014-04-16 20:00:00-04:00,36.0,36.279998779296875,35.810001373291016,36.06999969482422,173200,32.25128936767578,0.0
EPHE,2014-04-20 20:00:00-04:00,36.22999954223633,36.5,36.0,36.2400016784668,641800,32.403297424316406,0.0
EPHE,2014-04-21 20:00:00-04:00,36.310001373291016,36.38999938964844,36.099998474121094,36.099998474121094,240400,32.27811813354492,0.0
EPHE,2014-04-22 20:00:00-04:00,35.77000045776367,36.029998779296875,35.400001525878906,35.61000061035156,235400,31.839988708496094,0.0
EPHE,2014-04-23 20:00:00-04:00,35.58000183105469,35.61000061035156,35.119998931884766,35.380001068115234,188100,31.63433837890625,0.0
EPHE,2014-04-24 20:00:00-04:00,35.790000915527344,35.790000915527344,35.08000183105469,35.2400016784668,206100,31.509159088134766,0.0
EPHE,2014-04-27 20:00:00-04:00,35.66999816894531,35.66999816894531,34.63999938964844,35.06999969482422,239800,31.357173919677734,0.0
EPHE,2014-04-28 20:00:00-04:00,35.38999938964844,35.84000015258789,35.31999969482422,35.599998474121094,526400,31.83104705810547,0.0
EPHE,2014-04-29 20:00:00-04:00,35.72999954223633,35.95000076293945,35.58000183105469,35.939998626708984,221600,32.13505172729492,0.0
EPHE,2014-04-30 20:00:00-04:00,35.77000045776367,36.099998474121094,35.77000045776367,36.029998779296875,118100,32.21552276611328,0.0
EPHE,2014-05-01 20:00:00-04:00,36.0099983215332,36.13999938964844,35.75,36.0099983215332,146900,32.19763946533203,0.0
EPHE,2014-05-04 20:00:00-04:00,36.09000015258789,36.11000061035156,35.84000015258789,36.08000183105469,159100,32.26023483276367,0.0
EPHE,2014-05-05 20:00:00-04:00,35.88999938964844,36.34000015258789,35.88999938964844,35.900001525878906,124700,32.09929656982422,0.0
EPHE,2014-05-06 20:00:00-04:00,36.04999923706055,36.459999084472656,35.86000061035156,36.41999816894531,258500,32.56423568725586,0.0
EPHE,2014-05-07 20:00:00-04:00,36.5,36.900001525878906,36.5,36.66999816894531,785300,32.78776931762695,0.0
EPHE,2014-05-08 20:00:00-04:00,37.09000015258789,37.16999816894531,36.81999969482422,36.93000030517578,545600,33.02024841308594,0.0
EPHE,2014-05-11 20:00:00-04:00,37.130001068115234,37.349998474121094,36.90999984741211,37.29999923706055,365100,33.351070404052734,0.0
EPHE,2014-05-12 20:00:00-04:00,37.29999923706055,37.45000076293945,37.08000183105469,37.15999984741211,330800,33.225894927978516,0.0
EPHE,2014-05-13 20:00:00-04:00,37.31999969482422,37.630001068115234,37.31999969482422,37.439998626708984,261500,33.476253509521484,0.0
EPHE,2014-05-14 20:00:00-04:00,37.29999923706055,37.41999816894531,36.599998474121094,36.869998931884766,171600,32.966590881347656,0.0
EPHE,2014-05-15 20:00:00-04:00,37.040000915527344,37.470001220703125,36.9900016784668,37.45000076293945,198700,33.485191345214844,0.0
EPHE,2014-05-18 20:00:00-04:00,37.66999816894531,37.75,37.459999084472656,37.4900016784668,177800,33.520965576171875,0.0
EPHE,2014-05-19 20:00:00-04:00,37.45000076293945,37.77000045776367,37.22999954223633,37.68000030517578,624700,33.69085693359375,0.0
EPHE,2014-05-20 20:00:00-04:00,37.279998779296875,37.279998779296875,37.02000045776367,37.189998626708984,249700,33.252723693847656,0.0
EPHE,2014-05-21 20:00:00-04:00,37.40999984741211,37.45000076293945,37.2599983215332,37.369998931884766,120300,33.41366958618164,0.0
EPHE,2014-05-22 20:00:00-04:00,37.33000183105469,37.58000183105469,37.25,37.31999969482422,121900,33.36895751953125,0.0
EPHE,2014-05-26 20:00:00-04:00,37.130001068115234,37.34000015258789,36.95000076293945,37.0,332900,33.082828521728516,0.0
EPHE,2014-05-27 20:00:00-04:00,37.040000915527344,37.119998931884766,36.810001373291016,37.0099983215332,311700,33.09177017211914,0.0
EPHE,2014-05-28 20:00:00-04:00,36.459999084472656,36.630001068115234,36.380001068115234,36.5,225000,32.635765075683594,0.0
EPHE,2014-05-29 20:00:00-04:00,36.470001220703125,36.5,35.9900016784668,36.04999923706055,334500,32.23341369628906,0.0
EPHE,2014-06-01 20:00:00-04:00,36.459999084472656,36.5,36.189998626708984,36.290000915527344,312400,32.447994232177734,0.0
EPHE,2014-06-02 20:00:00-04:00,36.86000061035156,37.0099983215332,36.68000030517578,36.869998931884766,214300,32.966590881347656,0.0
EPHE,2014-06-03 20:00:00-04:00,36.75,36.7599983215332,36.54999923706055,36.619998931884766,155500,32.74305725097656,0.0
EPHE,2014-06-04 20:00:00-04:00,36.79999923706055,37.040000915527344,36.709999084472656,36.97999954223633,93300,33.06496047973633,0.0
EPHE,2014-06-05 20:00:00-04:00,36.88999938964844,37.5099983215332,36.88999938964844,37.459999084472656,303200,33.494136810302734,0.0
EPHE,2014-06-08 20:00:00-04:00,37.40999984741211,37.529998779296875,37.25,37.380001068115234,175100,33.422611236572266,0.0
EPHE,2014-06-09 20:00:00-04:00,37.040000915527344,37.279998779296875,37.029998779296875,37.06999969482422,581900,33.14542007446289,0.0
EPHE,2014-06-10 20:00:00-04:00,37.0099983215332,37.099998474121094,36.810001373291016,36.97999954223633,115400,33.06496047973633,0.0
EPHE,2014-06-11 20:00:00-04:00,37.08000183105469,37.13999938964844,36.47999954223633,36.88999938964844,334000,32.98447036743164,0.0
EPHE,2014-06-12 20:00:00-04:00,36.709999084472656,36.91999816894531,36.619998931884766,36.880001068115234,69600,32.97554016113281,0.0
EPHE,2014-06-15 20:00:00-04:00,36.63999938964844,36.779998779296875,36.380001068115234,36.54999923706055,140900,32.680477142333984,0.0
EPHE,2014-06-16 20:00:00-04:00,36.0099983215332,36.25,35.849998474121094,36.15999984741211,481200,32.331764221191406,0.0
EPHE,2014-06-17 20:00:00-04:00,36.06999969482422,36.630001068115234,35.970001220703125,36.5,450000,32.635765075683594,0.0
EPHE,2014-06-18 20:00:00-04:00,36.349998474121094,36.439998626708984,36.040000915527344,36.310001373291016,250900,32.46588134765625,0.0
EPHE,2014-06-19 20:00:00-04:00,36.470001220703125,36.47999954223633,36.18000030517578,36.33000183105469,65700,32.483768463134766,0.0
EPHE,2014-06-22 20:00:00-04:00,36.45000076293945,36.529998779296875,36.349998474121094,36.47999954223633,221000,32.617897033691406,0.0
EPHE,2014-06-23 20:00:00-04:00,36.599998474121094,36.880001068115234,36.09000015258789,36.7400016784668,1660300,32.85035705566406,0.0
EPHE,2014-06-24 20:00:00-04:00,36.83000183105469,37.06999969482422,36.619998931884766,36.97999954223633,659800,33.3070068359375,0.267
EPHE,2014-06-25 20:00:00-04:00,37.16999816894531,37.20000076293945,37.02000045776367,37.15999984741211,408600,33.469120025634766,0.0
EPHE,2014-06-26 20:00:00-04:00,36.9900016784668,37.290000915527344,36.900001525878906,37.27000045776367,266200,33.568199157714844,0.0
EPHE,2014-06-29 20:00:00-04:00,37.119998931884766,37.16999816894531,36.77000045776367,36.83000183105469,206800,33.171897888183594,0.0
EPHE,2014-06-30 20:00:00-04:00,36.83000183105469,37.09000015258789,36.779998779296875,37.029998779296875,122900,33.35202407836914,0.0
EPHE,2014-07-01 20:00:00-04:00,36.849998474121094,37.08000183105469,36.709999084472656,36.97999954223633,145500,33.3070068359375,0.0
EPHE,2014-07-02 20:00:00-04:00,37.310001373291016,37.650001525878906,37.310001373291016,37.619998931884766,119400,33.8834342956543,0.0
EPHE,2014-07-06 20:00:00-04:00,37.849998474121094,38.040000915527344,37.779998779296875,37.79999923706055,2530000,34.045555114746094,0.0
EPHE,2014-07-07 20:00:00-04:00,37.619998931884766,37.779998779296875,37.349998474121094,37.63999938964844,310900,33.90145492553711,0.0
EPHE,2014-07-08 20:00:00-04:00,37.45000076293945,37.77000045776367,37.439998626708984,37.720001220703125,101500,33.97350311279297,0.0
EPHE,2014-07-09 20:00:00-04:00,37.33000183105469,37.400001525878906,36.97999954223633,37.31999969482422,155900,33.61323928833008,0.0
EPHE,2014-07-10 20:00:00-04:00,37.13999938964844,37.36000061035156,37.11000061035156,37.310001373291016,80400,33.604225158691406,0.0
EPHE,2014-07-13 20:00:00-04:00,37.04999923706055,37.310001373291016,37.0,37.18000030517578,259700,33.48713302612305,0.0
EPHE,2014-07-14 20:00:00-04:00,36.939998626708984,37.06999969482422,36.630001068115234,36.81999969482422,129200,33.16289520263672,0.0
EPHE,2014-07-15 20:00:00-04:00,37.0,37.220001220703125,36.959999084472656,37.060001373291016,70100,33.379058837890625,0.0
EPHE,2014-07-16 20:00:00-04:00,37.09000015258789,37.22999954223633,36.59000015258789,36.790000915527344,490500,33.1358757019043,0.0
EPHE,2014-07-17 20:00:00-04:00,37.13999938964844,37.40999984741211,36.970001220703125,37.290000915527344,106800,33.586219787597656,0.0
EPHE,2014-07-20 20:00:00-04:00,37.18000030517578,37.7400016784668,37.11000061035156,37.529998779296875,198400,33.802364349365234,0.0
EPHE,2014-07-21 20:00:00-04:00,37.65999984741211,37.790000915527344,37.529998779296875,37.529998779296875,84300,33.802364349365234,0.0
EPHE,2014-07-22 20:00:00-04:00,37.72999954223633,37.849998474121094,37.25,37.849998474121094,164900,34.09059524536133,0.0
EPHE,2014-07-23 20:00:00-04:00,37.68000030517578,37.849998474121094,37.52000045776367,37.75,120700,34.000518798828125,0.0
EPHE,2014-07-24 20:00:00-04:00,37.70000076293945,37.70000076293945,37.529998779296875,37.68000030517578,50200,33.93748092651367,0.0
EPHE,2014-07-27 20:00:00-04:00,37.529998779296875,37.779998779296875,37.34000015258789,37.779998779296875,83500,34.02754211425781,0.0
EPHE,2014-07-28 20:00:00-04:00,37.58000183105469,37.709999084472656,37.400001525878906,37.5,93000,33.77535629272461,0.0
EPHE,2014-07-29 20:00:00-04:00,37.650001525878906,37.650001525878906,37.09000015258789,37.16999816894531,180400,33.47813415527344,0.0
EPHE,2014-07-30 20:00:00-04:00,36.900001525878906,36.939998626708984,36.31999969482422,36.59000015258789,248700,32.95573806762695,0.0
EPHE,2014-07-31 20:00:00-04:00,36.83000183105469,37.380001068115234,36.83000183105469,37.18000030517578,384200,33.48713302612305,0.0
EPHE,2014-08-03 20:00:00-04:00,37.810001373291016,38.099998474121094,37.72999954223633,37.939998626708984,299400,34.1716423034668,0.0
EPHE,2014-08-04 20:00:00-04:00,37.72999954223633,37.77000045776367,37.400001525878906,37.58000183105469,146900,33.847408294677734,0.0
EPHE,2014-08-05 20:00:00-04:00,37.220001220703125,37.36000061035156,37.04999923706055,37.279998779296875,435900,33.577205657958984,0.0
EPHE,2014-08-06 20:00:00-04:00,37.33000183105469,37.40999984741211,37.04999923706055,37.13999938964844,382900,33.45109558105469,0.0
EPHE,2014-08-07 20:00:00-04:00,37.13999938964844,37.38999938964844,37.040000915527344,37.279998779296875,120700,33.577205657958984,0.0
EPHE,2014-08-10 20:00:00-04:00,37.459999084472656,37.84000015258789,37.459999084472656,37.7400016784668,209000,33.99152374267578,0.0
EPHE,2014-08-11 20:00:00-04:00,37.540000915527344,37.81999969482422,37.540000915527344,37.65999984741211,201100,33.919464111328125,0.0
EPHE,2014-08-12 20:00:00-04:00,37.869998931884766,38.08000183105469,37.72999954223633,37.93000030517578,212800,34.16264724731445,0.0
EPHE,2014-08-13 20:00:00-04:00,38.099998474121094,38.5,38.099998474121094,38.43000030517578,104300,34.61297607421875,0.0
EPHE,2014-08-14 20:00:00-04:00,38.16999816894531,38.20000076293945,37.7599983215332,37.900001525878906,172100,34.1356201171875,0.0
EPHE,2014-08-17 20:00:00-04:00,38.02000045776367,38.290000915527344,37.9900016784668,38.25,50200,34.45086669921875,0.0
EPHE,2014-08-18 20:00:00-04:00,38.45000076293945,38.68000030517578,38.38999938964844,38.650001525878906,490600,34.81113052368164,0.0
EPHE,2014-08-19 20:00:00-04:00,38.40999984741211,38.56999969482422,38.290000915527344,38.529998779296875,103100,34.70304870605469,0.0
EPHE,2014-08-20 20:00:00-04:00,38.41999816894531,38.630001068115234,38.310001373291016,38.439998626708984,193700,34.62199020385742,0.0
EPHE,2014-08-21 20:00:00-04:00,38.52000045776367,38.599998474121094,38.22999954223633,38.34000015258789,71200,34.531925201416016,0.0
EPHE,2014-08-24 20:00:00-04:00,38.4900016784668,38.709999084472656,38.31999969482422,38.709999084472656,100200,34.86516571044922,0.0
EPHE,2014-08-25 20:00:00-04:00,38.81999969482422,38.939998626708984,38.70000076293945,38.880001068115234,181700,35.01829528808594,0.0
EPHE,2014-08-26 20:00:00-04:00,39.0,39.11000061035156,38.900001525878906,39.08000183105469,262500,35.198429107666016,0.0
EPHE,2014-08-27 20:00:00-04:00,38.439998626708984,38.650001525878906,38.2400016784668,38.619998931884766,214400,34.78411102294922,0.0
EPHE,2014-08-28 20:00:00-04:00,38.619998931884766,38.619998931884766,38.02000045776367,38.189998626708984,260400,34.396812438964844,0.0
EPHE,2014-09-01 20:00:00-04:00,38.470001220703125,38.630001068115234,38.310001373291016,38.41999816894531,151800,34.60396957397461,0.0
EPHE,2014-09-02 20:00:00-04:00,39.20000076293945,39.290000915527344,38.97999954223633,39.11000061035156,251400,35.22544860839844,0.0
EPHE,2014-09-03 20:00:00-04:00,39.220001220703125,39.380001068115234,39.130001068115234,39.18000030517578,338400,35.28849411010742,0.0
EPHE,2014-09-04 20:00:00-04:00,39.5099983215332,39.86000061035156,39.45000076293945,39.849998474121094,189100,35.891944885253906,0.0
EPHE,2014-09-07 20:00:00-04:00,39.86000061035156,39.93000030517578,39.619998931884766,39.7400016784668,95100,35.79287338256836,0.0
EPHE,2014-09-08 20:00:00-04:00,39.22999954223633,39.22999954223633,38.689998626708984,38.83000183105469,346800,34.97325134277344,0.0
EPHE,2014-09-09 20:00:00-04:00,38.7400016784668,39.0099983215332,38.529998779296875,38.95000076293945,261300,35.081336975097656,0.0
EPHE,2014-09-10 20:00:00-04:00,38.599998474121094,38.75,38.52000045776367,38.65999984741211,161700,34.82013702392578,0.0
EPHE,2014-09-11 20:00:00-04:00,38.70000076293945,38.79999923706055,38.16999816894531,38.369998931884766,491000,34.558937072753906,0.0
EPHE,2014-09-14 20:00:00-04:00,38.220001220703125,38.220001220703125,37.81999969482422,37.95000076293945,267800,34.18065643310547,0.0
EPHE,2014-09-15 20:00:00-04:00,38.060001373291016,38.81999969482422,37.9900016784668,38.560001373291016,290600,34.73006820678711,0.0
EPHE,2014-09-16 20:00:00-04:00,38.52000045776367,38.709999084472656,38.2599983215332,38.400001525878906,285800,34.585960388183594,0.0
EPHE,2014-09-17 20:00:00-04:00,38.58000183105469,38.779998779296875,38.5099983215332,38.61000061035156,204700,34.775108337402344,0.0
EPHE,2014-09-18 20:00:00-04:00,38.63999938964844,38.68000030517578,38.220001220703125,38.349998474121094,268800,34.540924072265625,0.0
EPHE,2014-09-21 20:00:00-04:00,38.599998474121094,38.599998474121094,38.08000183105469,38.290000915527344,160800,34.48688888549805,0.0
EPHE,2014-09-22 20:00:00-04:00,38.290000915527344,38.4900016784668,38.099998474121094,38.130001068115234,125600,34.3427734375,0.0
EPHE,2014-09-23 20:00:00-04:00,38.81999969482422,39.400001525878906,38.7599983215332,39.36000061035156,135300,35.45060729980469,0.0
EPHE,2014-09-24 20:00:00-04:00,38.43000030517578,38.43000030517578,38.130001068115234,38.25,171000,34.45086669921875,0.0
EPHE,2014-09-25 20:00:00-04:00,38.25,38.31999969482422,38.040000915527344,38.13999938964844,250000,34.35177993774414,0.0
EPHE,2014-09-28 20:00:00-04:00,37.66999816894531,37.880001068115234,37.52000045776367,37.72999954223633,203400,33.98251724243164,0.0
EPHE,2014-09-29 20:00:00-04:00,37.939998626708984,38.16999816894531,37.81999969482422,38.060001373291016,395300,34.27972412109375,0.0
EPHE,2014-09-30 20:00:00-04:00,37.84000015258789,37.97999954223633,37.400001525878906,37.47999954223633,364200,33.75733184814453,0.0
EPHE,2014-10-01 20:00:00-04:00,37.45000076293945,37.9900016784668,37.13999938964844,37.689998626708984,222400,33.94648361206055,0.0
EPHE,2014-10-02 20:00:00-04:00,37.849998474121094,38.060001373291016,37.59000015258789,37.900001525878906,96500,34.1356201171875,0.0
EPHE,2014-10-05 20:00:00-04:00,38.34000015258789,38.52000045776367,37.959999084472656,38.0,269400,34.22568893432617,0.0
EPHE,2014-10-06 20:00:00-04:00,37.790000915527344,37.91999816894531,37.58000183105469,37.650001525878906,129900,33.91046142578125,0.0
EPHE,2014-10-07 20:00:00-04:00,37.599998474121094,38.20000076293945,37.27000045776367,38.150001525878906,339800,34.36079788208008,0.0
EPHE,2014-10-08 20:00:00-04:00,37.7599983215332,37.880001068115234,37.11000061035156,37.2599983215332,145900,33.55918884277344,0.0
EPHE,2014-10-09 20:00:00-04:00,37.16999816894531,37.41999816894531,36.88999938964844,36.939998626708984,302100,33.27097702026367,0.0
EPHE,2014-10-12 20:00:00-04:00,36.65999984741211,36.900001525878906,36.400001525878906,36.47999954223633,276400,32.85667419433594,0.0
EPHE,2014-10-13 20:00:00-04:00,36.43000030517578,36.650001525878906,36.119998931884766,36.45000076293945,199800,32.829647064208984,0.0
EPHE,2014-10-14 20:00:00-04:00,36.2599983215332,36.68000030517578,35.58000183105469,36.56999969482422,224600,32.937721252441406,0.0
EPHE,2014-10-15 20:00:00-04:00,36.27000045776367,37.16999816894531,36.27000045776367,37.040000915527344,906100,33.361045837402344,0.0
EPHE,2014-10-16 20:00:00-04:00,37.220001220703125,37.7400016784668,37.11000061035156,37.45000076293945,329200,33.730323791503906,0.0
EPHE,2014-10-19 20:00:00-04:00,37.25,37.70000076293945,37.16999816894531,37.68000030517578,322800,33.93748092651367,0.0
EPHE,2014-10-20 20:00:00-04:00,37.72999954223633,38.08000183105469,37.72999954223633,37.9900016784668,203800,34.216678619384766,0.0
EPHE,2014-10-21 20:00:00-04:00,37.93000030517578,37.970001220703125,37.59000015258789,37.77000045776367,162400,34.018531799316406,0.0
EPHE,2014-10-22 20:00:00-04:00,37.86000061035156,37.9900016784668,37.72999954223633,37.79999923706055,115800,34.045555114746094,0.0
EPHE,2014-10-23 20:00:00-04:00,37.689998626708984,37.91999816894531,37.619998931884766,37.849998474121094,214100,34.09059524536133,0.0
EPHE,2014-10-26 20:00:00-04:00,37.41999816894531,37.58000183105469,37.119998931884766,37.56999969482422,77500,33.83839797973633,0.0
EPHE,2014-10-27 20:00:00-04:00,37.52000045776367,37.79999923706055,37.459999084472656,37.7599983215332,92100,34.009525299072266,0.0
EPHE,2014-10-28 20:00:00-04:00,37.790000915527344,37.869998931884766,37.25,37.4900016784668,226900,33.766353607177734,0.0
EPHE,2014-10-29 20:00:00-04:00,37.900001525878906,38.220001220703125,37.900001525878906,38.08000183105469,140300,34.297752380371094,0.0
EPHE,2014-10-30 20:00:00-04:00,38.2400016784668,38.369998931884766,38.0,38.279998779296875,180100,34.47787857055664,0.0
EPHE,2014-11-02 19:00:00-05:00,38.7599983215332,39.0,38.470001220703125,38.47999954223633,123100,34.65801239013672,0.0
EPHE,2014-11-03 19:00:00-05:00,38.130001068115234,38.22999954223633,37.900001525878906,38.09000015258789,233500,34.306758880615234,0.0
EPHE,2014-11-04 19:00:00-05:00,38.119998931884766,38.34000015258789,37.83000183105469,38.06999969482422,62400,34.28874969482422,0.0
EPHE,2014-11-05 19:00:00-05:00,38.15999984741211,38.41999816894531,38.02000045776367,38.029998779296875,121800,34.25271987915039,0.0
EPHE,2014-11-06 19:00:00-05:00,38.09000015258789,38.380001068115234,38.060001373291016,38.36000061035156,111200,34.549930572509766,0.0
EPHE,2014-11-09 19:00:00-05:00,38.29999923706055,38.31999969482422,38.13999938964844,38.25,160000,34.45086669921875,0.0
EPHE,2014-11-10 19:00:00-05:00,38.2599983215332,38.33000183105469,38.06999969482422,38.220001220703125,104700,34.42384719848633,0.0
EPHE,2014-11-11 19:00:00-05:00,38.2599983215332,38.58000183105469,38.11000061035156,38.40999984741211,290800,34.594966888427734,0.0
EPHE,2014-11-12 19:00:00-05:00,38.40999984741211,38.45000076293945,38.25,38.279998779296875,94800,34.47787857055664,0.0
EPHE,2014-11-13 19:00:00-05:00,38.29999923706055,38.38999938964844,38.2400016784668,38.38999938964844,94800,34.57696533203125,0.0
EPHE,2014-11-16 19:00:00-05:00,38.36000061035156,38.470001220703125,38.119998931884766,38.43000030517578,64100,34.61297607421875,0.0
EPHE,2014-11-17 19:00:00-05:00,38.56999969482422,38.79999923706055,38.459999084472656,38.720001220703125,112300,34.87417221069336,0.0
EPHE,2014-11-18 19:00:00-05:00,38.470001220703125,38.68000030517578,38.380001068115234,38.529998779296875,95400,34.70304870605469,0.0
EPHE,2014-11-19 19:00:00-05:00,38.349998474121094,38.52000045776367,38.2599983215332,38.31999969482422,45100,34.513916015625,0.0
EPHE,2014-11-20 19:00:00-05:00,38.63999938964844,39.13999938964844,38.63999938964844,39.119998931884766,240600,35.23445510864258,0.0
EPHE,2014-11-23 19:00:00-05:00,38.900001525878906,39.0099983215332,38.83000183105469,38.9900016784668,109000,35.11735916137695,0.0
EPHE,2014-11-24 19:00:00-05:00,38.869998931884766,38.900001525878906,38.70000076293945,38.7400016784668,129900,34.89220428466797,0.0
EPHE,2014-11-25 19:00:00-05:00,39.0,39.38999938964844,38.880001068115234,39.349998474121094,298700,35.44160461425781,0.0
EPHE,2014-11-27 19:00:00-05:00,38.61000061035156,38.75,38.4900016784668,38.619998931884766,367500,34.78411102294922,0.0
EPHE,2014-11-30 19:00:00-05:00,38.86000061035156,39.0,38.77000045776367,38.93000030517578,323800,35.063323974609375,0.0
EPHE,2014-12-01 19:00:00-05:00,38.939998626708984,39.16999816894531,38.939998626708984,39.08000183105469,336300,35.198429107666016,0.0
EPHE,2014-12-02 19:00:00-05:00,39.189998626708984,39.40999984741211,39.130001068115234,39.290000915527344,163100,35.3875617980957,0.0
EPHE,2014-12-03 19:00:00-05:00,39.08000183105469,39.16999816894531,38.849998474121094,38.91999816894531,272600,35.054317474365234,0.0
EPHE,2014-12-04 19:00:00-05:00,38.540000915527344,38.619998931884766,38.279998779296875,38.43000030517578,150100,34.61297607421875,0.0
EPHE,2014-12-07 19:00:00-05:00,38.380001068115234,38.400001525878906,38.08000183105469,38.13999938964844,147800,34.35177993774414,0.0
EPHE,2014-12-08 19:00:00-05:00,38.16999816894531,38.31999969482422,37.97999954223633,38.290000915527344,173500,34.48688888549805,0.0
EPHE,2014-12-09 19:00:00-05:00,38.4900016784668,38.540000915527344,37.720001220703125,37.72999954223633,63500,33.98251724243164,0.0
EPHE,2014-12-10 19:00:00-05:00,37.7599983215332,37.9900016784668,37.63999938964844,37.68000030517578,175600,33.93748092651367,0.0
EPHE,2014-12-11 19:00:00-05:00,38.130001068115234,38.369998931884766,37.900001525878906,37.91999816894531,214100,34.15363693237305,0.0
EPHE,2014-12-14 19:00:00-05:00,38.54999923706055,38.61000061035156,38.04999923706055,38.220001220703125,131000,34.42384719848633,0.0
EPHE,2014-12-15 19:00:00-05:00,37.79999923706055,38.25,37.459999084472656,37.7599983215332,225200,34.009525299072266,0.0
EPHE,2014-12-16 19:00:00-05:00,37.31999969482422,37.81999969482422,37.06999969482422,37.5099983215332,278300,33.87587356567383,0.102
EPHE,2014-12-17 19:00:00-05:00,37.619998931884766,37.79999923706055,37.4900016784668,37.77000045776367,177400,34.110679626464844,0.0
EPHE,2014-12-18 19:00:00-05:00,37.83000183105469,38.08000183105469,37.810001373291016,37.900001525878906,112600,34.22808837890625,0.0
EPHE,2014-12-21 19:00:00-05:00,38.0099983215332,38.2599983215332,37.970001220703125,38.189998626708984,137200,34.48998260498047,0.0
EPHE,2014-12-22 19:00:00-05:00,38.34000015258789,38.540000915527344,38.08000183105469,38.220001220703125,61900,34.51708221435547,0.0
EPHE,2014-12-23 19:00:00-05:00,38.33000183105469,38.34000015258789,38.20000076293945,38.29999923706055,20100,34.589332580566406,0.0
EPHE,2014-12-25 19:00:00-05:00,38.5,38.84000015258789,38.470001220703125,38.58000183105469,184000,34.84221267700195,0.0
EPHE,2014-12-28 19:00:00-05:00,38.4900016784668,38.63999938964844,38.16999816894531,38.16999816894531,392000,34.471923828125,0.0
EPHE,2014-12-29 19:00:00-05:00,37.90999984741211,38.2400016784668,37.90999984741211,38.09000015258789,100500,34.39967727661133,0.0
EPHE,2014-12-30 19:00:00-05:00,38.380001068115234,38.56999969482422,38.13999938964844,38.20000076293945,165600,34.499019622802734,0.0
EPHE,2015-01-01 19:00:00-05:00,38.209999084472656,38.2599983215332,37.77000045776367,38.11000061035156,263300,34.41773223876953,0.0
EPHE,2015-01-04 19:00:00-05:00,38.2400016784668,38.27000045776367,37.650001525878906,37.65999984741211,168900,34.0113410949707,0.0
EPHE,2015-01-05 19:00:00-05:00,38.15999984741211,38.380001068115234,37.7400016784668,37.97999954223633,171900,34.30033493041992,0.0
EPHE,2015-01-06 19:00:00-05:00,38.439998626708984,38.61000061035156,38.33000183105469,38.52000045776367,141800,34.788021087646484,0.0
EPHE,2015-01-07 19:00:00-05:00,38.970001220703125,39.220001220703125,38.869998931884766,39.189998626708984,186200,35.39310073852539,0.0
EPHE,2015-01-08 19:00:00-05:00,39.150001525878906,39.209999084472656,38.86000061035156,38.939998626708984,177900,35.167327880859375,0.0
EPHE,2015-01-11 19:00:00-05:00,38.779998779296875,38.810001373291016,38.5,38.7599983215332,123400,35.00475311279297,0.0
EPHE,2015-01-12 19:00:00-05:00,39.31999969482422,39.70000076293945,39.15999984741211,39.4900016784668,505800,35.66403579711914,0.0
EPHE,2015-01-13 19:00:00-05:00,39.900001525878906,40.0,39.630001068115234,39.849998474121094,203000,35.98915481567383,0.0
EPHE,2015-01-14 19:00:00-05:00,40.29999923706055,40.5099983215332,40.130001068115234,40.310001373291016,811800,36.40459060668945,0.0
EPHE,2015-01-15 19:00:00-05:00,40.18000030517578,40.29999923706055,40.0099983215332,40.209999084472656,784200,36.31428909301758,0.0
EPHE,2015-01-19 19:00:00-05:00,39.869998931884766,39.90999984741211,39.54999923706055,39.81999969482422,455900,35.96207046508789,0.0
EPHE,2015-01-20 19:00:00-05:00,39.779998779296875,40.22999954223633,39.70000076293945,40.209999084472656,541500,36.31428909301758,0.0
EPHE,2015-01-21 19:00:00-05:00,39.900001525878906,40.40999984741211,39.689998626708984,40.29999923706055,665700,36.39555740356445,0.0
EPHE,2015-01-22 19:00:00-05:00,40.38999938964844,40.58000183105469,40.31999969482422,40.349998474121094,354200,36.44071960449219,0.0
EPHE,2015-01-25 19:00:00-05:00,40.61000061035156,40.81999969482422,40.45000076293945,40.720001220703125,359600,36.774871826171875,0.0
EPHE,2015-01-26 19:00:00-05:00,40.68000030517578,40.68000030517578,40.36000061035156,40.619998931884766,277100,36.68456268310547,0.0
EPHE,2015-01-27 19:00:00-05:00,40.68000030517578,40.81999969482422,40.400001525878906,40.529998779296875,140200,36.60326385498047,0.0
EPHE,2015-01-28 19:00:00-05:00,40.709999084472656,41.02000045776367,40.560001373291016,41.0,158600,37.027740478515625,0.0
EPHE,2015-01-29 19:00:00-05:00,40.88999938964844,41.119998931884766,40.630001068115234,40.83000183105469,622300,36.87421417236328,0.0
EPHE,2015-02-01 19:00:00-05:00,40.83000183105469,41.279998779296875,40.7599983215332,41.150001525878906,583100,37.16321563720703,0.0
EPHE,2015-02-02 19:00:00-05:00,41.16999816894531,41.33000183105469,41.029998779296875,41.06999969482422,914200,37.09096145629883,0.0
EPHE,2015-02-03 19:00:00-05:00,41.290000915527344,41.400001525878906,40.869998931884766,40.91999816894531,608700,36.95549392700195,0.0
EPHE,2015-02-04 19:00:00-05:00,41.189998626708984,41.189998626708984,41.0,41.189998626708984,383100,37.1993293762207,0.0
EPHE,2015-02-05 19:00:00-05:00,41.220001220703125,41.29999923706055,40.88999938964844,40.97999954223633,355900,37.009681701660156,0.0
EPHE,2015-02-08 19:00:00-05:00,41.349998474121094,41.349998474121094,41.04999923706055,41.22999954223633,301800,37.23545455932617,0.0
EPHE,2015-02-09 19:00:00-05:00,41.04999923706055,41.119998931884766,40.790000915527344,41.099998474121094,210800,37.118045806884766,0.0
EPHE,2015-02-10 19:00:00-05:00,40.81999969482422,40.81999969482422,40.45000076293945,40.720001220703125,385300,36.774871826171875,0.0
EPHE,2015-02-11 19:00:00-05:00,41.0099983215332,41.54999923706055,40.86000061035156,41.5,393100,37.479305267333984,0.0
EPHE,2015-02-12 19:00:00-05:00,41.68000030517578,41.77000045776367,41.45000076293945,41.65999984741211,716300,37.62379837036133,0.0
EPHE,2015-02-16 19:00:00-05:00,41.70000076293945,41.900001525878906,41.47999954223633,41.81999969482422,454500,37.7682991027832,0.0
EPHE,2015-02-17 19:00:00-05:00,41.68000030517578,42.0,41.5,41.9900016784668,194900,37.921836853027344,0.0
EPHE,2015-02-18 19:00:00-05:00,41.83000183105469,42.0,41.59000015258789,41.90999984741211,142900,37.84957504272461,0.0
EPHE,2015-02-19 19:00:00-05:00,41.86000061035156,42.119998931884766,41.709999084472656,42.029998779296875,189900,37.95795440673828,0.0
EPHE,2015-02-22 19:00:00-05:00,41.81999969482422,41.90999984741211,41.58000183105469,41.7400016784668,141200,37.6960563659668,0.0
EPHE,2015-02-23 19:00:00-05:00,41.88999938964844,42.45000076293945,41.7400016784668,42.34000015258789,270800,38.2379150390625,0.0
EPHE,2015-02-24 19:00:00-05:00,42.279998779296875,42.439998626708984,42.18000030517578,42.29999923706055,259800,38.2017936706543,0.0
EPHE,2015-02-25 19:00:00-05:00,41.970001220703125,41.9900016784668,41.77000045776367,41.900001525878906,234500,37.840545654296875,0.0
EPHE,2015-02-26 19:00:00-05:00,41.79999923706055,42.0,41.75,41.75,269700,37.7050895690918,0.0
EPHE,2015-03-01 19:00:00-05:00,41.90999984741211,42.08000183105469,41.790000915527344,42.02000045776367,343400,37.94892501831055,0.0
EPHE,2015-03-02 19:00:00-05:00,41.9900016784668,42.060001373291016,41.7400016784668,41.79999923706055,191500,37.75023651123047,0.0
EPHE,2015-03-03 19:00:00-05:00,42.029998779296875,42.060001373291016,41.7599983215332,41.9900016784668,196300,37.921836853027344,0.0
EPHE,2015-03-04 19:00:00-05:00,41.959999084472656,42.130001068115234,41.86000061035156,42.02000045776367,474100,37.94892501831055,0.0
EPHE,2015-03-05 19:00:00-05:00,41.880001068115234,41.9900016784668,41.27000045776367,41.40999984741211,322000,37.39801025390625,0.0
EPHE,2015-03-08 20:00:00-04:00,41.58000183105469,41.75,41.38999938964844,41.599998474121094,737100,37.56961441040039,0.0
EPHE,2015-03-09 20:00:00-04:00,41.4900016784668,41.4900016784668,41.15999984741211,41.189998626708984,189000,37.1993293762207,0.0
EPHE,2015-03-10 20:00:00-04:00,41.59000015258789,41.59000015258789,41.20000076293945,41.470001220703125,353000,37.45220947265625,0.0
EPHE,2015-03-11 20:00:00-04:00,41.88999938964844,42.0,41.68000030517578,41.84000015258789,248300,37.786354064941406,0.0
EPHE,2015-03-12 20:00:00-04:00,41.47999954223633,41.79999923706055,41.0,41.25,321300,37.25352478027344,0.0
EPHE,2015-03-15 20:00:00-04:00,41.02000045776367,41.400001525878906,41.0099983215332,41.290000915527344,207000,37.289649963378906,0.0
EPHE,2015-03-16 20:00:00-04:00,41.11000061035156,41.349998474121094,41.029998779296875,41.25,202900,37.25352478027344,0.0
EPHE,2015-03-17 20:00:00-04:00,40.869998931884766,41.650001525878906,40.5099983215332,41.470001220703125,408300,37.45220947265625,0.0
EPHE,2015-03-18 20:00:00-04:00,41.209999084472656,41.209999084472656,40.63999938964844,40.849998474121094,216300,36.892276763916016,0.0
EPHE,2015-03-19 20:00:00-04:00,40.9900016784668,41.439998626708984,40.9900016784668,41.310001373291016,1251900,37.30771255493164,0.0
EPHE,2015-03-22 20:00:00-04:00,41.400001525878906,41.439998626708984,41.11000061035156,41.31999969482422,101600,37.316734313964844,0.0
EPHE,2015-03-23 20:00:00-04:00,41.29999923706055,41.400001525878906,41.130001068115234,41.33000183105469,264600,37.32577896118164,0.0
EPHE,2015-03-24 20:00:00-04:00,41.33000183105469,41.400001525878906,40.720001220703125,40.7400016784668,269700,36.792938232421875,0.0
EPHE,2015-03-25 20:00:00-04:00,41.209999084472656,41.349998474121094,40.97999954223633,41.25,239000,37.25352478027344,0.0
EPHE,2015-03-26 20:00:00-04:00,41.369998931884766,41.560001373291016,41.2400016784668,41.529998779296875,171300,37.50640106201172,0.0
EPHE,2015-03-29 20:00:00-04:00,41.93000030517578,42.130001068115234,41.72999954223633,42.040000915527344,419100,37.96697998046875,0.0
EPHE,2015-03-30 20:00:00-04:00,41.84000015258789,41.86000061035156,41.540000915527344,41.599998474121094,395200,37.56961441040039,0.0
EPHE,2015-03-31 20:00:00-04:00,42.18000030517578,42.61000061035156,42.09000015258789,42.33000183105469,526900,38.228885650634766,0.0
EPHE,2015-04-01 20:00:00-04:00,42.65999984741211,42.95000076293945,42.52000045776367,42.869998931884766,570500,38.71656799316406,0.0
EPHE,2015-04-05 20:00:00-04:00,42.86000061035156,43.09000015258789,42.79999923706055,42.91999816894531,273000,38.761722564697266,0.0
EPHE,2015-04-06 20:00:00-04:00,42.79999923706055,43.040000915527344,42.59000015258789,42.630001068115234,182200,38.49982452392578,0.0
EPHE,2015-04-07 20:00:00-04:00,42.61000061035156,42.900001525878906,42.369998931884766,42.65999984741211,372800,38.52691650390625,0.0
EPHE,2015-04-08 20:00:00-04:00,42.810001373291016,42.93000030517578,42.70000076293945,42.79999923706055,154500,38.653350830078125,0.0
EPHE,2015-04-09 20:00:00-04:00,42.790000915527344,43.02000045776367,42.72999954223633,42.93000030517578,121100,38.770748138427734,0.0
EPHE,2015-04-12 20:00:00-04:00,42.59000015258789,42.59000015258789,42.0,42.09000015258789,245700,38.01214599609375,0.0
EPHE,2015-04-13 20:00:00-04:00,42.16999816894531,42.29999923706055,42.09000015258789,42.189998626708984,399100,38.10245132446289,0.0
EPHE,2015-04-14 20:00:00-04:00,41.709999084472656,41.79999923706055,41.5,41.7400016784668,190600,37.6960563659668,0.0
EPHE,2015-04-15 20:00:00-04:00,41.7400016784668,42.029998779296875,41.54999923706055,41.810001373291016,304900,37.759273529052734,0.0
EPHE,2015-04-16 20:00:00-04:00,41.560001373291016,41.91999816894531,41.52000045776367,41.900001525878906,398700,37.840545654296875,0.0
EPHE,2015-04-19 20:00:00-04:00,41.63999938964844,41.7599983215332,41.56999969482422,41.630001068115234,388000,37.59669876098633,0.0
EPHE,2015-04-20 20:00:00-04:00,41.709999084472656,41.86000061035156,41.400001525878906,41.45000076293945,334200,37.434146881103516,0.0
EPHE,2015-04-21 20:00:00-04:00,41.25,41.400001525878906,41.040000915527344,41.349998474121094,161800,37.343833923339844,0.0
EPHE,2015-04-22 20:00:00-04:00,41.470001220703125,42.029998779296875,41.470001220703125,41.90999984741211,161800,37.84957504272461,0.0
EPHE,2015-04-23 20:00:00-04:00,42.0099983215332,42.20000076293945,41.90999984741211,42.029998779296875,165800,37.95795440673828,0.0
EPHE,2015-04-26 20:00:00-04:00,42.130001068115234,42.189998626708984,41.970001220703125,42.02000045776367,239600,37.94892501831055,0.0
EPHE,2015-04-27 20:00:00-04:00,41.869998931884766,42.09000015258789,41.650001525878906,42.08000183105469,220800,38.003108978271484,0.0
EPHE,2015-04-28 20:00:00-04:00,41.31999969482422,41.630001068115234,41.29999923706055,41.56999969482422,236100,37.542518615722656,0.0
EPHE,2015-04-29 20:00:00-04:00,40.7599983215332,40.7599983215332,40.20000076293945,40.279998779296875,343300,36.37750244140625,0.0
EPHE,2015-04-30 20:00:00-04:00,40.290000915527344,40.529998779296875,40.20000076293945,40.290000915527344,437900,36.386531829833984,0.0
EPHE,2015-05-03 20:00:00-04:00,40.83000183105469,41.36000061035156,40.83000183105469,41.27000045776367,319500,37.271583557128906,0.0
EPHE,2015-05-04 20:00:00-04:00,41.45000076293945,41.869998931884766,41.22999954223633,41.27000045776367,301700,37.271583557128906,0.0
EPHE,2015-05-05 20:00:00-04:00,41.369998931884766,41.43000030517578,40.880001068115234,41.029998779296875,172700,37.054832458496094,0.0
EPHE,2015-05-06 20:00:00-04:00,40.970001220703125,41.06999969482422,40.83000183105469,41.040000915527344,176800,37.06386947631836,0.0
EPHE,2015-05-07 20:00:00-04:00,40.959999084472656,41.119998931884766,40.810001373291016,40.86000061035156,313700,36.90130615234375,0.0
EPHE,2015-05-10 20:00:00-04:00,40.810001373291016,40.900001525878906,40.22999954223633,40.400001525878906,158500,36.485870361328125,0.0
EPHE,2015-05-11 20:00:00-04:00,40.59000015258789,40.790000915527344,40.58000183105469,40.70000076293945,114300,36.75680923461914,0.0
EPHE,2015-05-12 20:00:00-04:00,40.849998474121094,41.2400016784668,40.7599983215332,40.790000915527344,222900,36.83809280395508,0.0
EPHE,2015-05-13 20:00:00-04:00,41.18000030517578,41.4900016784668,41.18000030517578,41.43000030517578,114700,37.41609191894531,0.0
EPHE,2015-05-14 20:00:00-04:00,41.54999923706055,41.83000183105469,41.5,41.810001373291016,296000,37.759273529052734,0.0
EPHE,2015-05-17 20:00:00-04:00,41.810001373291016,41.810001373291016,41.61000061035156,41.61000061035156,119100,37.57863998413086,0.0
EPHE,2015-05-18 20:00:00-04:00,41.439998626708984,41.439998626708984,41.130001068115234,41.2599983215332,145200,37.262550354003906,0.0
EPHE,2015-05-19 20:00:00-04:00,41.5099983215332,41.70000076293945,41.5,41.599998474121094,71700,37.56961441040039,0.0
EPHE,2015-05-20 20:00:00-04:00,41.529998779296875,41.65999984741211,41.459999084472656,41.65999984741211,92400,37.62379837036133,0.0
EPHE,2015-05-21 20:00:00-04:00,41.5,41.72999954223633,41.02000045776367,41.060001373291016,105500,37.08192825317383,0.0
EPHE,2015-05-25 20:00:00-04:00,40.529998779296875,40.529998779296875,40.040000915527344,40.2400016784668,201300,36.34136962890625,0.0
EPHE,2015-05-26 20:00:00-04:00,40.0099983215332,40.2599983215332,39.79999923706055,39.97999954223633,252000,36.106563568115234,0.0
EPHE,2015-05-27 20:00:00-04:00,39.33000183105469,39.400001525878906,39.119998931884766,39.2599983215332,328000,35.45632553100586,0.0
EPHE,2015-05-28 20:00:00-04:00,39.83000183105469,39.88999938964844,39.59000015258789,39.650001525878906,346700,35.808536529541016,0.0
EPHE,2015-05-31 20:00:00-04:00,39.90999984741211,39.91999816894531,39.540000915527344,39.810001373291016,348600,35.953041076660156,0.0
EPHE,2015-06-01 20:00:00-04:00,39.47999954223633,39.54999923706055,39.04999923706055,39.09000015258789,686000,35.302799224853516,0.0
EPHE,2015-06-02 20:00:00-04:00,39.0,39.33000183105469,38.810001373291016,39.27000045776367,116800,35.465362548828125,0.0
EPHE,2015-06-03 20:00:00-04:00,39.209999084472656,39.209999084472656,38.88999938964844,38.959999084472656,117500,35.18539047241211,0.0
EPHE,2015-06-04 20:00:00-04:00,38.90999984741211,38.90999984741211,38.540000915527344,38.56999969482422,367500,34.833168029785156,0.0
EPHE,2015-06-07 20:00:00-04:00,38.4900016784668,38.59000015258789,38.31999969482422,38.459999084472656,182900,34.733829498291016,0.0
EPHE,2015-06-08 20:00:00-04:00,38.099998474121094,38.310001373291016,37.63999938964844,37.65999984741211,277100,34.0113410949707,0.0
EPHE,2015-06-09 20:00:00-04:00,38.220001220703125,38.5,38.099998474121094,38.400001525878906,288100,34.67964172363281,0.0
EPHE,2015-06-10 20:00:00-04:00,38.65999984741211,38.880001068115234,38.650001525878906,38.68000030517578,191900,34.932518005371094,0.0
EPHE,2015-06-11 20:00:00-04:00,38.66999816894531,38.720001220703125,38.56999969482422,38.56999969482422,151400,34.833168029785156,0.0
EPHE,2015-06-14 20:00:00-04:00,38.459999084472656,38.540000915527344,38.2599983215332,38.540000915527344,140400,34.80608367919922,0.0
EPHE,2015-06-15 20:00:00-04:00,38.630001068115234,38.970001220703125,38.630001068115234,38.869998931884766,442200,35.104103088378906,0.0
EPHE,2015-06-16 20:00:00-04:00,38.86000061035156,39.36000061035156,38.65999984741211,39.18000030517578,96600,35.38407897949219,0.0
EPHE,2015-06-17 20:00:00-04:00,39.5099983215332,40.0099983215332,39.34000015258789,39.86000061035156,409700,35.99818801879883,0.0
EPHE,2015-06-18 20:00:00-04:00,39.349998474121094,39.720001220703125,39.349998474121094,39.459999084472656,220100,35.63694381713867,0.0
EPHE,2015-06-21 20:00:00-04:00,39.5099983215332,39.77000045776367,39.5099983215332,39.58000183105469,82100,35.745323181152344,0.0
EPHE,2015-06-22 20:00:00-04:00,39.2599983215332,39.459999084472656,39.2599983215332,39.36000061035156,226900,35.54662322998047,0.0
EPHE,2015-06-23 20:00:00-04:00,39.529998779296875,39.68000030517578,39.40999984741211,39.45000076293945,198800,35.62791442871094,0.0
EPHE,2015-06-24 20:00:00-04:00,39.27000045776367,39.27000045776367,38.97999954223633,38.97999954223633,105500,35.40447998046875,0.224
EPHE,2015-06-25 20:00:00-04:00,39.060001373291016,39.220001220703125,38.90999984741211,38.90999984741211,281300,35.34089660644531,0.0
EPHE,2015-06-28 20:00:00-04:00,38.90999984741211,39.11000061035156,38.58000183105469,38.599998474121094,191900,35.0593376159668,0.0
EPHE,2015-06-29 20:00:00-04:00,38.689998626708984,38.88999938964844,38.34000015258789,38.5,275000,34.96852111816406,0.0
EPHE,2015-06-30 20:00:00-04:00,38.790000915527344,38.88999938964844,38.56999969482422,38.77000045776367,209900,35.21373748779297,0.0
EPHE,2015-07-01 20:00:00-04:00,38.88999938964844,39.2400016784668,38.88999938964844,39.150001525878906,283300,35.55888748168945,0.0
EPHE,2015-07-05 20:00:00-04:00,38.38999938964844,38.58000183105469,38.11000061035156,38.189998626708984,120300,34.68694305419922,0.0
EPHE,2015-07-06 20:00:00-04:00,37.95000076293945,37.970001220703125,37.369998931884766,37.939998626708984,293800,34.459877014160156,0.0
EPHE,2015-07-07 20:00:00-04:00,37.900001525878906,37.970001220703125,37.560001373291016,37.66999816894531,284600,34.21464157104492,0.0
EPHE,2015-07-08 20:00:00-04:00,37.900001525878906,38.029998779296875,37.650001525878906,37.65999984741211,387200,34.2055549621582,0.0
EPHE,2015-07-09 20:00:00-04:00,37.939998626708984,38.22999954223633,37.83000183105469,38.150001525878906,466700,34.65061569213867,0.0
EPHE,2015-07-12 20:00:00-04:00,38.5,38.630001068115234,38.41999816894531,38.41999816894531,274500,34.89584732055664,0.0
EPHE,2015-07-13 20:00:00-04:00,38.54999923706055,38.88999938964844,38.54999923706055,38.77000045776367,150900,35.21373748779297,0.0
EPHE,2015-07-14 20:00:00-04:00,38.779998779296875,38.88999938964844,38.439998626708984,38.439998626708984,222000,34.91400909423828,0.0
EPHE,2015-07-15 20:00:00-04:00,38.790000915527344,39.2599983215332,38.790000915527344,39.119998931884766,366500,35.531639099121094,0.0
EPHE,2015-07-16 20:00:00-04:00,39.09000015258789,39.189998626708984,38.95000076293945,38.959999084472656,100200,35.386314392089844,0.0
EPHE,2015-07-19 20:00:00-04:00,38.61000061035156,38.810001373291016,38.459999084472656,38.540000915527344,294100,35.00482940673828,0.0
EPHE,2015-07-20 20:00:00-04:00,38.90999984741211,39.040000915527344,38.7599983215332,38.81999969482422,171100,35.25914764404297,0.0
EPHE,2015-07-21 20:00:00-04:00,39.06999969482422,39.15999984741211,38.83000183105469,38.88999938964844,141800,35.32273483276367,0.0
EPHE,2015-07-22 20:00:00-04:00,38.849998474121094,38.959999084472656,38.720001220703125,38.7599983215332,217800,35.204654693603516,0.0
EPHE,2015-07-23 20:00:00-04:00,38.77000045776367,38.95000076293945,38.650001525878906,38.869998931884766,309300,35.3045654296875,0.0
EPHE,2015-07-26 20:00:00-04:00,38.22999954223633,38.54999923706055,38.09000015258789,38.189998626708984,261100,34.68694305419922,0.0
EPHE,2015-07-27 20:00:00-04:00,38.150001525878906,38.560001373291016,38.0099983215332,38.5099983215332,696900,34.97758865356445,0.0
EPHE,2015-07-28 20:00:00-04:00,38.25,38.72999954223633,38.11000061035156,38.619998931884766,299200,35.07749938964844,0.0
EPHE,2015-07-29 20:00:00-04:00,38.34000015258789,38.439998626708984,38.099998474121094,38.369998931884766,231700,34.85042953491211,0.0
EPHE,2015-07-30 20:00:00-04:00,38.5099983215332,38.880001068115234,38.5099983215332,38.79999923706055,252300,35.24098587036133,0.0
EPHE,2015-08-02 20:00:00-04:00,38.5,38.88999938964844,38.310001373291016,38.45000076293945,187800,34.923099517822266,0.0
EPHE,2015-08-03 20:00:00-04:00,38.68000030517578,39.06999969482422,38.68000030517578,38.779998779296875,95400,35.22282028198242,0.0
EPHE,2015-08-04 20:00:00-04:00,39.04999923706055,39.27000045776367,38.810001373291016,38.84000015258789,224700,35.27732467651367,0.0
EPHE,2015-08-05 20:00:00-04:00,38.560001373291016,38.560001373291016,38.209999084472656,38.2599983215332,629200,34.75052261352539,0.0
EPHE,2015-08-06 20:00:00-04:00,38.11000061035156,38.2400016784668,37.869998931884766,38.08000183105469,459600,34.587039947509766,0.0
EPHE,2015-08-09 20:00:00-04:00,38.27000045776367,38.45000076293945,38.16999816894531,38.2400016784668,687300,34.732357025146484,0.0
EPHE,2015-08-10 20:00:00-04:00,38.029998779296875,38.04999923706055,37.56999969482422,37.790000915527344,470000,34.32363510131836,0.0
EPHE,2015-08-11 20:00:00-04:00,37.45000076293945,37.59000015258789,37.22999954223633,37.439998626708984,898300,34.005733489990234,0.0
EPHE,2015-08-12 20:00:00-04:00,37.13999938964844,37.209999084472656,36.95000076293945,37.209999084472656,514800,33.79683303833008,0.0
EPHE,2015-08-13 20:00:00-04:00,37.099998474121094,37.16999816894531,36.970001220703125,37.0,286100,33.60609817504883,0.0
EPHE,2015-08-16 20:00:00-04:00,36.54999923706055,36.599998474121094,36.34000015258789,36.4900016784668,229100,33.14287567138672,0.0
EPHE,2015-08-17 20:00:00-04:00,36.09000015258789,36.459999084472656,36.060001373291016,36.27000045776367,364300,32.94306182861328,0.0
EPHE,2015-08-18 20:00:00-04:00,36.459999084472656,36.720001220703125,36.11000061035156,36.4900016784668,882200,33.14287567138672,0.0
EPHE,2015-08-19 20:00:00-04:00,35.970001220703125,36.11000061035156,35.7400016784668,35.84000015258789,228300,32.5525016784668,0.0
EPHE,2015-08-20 20:00:00-04:00,35.5,35.790000915527344,34.619998931884766,34.63999938964844,407400,31.462575912475586,0.0
EPHE,2015-08-23 20:00:00-04:00,32.0,33.41999816894531,31.0,32.369998931884766,1540100,29.400793075561523,0.0
EPHE,2015-08-24 20:00:00-04:00,34.7400016784668,35.13999938964844,32.38999938964844,32.38999938964844,1177600,29.418960571289062,0.0
EPHE,2015-08-25 20:00:00-04:00,34.08000183105469,34.33000183105469,33.529998779296875,34.22999954223633,856800,31.090185165405273,0.0
EPHE,2015-08-26 20:00:00-04:00,34.720001220703125,35.650001525878906,34.720001220703125,35.560001373291016,612600,32.29818344116211,0.0
EPHE,2015-08-27 20:00:00-04:00,35.119998931884766,35.41999816894531,34.86000061035156,35.130001068115234,247500,31.90762710571289,0.0
EPHE,2015-08-30 20:00:00-04:00,35.0099983215332,35.04999923706055,34.65999984741211,34.900001525878906,171300,31.698726654052734,0.0
EPHE,2015-08-31 20:00:00-04:00,34.7400016784668,35.04999923706055,34.31999969482422,34.470001220703125,296000,31.308164596557617,0.0
EPHE,2015-09-01 20:00:00-04:00,35.029998779296875,35.209999084472656,34.81999969482422,35.209999084472656,336400,31.98029136657715,0.0
EPHE,2015-09-02 20:00:00-04:00,35.41999816894531,35.81999969482422,35.119998931884766,35.13999938964844,253500,31.916702270507812,0.0
EPHE,2015-09-03 20:00:00-04:00,34.709999084472656,34.810001373291016,34.04999923706055,34.279998779296875,207300,31.135597229003906,0.0
EPHE,2015-09-07 20:00:00-04:00,34.27000045776367,34.5099983215332,34.099998474121094,34.4900016784668,180700,31.326330184936523,0.0
EPHE,2015-09-08 20:00:00-04:00,34.369998931884766,34.5099983215332,33.560001373291016,33.59000015258789,310900,30.50888442993164,0.0
EPHE,2015-09-09 20:00:00-04:00,34.060001373291016,34.380001068115234,33.880001068115234,34.27000045776367,392400,31.126510620117188,0.0
EPHE,2015-09-10 20:00:00-04:00,34.15999984741211,34.7400016784668,34.15999984741211,34.70000076293945,347100,31.517070770263672,0.0
EPHE,2015-09-13 20:00:00-04:00,34.83000183105469,35.0,34.66999816894531,34.790000915527344,92900,31.598812103271484,0.0
EPHE,2015-09-14 20:00:00-04:00,35.16999816894531,35.63999938964844,34.970001220703125,35.5,317700,32.243690490722656,0.0
EPHE,2015-09-15 20:00:00-04:00,35.5,35.72999954223633,35.29999923706055,35.540000915527344,792100,32.280025482177734,0.0
EPHE,2015-09-16 20:00:00-04:00,35.650001525878906,36.54999923706055,35.4900016784668,35.75,336100,32.47075653076172,0.0
EPHE,2015-09-17 20:00:00-04:00,35.72999954223633,35.880001068115234,35.09000015258789,35.150001525878906,222400,31.92579460144043,0.0
EPHE,2015-09-20 20:00:00-04:00,35.4900016784668,35.61000061035156,35.27000045776367,35.40999984741211,148400,32.161949157714844,0.0
EPHE,2015-09-21 20:00:00-04:00,34.54999923706055,34.689998626708984,34.41999816894531,34.650001525878906,225600,31.471660614013672,0.0
EPHE,2015-09-22 20:00:00-04:00,34.61000061035156,34.70000076293945,34.20000076293945,34.220001220703125,244600,31.081096649169922,0.0
EPHE,2015-09-23 20:00:00-04:00,33.81999969482422,34.04999923706055,33.56999969482422,33.970001220703125,292400,30.854036331176758,0.0
EPHE,2015-09-24 20:00:00-04:00,34.459999084472656,34.470001220703125,34.06999969482422,34.099998474121094,279600,30.972103118896484,0.0
EPHE,2015-09-27 20:00:00-04:00,33.83000183105469,33.83000183105469,33.209999084472656,33.45000076293945,207300,30.38172721862793,0.0
EPHE,2015-09-28 20:00:00-04:00,33.95000076293945,34.45000076293945,33.869998931884766,34.220001220703125,520800,31.081096649169922,0.0
EPHE,2015-09-29 20:00:00-04:00,34.45000076293945,34.560001373291016,34.099998474121094,34.38999938964844,194400,31.235504150390625,0.0
EPHE,2015-09-30 20:00:00-04:00,34.279998779296875,34.369998931884766,33.84000015258789,34.16999816894531,243900,31.03567886352539,0.0
EPHE,2015-10-01 20:00:00-04:00,34.0099983215332,34.93000030517578,33.630001068115234,34.93000030517578,437900,31.72597312927246,0.0
EPHE,2015-10-04 20:00:00-04:00,35.27000045776367,35.97999954223633,35.27000045776367,35.869998931884766,317900,32.579734802246094,0.0
EPHE,2015-10-05 20:00:00-04:00,35.79999923706055,36.0,35.66999816894531,35.849998474121094,163400,32.561580657958984,0.0
EPHE,2015-10-06 20:00:00-04:00,36.220001220703125,36.61000061035156,36.0,36.5099983215332,720100,33.16105270385742,0.0
EPHE,2015-10-07 20:00:00-04:00,36.27000045776367,36.95000076293945,36.130001068115234,36.86000061035156,232400,33.478939056396484,0.0
EPHE,2015-10-08 20:00:00-04:00,36.88999938964844,37.279998779296875,36.7400016784668,36.75,303800,33.379032135009766,0.0
EPHE,2015-10-11 20:00:00-04:00,36.7400016784668,36.7400016784668,36.33000183105469,36.43000030517578,244300,33.088375091552734,0.0
EPHE,2015-10-12 20:00:00-04:00,35.63999938964844,35.97999954223633,35.5099983215332,35.599998474121094,218700,32.33451461791992,0.0
EPHE,2015-10-13 20:00:00-04:00,35.650001525878906,35.79999923706055,35.439998626708984,35.4900016784668,182200,32.23461151123047,0.0
EPHE,2015-10-14 20:00:00-04:00,35.869998931884766,36.630001068115234,35.81999969482422,36.59000015258789,849900,33.23371124267578,0.0
EPHE,2015-10-15 20:00:00-04:00,36.15999984741211,36.38999938964844,35.9900016784668,36.36000061035156,234400,33.02479553222656,0.0
EPHE,2015-10-18 20:00:00-04:00,36.04999923706055,36.04999923706055,35.7599983215332,35.90999984741211,144500,32.61608123779297,0.0
EPHE,2015-10-19 20:00:00-04:00,35.810001373291016,35.93000030517578,35.7400016784668,35.779998779296875,77100,32.49800109863281,0.0
EPHE,2015-10-20 20:00:00-04:00,35.93000030517578,36.13999938964844,35.70000076293945,35.70000076293945,115200,32.42534255981445,0.0
EPHE,2015-10-21 20:00:00-04:00,36.029998779296875,36.58000183105469,35.95000076293945,36.43000030517578,225900,33.088375091552734,0.0
EPHE,2015-10-22 20:00:00-04:00,36.72999954223633,37.09000015258789,36.619998931884766,37.040000915527344,512200,33.642433166503906,0.0
EPHE,2015-10-25 20:00:00-04:00,37.08000183105469,37.16999816894531,36.91999816894531,37.040000915527344,120000,33.642433166503906,0.0
EPHE,2015-10-26 20:00:00-04:00,36.81999969482422,36.81999969482422,36.470001220703125,36.619998931884766,151900,33.26095199584961,0.0
EPHE,2015-10-27 20:00:00-04:00,36.61000061035156,36.61000061035156,35.63999938964844,35.790000915527344,568900,32.50708770751953,0.0
EPHE,2015-10-28 20:00:00-04:00,35.45000076293945,35.650001525878906,35.06999969482422,35.36000061035156,440300,32.11652755737305,0.0
EPHE,2015-10-29 20:00:00-04:00,35.369998931884766,35.4900016784668,35.18000030517578,35.209999084472656,296200,31.98029136657715,0.0
EPHE,2015-11-01 19:00:00-05:00,35.779998779296875,36.310001373291016,35.779998779296875,36.2400016784668,432200,32.91581344604492,0.0
EPHE,2015-11-02 19:00:00-05:00,36.029998779296875,36.369998931884766,35.88999938964844,36.290000915527344,495500,32.96122360229492,0.0
EPHE,2015-11-03 19:00:00-05:00,36.2400016784668,36.2400016784668,35.5099983215332,35.560001373291016,335100,32.29818344116211,0.0
EPHE,2015-11-04 19:00:00-05:00,35.439998626708984,35.52000045776367,35.20000076293945,35.2400016784668,260300,32.007537841796875,0.0
EPHE,2015-11-05 19:00:00-05:00,35.11000061035156,35.130001068115234,34.75,35.04999923706055,328200,31.83496856689453,0.0
EPHE,2015-11-08 19:00:00-05:00,34.810001373291016,34.869998931884766,34.040000915527344,34.09000015258789,296500,30.963027954101562,0.0
EPHE,2015-11-09 19:00:00-05:00,34.09000015258789,34.18000030517578,33.90999984741211,34.0099983215332,154400,30.89035415649414,0.0
EPHE,2015-11-10 19:00:00-05:00,34.040000915527344,34.290000915527344,34.029998779296875,34.20000076293945,216700,31.06293487548828,0.0
EPHE,2015-11-11 19:00:00-05:00,34.0099983215332,34.0099983215332,33.540000915527344,33.63999938964844,184300,30.554298400878906,0.0
EPHE,2015-11-12 19:00:00-05:00,33.630001068115234,33.790000915527344,33.369998931884766,33.529998779296875,293100,30.45438575744629,0.0
EPHE,2015-11-15 19:00:00-05:00,33.529998779296875,34.13999938964844,33.33000183105469,34.130001068115234,325800,30.99935531616211,0.0
EPHE,2015-11-16 19:00:00-05:00,33.95000076293945,33.959999084472656,33.689998626708984,33.83000183105469,492100,30.72687339782715,0.0
EPHE,2015-11-17 19:00:00-05:00,33.77000045776367,34.220001220703125,33.709999084472656,34.20000076293945,300600,31.06293487548828,0.0
EPHE,2015-11-18 19:00:00-05:00,34.09000015258789,34.5,34.09000015258789,34.310001373291016,313000,31.162837982177734,0.0
EPHE,2015-11-19 19:00:00-05:00,34.4900016784668,34.70000076293945,34.43000030517578,34.52000045776367,333100,31.353586196899414,0.0
EPHE,2015-11-22 19:00:00-05:00,34.47999954223633,34.72999954223633,34.439998626708984,34.5,158000,31.335416793823242,0.0
EPHE,2015-11-23 19:00:00-05:00,34.34000015258789,34.849998474121094,34.25,34.75,189000,31.562482833862305,0.0
EPHE,2015-11-24 19:00:00-05:00,35.0,35.08000183105469,34.779998779296875,34.95000076293945,154500,31.744144439697266,0.0
EPHE,2015-11-26 19:00:00-05:00,34.31999969482422,34.459999084472656,34.18000030517578,34.2400016784668,148700,31.099266052246094,0.0
EPHE,2015-11-29 19:00:00-05:00,34.0,34.41999816894531,33.810001373291016,34.349998474121094,479600,31.199180603027344,0.0
EPHE,2015-11-30 19:00:00-05:00,34.65999984741211,35.06999969482422,34.65999984741211,35.060001373291016,306400,31.844045639038086,0.0
EPHE,2015-12-01 19:00:00-05:00,34.86000061035156,34.90999984741211,34.52000045776367,34.63999938964844,334300,31.462575912475586,0.0
EPHE,2015-12-02 19:00:00-05:00,34.779998779296875,34.88999938964844,34.09000015258789,34.31999969482422,131300,31.171924591064453,0.0
EPHE,2015-12-03 19:00:00-05:00,34.279998779296875,34.83000183105469,34.06999969482422,34.77000045776367,198300,31.580652236938477,0.0
EPHE,2015-12-06 19:00:00-05:00,34.20000076293945,34.2599983215332,33.939998626708984,34.099998474121094,141700,30.972103118896484,0.0
EPHE,2015-12-07 19:00:00-05:00,33.560001373291016,33.869998931884766,33.25,33.810001373291016,174800,30.70870590209961,0.0
EPHE,2015-12-08 19:00:00-05:00,33.65999984741211,34.09000015258789,33.41999816894531,33.630001068115234,192500,30.545217514038086,0.0
EPHE,2015-12-09 19:00:00-05:00,33.56999969482422,33.95000076293945,33.52000045776367,33.720001220703125,445900,30.626968383789062,0.0
EPHE,2015-12-10 19:00:00-05:00,32.86000061035156,33.0,32.400001525878906,32.5099983215332,273900,29.527942657470703,0.0
EPHE,2015-12-13 19:00:00-05:00,32.790000915527344,33.2400016784668,32.630001068115234,33.16999816894531,170800,30.127410888671875,0.0
EPHE,2015-12-14 19:00:00-05:00,33.36000061035156,33.720001220703125,33.36000061035156,33.56999969482422,202800,30.49072265625,0.0
EPHE,2015-12-15 19:00:00-05:00,33.779998779296875,34.20000076293945,33.529998779296875,34.02000045776367,351200,30.899438858032227,0.0
EPHE,2015-12-16 19:00:00-05:00,34.119998931884766,34.290000915527344,33.58000183105469,33.59000015258789,340400,30.50888442993164,0.0
EPHE,2015-12-17 19:00:00-05:00,33.66999816894531,33.779998779296875,33.20000076293945,33.2599983215332,386000,30.20915985107422,0.0
EPHE,2015-12-20 19:00:00-05:00,33.75,33.900001525878906,33.439998626708984,33.75,218600,30.767066955566406,0.122
EPHE,2015-12-21 19:00:00-05:00,33.97999954223633,34.189998626708984,33.75,34.15999984741211,395200,31.14082145690918,0.0
EPHE,2015-12-22 19:00:00-05:00,34.38999938964844,34.54999923706055,34.27000045776367,34.5,149900,31.450782775878906,0.0
EPHE,2015-12-23 19:00:00-05:00,34.41999816894531,34.650001525878906,34.279998779296875,34.5,52300,31.450782775878906,0.0
EPHE,2015-12-27 19:00:00-05:00,34.22999954223633,34.34000015258789,33.939998626708984,34.13999938964844,132400,31.122594833374023,0.0
EPHE,2015-12-28 19:00:00-05:00,34.13999938964844,34.349998474121094,34.13999938964844,34.189998626708984,168400,31.168180465698242,0.0
EPHE,2015-12-29 19:00:00-05:00,33.939998626708984,34.16999816894531,33.869998931884766,33.91999816894531,146200,30.922039031982422,0.0
EPHE,2015-12-30 19:00:00-05:00,33.900001525878906,33.97999954223633,33.70000076293945,33.7400016784668,53600,30.75794792175293,0.0
EPHE,2016-01-03 19:00:00-05:00,33.349998474121094,33.380001068115234,33.0,33.380001068115234,257800,30.429767608642578,0.0
EPHE,2016-01-04 19:00:00-05:00,33.41999816894531,33.7400016784668,33.41999816894531,33.58000183105469,132300,30.612092971801758,0.0
EPHE,2016-01-05 19:00:00-05:00,33.22999954223633,33.31999969482422,32.849998474121094,33.060001373291016,139800,30.138050079345703,0.0
EPHE,2016-01-06 19:00:00-05:00,32.38999938964844,32.72999954223633,32.02000045776367,32.040000915527344,225800,29.208200454711914,0.0
EPHE,2016-01-07 19:00:00-05:00,31.950000762939453,32.0,31.270000457763672,31.329999923706055,299000,28.560955047607422,0.0
EPHE,2016-01-10 19:00:00-05:00,31.0,31.0,30.389999389648438,30.68000030517578,220200,27.96840476989746,0.0
EPHE,2016-01-11 19:00:00-05:00,31.1299991607666,31.1299991607666,30.540000915527344,30.809999465942383,488700,28.086915969848633,0.0
EPHE,2016-01-12 19:00:00-05:00,31.350000381469727,31.459999084472656,30.549999237060547,30.600000381469727,253200,27.895475387573242,0.0
EPHE,2016-01-13 19:00:00-05:00,30.5,30.940000534057617,30.1200008392334,30.829999923706055,584200,28.105144500732422,0.0
EPHE,2016-01-14 19:00:00-05:00,30.329999923706055,30.389999389648438,29.889999389648438,30.100000381469727,429100,27.439664840698242,0.0
EPHE,2016-01-18 19:00:00-05:00,30.530000686645508,30.530000686645508,29.8799991607666,30.059999465942383,219200,27.403200149536133,0.0
EPHE,2016-01-19 19:00:00-05:00,29.790000915527344,30.020000457763672,29.020000457763672,29.770000457763672,338500,27.13883399963379,0.0
EPHE,2016-01-20 19:00:00-05:00,29.309999465942383,29.780000686645508,28.979999542236328,29.31999969482422,245100,26.72860336303711,0.0
EPHE,2016-01-21 19:00:00-05:00,29.84000015258789,30.040000915527344,29.600000381469727,29.860000610351562,182400,27.220876693725586,0.0
EPHE,2016-01-24 19:00:00-05:00,30.290000915527344,30.399999618530273,29.8799991607666,29.979999542236328,107800,27.330270767211914,0.0
EPHE,2016-01-25 19:00:00-05:00,30.270000457763672,30.5,30.200000762939453,30.3799991607666,147600,27.694917678833008,0.0
EPHE,2016-01-26 19:00:00-05:00,30.8799991607666,31.170000076293945,30.459999084472656,30.65999984741211,247900,27.950170516967773,0.0
EPHE,2016-01-27 19:00:00-05:00,31.639999389648438,31.65999984741211,31.200000762939453,31.239999771118164,408100,28.478906631469727,0.0
EPHE,2016-01-28 19:00:00-05:00,31.709999084472656,32.33000183105469,31.709999084472656,32.290000915527344,227500,29.43610954284668,0.0
EPHE,2016-01-31 19:00:00-05:00,32.02000045776367,32.11000061035156,31.649999618530273,32.040000915527344,245100,29.208200454711914,0.0
EPHE,2016-02-01 19:00:00-05:00,31.670000076293945,31.670000076293945,31.010000228881836,31.059999465942383,246200,28.314815521240234,0.0
EPHE,2016-02-02 19:00:00-05:00,31.079999923706055,31.739999771118164,30.6200008392334,31.709999084472656,554600,28.90736961364746,0.0
EPHE,2016-02-03 19:00:00-05:00,31.739999771118164,32.34000015258789,31.739999771118164,32.22999954223633,337100,29.38140869140625,0.0
EPHE,2016-02-04 19:00:00-05:00,32.27000045776367,32.45000076293945,31.940000534057617,32.16999816894531,273000,29.326709747314453,0.0
EPHE,2016-02-07 19:00:00-05:00,31.690000534057617,32.060001373291016,31.489999771118164,31.940000534057617,243300,29.117040634155273,0.0
EPHE,2016-02-08 19:00:00-05:00,31.690000534057617,32.31999969482422,31.6200008392334,31.959999084472656,299400,29.135271072387695,0.0
EPHE,2016-02-09 19:00:00-05:00,32.130001068115234,32.63999938964844,32.060001373291016,32.18000030517578,298400,29.33582878112793,0.0
EPHE,2016-02-10 19:00:00-05:00,32.0099983215332,32.349998474121094,31.829999923706055,32.13999938964844,452300,29.299365997314453,0.0
EPHE,2016-02-11 19:00:00-05:00,32.2400016784668,32.52000045776367,32.08000183105469,32.4900016784668,380400,29.618432998657227,0.0
EPHE,2016-02-15 19:00:00-05:00,32.65999984741211,32.869998931884766,32.47999954223633,32.77000045776367,391700,29.873680114746094,0.0
EPHE,2016-02-16 19:00:00-05:00,32.939998626708984,33.29999923706055,32.83000183105469,33.209999084472656,244500,30.27479362487793,0.0
EPHE,2016-02-17 19:00:00-05:00,33.20000076293945,33.33000183105469,33.029998779296875,33.189998626708984,303300,30.256559371948242,0.0
EPHE,2016-02-18 19:00:00-05:00,32.72999954223633,32.959999084472656,32.529998779296875,32.810001373291016,196800,29.91015625,0.0
EPHE,2016-02-21 19:00:00-05:00,32.959999084472656,33.25,32.95000076293945,33.22999954223633,119800,30.293025970458984,0.0
EPHE,2016-02-22 19:00:00-05:00,33.119998931884766,33.22999954223633,32.810001373291016,32.81999969482422,137600,29.919260025024414,0.0
EPHE,2016-02-23 19:00:00-05:00,32.439998626708984,32.880001068115234,32.06999969482422,32.84000015258789,416700,29.9374942779541,0.0
EPHE,2016-02-24 19:00:00-05:00,32.75,33.029998779296875,32.599998474121094,33.0099983215332,103000,30.092470169067383,0.0
EPHE,2016-02-25 19:00:00-05:00,32.939998626708984,32.9900016784668,32.65999984741211,32.68000030517578,225500,29.79163360595703,0.0
EPHE,2016-02-28 19:00:00-05:00,32.560001373291016,32.880001068115234,32.470001220703125,32.619998931884766,256800,29.736934661865234,0.0
EPHE,2016-02-29 19:00:00-05:00,32.900001525878906,33.45000076293945,32.88999938964844,33.349998474121094,144000,30.40241813659668,0.0
EPHE,2016-03-01 19:00:00-05:00,33.349998474121094,33.790000915527344,33.31999969482422,33.7599983215332,264400,30.77618408203125,0.0
EPHE,2016-03-02 19:00:00-05:00,34.150001525878906,34.34000015258789,34.0099983215332,34.279998779296875,212900,31.250221252441406,0.0
EPHE,2016-03-03 19:00:00-05:00,34.02000045776367,34.619998931884766,33.9900016784668,34.31999969482422,628600,31.286684036254883,0.0
EPHE,2016-03-06 19:00:00-05:00,33.81999969482422,34.13999938964844,33.75,33.970001220703125,257200,30.967626571655273,0.0
EPHE,2016-03-07 19:00:00-05:00,33.779998779296875,33.810001373291016,33.54999923706055,33.65999984741211,384900,30.68501853942871,0.0
EPHE,2016-03-08 19:00:00-05:00,34.22999954223633,34.43000030517578,34.09000015258789,34.15999984741211,286200,31.14082145690918,0.0
EPHE,2016-03-09 19:00:00-05:00,34.93000030517578,35.02000045776367,34.33000183105469,34.630001068115234,370300,31.56928825378418,0.0
EPHE,2016-03-10 19:00:00-05:00,35.29999923706055,35.56999969482422,35.27000045776367,35.5099983215332,264800,32.37152099609375,0.0
EPHE,2016-03-13 20:00:00-04:00,35.5,35.5,35.220001220703125,35.290000915527344,197200,32.17095947265625,0.0
EPHE,2016-03-14 20:00:00-04:00,35.2599983215332,35.380001068115234,35.18000030517578,35.34000015258789,239000,32.2165412902832,0.0
EPHE,2016-03-15 20:00:00-04:00,34.88999938964844,35.72999954223633,34.65999984741211,35.63999938964844,327400,32.490020751953125,0.0
EPHE,2016-03-16 20:00:00-04:00,35.790000915527344,36.540000915527344,35.790000915527344,36.40999984741211,404100,33.19197082519531,0.0
EPHE,2016-03-17 20:00:00-04:00,36.45000076293945,36.810001373291016,36.45000076293945,36.560001373291016,637900,33.32871627807617,0.0
EPHE,2016-03-20 20:00:00-04:00,36.86000061035156,37.09000015258789,36.79999923706055,36.869998931884766,390900,33.6113166809082,0.0
EPHE,2016-03-21 20:00:00-04:00,36.5099983215332,36.65999984741211,36.369998931884766,36.459999084472656,256500,33.237548828125,0.0
EPHE,2016-03-22 20:00:00-04:00,36.529998779296875,36.560001373291016,36.16999816894531,36.20000076293945,401300,33.00053787231445,0.0
EPHE,2016-03-23 20:00:00-04:00,35.970001220703125,36.060001373291016,35.75,36.0,288600,32.81821060180664,0.0
EPHE,2016-03-27 20:00:00-04:00,36.2400016784668,36.27000045776367,36.06999969482422,36.209999084472656,147000,33.009647369384766,0.0
EPHE,2016-03-28 20:00:00-04:00,36.22999954223633,36.779998779296875,35.939998626708984,36.75,350400,33.501914978027344,0.0
EPHE,2016-03-29 20:00:00-04:00,36.83000183105469,37.08000183105469,36.83000183105469,36.869998931884766,303300,33.6113166809082,0.0
EPHE,2016-03-30 20:00:00-04:00,36.72999954223633,36.91999816894531,36.540000915527344,36.650001525878906,160600,33.41075134277344,0.0
EPHE,2016-03-31 20:00:00-04:00,36.119998931884766,36.619998931884766,35.900001525878906,36.599998474121094,286200,33.36516571044922,0.0
EPHE,2016-04-03 20:00:00-04:00,36.540000915527344,36.540000915527344,36.06999969482422,36.119998931884766,81400,32.9276008605957,0.0
EPHE,2016-04-04 20:00:00-04:00,35.86000061035156,36.0099983215332,35.529998779296875,35.58000183105469,183700,32.435333251953125,0.0
EPHE,2016-04-05 20:00:00-04:00,35.70000076293945,36.04999923706055,35.45000076293945,36.02000045776367,298700,32.83644104003906,0.0
EPHE,2016-04-06 20:00:00-04:00,35.970001220703125,35.970001220703125,35.43000030517578,35.540000915527344,150000,32.39885711669922,0.0
EPHE,2016-04-07 20:00:00-04:00,36.29999923706055,36.439998626708984,35.970001220703125,36.02000045776367,276100,32.83644104003906,0.0
EPHE,2016-04-10 20:00:00-04:00,36.720001220703125,36.95000076293945,36.560001373291016,36.68000030517578,188900,33.438106536865234,0.0
EPHE,2016-04-11 20:00:00-04:00,36.84000015258789,37.18000030517578,36.650001525878906,37.04999923706055,305500,33.77539825439453,0.0
EPHE,2016-04-12 20:00:00-04:00,37.33000183105469,37.38999938964844,37.11000061035156,37.25,298300,33.957725524902344,0.0
EPHE,2016-04-13 20:00:00-04:00,37.209999084472656,37.2599983215332,37.06999969482422,37.09000015258789,142100,33.811866760253906,0.0
EPHE,2016-04-14 20:00:00-04:00,36.79999923706055,36.88999938964844,36.43000030517578,36.439998626708984,631700,33.21931076049805,0.0
EPHE,2016-04-17 20:00:00-04:00,36.36000061035156,36.58000183105469,36.22999954223633,36.41999816894531,280600,33.20108413696289,0.0
EPHE,2016-04-18 20:00:00-04:00,36.220001220703125,36.380001068115234,36.08000183105469,36.310001373291016,302200,33.100807189941406,0.0
EPHE,2016-04-19 20:00:00-04:00,36.15999984741211,36.31999969482422,35.9900016784668,36.060001373291016,325200,32.87290954589844,0.0
EPHE,2016-04-20 20:00:00-04:00,36.0,36.029998779296875,35.59000015258789,35.7400016784668,246300,32.58118438720703,0.0
EPHE,2016-04-21 20:00:00-04:00,35.900001525878906,35.95000076293945,35.599998474121094,35.619998931884766,275900,32.47179412841797,0.0
EPHE,2016-04-24 20:00:00-04:00,35.75,35.75,35.33000183105469,35.380001068115234,329500,32.252994537353516,0.0
EPHE,2016-04-25 20:00:00-04:00,35.560001373291016,35.63999938964844,35.369998931884766,35.5099983215332,374900,32.37152099609375,0.0
EPHE,2016-04-26 20:00:00-04:00,35.349998474121094,35.689998626708984,35.130001068115234,35.529998779296875,185700,32.389747619628906,0.0
EPHE,2016-04-27 20:00:00-04:00,35.38999938964844,35.540000915527344,35.16999816894531,35.22999954223633,295700,32.11626052856445,0.0
EPHE,2016-04-28 20:00:00-04:00,35.15999984741211,35.2400016784668,34.7599983215332,35.029998779296875,249700,31.93393898010254,0.0
EPHE,2016-05-01 20:00:00-04:00,34.77000045776367,34.77000045776367,34.40999984741211,34.59000015258789,260200,31.532819747924805,0.0
EPHE,2016-05-02 20:00:00-04:00,34.58000183105469,34.58000183105469,34.150001525878906,34.209999084472656,465000,31.186412811279297,0.0
EPHE,2016-05-03 20:00:00-04:00,34.369998931884766,34.369998931884766,34.0099983215332,34.099998474121094,375100,31.086130142211914,0.0
EPHE,2016-05-04 20:00:00-04:00,34.13999938964844,34.349998474121094,33.81999969482422,33.970001220703125,311500,30.967626571655273,0.0
EPHE,2016-05-05 20:00:00-04:00,34.380001068115234,34.4900016784668,34.16999816894531,34.40999984741211,460100,31.368738174438477,0.0
EPHE,2016-05-08 20:00:00-04:00,34.2599983215332,34.279998779296875,33.58000183105469,33.650001525878906,636700,30.675905227661133,0.0
EPHE,2016-05-09 20:00:00-04:00,35.22999954223633,35.5099983215332,35.15999984741211,35.41999816894531,626700,32.28947067260742,0.0
EPHE,2016-05-10 20:00:00-04:00,36.650001525878906,37.029998779296875,36.650001525878906,36.88999938964844,807600,33.629539489746094,0.0
EPHE,2016-05-11 20:00:00-04:00,36.7400016784668,36.84000015258789,36.439998626708984,36.630001068115234,435300,33.39252471923828,0.0
EPHE,2016-05-12 20:00:00-04:00,37.27000045776367,37.380001068115234,37.0,37.06999969482422,308000,33.793636322021484,0.0
EPHE,2016-05-15 20:00:00-04:00,37.66999816894531,37.9900016784668,37.650001525878906,37.95000076293945,559500,34.59585952758789,0.0
EPHE,2016-05-16 20:00:00-04:00,37.689998626708984,37.779998779296875,37.29999923706055,37.41999816894531,120700,34.11270523071289,0.0
EPHE,2016-05-17 20:00:00-04:00,37.54999923706055,38.0099983215332,37.2400016784668,37.459999084472656,245800,34.149169921875,0.0
EPHE,2016-05-18 20:00:00-04:00,37.029998779296875,37.130001068115234,36.720001220703125,36.84000015258789,319000,33.58396530151367,0.0
EPHE,2016-05-19 20:00:00-04:00,36.58000183105469,36.650001525878906,36.380001068115234,36.5,316500,33.274009704589844,0.0
EPHE,2016-05-22 20:00:00-04:00,36.459999084472656,36.66999816894531,36.34000015258789,36.400001525878906,327800,33.18284606933594,0.0
EPHE,2016-05-23 20:00:00-04:00,36.95000076293945,37.29999923706055,36.83000183105469,37.16999816894531,172100,33.884788513183594,0.0
EPHE,2016-05-24 20:00:00-04:00,37.400001525878906,37.470001220703125,37.290000915527344,37.33000183105469,259800,34.0306510925293,0.0
EPHE,2016-05-25 20:00:00-04:00,37.130001068115234,37.20000076293945,36.849998474121094,37.16999816894531,200600,33.884788513183594,0.0
EPHE,2016-05-26 20:00:00-04:00,37.2599983215332,37.41999816894531,37.099998474121094,37.099998474121094,135600,33.820987701416016,0.0
EPHE,2016-05-30 20:00:00-04:00,37.290000915527344,37.38999938964844,37.130001068115234,37.349998474121094,673400,34.048885345458984,0.0
EPHE,2016-05-31 20:00:00-04:00,37.4900016784668,37.68000030517578,37.439998626708984,37.58000183105469,743300,34.2585563659668,0.0
EPHE,2016-06-01 20:00:00-04:00,37.619998931884766,38.029998779296875,37.56999969482422,38.0,316200,34.64143753051758,0.0
EPHE,2016-06-02 20:00:00-04:00,38.25,38.5099983215332,38.04999923706055,38.4900016784668,592000,35.088130950927734,0.0
EPHE,2016-06-05 20:00:00-04:00,38.880001068115234,39.43000030517578,38.880001068115234,39.2599983215332,1393900,35.79007339477539,0.0
EPHE,2016-06-06 20:00:00-04:00,39.5,39.779998779296875,39.45000076293945,39.630001068115234,752600,36.12736511230469,0.0
EPHE,2016-06-07 20:00:00-04:00,39.72999954223633,39.95000076293945,39.63999938964844,39.81999969482422,396300,36.30058670043945,0.0
EPHE,2016-06-08 20:00:00-04:00,38.720001220703125,38.970001220703125,38.709999084472656,38.91999816894531,343000,35.480125427246094,0.0
EPHE,2016-06-09 20:00:00-04:00,38.20000076293945,38.349998474121094,37.79999923706055,37.959999084472656,316500,34.60496520996094,0.0
EPHE,2016-06-12 20:00:00-04:00,38.16999816894531,38.29999923706055,37.869998931884766,37.88999938964844,309400,34.541160583496094,0.0
EPHE,2016-06-13 20:00:00-04:00,37.439998626708984,37.58000183105469,37.209999084472656,37.54999923706055,373500,34.2312126159668,0.0
EPHE,2016-06-14 20:00:00-04:00,38.0,38.43000030517578,37.9900016784668,38.20000076293945,867500,34.823760986328125,0.0
EPHE,2016-06-15 20:00:00-04:00,38.279998779296875,38.84000015258789,38.0,38.72999954223633,671100,35.306922912597656,0.0
EPHE,2016-06-16 20:00:00-04:00,38.72999954223633,38.72999954223633,38.380001068115234,38.720001220703125,258000,35.29780578613281,0.0
EPHE,2016-06-19 20:00:00-04:00,39.150001525878906,39.31999969482422,39.06999969482422,39.13999938964844,348800,35.6806755065918,0.0
EPHE,2016-06-20 20:00:00-04:00,39.58000183105469,39.779998779296875,39.31999969482422,39.650001525878906,478400,36.14560317993164,0.0
EPHE,2016-06-21 20:00:00-04:00,39.459999084472656,39.59000015258789,39.220001220703125,39.290000915527344,348200,35.94524383544922,0.141
EPHE,2016-06-22 20:00:00-04:00,39.25,39.900001525878906,39.209999084472656,39.880001068115234,1008800,36.485023498535156,0.0
EPHE,2016-06-23 20:00:00-04:00,38.08000183105469,39.04999923706055,37.77000045776367,37.93000030517578,401100,34.70103454589844,0.0
EPHE,2016-06-26 20:00:00-04:00,37.900001525878906,37.959999084472656,37.02000045776367,37.54999923706055,308100,34.35337448120117,0.0
EPHE,2016-06-27 20:00:00-04:00,38.33000183105469,38.38999938964844,38.040000915527344,38.380001068115234,263100,35.11271667480469,0.0
EPHE,2016-06-28 20:00:00-04:00,38.9900016784668,39.43000030517578,38.97999954223633,39.40999984741211,393500,36.055030822753906,0.0
EPHE,2016-06-29 20:00:00-04:00,38.86000061035156,39.189998626708984,38.81999969482422,39.16999816894531,403400,35.83546447753906,0.0
EPHE,2016-06-30 20:00:00-04:00,39.25,39.84000015258789,39.20000076293945,39.40999984741211,417000,36.055030822753906,0.0
EPHE,2016-07-04 20:00:00-04:00,39.16999816894531,39.16999816894531,38.560001373291016,38.7400016784668,295400,35.44206619262695,0.0
EPHE,2016-07-05 20:00:00-04:00,38.41999816894531,38.90999984741211,38.18000030517578,38.88999938964844,337400,35.57929611206055,0.0
EPHE,2016-07-06 20:00:00-04:00,38.790000915527344,38.86000061035156,38.279998779296875,38.439998626708984,186400,35.1676139831543,0.0
EPHE,2016-07-07 20:00:00-04:00,38.880001068115234,39.279998779296875,38.720001220703125,39.16999816894531,295800,35.83546447753906,0.0
EPHE,2016-07-10 20:00:00-04:00,39.06999969482422,39.310001373291016,39.06999969482422,39.150001525878906,397800,35.81716537475586,0.0
EPHE,2016-07-11 20:00:00-04:00,39.369998931884766,39.880001068115234,39.220001220703125,39.779998779296875,599500,36.39353561401367,0.0
EPHE,2016-07-12 20:00:00-04:00,39.70000076293945,39.720001220703125,39.36000061035156,39.619998931884766,205300,36.24715042114258,0.0
EPHE,2016-07-13 20:00:00-04:00,39.779998779296875,40.20000076293945,39.66999816894531,40.119998931884766,296700,36.70458984375,0.0
EPHE,2016-07-14 20:00:00-04:00,40.47999954223633,40.47999954223633,40.209999084472656,40.36000061035156,327900,36.92416000366211,0.0
EPHE,2016-07-17 20:00:00-04:00,40.02000045776367,40.47999954223633,39.650001525878906,40.38999938964844,252200,36.95160675048828,0.0
EPHE,2016-07-18 20:00:00-04:00,40.33000183105469,40.33000183105469,40.060001373291016,40.189998626708984,197200,36.76863098144531,0.0
EPHE,2016-07-19 20:00:00-04:00,40.189998626708984,40.2599983215332,40.0,40.119998931884766,157000,36.70458984375,0.0
EPHE,2016-07-20 20:00:00-04:00,40.369998931884766,40.369998931884766,40.029998779296875,40.15999984741211,224900,36.741180419921875,0.0
EPHE,2016-07-21 20:00:00-04:00,40.189998626708984,40.380001068115234,40.0099983215332,40.349998474121094,228400,36.91501235961914,0.0
EPHE,2016-07-24 20:00:00-04:00,40.130001068115234,40.279998779296875,39.849998474121094,40.0099983215332,196400,36.60395431518555,0.0
EPHE,2016-07-25 20:00:00-04:00,39.88999938964844,40.130001068115234,39.7400016784668,39.84000015258789,371200,36.448429107666016,0.0
EPHE,2016-07-26 20:00:00-04:00,40.2400016784668,40.2400016784668,39.75,39.970001220703125,397300,36.56735610961914,0.0
EPHE,2016-07-27 20:00:00-04:00,39.7400016784668,39.81999969482422,39.41999816894531,39.52000045776367,610000,36.155670166015625,0.0
EPHE,2016-07-28 20:00:00-04:00,39.720001220703125,39.75,39.5099983215332,39.619998931884766,589500,36.24715042114258,0.0
EPHE,2016-07-31 20:00:00-04:00,39.869998931884766,39.900001525878906,39.56999969482422,39.599998474121094,888600,36.22886276245117,0.0
EPHE,2016-08-01 20:00:00-04:00,39.630001068115234,39.63999938964844,38.9900016784668,39.209999084472656,610300,35.8720588684082,0.0
EPHE,2016-08-02 20:00:00-04:00,38.97999954223633,39.16999816894531,38.880001068115234,39.060001373291016,462200,35.73483657836914,0.0
EPHE,2016-08-03 20:00:00-04:00,39.61000061035156,39.630001068115234,39.43000030517578,39.5,547000,36.137367248535156,0.0
EPHE,2016-08-04 20:00:00-04:00,39.59000015258789,39.79999923706055,39.5099983215332,39.70000076293945,170100,36.320350646972656,0.0
EPHE,2016-08-07 20:00:00-04:00,40.0,40.0,39.689998626708984,39.849998474121094,164900,36.457576751708984,0.0
EPHE,2016-08-08 20:00:00-04:00,40.2599983215332,40.279998779296875,40.060001373291016,40.18000030517578,195800,36.759483337402344,0.0
EPHE,2016-08-09 20:00:00-04:00,40.400001525878906,40.400001525878906,40.130001068115234,40.25,146100,36.82352066040039,0.0
EPHE,2016-08-10 20:00:00-04:00,39.97999954223633,40.29999923706055,39.90999984741211,40.2400016784668,207900,36.81437683105469,0.0
EPHE,2016-08-11 20:00:00-04:00,39.81999969482422,39.88999938964844,39.66999816894531,39.79999923706055,194300,36.411827087402344,0.0
EPHE,2016-08-14 20:00:00-04:00,39.97999954223633,40.22999954223633,39.95000076293945,40.0099983215332,171700,36.60395431518555,0.0
EPHE,2016-08-15 20:00:00-04:00,40.22999954223633,40.25,39.93000030517578,39.9900016784668,201200,36.58565902709961,0.0
EPHE,2016-08-16 20:00:00-04:00,39.95000076293945,39.95000076293945,39.47999954223633,39.810001373291016,183900,36.42097854614258,0.0
EPHE,2016-08-17 20:00:00-04:00,40.0,40.06999969482422,39.880001068115234,40.040000915527344,186900,36.631404876708984,0.0
EPHE,2016-08-18 20:00:00-04:00,39.93000030517578,40.119998931884766,39.709999084472656,40.119998931884766,294700,36.70458984375,0.0
EPHE,2016-08-21 20:00:00-04:00,39.86000061035156,39.970001220703125,39.709999084472656,39.880001068115234,262800,36.485023498535156,0.0
EPHE,2016-08-22 20:00:00-04:00,40.029998779296875,40.09000015258789,39.689998626708984,39.70000076293945,212900,36.320350646972656,0.0
EPHE,2016-08-23 20:00:00-04:00,39.47999954223633,39.54999923706055,39.22999954223633,39.45000076293945,373300,36.09163284301758,0.0
EPHE,2016-08-24 20:00:00-04:00,39.4900016784668,39.540000915527344,39.279998779296875,39.369998931884766,639200,36.0184326171875,0.0
EPHE,2016-08-25 20:00:00-04:00,39.540000915527344,39.849998474121094,38.75,39.06999969482422,406100,35.74398422241211,0.0
EPHE,2016-08-28 20:00:00-04:00,39.0,39.290000915527344,39.0,39.2400016784668,197700,35.899513244628906,0.0
EPHE,2016-08-29 20:00:00-04:00,39.119998931884766,39.130001068115234,38.65999984741211,38.65999984741211,215000,35.36887741088867,0.0
EPHE,2016-08-30 20:00:00-04:00,38.59000015258789,38.599998474121094,38.31999969482422,38.43000030517578,251800,35.15846252441406,0.0
EPHE,2016-08-31 20:00:00-04:00,38.529998779296875,38.709999084472656,38.36000061035156,38.709999084472656,484700,35.414615631103516,0.0
EPHE,2016-09-01 20:00:00-04:00,39.130001068115234,39.470001220703125,39.130001068115234,39.43000030517578,292900,36.073326110839844,0.0
EPHE,2016-09-05 20:00:00-04:00,38.81999969482422,38.959999084472656,38.52000045776367,38.72999954223633,475000,35.43292236328125,0.0
EPHE,2016-09-06 20:00:00-04:00,37.88999938964844,38.040000915527344,37.630001068115234,37.779998779296875,594700,34.56379318237305,0.0
EPHE,2016-09-07 20:00:00-04:00,37.939998626708984,37.959999084472656,37.689998626708984,37.83000183105469,281000,34.60954284667969,0.0
EPHE,2016-09-08 20:00:00-04:00,37.33000183105469,37.38999938964844,36.470001220703125,36.4900016784668,452700,33.38361358642578,0.0
EPHE,2016-09-11 20:00:00-04:00,36.13999938964844,36.91999816894531,36.09000015258789,36.790000915527344,406900,33.6580810546875,0.0
EPHE,2016-09-12 20:00:00-04:00,36.91999816894531,36.91999816894531,36.18000030517578,36.369998931884766,379100,33.27383041381836,0.0
EPHE,2016-09-13 20:00:00-04:00,36.7400016784668,37.0,36.52000045776367,36.630001068115234,405900,33.511695861816406,0.0
EPHE,2016-09-14 20:00:00-04:00,37.189998626708984,37.869998931884766,37.08000183105469,37.790000915527344,598000,34.572940826416016,0.0
EPHE,2016-09-15 20:00:00-04:00,36.77000045776367,36.93000030517578,36.560001373291016,36.790000915527344,319600,33.6580810546875,0.0
EPHE,2016-09-18 20:00:00-04:00,36.970001220703125,37.18000030517578,36.81999969482422,36.869998931884766,174400,33.731266021728516,0.0
EPHE,2016-09-19 20:00:00-04:00,37.529998779296875,37.619998931884766,37.290000915527344,37.290000915527344,160200,34.11550521850586,0.0
EPHE,2016-09-20 20:00:00-04:00,37.560001373291016,38.310001373291016,37.439998626708984,38.22999954223633,224800,34.975486755371094,0.0
EPHE,2016-09-21 20:00:00-04:00,38.349998474121094,38.52000045776367,38.279998779296875,38.400001525878906,291900,35.13101577758789,0.0
EPHE,2016-09-22 20:00:00-04:00,37.619998931884766,37.709999084472656,37.16999816894531,37.16999816894531,290900,34.00572204589844,0.0
EPHE,2016-09-25 20:00:00-04:00,37.0099983215332,37.06999969482422,36.66999816894531,36.709999084472656,147400,33.58488845825195,0.0
EPHE,2016-09-26 20:00:00-04:00,36.349998474121094,36.380001068115234,36.060001373291016,36.27000045776367,208000,33.18234634399414,0.0
EPHE,2016-09-27 20:00:00-04:00,36.93000030517578,37.189998626708984,36.56999969482422,37.119998931884766,233800,33.95998001098633,0.0
EPHE,2016-09-28 20:00:00-04:00,37.25,37.56999969482422,37.0099983215332,37.06999969482422,688500,33.91423797607422,0.0
EPHE,2016-09-29 20:00:00-04:00,37.189998626708984,37.36000061035156,37.0099983215332,37.2599983215332,551600,34.08806610107422,0.0
EPHE,2016-10-02 20:00:00-04:00,37.27000045776367,37.52000045776367,37.099998474121094,37.45000076293945,493300,34.26189041137695,0.0
EPHE,2016-10-03 20:00:00-04:00,37.349998474121094,37.5099983215332,36.77000045776367,36.90999984741211,311200,33.767852783203125,0.0
EPHE,2016-10-04 20:00:00-04:00,37.15999984741211,37.279998779296875,36.970001220703125,37.209999084472656,156500,34.042320251464844,0.0
EPHE,2016-10-05 20:00:00-04:00,36.81999969482422,37.08000183105469,36.650001525878906,36.91999816894531,624700,33.777008056640625,0.0
EPHE,2016-10-06 20:00:00-04:00,36.81999969482422,36.869998931884766,36.31999969482422,36.5,230800,33.392757415771484,0.0
EPHE,2016-10-09 20:00:00-04:00,36.439998626708984,36.7400016784668,36.439998626708984,36.560001373291016,132200,33.44764709472656,0.0
EPHE,2016-10-10 20:00:00-04:00,36.290000915527344,36.41999816894531,35.709999084472656,35.900001525878906,404300,32.843841552734375,0.0
EPHE,2016-10-11 20:00:00-04:00,35.7400016784668,35.7599983215332,35.33000183105469,35.400001525878906,764300,32.38640594482422,0.0
EPHE,2016-10-12 20:00:00-04:00,35.11000061035156,35.5,35.029998779296875,35.380001068115234,258600,32.368106842041016,0.0
EPHE,2016-10-13 20:00:00-04:00,35.79999923706055,35.79999923706055,35.189998626708984,35.27000045776367,663800,32.2674674987793,0.0
EPHE,2016-10-16 20:00:00-04:00,35.349998474121094,35.459999084472656,35.220001220703125,35.310001373291016,386500,32.30406951904297,0.0
EPHE,2016-10-17 20:00:00-04:00,36.290000915527344,36.70000076293945,36.2599983215332,36.619998931884766,482800,33.5025520324707,0.0
EPHE,2016-10-18 20:00:00-04:00,37.56999969482422,37.599998474121094,37.380001068115234,37.54999923706055,333700,34.35337448120117,0.0
EPHE,2016-10-19 20:00:00-04:00,37.41999816894531,37.41999816894531,37.099998474121094,37.150001525878906,309000,33.987422943115234,0.0
EPHE,2016-10-20 20:00:00-04:00,36.900001525878906,36.9900016784668,36.7400016784668,36.970001220703125,529800,33.822750091552734,0.0
EPHE,2016-10-23 20:00:00-04:00,36.93000030517578,36.93000030517578,36.56999969482422,36.709999084472656,223100,33.58488845825195,0.0
EPHE,2016-10-24 20:00:00-04:00,36.59000015258789,36.709999084472656,36.40999984741211,36.54999923706055,757200,33.43849563598633,0.0
EPHE,2016-10-25 20:00:00-04:00,36.150001525878906,36.15999984741211,35.880001068115234,36.0,323200,32.935333251953125,0.0
EPHE,2016-10-26 20:00:00-04:00,35.77000045776367,35.959999084472656,35.54999923706055,35.619998931884766,265900,32.58767318725586,0.0
EPHE,2016-10-27 20:00:00-04:00,35.41999816894531,35.619998931884766,35.150001525878906,35.220001220703125,337400,32.22173309326172,0.0
EPHE,2016-10-30 20:00:00-04:00,35.459999084472656,35.459999084472656,35.2599983215332,35.349998474121094,222900,32.34066390991211,0.0
EPHE,2016-10-31 20:00:00-04:00,35.61000061035156,35.61000061035156,34.849998474121094,35.209999084472656,339500,32.212581634521484,0.0
EPHE,2016-11-01 20:00:00-04:00,34.97999954223633,35.130001068115234,34.709999084472656,34.79999923706055,594400,31.83748435974121,0.0
EPHE,2016-11-02 20:00:00-04:00,34.720001220703125,34.810001373291016,34.5,34.61000061035156,352700,31.663652420043945,0.0
EPHE,2016-11-03 20:00:00-04:00,34.70000076293945,34.75,34.52000045776367,34.52000045776367,493700,31.581315994262695,0.0
EPHE,2016-11-06 19:00:00-05:00,34.810001373291016,35.29999923706055,34.66999816894531,35.22999954223633,563700,32.230873107910156,0.0
EPHE,2016-11-07 19:00:00-05:00,35.369998931884766,35.88999938964844,35.20000076293945,35.790000915527344,329400,32.743202209472656,0.0
EPHE,2016-11-08 19:00:00-05:00,34.79999923706055,35.15999984741211,34.189998626708984,34.349998474121094,964400,31.42578125,0.0
EPHE,2016-11-09 19:00:00-05:00,34.220001220703125,34.25,33.20000076293945,33.5099983215332,524000,30.657302856445312,0.0
EPHE,2016-11-10 19:00:00-05:00,32.650001525878906,32.790000915527344,32.310001373291016,32.540000915527344,651500,29.769874572753906,0.0
EPHE,2016-11-13 19:00:00-05:00,32.599998474121094,32.849998474121094,32.5099983215332,32.70000076293945,498200,29.916257858276367,0.0
EPHE,2016-11-14 19:00:00-05:00,32.86000061035156,33.11000061035156,32.810001373291016,33.099998474121094,252200,30.282203674316406,0.0
EPHE,2016-11-15 19:00:00-05:00,33.0099983215332,33.27000045776367,32.90999984741211,33.13999938964844,234700,30.318803787231445,0.0
EPHE,2016-11-16 19:00:00-05:00,33.4900016784668,33.689998626708984,33.2400016784668,33.41999816894531,218300,30.574960708618164,0.0
EPHE,2016-11-17 19:00:00-05:00,33.47999954223633,33.54999923706055,33.349998474121094,33.43000030517578,107000,30.584110260009766,0.0
EPHE,2016-11-20 19:00:00-05:00,33.150001525878906,33.209999084472656,32.970001220703125,33.02000045776367,133900,30.209016799926758,0.0
EPHE,2016-11-21 19:00:00-05:00,32.439998626708984,32.560001373291016,32.279998779296875,32.459999084472656,193100,29.696683883666992,0.0
EPHE,2016-11-22 19:00:00-05:00,32.15999984741211,32.2599983215332,31.969999313354492,32.0,191400,29.27584457397461,0.0
EPHE,2016-11-24 19:00:00-05:00,32.63999938964844,33.41999816894531,32.599998474121094,32.7400016784668,115900,29.952852249145508,0.0
EPHE,2016-11-27 19:00:00-05:00,32.4900016784668,32.7400016784668,32.22999954223633,32.22999954223633,120200,29.486263275146484,0.0
EPHE,2016-11-28 19:00:00-05:00,32.15999984741211,32.290000915527344,32.06999969482422,32.209999084472656,119900,29.467966079711914,0.0
EPHE,2016-11-29 19:00:00-05:00,32.38999938964844,32.470001220703125,32.150001525878906,32.2400016784668,153000,29.49541473388672,0.0
EPHE,2016-11-30 19:00:00-05:00,32.79999923706055,32.79999923706055,32.20000076293945,32.25,179200,29.504562377929688,0.0
EPHE,2016-12-01 19:00:00-05:00,32.459999084472656,32.7599983215332,32.459999084472656,32.52000045776367,199700,29.751577377319336,0.0
EPHE,2016-12-04 19:00:00-05:00,32.2400016784668,32.529998779296875,32.2400016784668,32.400001525878906,139100,29.641794204711914,0.0
EPHE,2016-12-05 19:00:00-05:00,32.459999084472656,32.459999084472656,32.08000183105469,32.20000076293945,177000,29.458820343017578,0.0
EPHE,2016-12-06 19:00:00-05:00,32.56999969482422,33.0,32.560001373291016,32.97999954223633,221000,30.172420501708984,0.0
EPHE,2016-12-07 19:00:00-05:00,33.02000045776367,33.5099983215332,33.02000045776367,33.459999084472656,420900,30.611553192138672,0.0
EPHE,2016-12-08 19:00:00-05:00,33.369998931884766,33.369998931884766,33.150001525878906,33.22999954223633,163700,30.40113639831543,0.0
EPHE,2016-12-11 19:00:00-05:00,32.630001068115234,32.689998626708984,32.369998931884766,32.52000045776367,270600,29.751577377319336,0.0
EPHE,2016-12-12 19:00:00-05:00,32.70000076293945,32.83000183105469,32.56999969482422,32.709999084472656,217000,29.925403594970703,0.0
EPHE,2016-12-13 19:00:00-05:00,32.849998474121094,32.970001220703125,32.060001373291016,32.11000061035156,236900,29.376483917236328,0.0
EPHE,2016-12-14 19:00:00-05:00,32.5,32.5,31.940000534057617,32.13999938964844,253900,29.403928756713867,0.0
EPHE,2016-12-15 19:00:00-05:00,32.09000015258789,32.09000015258789,31.81999969482422,31.899999618530273,142200,29.184356689453125,0.0
EPHE,2016-12-18 19:00:00-05:00,31.889999389648438,31.889999389648438,31.25,31.260000228881836,294400,28.598844528198242,0.0
EPHE,2016-12-19 19:00:00-05:00,31.219999313354492,31.299999237060547,31.06999969482422,31.09000015258789,132400,28.44331169128418,0.0
EPHE,2016-12-20 19:00:00-05:00,31.15999984741211,31.219999313354492,31.049999237060547,31.049999237060547,81000,28.488269805908203,0.089
EPHE,2016-12-21 19:00:00-05:00,30.790000915527344,31.0,30.43000030517578,30.530000686645508,249700,28.01117515563965,0.0
EPHE,2016-12-22 19:00:00-05:00,30.56999969482422,30.739999771118164,30.549999237060547,30.729999542236328,156100,28.194671630859375,0.0
EPHE,2016-12-26 19:00:00-05:00,31.100000381469727,31.34000015258789,31.100000381469727,31.229999542236328,109100,28.653423309326172,0.0
EPHE,2016-12-27 19:00:00-05:00,31.8799991607666,32.02000045776367,31.860000610351562,31.940000534057617,110600,29.304840087890625,0.0
EPHE,2016-12-28 19:00:00-05:00,32.380001068115234,32.70000076293945,32.369998931884766,32.66999816894531,190300,29.97461700439453,0.0
EPHE,2016-12-29 19:00:00-05:00,32.72999954223633,32.7400016784668,32.310001373291016,32.41999816894531,101500,29.745243072509766,0.0
EPHE,2017-01-02 19:00:00-05:00,32.380001068115234,32.529998779296875,32.099998474121094,32.40999984741211,183800,29.736064910888672,0.0
EPHE,2017-01-03 19:00:00-05:00,33.290000915527344,33.63999938964844,33.290000915527344,33.529998779296875,341400,30.763660430908203,0.0
EPHE,2017-01-04 19:00:00-05:00,34.290000915527344,34.68000030517578,34.18000030517578,34.59000015258789,577100,31.7362117767334,0.0
EPHE,2017-01-05 19:00:00-05:00,34.459999084472656,34.5,34.189998626708984,34.470001220703125,297000,31.62610626220703,0.0
EPHE,2017-01-08 19:00:00-05:00,34.369998931884766,34.56999969482422,34.27000045776367,34.5,191100,31.65363121032715,0.0
EPHE,2017-01-09 19:00:00-05:00,34.88999938964844,35.0,34.77000045776367,34.84000015258789,216200,31.965578079223633,0.0
EPHE,2017-01-10 19:00:00-05:00,34.65999984741211,34.95000076293945,34.5,34.849998474121094,155500,31.974756240844727,0.0
EPHE,2017-01-11 19:00:00-05:00,34.59000015258789,34.59000015258789,34.38999938964844,34.56999969482422,152000,31.71785545349121,0.0
EPHE,2017-01-12 19:00:00-05:00,34.310001373291016,34.369998931884766,34.209999084472656,34.310001373291016,338200,31.47931671142578,0.0
EPHE,2017-01-16 19:00:00-05:00,33.79999923706055,34.20000076293945,33.599998474121094,33.790000915527344,200100,31.002214431762695,0.0
EPHE,2017-01-17 19:00:00-05:00,33.790000915527344,34.0,33.5,33.54999923706055,226900,30.78200912475586,0.0
EPHE,2017-01-18 19:00:00-05:00,33.93000030517578,33.93000030517578,33.689998626708984,33.790000915527344,197500,31.002214431762695,0.0
EPHE,2017-01-19 19:00:00-05:00,34.130001068115234,34.130001068115234,33.7599983215332,33.959999084472656,140200,31.158185958862305,0.0
EPHE,2017-01-22 19:00:00-05:00,34.7599983215332,34.97999954223633,34.619998931884766,34.90999984741211,154800,32.029808044433594,0.0
EPHE,2017-01-23 19:00:00-05:00,34.90999984741211,35.22999954223633,34.849998474121094,35.18000030517578,246800,32.27753829956055,0.0
EPHE,2017-01-24 19:00:00-05:00,35.060001373291016,35.20000076293945,34.84000015258789,35.11000061035156,157600,32.21331024169922,0.0
EPHE,2017-01-25 19:00:00-05:00,34.720001220703125,34.77000045776367,34.59000015258789,34.619998931884766,121600,31.76374626159668,0.0
EPHE,2017-01-26 19:00:00-05:00,34.68000030517578,34.720001220703125,34.54999923706055,34.68000030517578,108700,31.818788528442383,0.0
EPHE,2017-01-29 19:00:00-05:00,34.77000045776367,34.810001373291016,34.59000015258789,34.7599983215332,108200,31.892179489135742,0.0
EPHE,2017-01-30 19:00:00-05:00,34.31999969482422,34.5,34.25,34.279998779296875,155300,31.4517879486084,0.0
EPHE,2017-01-31 19:00:00-05:00,34.290000915527344,34.349998474121094,34.09000015258789,34.27000045776367,156500,31.442609786987305,0.0
EPHE,2017-02-01 19:00:00-05:00,34.31999969482422,34.459999084472656,34.27000045776367,34.400001525878906,58300,31.561885833740234,0.0
EPHE,2017-02-02 19:00:00-05:00,34.349998474121094,34.5099983215332,34.33000183105469,34.40999984741211,125800,31.571060180664062,0.0
EPHE,2017-02-05 19:00:00-05:00,34.619998931884766,34.790000915527344,34.5099983215332,34.560001373291016,21300,31.70868682861328,0.0
EPHE,2017-02-06 19:00:00-05:00,34.470001220703125,34.470001220703125,34.150001525878906,34.209999084472656,228500,31.387561798095703,0.0
EPHE,2017-02-07 19:00:00-05:00,34.130001068115234,34.150001525878906,33.95000076293945,34.11000061035156,37700,31.295812606811523,0.0
EPHE,2017-02-08 19:00:00-05:00,34.11000061035156,34.220001220703125,34.06999969482422,34.13999938964844,107200,31.323339462280273,0.0
EPHE,2017-02-09 19:00:00-05:00,34.25,34.2599983215332,34.029998779296875,34.15999984741211,100400,31.34168815612793,0.0
EPHE,2017-02-12 19:00:00-05:00,34.22999954223633,34.459999084472656,34.209999084472656,34.380001068115234,113000,31.543529510498047,0.0
EPHE,2017-02-13 19:00:00-05:00,34.15999984741211,34.15999984741211,33.869998931884766,34.0099983215332,140400,31.204059600830078,0.0
EPHE,2017-02-14 19:00:00-05:00,33.959999084472656,33.959999084472656,33.65999984741211,33.84000015258789,351600,31.04808235168457,0.0
EPHE,2017-02-15 19:00:00-05:00,34.33000183105469,34.33000183105469,33.93000030517578,33.939998626708984,417500,31.139833450317383,0.0
EPHE,2017-02-16 19:00:00-05:00,33.66999816894531,33.810001373291016,33.619998931884766,33.650001525878906,419000,30.8737735748291,0.0
EPHE,2017-02-20 19:00:00-05:00,33.959999084472656,33.959999084472656,33.66999816894531,33.79999923706055,158800,31.011384963989258,0.0
EPHE,2017-02-21 19:00:00-05:00,33.939998626708984,33.959999084472656,33.81999969482422,33.90999984741211,133000,31.1123046875,0.0
EPHE,2017-02-22 19:00:00-05:00,34.119998931884766,34.22999954223633,34.040000915527344,34.150001525878906,144200,31.3325138092041,0.0
EPHE,2017-02-23 19:00:00-05:00,33.880001068115234,33.90999984741211,33.68000030517578,33.779998779296875,105300,30.9930362701416,0.0
EPHE,2017-02-26 19:00:00-05:00,33.58000183105469,33.65999984741211,33.400001525878906,33.5099983215332,335000,30.745315551757812,0.0
EPHE,2017-02-27 19:00:00-05:00,33.40999984741211,33.529998779296875,33.189998626708984,33.2400016784668,165100,30.497589111328125,0.0
EPHE,2017-02-28 19:00:00-05:00,33.310001373291016,33.66999816894531,33.27000045776367,33.59000015258789,220600,30.818710327148438,0.0
EPHE,2017-03-01 19:00:00-05:00,33.54999923706055,33.65999984741211,33.25,33.310001373291016,241400,30.561819076538086,0.0
EPHE,2017-03-02 19:00:00-05:00,33.56999969482422,33.77000045776367,33.56999969482422,33.72999954223633,406000,30.947160720825195,0.0
EPHE,2017-03-05 19:00:00-05:00,34.02000045776367,34.06999969482422,33.88999938964844,34.06999969482422,233000,31.259111404418945,0.0
EPHE,2017-03-06 19:00:00-05:00,34.20000076293945,34.20000076293945,33.86000061035156,33.97999954223633,190200,31.17654037475586,0.0
EPHE,2017-03-07 19:00:00-05:00,34.0,34.06999969482422,33.810001373291016,33.81999969482422,121500,31.029741287231445,0.0
EPHE,2017-03-08 19:00:00-05:00,33.900001525878906,34.0,33.65999984741211,33.849998474121094,181900,31.057260513305664,0.0
EPHE,2017-03-09 19:00:00-05:00,33.630001068115234,33.77000045776367,33.5099983215332,33.7599983215332,216900,30.97468376159668,0.0
EPHE,2017-03-12 20:00:00-04:00,33.810001373291016,34.040000915527344,33.790000915527344,34.029998779296875,202800,31.222408294677734,0.0
EPHE,2017-03-13 20:00:00-04:00,33.939998626708984,34.04999923706055,33.84000015258789,33.95000076293945,303300,31.14901351928711,0.0
EPHE,2017-03-14 20:00:00-04:00,33.93000030517578,34.7400016784668,33.83000183105469,34.56999969482422,325500,31.71785545349121,0.0
EPHE,2017-03-15 20:00:00-04:00,34.5,34.58000183105469,34.36000061035156,34.459999084472656,210600,31.616933822631836,0.0
EPHE,2017-03-16 20:00:00-04:00,34.650001525878906,34.72999954223633,34.59000015258789,34.630001068115234,133400,31.772912979125977,0.0
EPHE,2017-03-19 20:00:00-04:00,34.40999984741211,34.68000030517578,34.40999984741211,34.58000183105469,168300,31.727035522460938,0.0
EPHE,2017-03-20 20:00:00-04:00,34.650001525878906,34.720001220703125,34.119998931884766,34.150001525878906,276200,31.3325138092041,0.0
EPHE,2017-03-21 20:00:00-04:00,33.97999954223633,34.279998779296875,33.970001220703125,34.20000076293945,334700,31.378379821777344,0.0
EPHE,2017-03-22 20:00:00-04:00,34.16999816894531,34.34000015258789,34.13999938964844,34.189998626708984,108100,31.369211196899414,0.0
EPHE,2017-03-23 20:00:00-04:00,34.18000030517578,34.27000045776367,34.13999938964844,34.189998626708984,97000,31.369211196899414,0.0
EPHE,2017-03-26 20:00:00-04:00,34.0099983215332,34.25,33.959999084472656,34.20000076293945,116300,31.378379821777344,0.0
EPHE,2017-03-27 20:00:00-04:00,34.459999084472656,34.54999923706055,34.349998474121094,34.4900016784668,138800,31.64446258544922,0.0
EPHE,2017-03-28 20:00:00-04:00,34.400001525878906,34.470001220703125,34.27000045776367,34.40999984741211,111900,31.571060180664062,0.0
EPHE,2017-03-29 20:00:00-04:00,34.43000030517578,34.43000030517578,34.2400016784668,34.2599983215332,231300,31.43343162536621,0.0
EPHE,2017-03-30 20:00:00-04:00,34.18000030517578,34.290000915527344,34.099998474121094,34.15999984741211,115400,31.34168815612793,0.0
EPHE,2017-04-02 20:00:00-04:00,34.310001373291016,34.5,34.20000076293945,34.41999816894531,122100,31.58023452758789,0.0
EPHE,2017-04-03 20:00:00-04:00,34.88999938964844,35.060001373291016,34.790000915527344,34.959999084472656,682600,32.07568359375,0.0
EPHE,2017-04-04 20:00:00-04:00,35.380001068115234,35.65999984741211,35.380001068115234,35.41999816894531,596900,32.49773025512695,0.0
EPHE,2017-04-05 20:00:00-04:00,35.38999938964844,35.45000076293945,35.279998779296875,35.36000061035156,193900,32.44268798828125,0.0
EPHE,2017-04-06 20:00:00-04:00,35.68000030517578,35.91999816894531,35.56999969482422,35.86000061035156,138300,32.90143585205078,0.0
EPHE,2017-04-09 20:00:00-04:00,35.810001373291016,36.130001068115234,35.810001373291016,36.09000015258789,271800,33.11245346069336,0.0
EPHE,2017-04-10 20:00:00-04:00,36.09000015258789,36.130001068115234,35.81999969482422,36.0,153000,33.029884338378906,0.0
EPHE,2017-04-11 20:00:00-04:00,36.15999984741211,36.20000076293945,35.939998626708984,36.16999816894531,203500,33.18585968017578,0.0
EPHE,2017-04-12 20:00:00-04:00,36.15999984741211,36.22999954223633,35.9900016784668,36.0,84500,33.029884338378906,0.0
EPHE,2017-04-16 20:00:00-04:00,36.099998474121094,36.279998779296875,36.040000915527344,36.2599983215332,190200,33.2684326171875,0.0
EPHE,2017-04-17 20:00:00-04:00,35.939998626708984,35.970001220703125,35.779998779296875,35.86000061035156,158500,32.90143585205078,0.0
EPHE,2017-04-18 20:00:00-04:00,35.599998474121094,35.70000076293945,35.20000076293945,35.33000183105469,221100,32.4151611328125,0.0
EPHE,2017-04-19 20:00:00-04:00,35.619998931884766,35.849998474121094,35.560001373291016,35.81999969482422,120200,32.86472702026367,0.0
EPHE,2017-04-20 20:00:00-04:00,35.77000045776367,35.81999969482422,35.709999084472656,35.810001373291016,140300,32.85555648803711,0.0
EPHE,2017-04-23 20:00:00-04:00,35.810001373291016,36.029998779296875,35.810001373291016,35.9900016784668,150200,33.02070617675781,0.0
EPHE,2017-04-24 20:00:00-04:00,36.5,36.75,36.5,36.52000045776367,180500,33.50697708129883,0.0
EPHE,2017-04-25 20:00:00-04:00,36.529998779296875,36.529998779296875,36.189998626708984,36.25,225700,33.259254455566406,0.0
EPHE,2017-04-26 20:00:00-04:00,36.060001373291016,36.20000076293945,35.79999923706055,35.869998931884766,291200,32.91059875488281,0.0
EPHE,2017-04-27 20:00:00-04:00,35.880001068115234,35.91999816894531,35.7599983215332,35.84000015258789,76800,32.88308334350586,0.0
EPHE,2017-04-30 20:00:00-04:00,35.68000030517578,36.08000183105469,35.5,36.029998779296875,82800,33.057403564453125,0.0
EPHE,2017-05-01 20:00:00-04:00,36.09000015258789,36.279998779296875,36.09000015258789,36.25,121400,33.259254455566406,0.0
EPHE,2017-05-02 20:00:00-04:00,36.15999984741211,36.15999984741211,36.0,36.11000061035156,83700,33.13080978393555,0.0
EPHE,2017-05-03 20:00:00-04:00,36.33000183105469,36.349998474121094,36.15999984741211,36.18000030517578,176900,33.19502639770508,0.0
EPHE,2017-05-04 20:00:00-04:00,36.720001220703125,37.11000061035156,36.720001220703125,37.11000061035156,150300,34.048301696777344,0.0
EPHE,2017-05-07 20:00:00-04:00,37.220001220703125,37.41999816894531,37.220001220703125,37.220001220703125,142500,34.149227142333984,0.0
EPHE,2017-05-08 20:00:00-04:00,37.220001220703125,37.40999984741211,37.220001220703125,37.34000015258789,197900,34.25932312011719,0.0
EPHE,2017-05-09 20:00:00-04:00,36.720001220703125,36.79999923706055,36.439998626708984,36.77000045776367,146300,33.736358642578125,0.0
EPHE,2017-05-10 20:00:00-04:00,36.72999954223633,36.81999969482422,36.400001525878906,36.59000015258789,389100,33.57120132446289,0.0
EPHE,2017-05-11 20:00:00-04:00,36.59000015258789,36.68000030517578,36.52000045776367,36.540000915527344,479500,33.52533721923828,0.0
EPHE,2017-05-14 20:00:00-04:00,36.560001373291016,36.65999984741211,36.43000030517578,36.630001068115234,109100,33.60790252685547,0.0
EPHE,2017-05-15 20:00:00-04:00,36.599998474121094,36.65999984741211,36.45000076293945,36.529998779296875,195400,33.516151428222656,0.0
EPHE,2017-05-16 20:00:00-04:00,36.529998779296875,36.529998779296875,36.150001525878906,36.220001220703125,214000,33.231727600097656,0.0
EPHE,2017-05-17 20:00:00-04:00,35.97999954223633,36.040000915527344,35.459999084472656,35.84000015258789,414600,32.88308334350586,0.0
EPHE,2017-05-18 20:00:00-04:00,36.34000015258789,36.65999984741211,36.25,36.61000061035156,231700,33.58955001831055,0.0
EPHE,2017-05-21 20:00:00-04:00,36.58000183105469,36.790000915527344,36.58000183105469,36.619998931884766,84200,33.598731994628906,0.0
EPHE,2017-05-22 20:00:00-04:00,36.650001525878906,36.709999084472656,36.529998779296875,36.560001373291016,94600,33.543670654296875,0.0
EPHE,2017-05-23 20:00:00-04:00,36.720001220703125,36.790000915527344,36.459999084472656,36.72999954223633,208600,33.699649810791016,0.0
EPHE,2017-05-24 20:00:00-04:00,36.779998779296875,36.88999938964844,36.709999084472656,36.81999969482422,125200,33.782222747802734,0.0
EPHE,2017-05-25 20:00:00-04:00,37.06999969482422,37.22999954223633,36.86000061035156,36.880001068115234,209500,33.8372802734375,0.0
EPHE,2017-05-29 20:00:00-04:00,36.75,36.880001068115234,36.7400016784668,36.75,286300,33.7180061340332,0.0
EPHE,2017-05-30 20:00:00-04:00,36.66999816894531,36.84000015258789,36.38999938964844,36.40999984741211,196200,33.40604782104492,0.0
EPHE,2017-05-31 20:00:00-04:00,36.900001525878906,37.20000076293945,36.4900016784668,37.16999816894531,238800,34.10334777832031,0.0
EPHE,2017-06-01 20:00:00-04:00,37.45000076293945,37.540000915527344,37.38999938964844,37.459999084472656,197200,34.36941909790039,0.0
EPHE,2017-06-04 20:00:00-04:00,37.470001220703125,37.81999969482422,37.470001220703125,37.7400016784668,122200,34.62631607055664,0.0
EPHE,2017-06-05 20:00:00-04:00,37.41999816894531,37.61000061035156,37.41999816894531,37.52000045776367,45600,34.424476623535156,0.0
EPHE,2017-06-06 20:00:00-04:00,37.630001068115234,37.630001068115234,37.369998931884766,37.59000015258789,98400,34.48869705200195,0.0
EPHE,2017-06-07 20:00:00-04:00,37.369998931884766,37.61000061035156,37.34000015258789,37.45000076293945,135400,34.360252380371094,0.0
EPHE,2017-06-08 20:00:00-04:00,37.459999084472656,37.630001068115234,37.18000030517578,37.33000183105469,155700,34.25014877319336,0.0
EPHE,2017-06-11 20:00:00-04:00,37.2599983215332,37.470001220703125,37.040000915527344,37.22999954223633,295700,34.15839385986328,0.0
EPHE,2017-06-12 20:00:00-04:00,37.08000183105469,37.25,37.08000183105469,37.2400016784668,207800,34.16757583618164,0.0
EPHE,2017-06-13 20:00:00-04:00,37.4900016784668,37.709999084472656,37.20000076293945,37.36000061035156,311100,34.27767562866211,0.0
EPHE,2017-06-14 20:00:00-04:00,37.099998474121094,37.290000915527344,36.93000030517578,37.20000076293945,262700,34.13087844848633,0.0
EPHE,2017-06-15 20:00:00-04:00,36.869998931884766,37.060001373291016,36.779998779296875,37.029998779296875,272100,33.97489547729492,0.0
EPHE,2017-06-18 20:00:00-04:00,37.040000915527344,37.150001525878906,36.880001068115234,36.959999084472656,308700,33.91067886352539,0.0
EPHE,2017-06-19 20:00:00-04:00,36.650001525878906,36.790000915527344,36.290000915527344,36.33000183105469,176600,33.437599182128906,0.116
EPHE,2017-06-20 20:00:00-04:00,36.310001373291016,36.52000045776367,36.25,36.400001525878906,97000,33.50203323364258,0.0
EPHE,2017-06-21 20:00:00-04:00,36.20000076293945,36.400001525878906,36.09000015258789,36.25,237100,33.363975524902344,0.0
EPHE,2017-06-22 20:00:00-04:00,36.040000915527344,36.29999923706055,36.0099983215332,36.25,156400,33.363975524902344,0.0
EPHE,2017-06-25 20:00:00-04:00,36.38999938964844,36.59000015258789,36.349998474121094,36.380001068115234,298100,33.48361587524414,0.0
EPHE,2017-06-26 20:00:00-04:00,36.369998931884766,36.369998931884766,35.97999954223633,36.0,160700,33.133872985839844,0.0
EPHE,2017-06-27 20:00:00-04:00,36.02000045776367,36.34000015258789,36.02000045776367,36.29999923706055,114700,33.40999221801758,0.0
EPHE,2017-06-28 20:00:00-04:00,35.560001373291016,35.86000061035156,35.0099983215332,35.16999816894531,243700,32.36994934082031,0.0
EPHE,2017-06-29 20:00:00-04:00,35.709999084472656,36.0,35.63999938964844,35.83000183105469,143200,32.97740936279297,0.0
EPHE,2017-07-02 20:00:00-04:00,35.81999969482422,36.2400016784668,35.25,35.97999954223633,90400,33.1154670715332,0.0
EPHE,2017-07-04 20:00:00-04:00,35.81999969482422,36.060001373291016,35.66999816894531,35.97999954223633,149000,33.1154670715332,0.0
EPHE,2017-07-05 20:00:00-04:00,35.88999938964844,35.959999084472656,35.779998779296875,35.79999923706055,78400,32.949790954589844,0.0
EPHE,2017-07-06 20:00:00-04:00,35.599998474121094,36.02000045776367,35.59000015258789,35.97999954223633,510100,33.1154670715332,0.0
EPHE,2017-07-09 20:00:00-04:00,35.560001373291016,35.72999954223633,35.5,35.70000076293945,300400,32.85776138305664,0.0
EPHE,2017-07-10 20:00:00-04:00,35.68000030517578,35.880001068115234,35.61000061035156,35.77000045776367,120000,32.92218780517578,0.0
EPHE,2017-07-11 20:00:00-04:00,36.43000030517578,36.88999938964844,36.43000030517578,36.779998779296875,233900,33.85177230834961,0.0
EPHE,2017-07-12 20:00:00-04:00,36.31999969482422,36.439998626708984,36.2599983215332,36.43000030517578,156500,33.52963638305664,0.0
EPHE,2017-07-13 20:00:00-04:00,36.31999969482422,36.5099983215332,36.310001373291016,36.5099983215332,130600,33.603271484375,0.0
EPHE,2017-07-16 20:00:00-04:00,36.33000183105469,36.349998474121094,36.02000045776367,36.06999969482422,143100,33.198299407958984,0.0
EPHE,2017-07-17 20:00:00-04:00,36.150001525878906,36.33000183105469,36.09000015258789,36.31999969482422,60700,33.42839431762695,0.0
EPHE,2017-07-18 20:00:00-04:00,36.29999923706055,36.400001525878906,36.2400016784668,36.380001068115234,74400,33.48361587524414,0.0
EPHE,2017-07-19 20:00:00-04:00,36.15999984741211,36.22999954223633,35.849998474121094,36.099998474121094,235800,33.22591018676758,0.0
EPHE,2017-07-20 20:00:00-04:00,36.15999984741211,36.2599983215332,36.119998931884766,36.150001525878906,62800,33.27193069458008,0.0
EPHE,2017-07-23 20:00:00-04:00,36.31999969482422,36.5,36.290000915527344,36.400001525878906,233100,33.50203323364258,0.0
EPHE,2017-07-24 20:00:00-04:00,36.400001525878906,36.59000015258789,36.36000061035156,36.369998931884766,60700,33.47441482543945,0.0
EPHE,2017-07-25 20:00:00-04:00,36.779998779296875,37.060001373291016,36.709999084472656,36.959999084472656,114800,34.0174446105957,0.0
EPHE,2017-07-26 20:00:00-04:00,36.880001068115234,36.91999816894531,36.369998931884766,36.599998474121094,201700,33.68610382080078,0.0
EPHE,2017-07-27 20:00:00-04:00,36.72999954223633,36.77000045776367,36.619998931884766,36.63999938964844,90200,33.72291564941406,0.0
EPHE,2017-07-30 20:00:00-04:00,36.470001220703125,36.47999954223633,36.310001373291016,36.41999816894531,213200,33.52043533325195,0.0
EPHE,2017-07-31 20:00:00-04:00,35.95000076293945,36.34000015258789,35.95000076293945,36.130001068115234,105200,33.25352478027344,0.0
EPHE,2017-08-01 20:00:00-04:00,36.040000915527344,36.09000015258789,35.88999938964844,36.060001373291016,112700,33.18909454345703,0.0
EPHE,2017-08-02 20:00:00-04:00,36.029998779296875,36.08000183105469,35.86000061035156,36.08000183105469,180100,33.2075080871582,0.0
EPHE,2017-08-03 20:00:00-04:00,36.33000183105469,36.38999938964844,36.130001068115234,36.310001373291016,77500,33.419193267822266,0.0
EPHE,2017-08-06 20:00:00-04:00,36.43000030517578,36.599998474121094,36.40999984741211,36.47999954223633,143600,33.57565689086914,0.0
EPHE,2017-08-07 20:00:00-04:00,36.380001068115234,36.470001220703125,36.22999954223633,36.439998626708984,86600,33.538841247558594,0.0
EPHE,2017-08-08 20:00:00-04:00,36.06999969482422,36.150001525878906,35.93000030517578,36.09000015258789,90300,33.216705322265625,0.0
EPHE,2017-08-09 20:00:00-04:00,35.790000915527344,35.790000915527344,35.18000030517578,35.220001220703125,188100,32.41596984863281,0.0
EPHE,2017-08-10 20:00:00-04:00,35.400001525878906,35.540000915527344,35.029998779296875,35.38999938964844,193400,32.57243728637695,0.0
EPHE,2017-08-13 20:00:00-04:00,35.45000076293945,35.65999984741211,35.38999938964844,35.52000045776367,211700,32.69208526611328,0.0
EPHE,2017-08-14 20:00:00-04:00,35.41999816894531,35.52000045776367,35.400001525878906,35.459999084472656,58100,32.636871337890625,0.0
EPHE,2017-08-15 20:00:00-04:00,35.86000061035156,35.959999084472656,35.77000045776367,35.95000076293945,183800,33.087860107421875,0.0
EPHE,2017-08-16 20:00:00-04:00,35.849998474121094,35.95000076293945,35.459999084472656,35.4900016784668,222400,32.66447830200195,0.0
EPHE,2017-08-17 20:00:00-04:00,35.52000045776367,35.790000915527344,35.38999938964844,35.61000061035156,212300,32.77492904663086,0.0
EPHE,2017-08-20 20:00:00-04:00,35.59000015258789,35.7400016784668,35.529998779296875,35.63999938964844,110400,32.802528381347656,0.0
EPHE,2017-08-21 20:00:00-04:00,35.70000076293945,35.900001525878906,35.70000076293945,35.849998474121094,135700,32.99581527709961,0.0
EPHE,2017-08-22 20:00:00-04:00,35.79999923706055,36.060001373291016,35.7400016784668,35.97999954223633,136700,33.1154670715332,0.0
EPHE,2017-08-23 20:00:00-04:00,36.060001373291016,36.150001525878906,35.959999084472656,36.06999969482422,105500,33.198299407958984,0.0
EPHE,2017-08-24 20:00:00-04:00,36.16999816894531,36.310001373291016,36.130001068115234,36.220001220703125,137900,33.33635711669922,0.0
EPHE,2017-08-27 20:00:00-04:00,36.31999969482422,36.36000061035156,36.11000061035156,36.18000030517578,140100,33.29954528808594,0.0
EPHE,2017-08-28 20:00:00-04:00,35.869998931884766,35.97999954223633,35.540000915527344,35.790000915527344,181400,32.940589904785156,0.0
EPHE,2017-08-29 20:00:00-04:00,35.52000045776367,35.77000045776367,35.400001525878906,35.540000915527344,129500,32.710487365722656,0.0
EPHE,2017-08-30 20:00:00-04:00,35.66999816894531,35.880001068115234,35.599998474121094,35.77000045776367,109000,32.92218780517578,0.0
EPHE,2017-08-31 20:00:00-04:00,35.90999984741211,35.97999954223633,35.72999954223633,35.91999816894531,92200,33.060237884521484,0.0
EPHE,2017-09-04 20:00:00-04:00,36.04999923706055,36.2599983215332,35.81999969482422,36.0099983215332,143400,33.143070220947266,0.0
EPHE,2017-09-05 20:00:00-04:00,35.959999084472656,36.189998626708984,35.900001525878906,36.130001068115234,129700,33.25352478027344,0.0
EPHE,2017-09-06 20:00:00-04:00,36.400001525878906,36.560001373291016,36.400001525878906,36.470001220703125,169900,33.56645584106445,0.0
EPHE,2017-09-07 20:00:00-04:00,36.459999084472656,36.459999084472656,36.16999816894531,36.2400016784668,195500,33.354759216308594,0.0
EPHE,2017-09-10 20:00:00-04:00,36.470001220703125,36.720001220703125,36.470001220703125,36.66999816894531,195500,33.75053024291992,0.0
EPHE,2017-09-11 20:00:00-04:00,36.810001373291016,36.810001373291016,36.5,36.56999969482422,75300,33.65848922729492,0.0
EPHE,2017-09-12 20:00:00-04:00,36.5,36.54999923706055,36.2599983215332,36.310001373291016,151600,33.419193267822266,0.0
EPHE,2017-09-13 20:00:00-04:00,36.43000030517578,36.56999969482422,36.349998474121094,36.52000045776367,127400,33.61247253417969,0.0
EPHE,2017-09-14 20:00:00-04:00,36.56999969482422,36.75,36.52000045776367,36.66999816894531,68200,33.75053024291992,0.0
EPHE,2017-09-17 20:00:00-04:00,37.189998626708984,37.279998779296875,37.0,37.13999938964844,81500,34.18310546875,0.0
EPHE,2017-09-18 20:00:00-04:00,37.02000045776367,37.02000045776367,36.7599983215332,36.959999084472656,217700,34.0174446105957,0.0
EPHE,2017-09-19 20:00:00-04:00,37.119998931884766,37.189998626708984,36.54999923706055,36.779998779296875,227100,33.85177230834961,0.0
EPHE,2017-09-20 20:00:00-04:00,37.279998779296875,37.41999816894531,37.189998626708984,37.310001373291016,161600,34.33957290649414,0.0
EPHE,2017-09-21 20:00:00-04:00,37.43000030517578,37.529998779296875,37.400001525878906,37.52000045776367,89600,34.532859802246094,0.0
EPHE,2017-09-24 20:00:00-04:00,37.25,37.25,36.90999984741211,37.060001373291016,273600,34.109474182128906,0.0
EPHE,2017-09-25 20:00:00-04:00,36.849998474121094,36.93000030517578,36.68000030517578,36.83000183105469,220100,33.897789001464844,0.0
EPHE,2017-09-26 20:00:00-04:00,36.70000076293945,36.709999084472656,36.459999084472656,36.619998931884766,210200,33.70451354980469,0.0
EPHE,2017-09-27 20:00:00-04:00,36.369998931884766,36.72999954223633,36.29999923706055,36.70000076293945,289800,33.778141021728516,0.0
EPHE,2017-09-28 20:00:00-04:00,36.709999084472656,37.029998779296875,36.66999816894531,36.970001220703125,184900,34.02664566040039,0.0
EPHE,2017-10-01 20:00:00-04:00,36.93000030517578,37.08000183105469,36.90999984741211,36.93000030517578,120700,33.989837646484375,0.0
EPHE,2017-10-02 20:00:00-04:00,37.15999984741211,37.31999969482422,37.040000915527344,37.29999923706055,126100,34.33037185668945,0.0
EPHE,2017-10-03 20:00:00-04:00,37.459999084472656,37.5,37.27000045776367,37.45000076293945,481300,34.46843719482422,0.0
EPHE,2017-10-04 20:00:00-04:00,37.27000045776367,37.56999969482422,37.2400016784668,37.47999954223633,309400,34.49604415893555,0.0
EPHE,2017-10-05 20:00:00-04:00,37.029998779296875,37.09000015258789,36.790000915527344,37.08000183105469,111900,34.127891540527344,0.0
EPHE,2017-10-08 20:00:00-04:00,37.209999084472656,37.310001373291016,37.09000015258789,37.2400016784668,85500,34.275146484375,0.0
EPHE,2017-10-09 20:00:00-04:00,37.25,37.38999938964844,37.13999938964844,37.38999938964844,172200,34.4132080078125,0.0
EPHE,2017-10-10 20:00:00-04:00,37.209999084472656,37.349998474121094,37.06999969482422,37.34000015258789,117700,34.367183685302734,0.0
EPHE,2017-10-11 20:00:00-04:00,37.34000015258789,37.38999938964844,37.2599983215332,37.36000061035156,89700,34.385589599609375,0.0
EPHE,2017-10-12 20:00:00-04:00,37.61000061035156,37.869998931884766,37.61000061035156,37.79999923706055,139000,34.790565490722656,0.0
EPHE,2017-10-15 20:00:00-04:00,37.810001373291016,37.84000015258789,37.66999816894531,37.720001220703125,351800,34.7169303894043,0.0
EPHE,2017-10-16 20:00:00-04:00,37.86000061035156,37.91999816894531,37.720001220703125,37.91999816894531,222000,34.90100860595703,0.0
EPHE,2017-10-17 20:00:00-04:00,37.45000076293945,37.54999923706055,37.349998474121094,37.36000061035156,168800,34.385589599609375,0.0
EPHE,2017-10-18 20:00:00-04:00,37.599998474121094,37.599998474121094,37.33000183105469,37.529998779296875,90000,34.54206085205078,0.0
EPHE,2017-10-19 20:00:00-04:00,37.2400016784668,37.47999954223633,37.119998931884766,37.2400016784668,123900,34.275146484375,0.0
EPHE,2017-10-22 20:00:00-04:00,37.06999969482422,37.06999969482422,36.880001068115234,36.88999938964844,62400,33.9530143737793,0.0
EPHE,2017-10-23 20:00:00-04:00,36.59000015258789,36.599998474121094,36.349998474121094,36.369998931884766,508400,33.47441482543945,0.0
EPHE,2017-10-24 20:00:00-04:00,36.5,36.54999923706055,36.04999923706055,36.25,270900,33.363975524902344,0.0
EPHE,2017-10-25 20:00:00-04:00,36.209999084472656,36.279998779296875,35.95000076293945,35.970001220703125,183200,33.106258392333984,0.0
EPHE,2017-10-26 20:00:00-04:00,36.31999969482422,36.70000076293945,36.11000061035156,36.65999984741211,333000,33.741329193115234,0.0
EPHE,2017-10-29 20:00:00-04:00,36.66999816894531,36.84000015258789,36.58000183105469,36.650001525878906,88400,33.73212432861328,0.0
EPHE,2017-10-30 20:00:00-04:00,36.7599983215332,37.02000045776367,36.689998626708984,37.0099983215332,268700,34.06346130371094,0.0
EPHE,2017-10-31 20:00:00-04:00,37.0,37.150001525878906,36.97999954223633,37.099998474121094,168300,34.14629364013672,0.0
EPHE,2017-11-01 20:00:00-04:00,37.68000030517578,37.86000061035156,37.52000045776367,37.790000915527344,235600,34.7813606262207,0.0
EPHE,2017-11-02 20:00:00-04:00,37.54999923706055,37.560001373291016,37.16999816894531,37.29999923706055,201500,34.33037185668945,0.0
EPHE,2017-11-05 19:00:00-05:00,37.599998474121094,38.02000045776367,37.599998474121094,38.0099983215332,282100,34.98384094238281,0.0
EPHE,2017-11-06 19:00:00-05:00,37.63999938964844,37.63999938964844,37.40999984741211,37.41999816894531,186900,34.44082260131836,0.0
EPHE,2017-11-07 19:00:00-05:00,37.68000030517578,37.709999084472656,37.5,37.66999816894531,207100,34.670902252197266,0.0
EPHE,2017-11-08 19:00:00-05:00,37.65999984741211,37.70000076293945,37.290000915527344,37.66999816894531,231600,34.670902252197266,0.0
EPHE,2017-11-09 19:00:00-05:00,37.290000915527344,37.38999938964844,37.189998626708984,37.279998779296875,205600,34.31196594238281,0.0
EPHE,2017-11-12 19:00:00-05:00,36.90999984741211,37.08000183105469,36.77000045776367,36.970001220703125,162400,34.02664566040039,0.0
EPHE,2017-11-13 19:00:00-05:00,36.83000183105469,36.880001068115234,36.7400016784668,36.790000915527344,355400,33.860984802246094,0.0
EPHE,2017-11-14 19:00:00-05:00,36.790000915527344,36.88999938964844,36.56999969482422,36.630001068115234,166000,33.71371078491211,0.0
EPHE,2017-11-15 19:00:00-05:00,36.75,36.95000076293945,36.65999984741211,36.849998474121094,301000,33.91619110107422,0.0
EPHE,2017-11-16 19:00:00-05:00,37.0099983215332,37.20000076293945,36.959999084472656,37.11000061035156,182600,34.15549850463867,0.0
EPHE,2017-11-19 19:00:00-05:00,37.209999084472656,37.43000030517578,37.209999084472656,37.310001373291016,180800,34.33957290649414,0.0
EPHE,2017-11-20 19:00:00-05:00,37.22999954223633,37.45000076293945,37.22999954223633,37.33000183105469,121000,34.35798645019531,0.0
EPHE,2017-11-21 19:00:00-05:00,37.220001220703125,37.310001373291016,37.060001373291016,37.20000076293945,135200,34.23833465576172,0.0
EPHE,2017-11-23 19:00:00-05:00,37.220001220703125,37.439998626708984,37.220001220703125,37.31999969482422,74800,34.348777770996094,0.0
EPHE,2017-11-26 19:00:00-05:00,37.310001373291016,37.47999954223633,37.20000076293945,37.279998779296875,211100,34.31196594238281,0.0
EPHE,2017-11-27 19:00:00-05:00,37.279998779296875,37.38999938964844,37.099998474121094,37.310001373291016,223100,34.33957290649414,0.0
EPHE,2017-11-28 19:00:00-05:00,37.029998779296875,37.099998474121094,36.58000183105469,36.70000076293945,376600,33.778141021728516,0.0
EPHE,2017-11-29 19:00:00-05:00,36.70000076293945,36.84000015258789,36.529998779296875,36.61000061035156,323000,33.695308685302734,0.0
EPHE,2017-11-30 19:00:00-05:00,36.540000915527344,36.540000915527344,36.130001068115234,36.34000015258789,345300,33.446800231933594,0.0
EPHE,2017-12-03 19:00:00-05:00,36.09000015258789,36.31999969482422,35.72999954223633,35.7400016784668,244700,32.89457321166992,0.0
EPHE,2017-12-04 19:00:00-05:00,36.209999084472656,36.34000015258789,36.08000183105469,36.16999816894531,141800,33.29033279418945,0.0
EPHE,2017-12-05 19:00:00-05:00,36.150001525878906,36.20000076293945,36.0,36.150001525878906,286700,33.27193069458008,0.0
EPHE,2017-12-06 19:00:00-05:00,36.2599983215332,36.529998779296875,36.150001525878906,36.400001525878906,258600,33.50203323364258,0.0
EPHE,2017-12-07 19:00:00-05:00,37.0,37.16999816894531,36.790000915527344,37.150001525878906,192600,34.19232177734375,0.0
EPHE,2017-12-10 19:00:00-05:00,37.33000183105469,37.52000045776367,37.33000183105469,37.5,238200,34.51444625854492,0.0
EPHE,2017-12-11 19:00:00-05:00,37.189998626708984,37.290000915527344,37.08000183105469,37.2400016784668,198600,34.275146484375,0.0
EPHE,2017-12-12 19:00:00-05:00,37.5,37.939998626708984,37.349998474121094,37.779998779296875,362500,34.772159576416016,0.0
EPHE,2017-12-13 19:00:00-05:00,37.779998779296875,37.959999084472656,37.72999954223633,37.72999954223633,253500,34.726131439208984,0.0
EPHE,2017-12-14 19:00:00-05:00,37.59000015258789,37.810001373291016,37.4900016784668,37.689998626708984,343100,34.68932342529297,0.0
EPHE,2017-12-17 19:00:00-05:00,37.95000076293945,38.33000183105469,37.95000076293945,38.18000030517578,384100,35.14031219482422,0.0
EPHE,2017-12-18 19:00:00-05:00,37.79999923706055,37.97999954223633,37.540000915527344,37.58000183105469,270800,34.61074447631836,0.025
EPHE,2017-12-19 19:00:00-05:00,37.70000076293945,37.91999816894531,37.68000030517578,37.70000076293945,140400,34.72126007080078,0.0
EPHE,2017-12-20 19:00:00-05:00,37.75,37.95000076293945,37.720001220703125,37.84000015258789,171200,34.85020065307617,0.0
EPHE,2017-12-21 19:00:00-05:00,38.02000045776367,38.2400016784668,38.02000045776367,38.220001220703125,121200,35.20018005371094,0.0
EPHE,2017-12-25 19:00:00-05:00,38.18000030517578,38.29999923706055,38.06999969482422,38.209999084472656,108700,35.19095993041992,0.0
EPHE,2017-12-26 19:00:00-05:00,38.439998626708984,38.58000183105469,38.310001373291016,38.45000076293945,137900,35.41200637817383,0.0
EPHE,2017-12-27 19:00:00-05:00,38.720001220703125,38.83000183105469,38.630001068115234,38.66999816894531,126300,35.61461639404297,0.0
EPHE,2017-12-28 19:00:00-05:00,38.90999984741211,39.060001373291016,38.79999923706055,38.81999969482422,147300,35.752769470214844,0.0
EPHE,2018-01-01 19:00:00-05:00,39.060001373291016,39.150001525878906,38.84000015258789,39.130001068115234,225700,36.03826904296875,0.0
EPHE,2018-01-02 19:00:00-05:00,39.459999084472656,39.83000183105469,39.459999084472656,39.790000915527344,170600,36.64613342285156,0.0
EPHE,2018-01-03 19:00:00-05:00,39.58000183105469,39.79999923706055,39.540000915527344,39.77000045776367,410200,36.62770462036133,0.0
EPHE,2018-01-04 19:00:00-05:00,39.9900016784668,40.189998626708984,39.959999084472656,40.18000030517578,236200,37.005313873291016,0.0
EPHE,2018-01-07 19:00:00-05:00,39.34000015258789,39.470001220703125,39.27000045776367,39.31999969482422,184400,36.21326446533203,0.0
EPHE,2018-01-08 19:00:00-05:00,39.849998474121094,39.90999984741211,39.66999816894531,39.7599983215332,343400,36.618499755859375,0.0
EPHE,2018-01-09 19:00:00-05:00,39.63999938964844,39.709999084472656,39.400001525878906,39.58000183105469,204500,36.45272445678711,0.0
EPHE,2018-01-10 19:00:00-05:00,39.189998626708984,39.560001373291016,39.15999984741211,39.54999923706055,222100,36.425086975097656,0.0
EPHE,2018-01-11 19:00:00-05:00,39.400001525878906,39.650001525878906,39.189998626708984,39.61000061035156,156500,36.480350494384766,0.0
EPHE,2018-01-15 19:00:00-05:00,39.58000183105469,39.630001068115234,39.099998474121094,39.209999084472656,260300,36.11195373535156,0.0
EPHE,2018-01-16 19:00:00-05:00,39.189998626708984,39.5,39.189998626708984,39.40999984741211,193700,36.29615783691406,0.0
EPHE,2018-01-17 19:00:00-05:00,39.04999923706055,39.20000076293945,38.959999084472656,39.0,172400,35.91855239868164,0.0
EPHE,2018-01-18 19:00:00-05:00,39.400001525878906,39.599998474121094,39.220001220703125,39.59000015258789,178500,36.46193313598633,0.0
EPHE,2018-01-21 19:00:00-05:00,39.45000076293945,39.529998779296875,39.34000015258789,39.4900016784668,254900,36.36983108520508,0.0
EPHE,2018-01-22 19:00:00-05:00,39.25,39.470001220703125,39.22999954223633,39.369998931884766,240000,36.25931167602539,0.0
EPHE,2018-01-23 19:00:00-05:00,39.34000015258789,39.470001220703125,39.099998474121094,39.31999969482422,228000,36.21326446533203,0.0
EPHE,2018-01-24 19:00:00-05:00,39.41999816894531,39.75,39.25,39.560001373291016,324700,36.43430709838867,0.0
EPHE,2018-01-25 19:00:00-05:00,39.619998931884766,39.900001525878906,39.560001373291016,39.880001068115234,327900,36.72901916503906,0.0
EPHE,2018-01-28 19:00:00-05:00,39.380001068115234,39.45000076293945,39.11000061035156,39.209999084472656,162200,36.11195373535156,0.0
EPHE,2018-01-29 19:00:00-05:00,38.650001525878906,38.650001525878906,38.25,38.380001068115234,334500,35.347537994384766,0.0
EPHE,2018-01-30 19:00:00-05:00,38.400001525878906,38.599998474121094,37.84000015258789,38.11000061035156,220900,35.098873138427734,0.0
EPHE,2018-01-31 19:00:00-05:00,37.79999923706055,38.099998474121094,37.529998779296875,37.56999969482422,307800,34.601531982421875,0.0
EPHE,2018-02-01 19:00:00-05:00,37.75,37.93000030517578,37.20000076293945,37.20000076293945,504500,34.26076889038086,0.0
EPHE,2018-02-04 19:00:00-05:00,37.189998626708984,37.34000015258789,36.099998474121094,36.209999084472656,860500,33.34899139404297,0.0
EPHE,2018-02-05 19:00:00-05:00,36.599998474121094,37.970001220703125,36.459999084472656,37.79999923706055,281800,34.81336212158203,0.0
EPHE,2018-02-06 19:00:00-05:00,37.970001220703125,38.56999969482422,37.5,37.5,432600,34.53706359863281,0.0
EPHE,2018-02-07 19:00:00-05:00,37.650001525878906,37.650001525878906,36.27000045776367,36.279998779296875,395400,33.41345977783203,0.0
EPHE,2018-02-08 19:00:00-05:00,36.720001220703125,36.849998474121094,35.630001068115234,36.59000015258789,416500,33.6989631652832,0.0
EPHE,2018-02-11 19:00:00-05:00,36.529998779296875,36.86000061035156,36.369998931884766,36.630001068115234,335600,33.735801696777344,0.0
EPHE,2018-02-12 19:00:00-05:00,36.619998931884766,36.83000183105469,36.209999084472656,36.779998779296875,167400,33.87395095825195,0.0
EPHE,2018-02-13 19:00:00-05:00,36.470001220703125,37.2599983215332,36.13999938964844,37.150001525878906,194300,34.2147216796875,0.0
EPHE,2018-02-14 19:00:00-05:00,37.18000030517578,37.43000030517578,36.779998779296875,37.150001525878906,99300,34.2147216796875,0.0
EPHE,2018-02-15 19:00:00-05:00,37.11000061035156,37.41999816894531,36.95000076293945,37.20000076293945,97800,34.26076889038086,0.0
EPHE,2018-02-19 19:00:00-05:00,37.369998931884766,37.65999984741211,37.27000045776367,37.54999923706055,252600,34.583106994628906,0.0
EPHE,2018-02-20 19:00:00-05:00,37.369998931884766,37.66999816894531,36.79999923706055,36.86000061035156,173200,33.9476318359375,0.0
EPHE,2018-02-21 19:00:00-05:00,36.939998626708984,37.279998779296875,36.849998474121094,36.88999938964844,133100,33.97526168823242,0.0
EPHE,2018-02-22 19:00:00-05:00,36.84000015258789,36.849998474121094,36.5099983215332,36.790000915527344,196100,33.88317108154297,0.0
EPHE,2018-02-25 19:00:00-05:00,36.68000030517578,36.91999816894531,36.52000045776367,36.90999984741211,144500,33.99367904663086,0.0
EPHE,2018-02-26 19:00:00-05:00,36.83000183105469,36.93000030517578,36.380001068115234,36.45000076293945,149700,33.57003402709961,0.0
EPHE,2018-02-27 19:00:00-05:00,36.650001525878906,36.650001525878906,36.15999984741211,36.18000030517578,270200,33.32136535644531,0.0
EPHE,2018-02-28 19:00:00-05:00,36.58000183105469,36.689998626708984,35.880001068115234,36.0,398000,33.155582427978516,0.0
EPHE,2018-03-01 19:00:00-05:00,35.709999084472656,36.2400016784668,35.630001068115234,36.15999984741211,542200,33.30293655395508,0.0
EPHE,2018-03-04 19:00:00-05:00,35.939998626708984,36.43000030517578,35.81999969482422,36.36000061035156,289400,33.48714065551758,0.0
EPHE,2018-03-05 19:00:00-05:00,36.31999969482422,36.34000015258789,35.7599983215332,35.959999084472656,495800,33.11874008178711,0.0
EPHE,2018-03-06 19:00:00-05:00,36.189998626708984,36.34000015258789,35.83000183105469,36.119998931884766,408500,33.2661018371582,0.0
EPHE,2018-03-07 19:00:00-05:00,35.959999084472656,36.040000915527344,35.779998779296875,35.959999084472656,235500,33.11874008178711,0.0
EPHE,2018-03-08 19:00:00-05:00,36.11000061035156,36.52000045776367,36.09000015258789,36.4900016784668,186100,33.60686492919922,0.0
EPHE,2018-03-11 20:00:00-04:00,36.540000915527344,36.650001525878906,36.33000183105469,36.41999816894531,337600,33.542396545410156,0.0
EPHE,2018-03-12 20:00:00-04:00,36.41999816894531,36.470001220703125,35.90999984741211,36.08000183105469,315000,33.22926712036133,0.0
EPHE,2018-03-13 20:00:00-04:00,36.0,36.08000183105469,35.689998626708984,35.709999084472656,309900,32.888492584228516,0.0
EPHE,2018-03-14 20:00:00-04:00,35.43000030517578,35.529998779296875,35.029998779296875,35.189998626708984,162300,32.40958023071289,0.0
EPHE,2018-03-15 20:00:00-04:00,35.540000915527344,35.619998931884766,35.34000015258789,35.45000076293945,382600,32.64904022216797,0.0
EPHE,2018-03-18 20:00:00-04:00,35.2400016784668,35.369998931884766,34.959999084472656,35.099998474121094,197000,32.326683044433594,0.0
EPHE,2018-03-19 20:00:00-04:00,34.7599983215332,35.0,34.529998779296875,34.65999984741211,214600,31.921457290649414,0.0
EPHE,2018-03-20 20:00:00-04:00,34.20000076293945,34.369998931884766,34.040000915527344,34.33000183105469,147500,31.617534637451172,0.0
EPHE,2018-03-21 20:00:00-04:00,34.369998931884766,34.58000183105469,34.08000183105469,34.16999816894531,174300,31.470165252685547,0.0
EPHE,2018-03-22 20:00:00-04:00,34.220001220703125,34.279998779296875,33.599998474121094,33.599998474121094,163100,30.945209503173828,0.0
EPHE,2018-03-25 20:00:00-04:00,33.93000030517578,34.150001525878906,33.599998474121094,34.029998779296875,266500,31.341236114501953,0.0
EPHE,2018-03-26 20:00:00-04:00,34.18000030517578,34.2599983215332,33.790000915527344,33.849998474121094,277600,31.175458908081055,0.0
EPHE,2018-03-27 20:00:00-04:00,34.22999954223633,34.400001525878906,34.060001373291016,34.220001220703125,209800,31.51622200012207,0.0
EPHE,2018-03-28 20:00:00-04:00,34.34000015258789,35.02000045776367,34.25,34.939998626708984,193900,32.17932891845703,0.0
EPHE,2018-04-01 20:00:00-04:00,34.599998474121094,34.75,34.0099983215332,34.29999923706055,179700,31.58989906311035,0.0
EPHE,2018-04-02 20:00:00-04:00,34.7599983215332,35.0,34.630001068115234,34.97999954223633,153700,32.21617126464844,0.0
EPHE,2018-04-03 20:00:00-04:00,34.31999969482422,35.060001373291016,34.31999969482422,34.72999954223633,113600,31.98592185974121,0.0
EPHE,2018-04-04 20:00:00-04:00,34.66999816894531,34.77000045776367,34.54999923706055,34.650001525878906,106600,31.912248611450195,0.0
EPHE,2018-04-05 20:00:00-04:00,34.31999969482422,34.5099983215332,33.880001068115234,33.95000076293945,114000,31.267560958862305,0.0
EPHE,2018-04-08 20:00:00-04:00,34.27000045776367,34.41999816894531,34.099998474121094,34.13999938964844,150900,31.442543029785156,0.0
EPHE,2018-04-09 20:00:00-04:00,34.31999969482422,34.470001220703125,34.16999816894531,34.41999816894531,173000,31.700420379638672,0.0
EPHE,2018-04-10 20:00:00-04:00,34.27000045776367,34.5,34.25,34.41999816894531,89900,31.700420379638672,0.0
EPHE,2018-04-11 20:00:00-04:00,34.68000030517578,34.83000183105469,34.5,34.75,153500,32.00434112548828,0.0
EPHE,2018-04-12 20:00:00-04:00,34.369998931884766,34.47999954223633,34.099998474121094,34.150001525878906,145700,31.451759338378906,0.0
EPHE,2018-04-15 20:00:00-04:00,34.040000915527344,34.13999938964844,33.880001068115234,34.099998474121094,144000,31.405704498291016,0.0
EPHE,2018-04-16 20:00:00-04:00,33.43000030517578,33.689998626708984,33.34000015258789,33.63999938964844,196200,30.98204803466797,0.0
EPHE,2018-04-17 20:00:00-04:00,33.84000015258789,34.08000183105469,33.650001525878906,34.040000915527344,181700,31.350446701049805,0.0
EPHE,2018-04-18 20:00:00-04:00,33.40999984741211,33.66999816894531,33.0,33.04999923706055,244600,30.438663482666016,0.0
EPHE,2018-04-19 20:00:00-04:00,33.5099983215332,33.540000915527344,33.09000015258789,33.18000030517578,338100,30.558395385742188,0.0
EPHE,2018-04-22 20:00:00-04:00,33.0099983215332,33.130001068115234,32.779998779296875,32.81999969482422,235400,30.22684097290039,0.0
EPHE,2018-04-23 20:00:00-04:00,32.75,32.869998931884766,32.38999938964844,32.439998626708984,404200,29.87686538696289,0.0
EPHE,2018-04-24 20:00:00-04:00,32.38999938964844,32.810001373291016,32.209999084472656,32.52000045776367,376300,29.95054054260254,0.0
EPHE,2018-04-25 20:00:00-04:00,32.88999938964844,33.2599983215332,32.63999938964844,33.22999954223633,172700,30.604442596435547,0.0
EPHE,2018-04-26 20:00:00-04:00,33.7400016784668,33.880001068115234,33.439998626708984,33.84000015258789,213100,31.166240692138672,0.0
EPHE,2018-04-29 20:00:00-04:00,34.18000030517578,34.220001220703125,33.810001373291016,33.810001373291016,126100,31.138614654541016,0.0
EPHE,2018-04-30 20:00:00-04:00,33.810001373291016,33.810001373291016,33.34000015258789,33.619998931884766,62400,30.963626861572266,0.0
EPHE,2018-05-01 20:00:00-04:00,33.61000061035156,33.61000061035156,33.18000030517578,33.25,159700,30.622867584228516,0.0
EPHE,2018-05-02 20:00:00-04:00,32.86000061035156,32.93000030517578,32.5099983215332,32.849998474121094,302300,30.254470825195312,0.0
EPHE,2018-05-03 20:00:00-04:00,32.599998474121094,33.15999984741211,32.5,33.04999923706055,183200,30.438663482666016,0.0
EPHE,2018-05-06 20:00:00-04:00,32.720001220703125,33.08000183105469,32.54999923706055,32.9900016784668,815100,30.383407592773438,0.0
EPHE,2018-05-07 20:00:00-04:00,33.099998474121094,33.25,32.83000183105469,33.13999938964844,147700,30.52155876159668,0.0
EPHE,2018-05-08 20:00:00-04:00,33.16999816894531,33.16999816894531,32.90999984741211,33.04999923706055,178700,30.438663482666016,0.0
EPHE,2018-05-09 20:00:00-04:00,33.31999969482422,33.79999923706055,33.20000076293945,33.720001220703125,249600,31.055723190307617,0.0
EPHE,2018-05-10 20:00:00-04:00,33.7400016784668,33.97999954223633,33.630001068115234,33.790000915527344,165800,31.120201110839844,0.0
EPHE,2018-05-13 20:00:00-04:00,33.810001373291016,33.84000015258789,33.63999938964844,33.65999984741211,344600,31.000465393066406,0.0
EPHE,2018-05-14 20:00:00-04:00,33.97999954223633,33.97999954223633,33.470001220703125,33.58000183105469,241500,30.926795959472656,0.0
EPHE,2018-05-15 20:00:00-04:00,33.88999938964844,34.08000183105469,33.88999938964844,34.04999923706055,143300,31.359649658203125,0.0
EPHE,2018-05-16 20:00:00-04:00,33.47999954223633,33.47999954223633,33.08000183105469,33.08000183105469,131600,30.46629524230957,0.0
EPHE,2018-05-17 20:00:00-04:00,32.900001525878906,32.97999954223633,32.650001525878906,32.90999984741211,203900,30.309728622436523,0.0
EPHE,2018-05-20 20:00:00-04:00,32.91999816894531,33.16999816894531,32.91999816894531,33.130001068115234,141600,30.512344360351562,0.0
EPHE,2018-05-21 20:00:00-04:00,32.959999084472656,33.209999084472656,32.90999984741211,32.970001220703125,249700,30.364994049072266,0.0
EPHE,2018-05-22 20:00:00-04:00,32.529998779296875,32.709999084472656,32.209999084472656,32.650001525878906,320000,30.070274353027344,0.0
EPHE,2018-05-23 20:00:00-04:00,32.709999084472656,33.0,32.47999954223633,32.9900016784668,358600,30.383407592773438,0.0
EPHE,2018-05-24 20:00:00-04:00,32.970001220703125,33.09000015258789,32.79999923706055,33.09000015258789,121100,30.475507736206055,0.0
EPHE,2018-05-28 20:00:00-04:00,32.630001068115234,32.70000076293945,32.18000030517578,32.290000915527344,139800,29.73871612548828,0.0
EPHE,2018-05-29 20:00:00-04:00,32.06999969482422,32.45000076293945,31.81999969482422,32.40999984741211,197800,29.849231719970703,0.0
EPHE,2018-05-30 20:00:00-04:00,32.34000015258789,32.59000015258789,32.189998626708984,32.529998779296875,140500,29.959753036499023,0.0
EPHE,2018-05-31 20:00:00-04:00,32.630001068115234,33.13999938964844,32.630001068115234,32.95000076293945,254700,30.346569061279297,0.0
EPHE,2018-06-03 20:00:00-04:00,32.95000076293945,32.9900016784668,32.72999954223633,32.72999954223633,147300,30.143945693969727,0.0
EPHE,2018-06-04 20:00:00-04:00,33.119998931884766,33.119998931884766,32.7400016784668,32.77000045776367,299400,30.180789947509766,0.0
EPHE,2018-06-05 20:00:00-04:00,33.04999923706055,33.290000915527344,33.040000915527344,33.279998779296875,135100,30.65049171447754,0.0
EPHE,2018-06-06 20:00:00-04:00,33.599998474121094,33.599998474121094,32.79999923706055,32.86000061035156,945900,30.2636775970459,0.0
EPHE,2018-06-07 20:00:00-04:00,32.849998474121094,33.25,32.709999084472656,32.84000015258789,198400,30.245262145996094,0.0
EPHE,2018-06-10 20:00:00-04:00,32.880001068115234,32.95000076293945,32.70000076293945,32.7400016784668,73700,30.153160095214844,0.0
EPHE,2018-06-11 20:00:00-04:00,32.83000183105469,32.849998474121094,32.5099983215332,32.61000061035156,131600,30.03343391418457,0.0
EPHE,2018-06-12 20:00:00-04:00,32.029998779296875,32.13999938964844,31.6200008392334,31.81999969482422,332400,29.30585289001465,0.0
EPHE,2018-06-13 20:00:00-04:00,31.8700008392334,31.8700008392334,31.56999969482422,31.600000381469727,136900,29.103235244750977,0.0
EPHE,2018-06-14 20:00:00-04:00,31.479999542236328,31.510000228881836,31.25,31.40999984741211,170500,28.928245544433594,0.0
EPHE,2018-06-17 20:00:00-04:00,31.010000228881836,31.040000915527344,30.520000457763672,30.8799991607666,193900,28.440120697021484,0.0
EPHE,2018-06-18 20:00:00-04:00,30.600000381469727,30.860000610351562,30.520000457763672,30.780000686645508,134600,28.460466384887695,0.122
EPHE,2018-06-19 20:00:00-04:00,30.459999084472656,30.510000228881836,30.260000228881836,30.329999923706055,254400,28.04438018798828,0.0
EPHE,2018-06-20 20:00:00-04:00,29.75,29.959999084472656,29.389999389648438,29.420000076293945,181000,27.202951431274414,0.0
EPHE,2018-06-21 20:00:00-04:00,29.56999969482422,29.639999389648438,29.3799991607666,29.489999771118164,288200,27.26767349243164,0.0
EPHE,2018-06-24 20:00:00-04:00,29.200000762939453,29.200000762939453,28.799999237060547,29.110000610351562,420200,26.91631317138672,0.0
EPHE,2018-06-25 20:00:00-04:00,29.200000762939453,29.200000762939453,28.799999237060547,28.959999084472656,189000,26.777612686157227,0.0
EPHE,2018-06-26 20:00:00-04:00,29.829999923706055,30.190000534057617,29.540000915527344,29.709999084472656,279200,27.471094131469727,0.0
EPHE,2018-06-27 20:00:00-04:00,29.34000015258789,29.5,29.15999984741211,29.479999542236328,346600,27.2584285736084,0.0
EPHE,2018-06-28 20:00:00-04:00,29.899999618530273,30.200000762939453,29.899999618530273,30.149999618530273,220900,27.877939224243164,0.0
EPHE,2018-07-01 20:00:00-04:00,30.1299991607666,30.260000228881836,30.0,30.229999542236328,161500,27.9519100189209,0.0
EPHE,2018-07-02 20:00:00-04:00,30.459999084472656,30.469999313354492,30.149999618530273,30.18000030517578,162400,27.905677795410156,0.0
EPHE,2018-07-04 20:00:00-04:00,30.309999465942383,30.43000030517578,30.059999465942383,30.200000762939453,238700,27.92417335510254,0.0
EPHE,2018-07-05 20:00:00-04:00,30.200000762939453,30.5,30.06999969482422,30.309999465942383,238200,28.025882720947266,0.0
EPHE,2018-07-08 20:00:00-04:00,30.200000762939453,30.34000015258789,29.93000030517578,30.309999465942383,203900,28.025882720947266,0.0
EPHE,2018-07-09 20:00:00-04:00,30.200000762939453,30.350000381469727,30.079999923706055,30.280000686645508,193400,27.998144149780273,0.0
EPHE,2018-07-10 20:00:00-04:00,30.43000030517578,30.700000762939453,30.360000610351562,30.559999465942383,260000,28.257041931152344,0.0
EPHE,2018-07-11 20:00:00-04:00,30.739999771118164,30.90999984741211,30.6299991607666,30.81999969482422,127200,28.49744987487793,0.0
EPHE,2018-07-12 20:00:00-04:00,30.84000015258789,31.020000457763672,30.809999465942383,30.989999771118164,201200,28.654638290405273,0.0
EPHE,2018-07-15 20:00:00-04:00,30.829999923706055,30.829999923706055,30.579999923706055,30.719999313354492,115800,28.404987335205078,0.0
EPHE,2018-07-16 20:00:00-04:00,30.809999465942383,31.15999984741211,30.700000762939453,31.06999969482422,203800,28.728607177734375,0.0
EPHE,2018-07-17 20:00:00-04:00,31.06999969482422,31.3799991607666,31.06999969482422,31.309999465942383,148100,28.95052146911621,0.0
EPHE,2018-07-18 20:00:00-04:00,30.860000610351562,31.049999237060547,30.690000534057617,30.90999984741211,237400,28.58066749572754,0.0
EPHE,2018-07-19 20:00:00-04:00,31.059999465942383,31.309999465942383,31.049999237060547,31.280000686645508,215600,28.922786712646484,0.0
EPHE,2018-07-22 20:00:00-04:00,31.06999969482422,31.170000076293945,30.93000030517578,30.969999313354492,193100,28.636144638061523,0.0
EPHE,2018-07-23 20:00:00-04:00,31.350000381469727,31.610000610351562,31.329999923706055,31.479999542236328,142400,29.107709884643555,0.0
EPHE,2018-07-24 20:00:00-04:00,32.0,32.33000183105469,31.860000610351562,32.33000183105469,238200,29.893657684326172,0.0
EPHE,2018-07-25 20:00:00-04:00,32.2599983215332,32.43000030517578,32.16999816894531,32.290000915527344,210900,29.856672286987305,0.0
EPHE,2018-07-26 20:00:00-04:00,32.41999816894531,32.560001373291016,32.29999923706055,32.41999816894531,255800,29.976871490478516,0.0
EPHE,2018-07-29 20:00:00-04:00,32.63999938964844,33.119998931884766,32.63999938964844,33.0,260000,30.513166427612305,0.0
EPHE,2018-07-30 20:00:00-04:00,32.529998779296875,32.88999938964844,32.529998779296875,32.75,229600,30.282007217407227,0.0
EPHE,2018-07-31 20:00:00-04:00,32.90999984741211,33.33000183105469,32.90999984741211,33.119998931884766,195500,30.624120712280273,0.0
EPHE,2018-08-01 20:00:00-04:00,32.79999923706055,32.97999954223633,32.619998931884766,32.880001068115234,174800,30.402212142944336,0.0
EPHE,2018-08-02 20:00:00-04:00,33.119998931884766,33.20000076293945,32.97999954223633,33.130001068115234,166200,30.63337516784668,0.0
EPHE,2018-08-05 20:00:00-04:00,33.099998474121094,33.33000183105469,33.0,33.2400016784668,176700,30.73508644104004,0.0
EPHE,2018-08-06 20:00:00-04:00,32.939998626708984,33.15999984741211,32.7400016784668,33.099998474121094,137500,30.605634689331055,0.0
EPHE,2018-08-07 20:00:00-04:00,33.29999923706055,33.5,33.099998474121094,33.439998626708984,201600,30.92000961303711,0.0
EPHE,2018-08-08 20:00:00-04:00,33.220001220703125,33.40999984741211,33.16999816894531,33.25,215000,30.744325637817383,0.0
EPHE,2018-08-09 20:00:00-04:00,32.970001220703125,32.970001220703125,32.619998931884766,32.72999954223633,253900,30.263511657714844,0.0
EPHE,2018-08-12 20:00:00-04:00,31.899999618530273,32.130001068115234,31.639999389648438,31.729999542236328,552400,29.33887481689453,0.0
EPHE,2018-08-13 20:00:00-04:00,31.3700008392334,31.6299991607666,31.309999465942383,31.610000610351562,228400,29.227916717529297,0.0
EPHE,2018-08-14 20:00:00-04:00,31.309999465942383,31.31999969482422,30.959999084472656,31.190000534057617,294800,28.839563369750977,0.0
EPHE,2018-08-15 20:00:00-04:00,31.530000686645508,31.579999923706055,31.309999465942383,31.399999618530273,260700,29.033740997314453,0.0
EPHE,2018-08-16 20:00:00-04:00,31.6299991607666,31.979999542236328,31.440000534057617,31.950000762939453,231300,29.54229164123535,0.0
EPHE,2018-08-19 20:00:00-04:00,31.6299991607666,31.920000076293945,31.350000381469727,31.59000015258789,225600,29.209426879882812,0.0
EPHE,2018-08-20 20:00:00-04:00,31.75,32.060001373291016,31.719999313354492,31.989999771118164,165800,29.57927703857422,0.0
EPHE,2018-08-21 20:00:00-04:00,32.08000183105469,32.33000183105469,31.969999313354492,32.220001220703125,208200,29.791950225830078,0.0
EPHE,2018-08-22 20:00:00-04:00,32.68000030517578,32.880001068115234,32.56999969482422,32.70000076293945,406400,30.23577117919922,0.0
EPHE,2018-08-23 20:00:00-04:00,32.75,33.0099983215332,32.720001220703125,32.97999954223633,214800,30.494674682617188,0.0
EPHE,2018-08-26 20:00:00-04:00,33.04999923706055,33.33000183105469,33.04999923706055,33.189998626708984,163900,30.688846588134766,0.0
EPHE,2018-08-27 20:00:00-04:00,33.130001068115234,33.290000915527344,33.0,33.15999984741211,293900,30.661109924316406,0.0
EPHE,2018-08-28 20:00:00-04:00,32.959999084472656,33.290000915527344,32.95000076293945,33.22999954223633,160700,30.725833892822266,0.0
EPHE,2018-08-29 20:00:00-04:00,33.0099983215332,33.0099983215332,32.58000183105469,32.65999984741211,272100,30.19879150390625,0.0
EPHE,2018-08-30 20:00:00-04:00,32.560001373291016,33.060001373291016,32.540000915527344,32.90999984741211,201500,30.429948806762695,0.0
EPHE,2018-09-03 20:00:00-04:00,32.849998474121094,32.93000030517578,32.599998474121094,32.79999923706055,229300,30.3282413482666,0.0
EPHE,2018-09-04 20:00:00-04:00,32.43000030517578,32.5,32.029998779296875,32.06999969482422,452200,29.65325164794922,0.0
EPHE,2018-09-05 20:00:00-04:00,31.709999084472656,31.920000076293945,31.299999237060547,31.40999984741211,222300,29.042987823486328,0.0
EPHE,2018-09-06 20:00:00-04:00,31.459999084472656,31.649999618530273,31.15999984741211,31.170000076293945,178100,28.82107162475586,0.0
EPHE,2018-09-09 20:00:00-04:00,31.549999237060547,31.549999237060547,31.209999084472656,31.219999313354492,207100,28.867305755615234,0.0
EPHE,2018-09-10 20:00:00-04:00,30.889999389648438,31.229999542236328,30.760000228881836,31.18000030517578,249200,28.830322265625,0.0
EPHE,2018-09-11 20:00:00-04:00,30.790000915527344,31.299999237060547,30.719999313354492,31.1200008392334,378100,28.774845123291016,0.0
EPHE,2018-09-12 20:00:00-04:00,31.3799991607666,31.559999465942383,31.170000076293945,31.290000915527344,376500,28.93203353881836,0.0
EPHE,2018-09-13 20:00:00-04:00,30.8700008392334,31.010000228881836,30.59000015258789,30.719999313354492,281100,28.404987335205078,0.0
EPHE,2018-09-16 20:00:00-04:00,30.81999969482422,30.93000030517578,30.709999084472656,30.75,190800,28.432723999023438,0.0
EPHE,2018-09-17 20:00:00-04:00,30.43000030517578,30.549999237060547,30.299999237060547,30.450000762939453,298000,28.155332565307617,0.0
EPHE,2018-09-18 20:00:00-04:00,30.18000030517578,30.3700008392334,30.0,30.3700008392334,250400,28.081363677978516,0.0
EPHE,2018-09-19 20:00:00-04:00,30.1299991607666,30.3700008392334,30.010000228881836,30.200000762939453,130200,27.92417335510254,0.0
EPHE,2018-09-20 20:00:00-04:00,30.75,30.799999237060547,30.489999771118164,30.59000015258789,497200,28.284780502319336,0.0
EPHE,2018-09-23 20:00:00-04:00,30.729999542236328,31.0,30.329999923706055,30.440000534057617,1287200,28.146085739135742,0.0
EPHE,2018-09-24 20:00:00-04:00,30.360000610351562,30.639999389648438,30.239999771118164,30.329999923706055,655000,28.04438018798828,0.0
EPHE,2018-09-25 20:00:00-04:00,30.010000228881836,30.260000228881836,29.860000610351562,29.899999618530273,314300,27.64677619934082,0.0
EPHE,2018-09-26 20:00:00-04:00,30.18000030517578,30.3799991607666,30.0,30.09000015258789,261700,27.822460174560547,0.0
EPHE,2018-09-27 20:00:00-04:00,30.1299991607666,30.239999771118164,30.010000228881836,30.049999237060547,274700,27.785476684570312,0.0
EPHE,2018-09-30 20:00:00-04:00,29.920000076293945,29.950000762939453,29.639999389648438,29.68000030517578,159500,27.443359375,0.0
EPHE,2018-10-01 20:00:00-04:00,29.3700008392334,29.540000915527344,29.209999084472656,29.489999771118164,388400,27.26767349243164,0.0
EPHE,2018-10-02 20:00:00-04:00,29.790000915527344,29.81999969482422,29.399999618530273,29.479999542236328,288200,27.2584285736084,0.0
EPHE,2018-10-03 20:00:00-04:00,29.280000686645508,29.510000228881836,28.770000457763672,28.860000610351562,534900,26.685152053833008,0.0
EPHE,2018-10-04 20:00:00-04:00,29.020000457763672,29.170000076293945,28.809999465942383,29.1200008392334,413400,26.92555809020996,0.0
EPHE,2018-10-07 20:00:00-04:00,29.079999923706055,29.329999923706055,29.06999969482422,29.290000915527344,193400,27.08275032043457,0.0
EPHE,2018-10-08 20:00:00-04:00,29.0,29.18000030517578,28.8700008392334,29.030000686645508,214200,26.84234046936035,0.0
EPHE,2018-10-09 20:00:00-04:00,28.90999984741211,29.229999542236328,28.229999542236328,28.280000686645508,328200,26.148860931396484,0.0
EPHE,2018-10-10 20:00:00-04:00,28.440000534057617,28.93000030517578,28.049999237060547,28.200000762939453,383200,26.07489013671875,0.0
EPHE,2018-10-11 20:00:00-04:00,28.84000015258789,29.06999969482422,28.530000686645508,28.829999923706055,232400,26.65741539001465,0.0
EPHE,2018-10-14 20:00:00-04:00,28.760000228881836,29.049999237060547,28.760000228881836,28.809999465942383,252800,26.638919830322266,0.0
EPHE,2018-10-15 20:00:00-04:00,29.110000610351562,29.56999969482422,29.110000610351562,29.56999969482422,292700,27.341646194458008,0.0
EPHE,2018-10-16 20:00:00-04:00,29.670000076293945,29.670000076293945,29.389999389648438,29.459999084472656,202000,27.23993682861328,0.0
EPHE,2018-10-17 20:00:00-04:00,29.600000381469727,29.670000076293945,29.190000534057617,29.290000915527344,194200,27.08275032043457,0.0
EPHE,2018-10-18 20:00:00-04:00,29.850000381469727,30.06999969482422,29.719999313354492,29.81999969482422,142400,27.57280731201172,0.0
EPHE,2018-10-21 20:00:00-04:00,30.09000015258789,30.239999771118164,29.920000076293945,30.079999923706055,255300,27.813215255737305,0.0
EPHE,2018-10-22 20:00:00-04:00,29.700000762939453,30.1200008392334,29.549999237060547,29.989999771118164,333000,27.729999542236328,0.0
EPHE,2018-10-23 20:00:00-04:00,29.899999618530273,29.979999542236328,29.239999771118164,29.290000915527344,238800,27.08275032043457,0.0
EPHE,2018-10-24 20:00:00-04:00,29.18000030517578,29.479999542236328,28.979999542236328,29.219999313354492,335800,27.018020629882812,0.0
EPHE,2018-10-25 20:00:00-04:00,29.229999542236328,29.739999771118164,29.15999984741211,29.579999923706055,250200,27.35089683532715,0.0
EPHE,2018-10-28 20:00:00-04:00,29.920000076293945,30.079999923706055,29.1200008392334,29.450000762939453,165900,27.230690002441406,0.0
EPHE,2018-10-29 20:00:00-04:00,29.3700008392334,29.670000076293945,29.219999313354492,29.670000076293945,149400,27.434110641479492,0.0
EPHE,2018-10-30 20:00:00-04:00,29.959999084472656,30.170000076293945,29.860000610351562,29.940000534057617,312700,27.683767318725586,0.0
EPHE,2018-10-31 20:00:00-04:00,30.190000534057617,30.850000381469727,30.1299991607666,30.790000915527344,412700,28.469707489013672,0.0
EPHE,2018-11-01 20:00:00-04:00,30.889999389648438,31.100000381469727,30.520000457763672,30.6299991607666,369200,28.321762084960938,0.0
EPHE,2018-11-04 19:00:00-05:00,30.440000534057617,30.829999923706055,30.440000534057617,30.719999313354492,605700,28.404987335205078,0.0
EPHE,2018-11-05 19:00:00-05:00,30.489999771118164,30.540000915527344,30.309999465942383,30.420000076293945,241600,28.127592086791992,0.0
EPHE,2018-11-06 19:00:00-05:00,30.260000228881836,30.43000030517578,30.020000457763672,30.34000015258789,539200,28.053621292114258,0.0
EPHE,2018-11-07 19:00:00-05:00,29.969999313354492,30.100000381469727,29.540000915527344,29.559999465942383,493600,27.332399368286133,0.0
EPHE,2018-11-08 19:00:00-05:00,29.270000457763672,29.34000015258789,28.799999237060547,28.90999984741211,491900,26.731386184692383,0.0
EPHE,2018-11-11 19:00:00-05:00,29.040000915527344,29.040000915527344,28.559999465942383,28.670000076293945,273300,26.50946807861328,0.0
EPHE,2018-11-12 19:00:00-05:00,28.790000915527344,29.049999237060547,28.6200008392334,28.850000381469727,221200,26.675907135009766,0.0
EPHE,2018-11-13 19:00:00-05:00,29.139999389648438,29.309999465942383,28.719999313354492,28.93000030517578,513600,26.7498779296875,0.0
EPHE,2018-11-14 19:00:00-05:00,29.170000076293945,29.920000076293945,29.1200008392334,29.690000534057617,359300,27.452604293823242,0.0
EPHE,2018-11-15 19:00:00-05:00,29.889999389648438,30.6299991607666,29.84000015258789,30.540000915527344,487700,28.23855209350586,0.0
EPHE,2018-11-18 19:00:00-05:00,30.770000457763672,30.829999923706055,30.5,30.65999984741211,213900,28.349504470825195,0.0
EPHE,2018-11-19 19:00:00-05:00,30.739999771118164,30.940000534057617,30.520000457763672,30.56999969482422,244400,28.266286849975586,0.0
EPHE,2018-11-20 19:00:00-05:00,30.790000915527344,31.200000762939453,30.760000228881836,30.93000030517578,179600,28.599157333374023,0.0
EPHE,2018-11-22 19:00:00-05:00,31.18000030517578,31.31999969482422,31.110000610351562,31.15999984741211,135500,28.81182861328125,0.0
EPHE,2018-11-25 19:00:00-05:00,31.450000762939453,32.349998474121094,31.40999984741211,31.540000915527344,290900,29.163190841674805,0.0
EPHE,2018-11-26 19:00:00-05:00,31.450000762939453,31.690000534057617,31.290000915527344,31.559999465942383,398500,29.181684494018555,0.0
EPHE,2018-11-27 19:00:00-05:00,31.31999969482422,31.920000076293945,31.030000686645508,31.889999389648438,330000,29.486814498901367,0.0
EPHE,2018-11-28 19:00:00-05:00,31.6200008392334,32.099998474121094,31.6200008392334,31.8799991607666,459000,29.477569580078125,0.0
EPHE,2018-11-29 19:00:00-05:00,31.829999923706055,31.940000534057617,31.389999389648438,31.90999984741211,431600,29.505311965942383,0.0
EPHE,2018-12-02 19:00:00-05:00,32.130001068115234,32.27000045776367,32.029998779296875,32.2599983215332,507200,29.82893180847168,0.0
EPHE,2018-12-03 19:00:00-05:00,32.689998626708984,32.97999954223633,32.08000183105469,32.189998626708984,281900,29.764209747314453,0.0
EPHE,2018-12-05 19:00:00-05:00,31.979999542236328,32.349998474121094,31.700000762939453,32.29999923706055,375300,29.865921020507812,0.0
EPHE,2018-12-06 19:00:00-05:00,31.889999389648438,32.119998931884766,31.299999237060547,31.350000381469727,253800,28.98750877380371,0.0
EPHE,2018-12-09 19:00:00-05:00,31.299999237060547,31.34000015258789,30.739999771118164,31.139999389648438,173100,28.793333053588867,0.0
EPHE,2018-12-10 19:00:00-05:00,31.739999771118164,31.93000030517578,31.350000381469727,31.75,244200,29.357364654541016,0.0
EPHE,2018-12-11 19:00:00-05:00,31.799999237060547,32.209999084472656,31.709999084472656,31.940000534057617,248900,29.533048629760742,0.0
EPHE,2018-12-12 19:00:00-05:00,31.989999771118164,32.18000030517578,31.920000076293945,32.040000915527344,189400,29.62551498413086,0.0
EPHE,2018-12-13 19:00:00-05:00,31.719999313354492,32.04999923706055,31.6299991607666,31.799999237060547,148400,29.403596878051758,0.0
EPHE,2018-12-16 19:00:00-05:00,31.8700008392334,31.959999084472656,31.469999313354492,31.6299991607666,175400,29.246410369873047,0.0
EPHE,2018-12-17 19:00:00-05:00,31.459999084472656,31.81999969482422,31.389999389648438,31.690000534057617,270900,29.32135581970215,0.021
EPHE,2018-12-18 19:00:00-05:00,31.860000610351562,32.2400016784668,31.049999237060547,31.299999237060547,815500,28.96050453186035,0.0
EPHE,2018-12-19 19:00:00-05:00,31.84000015258789,32.130001068115234,31.649999618530273,32.02000045776367,337000,29.626689910888672,0.0
EPHE,2018-12-20 19:00:00-05:00,31.6299991607666,31.959999084472656,31.5,31.6200008392334,239900,29.2565860748291,0.0
EPHE,2018-12-23 19:00:00-05:00,31.59000015258789,31.68000030517578,31.260000228881836,31.299999237060547,56300,28.96050453186035,0.0
EPHE,2018-12-25 19:00:00-05:00,31.75,32.02000045776367,31.530000686645508,32.02000045776367,128500,29.626689910888672,0.0
EPHE,2018-12-26 19:00:00-05:00,31.860000610351562,32.0099983215332,31.510000228881836,31.8700008392334,133400,29.487899780273438,0.0
EPHE,2018-12-27 19:00:00-05:00,31.989999771118164,32.41999816894531,31.950000762939453,32.25,248300,29.83949851989746,0.0
EPHE,2018-12-30 19:00:00-05:00,32.5,32.5,31.780000686645508,31.8799991607666,125000,29.49715232849121,0.0
EPHE,2019-01-01 19:00:00-05:00,31.940000534057617,32.66999816894531,31.940000534057617,32.599998474121094,458800,30.163339614868164,0.0
EPHE,2019-01-02 19:00:00-05:00,32.72999954223633,32.97999954223633,32.47999954223633,32.75,606300,30.302125930786133,0.0
EPHE,2019-01-03 19:00:00-05:00,33.459999084472656,34.130001068115234,33.220001220703125,33.95000076293945,635600,31.412429809570312,0.0
EPHE,2019-01-06 19:00:00-05:00,33.7599983215332,33.900001525878906,33.5099983215332,33.72999954223633,401900,31.208877563476562,0.0
EPHE,2019-01-07 19:00:00-05:00,33.369998931884766,33.650001525878906,33.16999816894531,33.5,292600,30.996065139770508,0.0
EPHE,2019-01-08 19:00:00-05:00,33.9900016784668,34.75,33.9900016784668,34.59000015258789,471500,32.00459671020508,0.0
EPHE,2019-01-09 19:00:00-05:00,34.5,35.0,34.380001068115234,34.90999984741211,497900,32.30067825317383,0.0
EPHE,2019-01-10 19:00:00-05:00,34.29999923706055,34.4900016784668,34.150001525878906,34.2400016784668,324700,31.680761337280273,0.0
EPHE,2019-01-13 19:00:00-05:00,34.61000061035156,34.959999084472656,34.41999816894531,34.720001220703125,272100,32.124881744384766,0.0
EPHE,2019-01-14 19:00:00-05:00,34.65999984741211,34.810001373291016,34.439998626708984,34.58000183105469,377600,31.995346069335938,0.0
EPHE,2019-01-15 19:00:00-05:00,33.91999816894531,34.38999938964844,33.59000015258789,34.20000076293945,418000,31.643741607666016,0.0
EPHE,2019-01-16 19:00:00-05:00,34.0,34.529998779296875,33.869998931884766,34.33000183105469,452600,31.764028549194336,0.0
EPHE,2019-01-17 19:00:00-05:00,34.63999938964844,34.90999984741211,34.54999923706055,34.86000061035156,309500,32.25441360473633,0.0
EPHE,2019-01-21 19:00:00-05:00,34.27000045776367,34.29999923706055,34.04999923706055,34.220001220703125,475800,31.662254333496094,0.0
EPHE,2019-01-22 19:00:00-05:00,34.279998779296875,34.400001525878906,34.040000915527344,34.22999954223633,318700,31.6715030670166,0.0
EPHE,2019-01-23 19:00:00-05:00,34.369998931884766,34.689998626708984,34.349998474121094,34.66999816894531,250800,32.07861328125,0.0
EPHE,2019-01-24 19:00:00-05:00,34.79999923706055,34.86000061035156,34.619998931884766,34.7400016784668,300200,32.14337921142578,0.0
EPHE,2019-01-27 19:00:00-05:00,34.70000076293945,34.83000183105469,34.560001373291016,34.7599983215332,902500,32.16189193725586,0.0
EPHE,2019-01-28 19:00:00-05:00,34.779998779296875,35.0,34.54999923706055,34.63999938964844,302200,32.050865173339844,0.0
EPHE,2019-01-29 19:00:00-05:00,34.29999923706055,34.779998779296875,34.11000061035156,34.68000030517578,611300,32.087867736816406,0.0
EPHE,2019-01-30 19:00:00-05:00,34.650001525878906,34.93000030517578,34.619998931884766,34.869998931884766,517100,32.263668060302734,0.0
EPHE,2019-01-31 19:00:00-05:00,35.13999938964844,35.59000015258789,34.83000183105469,34.880001068115234,379700,32.27292251586914,0.0
EPHE,2019-02-03 19:00:00-05:00,34.810001373291016,35.13999938964844,34.54999923706055,35.06999969482422,287300,32.44871520996094,0.0
EPHE,2019-02-04 19:00:00-05:00,35.130001068115234,35.63999938964844,35.130001068115234,35.54999923706055,303400,32.892845153808594,0.0
EPHE,2019-02-05 19:00:00-05:00,35.130001068115234,35.290000915527344,34.83000183105469,34.95000076293945,337800,32.337684631347656,0.0
EPHE,2019-02-06 19:00:00-05:00,34.939998626708984,35.16999816894531,34.75,35.08000183105469,362200,32.457977294921875,0.0
EPHE,2019-02-07 19:00:00-05:00,34.900001525878906,35.02000045776367,34.720001220703125,34.959999084472656,228400,32.346946716308594,0.0
EPHE,2019-02-10 19:00:00-05:00,34.970001220703125,35.150001525878906,34.90999984741211,34.939998626708984,235200,32.328433990478516,0.0
EPHE,2019-02-11 19:00:00-05:00,34.70000076293945,34.849998474121094,34.560001373291016,34.59000015258789,243100,32.00459671020508,0.0
EPHE,2019-02-12 19:00:00-05:00,34.2599983215332,34.29999923706055,33.790000915527344,33.900001525878906,354900,31.366172790527344,0.0
EPHE,2019-02-13 19:00:00-05:00,34.029998779296875,34.220001220703125,33.83000183105469,34.130001068115234,477100,31.578981399536133,0.0
EPHE,2019-02-14 19:00:00-05:00,34.119998931884766,34.279998779296875,34.08000183105469,34.20000076293945,217200,31.643741607666016,0.0
EPHE,2019-02-18 19:00:00-05:00,33.72999954223633,34.31999969482422,33.540000915527344,34.150001525878906,355200,31.597484588623047,0.0
EPHE,2019-02-19 19:00:00-05:00,34.31999969482422,34.77000045776367,34.31999969482422,34.7599983215332,496400,32.16189193725586,0.0
EPHE,2019-02-20 19:00:00-05:00,34.5,34.5,33.95000076293945,34.119998931884766,304400,31.569719314575195,0.0
EPHE,2019-02-21 19:00:00-05:00,34.349998474121094,34.540000915527344,34.290000915527344,34.43000030517578,229200,31.85654640197754,0.0
EPHE,2019-02-24 19:00:00-05:00,34.66999816894531,34.970001220703125,34.650001525878906,34.900001525878906,392400,32.29142379760742,0.0
EPHE,2019-02-25 19:00:00-05:00,34.68000030517578,35.0099983215332,34.68000030517578,34.83000183105469,341000,32.226661682128906,0.0
EPHE,2019-02-26 19:00:00-05:00,34.459999084472656,34.65999984741211,34.2599983215332,34.290000915527344,266200,31.727018356323242,0.0
EPHE,2019-02-27 19:00:00-05:00,33.90999984741211,34.0,33.4900016784668,33.540000915527344,605600,31.033077239990234,0.0
EPHE,2019-02-28 19:00:00-05:00,33.310001373291016,33.33000183105469,32.86000061035156,32.95000076293945,453400,30.487178802490234,0.0
EPHE,2019-03-03 19:00:00-05:00,33.380001068115234,33.43000030517578,32.9900016784668,33.22999954223633,409300,30.746248245239258,0.0
EPHE,2019-03-04 19:00:00-05:00,32.97999954223633,33.18000030517578,32.849998474121094,33.15999984741211,250500,30.681480407714844,0.0
EPHE,2019-03-05 19:00:00-05:00,33.75,33.84000015258789,33.619998931884766,33.65999984741211,186500,31.14410400390625,0.0
EPHE,2019-03-06 19:00:00-05:00,33.939998626708984,34.099998474121094,33.52000045776367,33.529998779296875,382500,31.02382469177246,0.0
EPHE,2019-03-07 19:00:00-05:00,33.41999816894531,33.5099983215332,33.2599983215332,33.40999984741211,490700,30.912796020507812,0.0
EPHE,2019-03-10 20:00:00-04:00,33.349998474121094,33.709999084472656,33.279998779296875,33.63999938964844,272900,31.125598907470703,0.0
EPHE,2019-03-11 20:00:00-04:00,33.16999816894531,33.36000061035156,32.91999816894531,33.33000183105469,340500,30.83877944946289,0.0
EPHE,2019-03-12 20:00:00-04:00,33.33000183105469,33.540000915527344,33.33000183105469,33.40999984741211,244100,30.912796020507812,0.0
EPHE,2019-03-13 20:00:00-04:00,33.189998626708984,33.29999923706055,33.04999923706055,33.279998779296875,272700,30.792512893676758,0.0
EPHE,2019-03-14 20:00:00-04:00,33.439998626708984,33.84000015258789,33.31999969482422,33.779998779296875,478200,31.25513458251953,0.0
EPHE,2019-03-17 20:00:00-04:00,33.939998626708984,34.209999084472656,33.939998626708984,34.20000076293945,238300,31.643741607666016,0.0
EPHE,2019-03-18 20:00:00-04:00,34.06999969482422,34.209999084472656,33.86000061035156,34.040000915527344,246600,31.49570655822754,0.0
EPHE,2019-03-19 20:00:00-04:00,33.91999816894531,34.38999938964844,33.7599983215332,34.099998474121094,447700,31.551223754882812,0.0
EPHE,2019-03-20 20:00:00-04:00,34.34000015258789,34.66999816894531,34.29999923706055,34.650001525878906,212200,32.060115814208984,0.0
EPHE,2019-03-21 20:00:00-04:00,34.72999954223633,34.790000915527344,34.279998779296875,34.33000183105469,585500,31.764028549194336,0.0
EPHE,2019-03-24 20:00:00-04:00,34.08000183105469,34.34000015258789,34.040000915527344,34.2599983215332,294700,31.699262619018555,0.0
EPHE,2019-03-25 20:00:00-04:00,34.45000076293945,34.5099983215332,34.16999816894531,34.33000183105469,186600,31.764028549194336,0.0
EPHE,2019-03-26 20:00:00-04:00,33.810001373291016,34.09000015258789,33.619998931884766,33.709999084472656,547500,31.190366744995117,0.0
EPHE,2019-03-27 20:00:00-04:00,33.900001525878906,34.099998474121094,33.810001373291016,34.08000183105469,281500,31.532712936401367,0.0
EPHE,2019-03-28 20:00:00-04:00,34.31999969482422,34.380001068115234,34.150001525878906,34.29999923706055,324500,31.736270904541016,0.0
EPHE,2019-03-31 20:00:00-04:00,34.0,34.40999984741211,33.93000030517578,34.310001373291016,367000,31.74552345275879,0.0
EPHE,2019-04-01 20:00:00-04:00,34.290000915527344,34.36000061035156,34.040000915527344,34.119998931884766,366400,31.569719314575195,0.0
EPHE,2019-04-02 20:00:00-04:00,34.290000915527344,34.75,34.290000915527344,34.5,384400,31.92131805419922,0.0
EPHE,2019-04-03 20:00:00-04:00,34.29999923706055,34.560001373291016,34.29999923706055,34.459999084472656,244600,31.884313583374023,0.0
EPHE,2019-04-04 20:00:00-04:00,34.43000030517578,34.7400016784668,34.43000030517578,34.619998931884766,263000,32.032352447509766,0.0
EPHE,2019-04-07 20:00:00-04:00,34.599998474121094,35.040000915527344,34.599998474121094,34.959999084472656,331200,32.346946716308594,0.0
EPHE,2019-04-08 20:00:00-04:00,34.959999084472656,35.08000183105469,34.849998474121094,34.90999984741211,320800,32.30067825317383,0.0
EPHE,2019-04-09 20:00:00-04:00,35.04999923706055,35.220001220703125,35.04999923706055,35.15999984741211,217400,32.5319938659668,0.0
EPHE,2019-04-10 20:00:00-04:00,34.970001220703125,35.060001373291016,34.75,34.84000015258789,229100,32.23591232299805,0.0
EPHE,2019-04-11 20:00:00-04:00,34.970001220703125,35.13999938964844,34.720001220703125,34.7400016784668,296200,32.14337921142578,0.0
EPHE,2019-04-14 20:00:00-04:00,34.43000030517578,34.56999969482422,34.310001373291016,34.43000030517578,231100,31.85654640197754,0.0
EPHE,2019-04-15 20:00:00-04:00,34.439998626708984,34.54999923706055,34.290000915527344,34.529998779296875,147800,31.949081420898438,0.0
EPHE,2019-04-16 20:00:00-04:00,34.630001068115234,34.79999923706055,34.54999923706055,34.720001220703125,346400,32.124881744384766,0.0
EPHE,2019-04-17 20:00:00-04:00,34.65999984741211,34.7599983215332,34.54999923706055,34.66999816894531,246600,32.07861328125,0.0
EPHE,2019-04-21 20:00:00-04:00,34.41999816894531,34.630001068115234,34.2599983215332,34.459999084472656,196800,31.884313583374023,0.0
EPHE,2019-04-22 20:00:00-04:00,34.290000915527344,34.529998779296875,34.209999084472656,34.40999984741211,301800,31.838054656982422,0.0
EPHE,2019-04-23 20:00:00-04:00,34.4900016784668,34.4900016784668,34.09000015258789,34.15999984741211,258200,31.606735229492188,0.0
EPHE,2019-04-24 20:00:00-04:00,34.43000030517578,34.540000915527344,34.29999923706055,34.470001220703125,189800,31.893564224243164,0.0
EPHE,2019-04-25 20:00:00-04:00,34.54999923706055,34.7400016784668,34.47999954223633,34.529998779296875,153700,31.949081420898438,0.0
EPHE,2019-04-28 20:00:00-04:00,34.58000183105469,34.619998931884766,34.400001525878906,34.43000030517578,80100,31.85654640197754,0.0
EPHE,2019-04-29 20:00:00-04:00,34.83000183105469,35.0099983215332,34.70000076293945,34.939998626708984,217200,32.328433990478516,0.0
EPHE,2019-04-30 20:00:00-04:00,35.029998779296875,35.22999954223633,34.58000183105469,34.66999816894531,326600,32.07861328125,0.0
EPHE,2019-05-01 20:00:00-04:00,35.11000061035156,35.22999954223633,34.81999969482422,35.02000045776367,288800,32.4024543762207,0.0
EPHE,2019-05-02 20:00:00-04:00,35.02000045776367,35.40999984741211,35.02000045776367,35.310001373291016,334700,32.67078399658203,0.0
EPHE,2019-05-05 20:00:00-04:00,34.52000045776367,34.66999816894531,34.150001525878906,34.560001373291016,218200,31.976837158203125,0.0
EPHE,2019-05-06 20:00:00-04:00,34.36000061035156,34.380001068115234,33.86000061035156,34.02000045776367,482600,31.477201461791992,0.0
EPHE,2019-05-07 20:00:00-04:00,34.2400016784668,34.2400016784668,33.7599983215332,33.90999984741211,693400,31.375423431396484,0.0
EPHE,2019-05-08 20:00:00-04:00,33.400001525878906,33.5099983215332,33.02000045776367,33.380001068115234,787500,30.88504409790039,0.0
EPHE,2019-05-09 20:00:00-04:00,33.22999954223633,33.459999084472656,32.939998626708984,33.40999984741211,376600,30.912796020507812,0.0
EPHE,2019-05-12 20:00:00-04:00,32.61000061035156,32.68000030517578,32.2599983215332,32.52000045776367,741500,30.089317321777344,0.0
EPHE,2019-05-13 20:00:00-04:00,33.0,33.15999984741211,32.90999984741211,33.060001373291016,588700,30.588953018188477,0.0
EPHE,2019-05-14 20:00:00-04:00,32.83000183105469,32.97999954223633,32.619998931884766,32.880001068115234,361200,30.422409057617188,0.0
EPHE,2019-05-15 20:00:00-04:00,32.33000183105469,32.529998779296875,32.220001220703125,32.25,452700,29.83949851989746,0.0
EPHE,2019-05-16 20:00:00-04:00,32.38999938964844,32.7599983215332,32.38999938964844,32.470001220703125,448900,30.043054580688477,0.0
EPHE,2019-05-19 20:00:00-04:00,32.72999954223633,32.849998474121094,32.619998931884766,32.79999923706055,481800,30.348388671875,0.0
EPHE,2019-05-20 20:00:00-04:00,33.33000183105469,33.560001373291016,33.279998779296875,33.470001220703125,358100,30.96831512451172,0.0
EPHE,2019-05-21 20:00:00-04:00,33.77000045776367,33.900001525878906,33.720001220703125,33.810001373291016,257000,31.28289222717285,0.0
EPHE,2019-05-22 20:00:00-04:00,33.70000076293945,33.720001220703125,33.5,33.56999969482422,281600,31.060832977294922,0.0
EPHE,2019-05-23 20:00:00-04:00,33.709999084472656,33.75,33.540000915527344,33.56999969482422,275400,31.060832977294922,0.0
EPHE,2019-05-27 20:00:00-04:00,33.72999954223633,34.08000183105469,33.630001068115234,33.65999984741211,188700,31.14410400390625,0.0
EPHE,2019-05-28 20:00:00-04:00,33.81999969482422,34.380001068115234,33.810001373291016,34.349998474121094,473600,31.782527923583984,0.0
EPHE,2019-05-29 20:00:00-04:00,34.59000015258789,34.77000045776367,34.47999954223633,34.529998779296875,534400,31.949081420898438,0.0
EPHE,2019-05-30 20:00:00-04:00,34.90999984741211,35.290000915527344,34.560001373291016,35.189998626708984,509500,32.55975341796875,0.0
EPHE,2019-06-02 20:00:00-04:00,35.65999984741211,36.029998779296875,35.650001525878906,35.779998779296875,564200,33.10565185546875,0.0
EPHE,2019-06-03 20:00:00-04:00,35.310001373291016,35.34000015258789,35.099998474121094,35.25,507300,32.61526107788086,0.0
EPHE,2019-06-04 20:00:00-04:00,35.290000915527344,35.45000076293945,35.16999816894531,35.209999084472656,350500,32.578250885009766,0.0
EPHE,2019-06-05 20:00:00-04:00,35.2400016784668,35.29999923706055,35.0099983215332,35.16999816894531,301400,32.54124069213867,0.0
EPHE,2019-06-06 20:00:00-04:00,35.150001525878906,35.59000015258789,35.11000061035156,35.189998626708984,316800,32.55975341796875,0.0
EPHE,2019-06-09 20:00:00-04:00,35.22999954223633,35.380001068115234,34.93000030517578,34.959999084472656,396900,32.346946716308594,0.0
EPHE,2019-06-10 20:00:00-04:00,35.400001525878906,35.59000015258789,35.31999969482422,35.33000183105469,304800,32.68928909301758,0.0
EPHE,2019-06-11 20:00:00-04:00,35.150001525878906,35.400001525878906,34.939998626708984,35.2400016784668,836400,32.60601043701172,0.0
EPHE,2019-06-12 20:00:00-04:00,35.25,35.349998474121094,34.9900016784668,35.08000183105469,708400,32.457977294921875,0.0
EPHE,2019-06-13 20:00:00-04:00,34.81999969482422,34.81999969482422,34.43000030517578,34.43000030517578,223900,31.85654640197754,0.0
EPHE,2019-06-16 20:00:00-04:00,34.09000015258789,34.29999923706055,33.970001220703125,34.25,238200,31.90966033935547,0.237
EPHE,2019-06-17 20:00:00-04:00,34.470001220703125,34.97999954223633,34.470001220703125,34.90999984741211,437100,32.524559020996094,0.0
EPHE,2019-06-18 20:00:00-04:00,34.970001220703125,35.36000061035156,34.779998779296875,35.25,252100,32.84132766723633,0.0
EPHE,2019-06-19 20:00:00-04:00,35.5,35.84000015258789,35.5,35.61000061035156,412900,33.176727294921875,0.0
EPHE,2019-06-20 20:00:00-04:00,35.68000030517578,35.77000045776367,35.56999969482422,35.689998626708984,363300,33.25126266479492,0.0
EPHE,2019-06-23 20:00:00-04:00,35.95000076293945,36.04999923706055,35.77000045776367,35.939998626708984,260600,33.48417663574219,0.0
EPHE,2019-06-24 20:00:00-04:00,35.790000915527344,35.880001068115234,35.59000015258789,35.65999984741211,388400,33.22331237792969,0.0
EPHE,2019-06-25 20:00:00-04:00,35.65999984741211,35.88999938964844,35.650001525878906,35.779998779296875,376500,33.335113525390625,0.0
EPHE,2019-06-26 20:00:00-04:00,35.849998474121094,36.11000061035156,35.79999923706055,36.06999969482422,276400,33.60529708862305,0.0
EPHE,2019-06-27 20:00:00-04:00,35.66999816894531,35.72999954223633,35.54999923706055,35.61000061035156,325300,33.176727294921875,0.0
EPHE,2019-06-30 20:00:00-04:00,36.029998779296875,36.099998474121094,35.81999969482422,36.029998779296875,341900,33.56802749633789,0.0
EPHE,2019-07-01 20:00:00-04:00,36.0099983215332,36.20000076293945,35.97999954223633,36.0099983215332,294000,33.54939270019531,0.0
EPHE,2019-07-02 20:00:00-04:00,36.02000045776367,36.209999084472656,36.0099983215332,36.18000030517578,271100,33.70778274536133,0.0
EPHE,2019-07-04 20:00:00-04:00,35.95000076293945,35.95000076293945,35.63999938964844,35.81999969482422,317600,33.372379302978516,0.0
EPHE,2019-07-07 20:00:00-04:00,35.810001373291016,35.9900016784668,35.7400016784668,35.939998626708984,250500,33.48417663574219,0.0
EPHE,2019-07-08 20:00:00-04:00,35.7599983215332,35.88999938964844,35.619998931884766,35.790000915527344,239500,33.34442901611328,0.0
EPHE,2019-07-09 20:00:00-04:00,35.939998626708984,36.06999969482422,35.86000061035156,35.86000061035156,266000,33.40964889526367,0.0
EPHE,2019-07-10 20:00:00-04:00,36.20000076293945,36.2400016784668,36.040000915527344,36.09000015258789,326600,33.62393569946289,0.0
EPHE,2019-07-11 20:00:00-04:00,36.2599983215332,36.41999816894531,36.150001525878906,36.29999923706055,284500,33.819580078125,0.0
EPHE,2019-07-14 20:00:00-04:00,36.939998626708984,37.150001525878906,36.84000015258789,37.08000183105469,371500,34.546287536621094,0.0
EPHE,2019-07-15 20:00:00-04:00,36.95000076293945,37.0099983215332,36.810001373291016,36.81999969482422,298500,34.304046630859375,0.0
EPHE,2019-07-16 20:00:00-04:00,36.56999969482422,36.599998474121094,36.380001068115234,36.380001068115234,165100,33.89411926269531,0.0
EPHE,2019-07-17 20:00:00-04:00,36.56999969482422,36.900001525878906,36.56999969482422,36.900001525878906,235000,34.37858963012695,0.0
EPHE,2019-07-18 20:00:00-04:00,36.790000915527344,36.790000915527344,36.31999969482422,36.36000061035156,255900,33.87548065185547,0.0
EPHE,2019-07-21 20:00:00-04:00,36.34000015258789,36.5099983215332,36.34000015258789,36.36000061035156,88300,33.87548065185547,0.0
EPHE,2019-07-22 20:00:00-04:00,36.36000061035156,36.560001373291016,36.279998779296875,36.34000015258789,203300,33.85685348510742,0.0
EPHE,2019-07-23 20:00:00-04:00,36.0,36.11000061035156,35.93000030517578,36.0,150200,33.54008102416992,0.0
EPHE,2019-07-24 20:00:00-04:00,36.25,36.380001068115234,35.900001525878906,35.97999954223633,222800,33.521446228027344,0.0
EPHE,2019-07-25 20:00:00-04:00,36.16999816894531,36.33000183105469,36.04999923706055,36.15999984741211,122900,33.689151763916016,0.0
EPHE,2019-07-28 20:00:00-04:00,35.93000030517578,36.15999984741211,35.93000030517578,36.150001525878906,138600,33.67983627319336,0.0
EPHE,2019-07-29 20:00:00-04:00,36.060001373291016,36.060001373291016,35.779998779296875,36.0099983215332,139800,33.54939270019531,0.0
EPHE,2019-07-30 20:00:00-04:00,35.58000183105469,35.77000045776367,34.880001068115234,35.2599983215332,451700,32.85063934326172,0.0
EPHE,2019-07-31 20:00:00-04:00,35.5,35.689998626708984,34.81999969482422,35.060001373291016,403200,32.664310455322266,0.0
EPHE,2019-08-01 20:00:00-04:00,35.130001068115234,35.349998474121094,34.849998474121094,35.0,174000,32.60841369628906,0.0
EPHE,2019-08-04 20:00:00-04:00,34.130001068115234,34.130001068115234,33.41999816894531,33.709999084472656,250500,31.406557083129883,0.0
EPHE,2019-08-05 20:00:00-04:00,33.61000061035156,33.7599983215332,33.369998931884766,33.65999984741211,204100,31.35997200012207,0.0
EPHE,2019-08-06 20:00:00-04:00,33.7400016784668,34.0099983215332,33.400001525878906,33.9900016784668,505200,31.66743278503418,0.0
EPHE,2019-08-07 20:00:00-04:00,34.04999923706055,34.38999938964844,33.97999954223633,34.38999938964844,311600,32.04008865356445,0.0
EPHE,2019-08-08 20:00:00-04:00,33.959999084472656,33.970001220703125,33.650001525878906,33.79999923706055,123500,31.490407943725586,0.0
EPHE,2019-08-11 20:00:00-04:00,33.529998779296875,33.619998931884766,33.310001373291016,33.380001068115234,208000,31.09911346435547,0.0
EPHE,2019-08-12 20:00:00-04:00,32.81999969482422,33.5,32.59000015258789,33.40999984741211,268800,31.127059936523438,0.0
EPHE,2019-08-13 20:00:00-04:00,33.15999984741211,33.470001220703125,33.02000045776367,33.04999923706055,717900,30.791656494140625,0.0
EPHE,2019-08-14 20:00:00-04:00,32.90999984741211,33.08000183105469,32.779998779296875,32.869998931884766,189700,30.623952865600586,0.0
EPHE,2019-08-15 20:00:00-04:00,33.279998779296875,33.4900016784668,33.2599983215332,33.459999084472656,157500,31.17364501953125,0.0
EPHE,2019-08-18 20:00:00-04:00,33.72999954223633,33.880001068115234,33.4900016784668,33.58000183105469,131800,31.285438537597656,0.0
EPHE,2019-08-19 20:00:00-04:00,33.59000015258789,33.7599983215332,33.47999954223633,33.529998779296875,72000,31.23885726928711,0.0
EPHE,2019-08-20 20:00:00-04:00,33.869998931884766,34.0,33.65999984741211,33.79999923706055,98700,31.490407943725586,0.0
EPHE,2019-08-21 20:00:00-04:00,33.31999969482422,33.459999084472656,33.189998626708984,33.34000015258789,82900,31.061845779418945,0.0
EPHE,2019-08-22 20:00:00-04:00,33.34000015258789,33.470001220703125,32.880001068115234,32.93000030517578,127100,30.679855346679688,0.0
EPHE,2019-08-25 20:00:00-04:00,32.95000076293945,33.310001373291016,32.95000076293945,33.279998779296875,182400,31.00594139099121,0.0
EPHE,2019-08-26 20:00:00-04:00,33.38999938964844,33.63999938964844,33.279998779296875,33.310001373291016,151700,31.033891677856445,0.0
EPHE,2019-08-27 20:00:00-04:00,33.41999816894531,33.720001220703125,33.41999816894531,33.689998626708984,92300,31.38792610168457,0.0
EPHE,2019-08-28 20:00:00-04:00,34.02000045776367,34.18000030517578,33.880001068115234,34.16999816894531,63600,31.835119247436523,0.0
EPHE,2019-08-29 20:00:00-04:00,34.470001220703125,34.560001373291016,34.2599983215332,34.439998626708984,90300,32.086669921875,0.0
EPHE,2019-09-02 20:00:00-04:00,33.86000061035156,33.900001525878906,33.529998779296875,33.880001068115234,90700,31.564950942993164,0.0
EPHE,2019-09-03 20:00:00-04:00,33.81999969482422,34.11000061035156,33.81999969482422,34.06999969482422,93700,31.74195671081543,0.0
EPHE,2019-09-04 20:00:00-04:00,34.25,34.36000061035156,34.209999084472656,34.209999084472656,196000,31.872386932373047,0.0
EPHE,2019-09-05 20:00:00-04:00,34.47999954223633,34.54999923706055,34.369998931884766,34.400001525878906,118400,32.049407958984375,0.0
EPHE,2019-09-08 20:00:00-04:00,34.4900016784668,34.56999969482422,34.400001525878906,34.52000045776367,180100,32.16121292114258,0.0
EPHE,2019-09-09 20:00:00-04:00,34.369998931884766,34.45000076293945,34.29999923706055,34.33000183105469,122500,31.984193801879883,0.0
EPHE,2019-09-10 20:00:00-04:00,34.43000030517578,34.540000915527344,34.400001525878906,34.459999084472656,66900,32.105308532714844,0.0
EPHE,2019-09-11 20:00:00-04:00,34.540000915527344,34.7599983215332,34.459999084472656,34.59000015258789,95400,32.2264289855957,0.0
EPHE,2019-09-12 20:00:00-04:00,34.59000015258789,34.79999923706055,34.54999923706055,34.66999816894531,236400,32.300960540771484,0.0
EPHE,2019-09-15 20:00:00-04:00,34.470001220703125,34.560001373291016,34.29999923706055,34.34000015258789,99800,31.993511199951172,0.0
EPHE,2019-09-16 20:00:00-04:00,34.29999923706055,34.40999984741211,34.119998931884766,34.34000015258789,123100,31.993511199951172,0.0
EPHE,2019-09-17 20:00:00-04:00,34.220001220703125,34.220001220703125,33.720001220703125,33.88999938964844,202100,31.574254989624023,0.0
EPHE,2019-09-18 20:00:00-04:00,33.959999084472656,34.13999938964844,33.81999969482422,33.86000061035156,104300,31.54631233215332,0.0
EPHE,2019-09-19 20:00:00-04:00,34.04999923706055,34.150001525878906,33.65999984741211,33.70000076293945,148400,31.39723777770996,0.0
EPHE,2019-09-22 20:00:00-04:00,33.63999938964844,33.849998474121094,33.619998931884766,33.79999923706055,187600,31.490407943725586,0.0
EPHE,2019-09-23 20:00:00-04:00,33.959999084472656,33.959999084472656,33.650001525878906,33.65999984741211,111900,31.35997200012207,0.0
EPHE,2019-09-24 20:00:00-04:00,33.630001068115234,33.7599983215332,33.5099983215332,33.63999938964844,197500,31.34134292602539,0.0
EPHE,2019-09-25 20:00:00-04:00,33.880001068115234,33.90999984741211,33.650001525878906,33.70000076293945,143100,31.39723777770996,0.0
EPHE,2019-09-26 20:00:00-04:00,33.75,33.779998779296875,33.2599983215332,33.31999969482422,276700,31.04320526123047,0.0
EPHE,2019-09-29 20:00:00-04:00,33.470001220703125,33.709999084472656,33.41999816894531,33.45000076293945,197700,31.164325714111328,0.0
EPHE,2019-09-30 20:00:00-04:00,33.279998779296875,33.31999969482422,33.060001373291016,33.060001373291016,188500,30.800973892211914,0.0
EPHE,2019-10-01 20:00:00-04:00,32.7599983215332,32.810001373291016,32.5,32.58000183105469,227200,30.353778839111328,0.0
EPHE,2019-10-02 20:00:00-04:00,32.439998626708984,32.79999923706055,32.369998931884766,32.75,227600,30.512155532836914,0.0
EPHE,2019-10-03 20:00:00-04:00,33.38999938964844,34.9900016784668,33.16999816894531,33.40999984741211,247800,31.127059936523438,0.0
EPHE,2019-10-06 20:00:00-04:00,33.18000030517578,33.380001068115234,33.02000045776367,33.02000045776367,65000,30.763704299926758,0.0
EPHE,2019-10-07 20:00:00-04:00,33.380001068115234,33.380001068115234,33.060001373291016,33.119998931884766,166700,30.856870651245117,0.0
EPHE,2019-10-08 20:00:00-04:00,33.36000061035156,33.5,33.20000076293945,33.220001220703125,116400,30.950044631958008,0.0
EPHE,2019-10-09 20:00:00-04:00,33.619998931884766,33.869998931884766,33.599998474121094,33.70000076293945,144900,31.39723777770996,0.0
EPHE,2019-10-10 20:00:00-04:00,34.220001220703125,34.56999969482422,34.20000076293945,34.2400016784668,204600,31.900344848632812,0.0
EPHE,2019-10-13 20:00:00-04:00,34.29999923706055,34.52000045776367,34.279998779296875,34.29999923706055,118400,31.95624351501465,0.0
EPHE,2019-10-14 20:00:00-04:00,34.130001068115234,34.369998931884766,34.119998931884766,34.2400016784668,175200,31.900344848632812,0.0
EPHE,2019-10-15 20:00:00-04:00,34.5099983215332,34.709999084472656,34.4900016784668,34.630001068115234,178700,32.26369857788086,0.0
EPHE,2019-10-16 20:00:00-04:00,34.81999969482422,34.97999954223633,34.66999816894531,34.689998626708984,313700,32.31959533691406,0.0
EPHE,2019-10-17 20:00:00-04:00,34.63999938964844,34.72999954223633,34.47999954223633,34.61000061035156,120500,32.24506378173828,0.0
EPHE,2019-10-20 20:00:00-04:00,34.630001068115234,34.939998626708984,34.630001068115234,34.93000030517578,102800,32.54319381713867,0.0
EPHE,2019-10-21 20:00:00-04:00,34.90999984741211,35.02000045776367,34.79999923706055,34.86000061035156,161700,32.47798156738281,0.0
EPHE,2019-10-22 20:00:00-04:00,34.880001068115234,35.099998474121094,34.810001373291016,35.060001373291016,160200,32.664310455322266,0.0
EPHE,2019-10-23 20:00:00-04:00,34.869998931884766,34.869998931884766,34.56999969482422,34.65999984741211,68000,32.29164123535156,0.0
EPHE,2019-10-24 20:00:00-04:00,34.56999969482422,34.86000061035156,34.56999969482422,34.84000015258789,78300,32.45934295654297,0.0
EPHE,2019-10-27 20:00:00-04:00,34.90999984741211,35.08000183105469,34.880001068115234,34.9900016784668,178300,32.59909439086914,0.0
EPHE,2019-10-28 20:00:00-04:00,34.95000076293945,35.130001068115234,34.95000076293945,35.060001373291016,72700,32.664310455322266,0.0
EPHE,2019-10-29 20:00:00-04:00,35.2400016784668,35.4900016784668,35.15999984741211,35.40999984741211,69500,32.99039840698242,0.0
EPHE,2019-10-30 20:00:00-04:00,35.18000030517578,35.220001220703125,34.900001525878906,35.08000183105469,136000,32.68294906616211,0.0
EPHE,2019-10-31 20:00:00-04:00,35.43000030517578,35.86000061035156,35.43000030517578,35.810001373291016,349300,33.36306381225586,0.0
EPHE,2019-11-03 19:00:00-05:00,36.0,36.13999938964844,35.869998931884766,35.970001220703125,196000,33.51212692260742,0.0
EPHE,2019-11-04 19:00:00-05:00,36.29999923706055,36.47999954223633,36.2599983215332,36.33000183105469,189200,33.8475341796875,0.0
EPHE,2019-11-05 19:00:00-05:00,35.58000183105469,35.7400016784668,35.52000045776367,35.599998474121094,206800,33.16740798950195,0.0
EPHE,2019-11-06 19:00:00-05:00,35.88999938964844,36.04999923706055,35.79999923706055,35.84000015258789,300800,33.39101028442383,0.0
EPHE,2019-11-07 19:00:00-05:00,35.560001373291016,35.75,35.560001373291016,35.66999816894531,313800,33.232627868652344,0.0
EPHE,2019-11-10 19:00:00-05:00,35.29999923706055,35.52000045776367,35.060001373291016,35.41999816894531,137600,32.999717712402344,0.0
EPHE,2019-11-11 19:00:00-05:00,35.29999923706055,35.36000061035156,35.209999084472656,35.209999084472656,194800,32.804054260253906,0.0
EPHE,2019-11-12 19:00:00-05:00,34.939998626708984,35.13999938964844,34.79999923706055,35.040000915527344,263500,32.64567565917969,0.0
EPHE,2019-11-13 19:00:00-05:00,35.04999923706055,35.27000045776367,35.04999923706055,35.130001068115234,161300,32.729530334472656,0.0
EPHE,2019-11-14 19:00:00-05:00,35.220001220703125,35.369998931884766,35.15999984741211,35.189998626708984,132000,32.785430908203125,0.0
EPHE,2019-11-17 19:00:00-05:00,34.880001068115234,34.900001525878906,34.72999954223633,34.84000015258789,169000,32.45934295654297,0.0
EPHE,2019-11-18 19:00:00-05:00,34.83000183105469,34.88999938964844,34.68000030517578,34.70000076293945,101400,32.32890701293945,0.0
EPHE,2019-11-19 19:00:00-05:00,34.75,34.84000015258789,34.41999816894531,34.43000030517578,192400,32.07735061645508,0.0
EPHE,2019-11-20 19:00:00-05:00,34.209999084472656,34.470001220703125,34.209999084472656,34.380001068115234,77200,32.03078079223633,0.0
EPHE,2019-11-21 19:00:00-05:00,34.4900016784668,34.56999969482422,34.369998931884766,34.41999816894531,201600,32.06804656982422,0.0
EPHE,2019-11-24 19:00:00-05:00,34.2599983215332,34.43000030517578,34.209999084472656,34.43000030517578,234900,32.07735061645508,0.0
EPHE,2019-11-25 19:00:00-05:00,34.16999816894531,34.16999816894531,33.90999984741211,34.119998931884766,390200,31.78853988647461,0.0
EPHE,2019-11-26 19:00:00-05:00,34.459999084472656,34.470001220703125,34.34000015258789,34.400001525878906,148400,32.049407958984375,0.0
EPHE,2019-11-28 19:00:00-05:00,34.040000915527344,34.2599983215332,33.959999084472656,33.959999084472656,133900,31.63947868347168,0.0
EPHE,2019-12-01 19:00:00-05:00,34.43000030517578,34.560001373291016,34.36000061035156,34.40999984741211,197600,32.0587272644043,0.0
EPHE,2019-12-02 19:00:00-05:00,34.380001068115234,34.380001068115234,34.13999938964844,34.29999923706055,212100,31.95624351501465,0.0
EPHE,2019-12-03 19:00:00-05:00,34.380001068115234,34.47999954223633,34.36000061035156,34.38999938964844,125500,32.04008865356445,0.0
EPHE,2019-12-04 19:00:00-05:00,34.369998931884766,34.400001525878906,34.150001525878906,34.290000915527344,90200,31.946924209594727,0.0
EPHE,2019-12-05 19:00:00-05:00,34.45000076293945,34.45000076293945,34.2599983215332,34.27000045776367,106300,31.92829704284668,0.0
EPHE,2019-12-08 19:00:00-05:00,34.150001525878906,34.279998779296875,33.900001525878906,33.93000030517578,118600,31.61152458190918,0.0
EPHE,2019-12-09 19:00:00-05:00,33.900001525878906,34.060001373291016,33.849998474121094,33.959999084472656,108100,31.63947868347168,0.0
EPHE,2019-12-10 19:00:00-05:00,34.11000061035156,34.45000076293945,34.0,34.349998474121094,197400,32.00282287597656,0.0
EPHE,2019-12-11 19:00:00-05:00,34.0,34.689998626708984,33.95000076293945,34.45000076293945,131300,32.09598922729492,0.0
EPHE,2019-12-12 19:00:00-05:00,34.720001220703125,34.849998474121094,34.47999954223633,34.66999816894531,189800,32.300960540771484,0.0
EPHE,2019-12-15 19:00:00-05:00,34.209999084472656,34.27000045776367,34.119998931884766,34.130001068115234,112300,31.826322555541992,0.031
EPHE,2019-12-16 19:00:00-05:00,34.06999969482422,34.099998474121094,33.91999816894531,34.04999923706055,206300,31.751718521118164,0.0
EPHE,2019-12-17 19:00:00-05:00,34.220001220703125,34.38999938964844,34.0099983215332,34.11000061035156,147100,31.80767250061035,0.0
EPHE,2019-12-18 19:00:00-05:00,33.849998474121094,33.91999816894531,33.709999084472656,33.779998779296875,86800,31.49993896484375,0.0
EPHE,2019-12-19 19:00:00-05:00,33.77000045776367,33.939998626708984,33.63999938964844,33.709999084472656,210100,31.434661865234375,0.0
EPHE,2019-12-22 19:00:00-05:00,34.060001373291016,34.290000915527344,34.060001373291016,34.22999954223633,103300,31.91956901550293,0.0
EPHE,2019-12-23 19:00:00-05:00,34.20000076293945,34.349998474121094,34.08000183105469,34.150001525878906,37700,31.844968795776367,0.0
EPHE,2019-12-25 19:00:00-05:00,34.5099983215332,34.540000915527344,34.150001525878906,34.47999954223633,33500,32.15268325805664,0.0
EPHE,2019-12-26 19:00:00-05:00,34.45000076293945,34.59000015258789,34.369998931884766,34.41999816894531,112400,32.09674072265625,0.0
EPHE,2019-12-29 19:00:00-05:00,34.529998779296875,34.529998779296875,34.209999084472656,34.220001220703125,191600,31.910242080688477,0.0
EPHE,2019-12-30 19:00:00-05:00,34.279998779296875,34.45000076293945,34.209999084472656,34.31999969482422,137100,32.00349044799805,0.0
EPHE,2020-01-01 19:00:00-05:00,34.040000915527344,34.27000045776367,33.97999954223633,34.2599983215332,130500,31.947540283203125,0.0
EPHE,2020-01-02 19:00:00-05:00,34.279998779296875,34.369998931884766,33.849998474121094,33.91999816894531,247600,31.6304931640625,0.0
EPHE,2020-01-05 19:00:00-05:00,33.72999954223633,34.02000045776367,33.72999954223633,33.880001068115234,172000,31.593196868896484,0.0
EPHE,2020-01-06 19:00:00-05:00,34.130001068115234,34.189998626708984,33.880001068115234,33.959999084472656,154200,31.667795181274414,0.0
EPHE,2020-01-07 19:00:00-05:00,33.7400016784668,34.47999954223633,33.7400016784668,34.220001220703125,698800,31.910242080688477,0.0
EPHE,2020-01-08 19:00:00-05:00,34.47999954223633,34.47999954223633,34.06999969482422,34.08000183105469,316900,31.779693603515625,0.0
EPHE,2020-01-09 19:00:00-05:00,34.11000061035156,34.349998474121094,34.060001373291016,34.189998626708984,274800,31.882266998291016,0.0
EPHE,2020-01-12 19:00:00-05:00,34.220001220703125,34.65999984741211,34.02000045776367,34.459999084472656,173100,32.1340446472168,0.0
EPHE,2020-01-13 19:00:00-05:00,34.20000076293945,34.20000076293945,34.0,34.040000915527344,504500,31.742395401000977,0.0
EPHE,2020-01-14 19:00:00-05:00,33.75,33.790000915527344,33.540000915527344,33.65999984741211,175300,31.38803482055664,0.0
EPHE,2020-01-15 19:00:00-05:00,33.5,33.650001525878906,33.45000076293945,33.540000915527344,173600,31.27613639831543,0.0
EPHE,2020-01-16 19:00:00-05:00,33.720001220703125,33.84000015258789,33.66999816894531,33.790000915527344,154900,31.509262084960938,0.0
EPHE,2020-01-20 19:00:00-05:00,32.66999816894531,32.75,32.2599983215332,32.33000183105469,244400,30.14781379699707,0.0
EPHE,2020-01-21 19:00:00-05:00,32.4900016784668,32.59000015258789,32.470001220703125,32.54999923706055,143800,30.352962493896484,0.0
EPHE,2020-01-22 19:00:00-05:00,32.93000030517578,33.11000061035156,32.65999984741211,33.060001373291016,328300,30.82853889465332,0.0
EPHE,2020-01-23 19:00:00-05:00,33.18000030517578,33.27000045776367,32.95000076293945,33.150001525878906,196500,30.9124698638916,0.0
EPHE,2020-01-26 19:00:00-05:00,32.75,32.90999984741211,32.529998779296875,32.72999954223633,360500,30.520811080932617,0.0
EPHE,2020-01-27 19:00:00-05:00,32.54999923706055,32.61000061035156,32.33000183105469,32.540000915527344,227900,30.343639373779297,0.0
EPHE,2020-01-28 19:00:00-05:00,32.41999816894531,32.52000045776367,32.279998779296875,32.34000015258789,91400,30.157135009765625,0.0
EPHE,2020-01-29 19:00:00-05:00,32.25,32.34000015258789,31.899999618530273,32.18000030517578,381300,30.007936477661133,0.0
EPHE,2020-01-30 19:00:00-05:00,31.350000381469727,31.350000381469727,30.790000915527344,31.18000030517578,291000,29.075435638427734,0.0
EPHE,2020-02-02 19:00:00-05:00,31.139999389648438,31.239999771118164,31.0,31.09000015258789,368000,28.99151039123535,0.0
EPHE,2020-02-03 19:00:00-05:00,31.65999984741211,31.850000381469727,31.65999984741211,31.809999465942383,218000,29.66291046142578,0.0
EPHE,2020-02-04 19:00:00-05:00,32.22999954223633,32.599998474121094,32.22999954223633,32.369998931884766,420100,30.185108184814453,0.0
EPHE,2020-02-05 19:00:00-05:00,32.86000061035156,32.91999816894531,32.630001068115234,32.72999954223633,183600,30.520811080932617,0.0
EPHE,2020-02-06 19:00:00-05:00,32.619998931884766,32.650001525878906,32.439998626708984,32.619998931884766,446100,30.418235778808594,0.0
EPHE,2020-02-09 19:00:00-05:00,32.5,32.619998931884766,32.4900016784668,32.61000061035156,92200,30.408912658691406,0.0
EPHE,2020-02-10 19:00:00-05:00,32.7400016784668,32.9900016784668,32.72999954223633,32.9900016784668,230200,30.76326560974121,0.0
EPHE,2020-02-11 19:00:00-05:00,32.7599983215332,32.810001373291016,32.619998931884766,32.790000915527344,202400,30.576763153076172,0.0
EPHE,2020-02-12 19:00:00-05:00,32.36000061035156,32.41999816894531,32.16999816894531,32.290000915527344,167400,30.110511779785156,0.0
EPHE,2020-02-13 19:00:00-05:00,32.16999816894531,32.400001525878906,31.93000030517578,32.09000015258789,84400,29.924009323120117,0.0
EPHE,2020-02-17 19:00:00-05:00,31.920000076293945,32.22999954223633,31.920000076293945,32.16999816894531,86700,29.998611450195312,0.0
EPHE,2020-02-18 19:00:00-05:00,32.31999969482422,32.43000030517578,32.2400016784668,32.290000915527344,142300,30.110511779785156,0.0
EPHE,2020-02-19 19:00:00-05:00,32.36000061035156,32.5,32.18000030517578,32.290000915527344,98800,30.110511779785156,0.0
EPHE,2020-02-20 19:00:00-05:00,31.959999084472656,32.25,31.93000030517578,32.0,113700,29.840085983276367,0.0
EPHE,2020-02-23 19:00:00-05:00,30.93000030517578,30.93000030517578,30.549999237060547,30.6200008392334,264400,28.553232192993164,0.0
EPHE,2020-02-24 19:00:00-05:00,31.030000686645508,31.25,30.489999771118164,30.549999237060547,193300,28.487957000732422,0.0
EPHE,2020-02-25 19:00:00-05:00,29.75,30.18000030517578,29.75,29.809999465942383,294500,27.797903060913086,0.0
EPHE,2020-02-26 19:00:00-05:00,30.049999237060547,30.149999618530273,29.639999389648438,29.690000534057617,203600,27.686006546020508,0.0
EPHE,2020-02-27 19:00:00-05:00,28.940000534057617,29.459999084472656,28.540000915527344,29.219999313354492,253600,27.24772834777832,0.0
EPHE,2020-03-01 19:00:00-05:00,29.110000610351562,30.030000686645508,28.950000762939453,29.979999542236328,212200,27.956430435180664,0.0
EPHE,2020-03-02 19:00:00-05:00,29.81999969482422,30.68000030517578,29.670000076293945,29.770000457763672,202500,27.76060676574707,0.0
EPHE,2020-03-03 19:00:00-05:00,30.030000686645508,30.290000915527344,29.850000381469727,29.93000030517578,121400,27.909807205200195,0.0
EPHE,2020-03-04 19:00:00-05:00,30.100000381469727,30.139999389648438,29.25,29.329999923706055,287400,27.350305557250977,0.0
EPHE,2020-03-05 19:00:00-05:00,29.149999618530273,29.420000076293945,28.68000030517578,28.959999084472656,358100,27.005277633666992,0.0
EPHE,2020-03-08 20:00:00-04:00,27.31999969482422,27.860000610351562,26.829999923706055,26.969999313354492,209800,25.14959716796875,0.0
EPHE,2020-03-09 20:00:00-04:00,27.770000457763672,28.209999084472656,27.5,28.06999969482422,255200,26.175352096557617,0.0
EPHE,2020-03-10 20:00:00-04:00,27.860000610351562,27.860000610351562,27.110000610351562,27.239999771118164,219500,25.401371002197266,0.0
EPHE,2020-03-11 20:00:00-04:00,24.15999984741211,24.15999984741211,22.06999969482422,22.06999969482422,731800,20.58032989501953,0.0
EPHE,2020-03-12 20:00:00-04:00,24.65999984741211,25.579999923706055,23.3700008392334,24.530000686645508,306900,22.874290466308594,0.0
EPHE,2020-03-15 20:00:00-04:00,21.520000457763672,22.3799991607666,19.760000228881836,19.760000228881836,440700,18.42625617980957,0.0
EPHE,2020-03-16 20:00:00-04:00,20.3799991607666,21.8799991607666,19.649999618530273,21.360000610351562,451500,19.918258666992188,0.0
EPHE,2020-03-17 20:00:00-04:00,19.670000076293945,21.549999237060547,19.0,19.200000762939453,366800,17.904052734375,0.0
EPHE,2020-03-18 20:00:00-04:00,19.5,20.489999771118164,19.5,19.719999313354492,334400,18.38895034790039,0.0
EPHE,2020-03-19 20:00:00-04:00,20.770000457763672,21.040000915527344,20.110000610351562,20.219999313354492,434800,18.855201721191406,0.0
EPHE,2020-03-22 20:00:00-04:00,20.1200008392334,20.450000762939453,19.389999389648438,19.8799991607666,217500,18.538150787353516,0.0
EPHE,2020-03-23 20:00:00-04:00,21.170000076293945,21.559999465942383,21.020000457763672,21.139999389648438,219900,19.713104248046875,0.0
EPHE,2020-03-24 20:00:00-04:00,22.170000076293945,22.450000762939453,21.3700008392334,22.190000534057617,209800,20.69223403930664,0.0
EPHE,2020-03-25 20:00:00-04:00,23.18000030517578,24.139999389648438,23.18000030517578,23.809999465942383,256300,22.20288848876953,0.0
EPHE,2020-03-26 20:00:00-04:00,22.450000762939453,22.719999313354492,22.079999923706055,22.209999084472656,144700,20.71088409423828,0.0
EPHE,2020-03-29 20:00:00-04:00,22.110000610351562,22.420000076293945,21.809999465942383,22.3700008392334,81800,20.860088348388672,0.0
EPHE,2020-03-30 20:00:00-04:00,23.0,23.399999618530273,23.0,23.040000915527344,187400,21.484861373901367,0.0
EPHE,2020-03-31 20:00:00-04:00,22.520000457763672,22.790000915527344,22.040000915527344,22.190000534057617,191400,20.69223403930664,0.0
EPHE,2020-04-01 20:00:00-04:00,22.729999542236328,23.290000915527344,22.59000015258789,22.969999313354492,125300,21.419586181640625,0.0
EPHE,2020-04-02 20:00:00-04:00,23.020000457763672,23.260000228881836,22.34000015258789,22.5,226600,20.98130989074707,0.0
EPHE,2020-04-05 20:00:00-04:00,23.780000686645508,24.389999389648438,23.780000686645508,24.15999984741211,214500,22.52926254272461,0.0
EPHE,2020-04-06 20:00:00-04:00,25.139999389648438,25.239999771118164,23.90999984741211,24.100000381469727,795100,22.473312377929688,0.0
EPHE,2020-04-07 20:00:00-04:00,23.75,23.90999984741211,23.450000762939453,23.770000457763672,239900,22.16558837890625,0.0
EPHE,2020-04-08 20:00:00-04:00,24.149999618530273,24.190000534057617,23.510000228881836,23.6200008392334,246900,22.025712966918945,0.0
EPHE,2020-04-12 20:00:00-04:00,24.010000228881836,24.229999542236328,23.56999969482422,24.040000915527344,99300,22.4173641204834,0.0
EPHE,2020-04-13 20:00:00-04:00,24.719999313354492,25.110000610351562,24.440000534057617,24.709999084472656,251100,23.04214096069336,0.0
EPHE,2020-04-14 20:00:00-04:00,25.06999969482422,25.229999542236328,24.799999237060547,24.889999389648438,180200,23.209989547729492,0.0
EPHE,2020-04-15 20:00:00-04:00,24.209999084472656,24.469999313354492,23.760000228881836,24.010000228881836,100200,22.38939094543457,0.0
EPHE,2020-04-16 20:00:00-04:00,24.75,25.149999618530273,24.40999984741211,24.649999618530273,75700,22.986188888549805,0.0
EPHE,2020-04-19 20:00:00-04:00,24.5,24.84000015258789,24.270000457763672,24.399999618530273,94600,22.75306510925293,0.0
EPHE,2020-04-20 20:00:00-04:00,23.719999313354492,24.0,23.450000762939453,23.59000015258789,95000,21.997739791870117,0.0
EPHE,2020-04-21 20:00:00-04:00,24.309999465942383,24.420000076293945,24.040000915527344,24.100000381469727,67300,22.473312377929688,0.0
EPHE,2020-04-22 20:00:00-04:00,24.290000915527344,24.65999984741211,24.010000228881836,24.079999923706055,124100,22.45466423034668,0.0
EPHE,2020-04-23 20:00:00-04:00,23.790000915527344,23.809999465942383,23.469999313354492,23.729999542236328,53000,22.1282901763916,0.0
EPHE,2020-04-26 20:00:00-04:00,23.559999465942383,24.0,23.520000457763672,23.84000015258789,86900,22.230863571166992,0.0
EPHE,2020-04-27 20:00:00-04:00,24.510000228881836,24.81999969482422,24.270000457763672,24.440000534057617,110600,22.790367126464844,0.0
EPHE,2020-04-28 20:00:00-04:00,24.84000015258789,24.989999771118164,24.56999969482422,24.8700008392334,75900,23.19133949279785,0.0
EPHE,2020-04-29 20:00:00-04:00,24.739999771118164,24.899999618530273,24.010000228881836,24.1299991607666,203700,22.50128936767578,0.0
EPHE,2020-04-30 20:00:00-04:00,23.639999389648438,23.860000610351562,23.270000457763672,23.360000610351562,65100,21.783262252807617,0.0
EPHE,2020-05-03 20:00:00-04:00,23.770000457763672,24.030000686645508,23.600000381469727,23.899999618530273,67800,22.28681182861328,0.0
EPHE,2020-05-04 20:00:00-04:00,24.700000762939453,24.780000686645508,24.34000015258789,24.420000076293945,130300,22.77171516418457,0.0
EPHE,2020-05-05 20:00:00-04:00,24.489999771118164,24.709999084472656,24.219999313354492,24.280000686645508,70000,22.641164779663086,0.0
EPHE,2020-05-06 20:00:00-04:00,24.489999771118164,24.690000534057617,24.399999618530273,24.5,186100,22.846317291259766,0.0
EPHE,2020-05-07 20:00:00-04:00,24.649999618530273,24.979999542236328,24.469999313354492,24.709999084472656,87100,23.04214096069336,0.0
EPHE,2020-05-10 20:00:00-04:00,24.690000534057617,24.899999618530273,24.610000610351562,24.799999237060547,63700,23.126066207885742,0.0
EPHE,2020-05-11 20:00:00-04:00,24.959999084472656,25.209999084472656,24.559999465942383,24.65999984741211,161400,22.995513916015625,0.0
EPHE,2020-05-12 20:00:00-04:00,24.68000030517578,24.84000015258789,24.34000015258789,24.549999237060547,91700,22.892940521240234,0.0
EPHE,2020-05-13 20:00:00-04:00,24.030000686645508,24.75,24.030000686645508,24.6299991607666,129300,22.967538833618164,0.0
EPHE,2020-05-14 20:00:00-04:00,24.049999237060547,24.100000381469727,23.709999084472656,23.84000015258789,232600,22.230863571166992,0.0
EPHE,2020-05-17 20:00:00-04:00,23.940000534057617,24.5,23.93000030517578,24.190000534057617,162500,22.557239532470703,0.0
EPHE,2020-05-18 20:00:00-04:00,24.149999618530273,24.469999313354492,23.979999542236328,24.030000686645508,90600,22.40804100036621,0.0
EPHE,2020-05-19 20:00:00-04:00,24.489999771118164,24.489999771118164,24.209999084472656,24.350000381469727,69900,22.70644187927246,0.0
EPHE,2020-05-20 20:00:00-04:00,24.3799991607666,24.420000076293945,23.940000534057617,24.149999618530273,166500,22.519939422607422,0.0
EPHE,2020-05-21 20:00:00-04:00,23.989999771118164,24.079999923706055,23.790000915527344,23.950000762939453,78700,22.333438873291016,0.0
EPHE,2020-05-25 20:00:00-04:00,23.920000076293945,23.93000030517578,23.5,23.65999984741211,154900,22.06301498413086,0.0
EPHE,2020-05-26 20:00:00-04:00,23.889999389648438,23.989999771118164,23.559999465942383,23.860000610351562,113100,22.249513626098633,0.0
EPHE,2020-05-27 20:00:00-04:00,24.239999771118164,24.639999389648438,24.149999618530273,24.31999969482422,321800,22.678464889526367,0.0
EPHE,2020-05-28 20:00:00-04:00,25.149999618530273,25.290000915527344,24.75,25.100000381469727,454000,23.405818939208984,0.0
EPHE,2020-05-31 20:00:00-04:00,25.549999237060547,26.049999237060547,25.549999237060547,26.0,140400,24.24506950378418,0.0
EPHE,2020-06-01 20:00:00-04:00,26.399999618530273,26.90999984741211,26.389999389648438,26.729999542236328,314300,24.92579460144043,0.0
EPHE,2020-06-02 20:00:00-04:00,27.479999542236328,28.15999984741211,27.3700008392334,28.079999923706055,415800,26.184673309326172,0.0
EPHE,2020-06-03 20:00:00-04:00,28.31999969482422,28.68000030517578,28.229999542236328,28.420000076293945,267300,26.501726150512695,0.0
EPHE,2020-06-04 20:00:00-04:00,28.90999984741211,29.290000915527344,28.90999984741211,28.989999771118164,204200,27.03325080871582,0.0
EPHE,2020-06-07 20:00:00-04:00,29.049999237060547,29.360000610351562,28.81999969482422,29.280000686645508,144100,27.303678512573242,0.0
EPHE,2020-06-08 20:00:00-04:00,28.8799991607666,29.239999771118164,28.790000915527344,29.110000610351562,197600,27.145151138305664,0.0
EPHE,2020-06-09 20:00:00-04:00,28.489999771118164,28.8700008392334,27.8799991607666,28.75,305000,26.8094539642334,0.0
EPHE,2020-06-10 20:00:00-04:00,28.030000686645508,28.1200008392334,27.31999969482422,27.3700008392334,183200,25.522600173950195,0.0
EPHE,2020-06-11 20:00:00-04:00,27.8799991607666,28.280000686645508,27.299999237060547,27.6299991607666,117100,25.76504898071289,0.0
EPHE,2020-06-14 20:00:00-04:00,26.90999984741211,27.299999237060547,26.59000015258789,27.049999237060547,128600,25.372966766357422,0.162
EPHE,2020-06-15 20:00:00-04:00,27.56999969482422,27.639999389648438,26.90999984741211,27.1200008392334,60400,25.438627243041992,0.0
EPHE,2020-06-16 20:00:00-04:00,27.389999389648438,27.68000030517578,27.270000457763672,27.40999984741211,69000,25.710643768310547,0.0
EPHE,2020-06-17 20:00:00-04:00,27.40999984741211,27.709999084472656,27.40999984741211,27.5,79800,25.795061111450195,0.0
EPHE,2020-06-18 20:00:00-04:00,27.940000534057617,27.940000534057617,27.270000457763672,27.399999618530273,163100,25.70126724243164,0.0
EPHE,2020-06-21 20:00:00-04:00,27.450000762939453,27.760000228881836,27.399999618530273,27.579999923706055,47800,25.87010383605957,0.0
EPHE,2020-06-22 20:00:00-04:00,27.600000381469727,27.920000076293945,27.43000030517578,27.520000457763672,67500,25.813825607299805,0.0
EPHE,2020-06-23 20:00:00-04:00,27.110000610351562,27.110000610351562,26.68000030517578,26.84000015258789,98800,25.175983428955078,0.0
EPHE,2020-06-24 20:00:00-04:00,26.670000076293945,27.18000030517578,26.670000076293945,27.110000610351562,41800,25.429244995117188,0.0
EPHE,2020-06-25 20:00:00-04:00,26.899999618530273,27.020000457763672,26.549999237060547,26.799999237060547,82800,25.138463973999023,0.0
EPHE,2020-06-28 20:00:00-04:00,26.8799991607666,27.1299991607666,26.729999542236328,27.010000228881836,36600,25.3354434967041,0.0
EPHE,2020-06-29 20:00:00-04:00,27.079999923706055,27.079999923706055,26.56999969482422,26.899999618530273,167500,25.23225975036621,0.0
EPHE,2020-06-30 20:00:00-04:00,27.1200008392334,27.559999465942383,26.799999237060547,27.299999237060547,96600,25.607465744018555,0.0
EPHE,2020-07-01 20:00:00-04:00,28.09000015258789,28.559999465942383,28.09000015258789,28.290000915527344,91800,26.53608512878418,0.0
EPHE,2020-07-05 20:00:00-04:00,28.350000381469727,28.649999618530273,28.239999771118164,28.530000686645508,61700,26.761205673217773,0.0
EPHE,2020-07-06 20:00:00-04:00,27.84000015258789,28.079999923706055,27.6299991607666,27.639999389648438,78500,25.92638397216797,0.0
EPHE,2020-07-07 20:00:00-04:00,27.75,27.940000534057617,27.520000457763672,27.829999923706055,65800,26.104604721069336,0.0
EPHE,2020-07-08 20:00:00-04:00,27.639999389648438,27.729999542236328,27.18000030517578,27.489999771118164,154300,25.78568458557129,0.0
EPHE,2020-07-09 20:00:00-04:00,27.309999465942383,27.559999465942383,27.229999542236328,27.3799991607666,58600,25.682506561279297,0.0
EPHE,2020-07-12 20:00:00-04:00,27.3799991607666,27.520000457763672,27.0,27.010000228881836,119000,25.3354434967041,0.0
EPHE,2020-07-13 20:00:00-04:00,27.059999465942383,27.549999237060547,27.020000457763672,27.469999313354492,75900,25.766925811767578,0.0
EPHE,2020-07-14 20:00:00-04:00,26.799999237060547,26.989999771118164,26.709999084472656,26.770000457763672,58400,25.110322952270508,0.0
EPHE,2020-07-15 20:00:00-04:00,26.889999389648438,27.280000686645508,26.889999389648438,27.260000228881836,42600,25.569944381713867,0.0
EPHE,2020-07-16 20:00:00-04:00,27.059999465942383,27.1299991607666,26.790000915527344,26.979999542236328,49200,25.30730438232422,0.0
EPHE,2020-07-19 20:00:00-04:00,27.149999618530273,27.440000534057617,26.989999771118164,27.43000030517578,43000,25.72940444946289,0.0
EPHE,2020-07-20 20:00:00-04:00,27.31999969482422,27.389999389648438,27.1299991607666,27.18000030517578,40800,25.494903564453125,0.0
EPHE,2020-07-21 20:00:00-04:00,26.950000762939453,26.979999542236328,26.719999313354492,26.860000610351562,61300,25.19474220275879,0.0
EPHE,2020-07-22 20:00:00-04:00,26.760000228881836,26.809999465942383,26.389999389648438,26.530000686645508,91800,24.885204315185547,0.0
EPHE,2020-07-23 20:00:00-04:00,26.360000610351562,26.670000076293945,26.309999465942383,26.6200008392334,65900,24.96962547302246,0.0
EPHE,2020-07-26 20:00:00-04:00,26.270000457763672,26.459999084472656,26.1200008392334,26.299999237060547,67200,24.669464111328125,0.0
EPHE,2020-07-27 20:00:00-04:00,26.219999313354492,26.43000030517578,26.1299991607666,26.200000762939453,56400,24.57566261291504,0.0
EPHE,2020-07-28 20:00:00-04:00,26.450000762939453,26.719999313354492,26.440000534057617,26.6200008392334,67900,24.96962547302246,0.0
EPHE,2020-07-29 20:00:00-04:00,26.280000686645508,26.360000610351562,26.010000228881836,26.209999084472656,39400,24.58504295349121,0.0
EPHE,2020-07-30 20:00:00-04:00,26.09000015258789,26.1200008392334,25.700000762939453,25.90999984741211,70600,24.30364227294922,0.0
EPHE,2020-08-02 20:00:00-04:00,25.6299991607666,25.6299991607666,25.25,25.450000762939453,122500,23.872159957885742,0.0
EPHE,2020-08-03 20:00:00-04:00,25.549999237060547,25.940000534057617,25.549999237060547,25.739999771118164,68500,24.144180297851562,0.0
EPHE,2020-08-04 20:00:00-04:00,26.0,26.34000015258789,25.899999618530273,26.200000762939453,86600,24.57566261291504,0.0
EPHE,2020-08-05 20:00:00-04:00,26.15999984741211,26.299999237060547,26.040000915527344,26.149999618530273,98400,24.528759002685547,0.0
EPHE,2020-08-06 20:00:00-04:00,26.100000381469727,26.290000915527344,25.90999984741211,26.110000610351562,37900,24.491241455078125,0.0
EPHE,2020-08-09 20:00:00-04:00,26.239999771118164,26.540000915527344,26.170000076293945,26.43000030517578,109500,24.79140281677246,0.0
EPHE,2020-08-10 20:00:00-04:00,26.760000228881836,26.950000762939453,26.520000457763672,26.56999969482422,54200,24.922719955444336,0.0
EPHE,2020-08-11 20:00:00-04:00,26.93000030517578,27.25,26.850000381469727,27.190000534057617,85700,25.504283905029297,0.0
EPHE,2020-08-12 20:00:00-04:00,27.229999542236328,27.440000534057617,27.0,27.219999313354492,45500,25.53242301940918,0.0
EPHE,2020-08-13 20:00:00-04:00,27.239999771118164,27.479999542236328,27.239999771118164,27.3799991607666,30900,25.682506561279297,0.0
EPHE,2020-08-16 20:00:00-04:00,27.3799991607666,27.719999313354492,27.3799991607666,27.6200008392334,66000,25.90762710571289,0.0
EPHE,2020-08-17 20:00:00-04:00,27.8700008392334,27.940000534057617,27.5,27.739999771118164,96000,26.020187377929688,0.0
EPHE,2020-08-18 20:00:00-04:00,27.25,27.489999771118164,27.149999618530273,27.290000915527344,91600,25.59808349609375,0.0
EPHE,2020-08-19 20:00:00-04:00,27.040000915527344,27.3799991607666,26.809999465942383,27.139999389648438,85900,25.45738410949707,0.0
EPHE,2020-08-20 20:00:00-04:00,27.110000610351562,27.34000015258789,27.049999237060547,27.280000686645508,26800,25.588703155517578,0.0
EPHE,2020-08-23 20:00:00-04:00,27.110000610351562,27.200000762939453,26.760000228881836,26.940000534057617,36600,25.26978302001953,0.0
EPHE,2020-08-24 20:00:00-04:00,26.969999313354492,27.030000686645508,26.84000015258789,26.950000762939453,82200,25.279165267944336,0.0
EPHE,2020-08-25 20:00:00-04:00,26.8700008392334,27.170000076293945,26.5,26.899999618530273,50500,25.23225975036621,0.0
EPHE,2020-08-26 20:00:00-04:00,26.8700008392334,26.8700008392334,26.309999465942383,26.549999237060547,101200,24.903963088989258,0.0
EPHE,2020-08-27 20:00:00-04:00,26.690000534057617,26.739999771118164,26.459999084472656,26.65999984741211,74400,25.007143020629883,0.0
EPHE,2020-08-30 20:00:00-04:00,26.450000762939453,26.56999969482422,26.030000686645508,26.549999237060547,140300,24.903963088989258,0.0
EPHE,2020-08-31 20:00:00-04:00,26.59000015258789,26.690000534057617,26.270000457763672,26.40999984741211,174900,24.772642135620117,0.0
EPHE,2020-09-01 20:00:00-04:00,26.079999923706055,26.079999923706055,25.6200008392334,25.809999465942383,118200,24.209840774536133,0.0
EPHE,2020-09-02 20:00:00-04:00,25.809999465942383,25.959999084472656,25.3700008392334,25.520000457763672,122000,23.937822341918945,0.0
EPHE,2020-09-03 20:00:00-04:00,25.84000015258789,26.239999771118164,25.639999389648438,25.81999969482422,129600,24.21921730041504,0.0
EPHE,2020-09-07 20:00:00-04:00,26.899999618530273,27.18000030517578,26.790000915527344,26.93000030517578,105000,25.26040267944336,0.0
EPHE,2020-09-08 20:00:00-04:00,26.780000686645508,27.079999923706055,26.75,26.950000762939453,101200,25.279165267944336,0.0
EPHE,2020-09-09 20:00:00-04:00,26.799999237060547,26.899999618530273,26.459999084472656,26.489999771118164,51600,24.84768295288086,0.0
EPHE,2020-09-10 20:00:00-04:00,26.81999969482422,26.90999984741211,26.639999389648438,26.760000228881836,23400,25.10094451904297,0.0
EPHE,2020-09-13 20:00:00-04:00,26.979999542236328,27.06999969482422,26.850000381469727,26.90999984741211,99800,25.241641998291016,0.0
EPHE,2020-09-14 20:00:00-04:00,27.100000381469727,27.309999465942383,26.959999084472656,27.229999542236328,56600,25.54180335998535,0.0
EPHE,2020-09-15 20:00:00-04:00,27.1200008392334,27.1200008392334,26.65999984741211,26.729999542236328,76200,25.072799682617188,0.0
EPHE,2020-09-16 20:00:00-04:00,26.6299991607666,26.790000915527344,26.600000381469727,26.729999542236328,33100,25.072799682617188,0.0
EPHE,2020-09-17 20:00:00-04:00,26.809999465942383,26.809999465942383,26.5,26.6299991607666,50000,24.97900390625,0.0
EPHE,2020-09-20 20:00:00-04:00,26.3700008392334,26.709999084472656,26.049999237060547,26.549999237060547,150700,24.903963088989258,0.0
EPHE,2020-09-21 20:00:00-04:00,26.399999618530273,26.520000457763672,26.149999618530273,26.510000228881836,78600,24.86644172668457,0.0
EPHE,2020-09-22 20:00:00-04:00,26.56999969482422,26.56999969482422,26.079999923706055,26.260000228881836,38800,24.63194465637207,0.0
EPHE,2020-09-23 20:00:00-04:00,26.06999969482422,26.59000015258789,26.030000686645508,26.3799991607666,79200,24.7445011138916,0.0
EPHE,2020-09-24 20:00:00-04:00,26.229999542236328,26.510000228881836,26.100000381469727,26.329999923706055,75300,24.697603225708008,0.0
EPHE,2020-09-27 20:00:00-04:00,26.510000228881836,26.56999969482422,26.3700008392334,26.5,75200,24.857059478759766,0.0
EPHE,2020-09-28 20:00:00-04:00,26.440000534057617,26.56999969482422,26.360000610351562,26.399999618530273,39600,24.763261795043945,0.0
EPHE,2020-09-29 20:00:00-04:00,26.510000228881836,26.899999618530273,26.510000228881836,26.579999923706055,67800,24.932104110717773,0.0
EPHE,2020-09-30 20:00:00-04:00,26.790000915527344,26.950000762939453,26.639999389648438,26.860000610351562,131600,25.19474220275879,0.0
EPHE,2020-10-01 20:00:00-04:00,26.809999465942383,27.209999084472656,26.809999465942383,26.979999542236328,57600,25.30730438232422,0.0
EPHE,2020-10-04 20:00:00-04:00,26.959999084472656,27.18000030517578,26.799999237060547,26.850000381469727,130700,25.185365676879883,0.0
EPHE,2020-10-05 20:00:00-04:00,26.65999984741211,26.790000915527344,26.559999465942383,26.700000762939453,68300,25.044666290283203,0.0
EPHE,2020-10-06 20:00:00-04:00,26.559999465942383,26.729999542236328,26.459999084472656,26.5,51600,24.857059478759766,0.0
EPHE,2020-10-07 20:00:00-04:00,26.65999984741211,26.799999237060547,26.559999465942383,26.739999771118164,100000,25.082183837890625,0.0
EPHE,2020-10-08 20:00:00-04:00,26.600000381469727,26.979999542236328,26.600000381469727,26.75,46700,25.091562271118164,0.0
EPHE,2020-10-11 20:00:00-04:00,26.829999923706055,26.950000762939453,26.670000076293945,26.760000228881836,78500,25.10094451904297,0.0
EPHE,2020-10-12 20:00:00-04:00,26.6299991607666,26.68000030517578,26.40999984741211,26.549999237060547,42000,24.903963088989258,0.0
EPHE,2020-10-13 20:00:00-04:00,26.549999237060547,26.59000015258789,26.40999984741211,26.440000534057617,67700,24.800783157348633,0.0
EPHE,2020-10-14 20:00:00-04:00,26.5,26.68000030517578,26.40999984741211,26.489999771118164,48400,24.84768295288086,0.0
EPHE,2020-10-15 20:00:00-04:00,26.780000686645508,26.780000686645508,26.420000076293945,26.600000381469727,58100,24.950864791870117,0.0
EPHE,2020-10-18 20:00:00-04:00,27.020000457763672,27.149999618530273,26.799999237060547,26.920000076293945,63300,25.251022338867188,0.0
EPHE,2020-10-19 20:00:00-04:00,27.5,27.760000228881836,27.350000381469727,27.65999984741211,78000,25.945144653320312,0.0
EPHE,2020-10-20 20:00:00-04:00,27.93000030517578,28.43000030517578,27.93000030517578,28.329999923706055,69300,26.573606491088867,0.0
EPHE,2020-10-21 20:00:00-04:00,28.34000015258789,28.5,28.34000015258789,28.479999542236328,155700,26.71430778503418,0.0
EPHE,2020-10-22 20:00:00-04:00,28.829999923706055,29.329999923706055,28.81999969482422,29.329999923706055,50400,27.51161003112793,0.0
EPHE,2020-10-25 20:00:00-04:00,29.229999542236328,29.40999984741211,29.139999389648438,29.280000686645508,79000,27.46470832824707,0.0
EPHE,2020-10-26 20:00:00-04:00,29.219999313354492,29.43000030517578,28.93000030517578,28.989999771118164,101600,27.192686080932617,0.0
EPHE,2020-10-27 20:00:00-04:00,28.579999923706055,28.75,28.219999313354492,28.229999542236328,83300,26.479806900024414,0.0
EPHE,2020-10-28 20:00:00-04:00,28.100000381469727,28.209999084472656,27.84000015258789,27.979999542236328,162700,26.24530792236328,0.0
EPHE,2020-10-29 20:00:00-04:00,28.1299991607666,28.34000015258789,27.84000015258789,28.079999923706055,65800,26.3391056060791,0.0
EPHE,2020-11-01 19:00:00-05:00,28.239999771118164,28.579999923706055,28.229999542236328,28.479999542236328,35000,26.71430778503418,0.0
EPHE,2020-11-02 19:00:00-05:00,28.709999084472656,28.899999618530273,28.5,28.799999237060547,84400,27.01446533203125,0.0
EPHE,2020-11-03 19:00:00-05:00,29.0,29.8700008392334,29.0,29.729999542236328,100900,27.886812210083008,0.0
EPHE,2020-11-04 19:00:00-05:00,30.360000610351562,30.84000015258789,30.309999465942383,30.68000030517578,119000,28.77791404724121,0.0
EPHE,2020-11-05 19:00:00-05:00,30.469999313354492,30.6299991607666,30.329999923706055,30.459999084472656,79700,28.571550369262695,0.0
EPHE,2020-11-08 19:00:00-05:00,31.040000915527344,31.219999313354492,30.3700008392334,30.3700008392334,93900,28.487133026123047,0.0
EPHE,2020-11-09 19:00:00-05:00,31.389999389648438,32.15999984741211,31.389999389648438,31.950000762939453,152600,29.969175338745117,0.0
EPHE,2020-11-10 19:00:00-05:00,31.950000762939453,32.0,31.65999984741211,31.780000686645508,129700,29.809715270996094,0.0
EPHE,2020-11-11 19:00:00-05:00,31.770000457763672,31.850000381469727,31.43000030517578,31.5,308800,29.547075271606445,0.0
EPHE,2020-11-12 19:00:00-05:00,31.6200008392334,31.700000762939453,31.459999084472656,31.600000381469727,181500,29.640872955322266,0.0
EPHE,2020-11-15 19:00:00-05:00,31.690000534057617,31.90999984741211,31.360000610351562,31.520000457763672,123100,29.565834045410156,0.0
EPHE,2020-11-16 19:00:00-05:00,31.579999923706055,31.950000762939453,31.530000686645508,31.739999771118164,106200,29.772192001342773,0.0
EPHE,2020-11-17 19:00:00-05:00,32.0099983215332,32.27000045776367,31.709999084472656,31.809999465942383,110500,29.837852478027344,0.0
EPHE,2020-11-18 19:00:00-05:00,31.690000534057617,31.920000076293945,31.579999923706055,31.68000030517578,80400,29.715913772583008,0.0
EPHE,2020-11-19 19:00:00-05:00,32.310001373291016,32.84000015258789,32.310001373291016,32.720001220703125,55000,30.69144058227539,0.0
EPHE,2020-11-22 19:00:00-05:00,32.77000045776367,32.84000015258789,32.34000015258789,32.560001373291016,95900,30.541358947753906,0.0
EPHE,2020-11-23 19:00:00-05:00,32.38999938964844,32.560001373291016,32.22999954223633,32.5,154400,30.485074996948242,0.0
EPHE,2020-11-24 19:00:00-05:00,32.029998779296875,32.09000015258789,31.84000015258789,32.0099983215332,47100,30.025453567504883,0.0
EPHE,2020-11-26 19:00:00-05:00,31.209999084472656,31.43000030517578,31.020000457763672,31.139999389648438,129500,29.209392547607422,0.0
EPHE,2020-11-29 19:00:00-05:00,30.979999542236328,31.100000381469727,30.600000381469727,30.780000686645508,106000,28.871715545654297,0.0
EPHE,2020-11-30 19:00:00-05:00,31.700000762939453,32.13999938964844,31.520000457763672,32.040000915527344,213400,30.053598403930664,0.0
EPHE,2020-12-01 19:00:00-05:00,32.15999984741211,32.61000061035156,32.15999984741211,32.400001525878906,162300,30.391277313232422,0.0
EPHE,2020-12-02 19:00:00-05:00,32.869998931884766,33.099998474121094,32.66999816894531,32.95000076293945,128000,30.90717887878418,0.0
EPHE,2020-12-03 19:00:00-05:00,32.81999969482422,32.880001068115234,32.709999084472656,32.79999923706055,155800,30.766477584838867,0.0
EPHE,2020-12-06 19:00:00-05:00,32.810001373291016,33.150001525878906,32.810001373291016,32.90999984741211,351800,30.869653701782227,0.0
EPHE,2020-12-07 19:00:00-05:00,32.939998626708984,32.970001220703125,32.720001220703125,32.86000061035156,41100,30.822755813598633,0.0
EPHE,2020-12-08 19:00:00-05:00,32.560001373291016,32.560001373291016,32.119998931884766,32.310001373291016,72900,30.306859970092773,0.0
EPHE,2020-12-09 19:00:00-05:00,32.5,32.7400016784668,32.45000076293945,32.70000076293945,106100,30.67267608642578,0.0
EPHE,2020-12-10 19:00:00-05:00,32.93000030517578,33.150001525878906,32.79999923706055,32.91999816894531,76300,30.879037857055664,0.0
EPHE,2020-12-13 19:00:00-05:00,33.04999923706055,33.2400016784668,32.959999084472656,33.15999984741211,116000,31.172334671020508,0.072
EPHE,2020-12-14 19:00:00-05:00,33.11000061035156,33.11000061035156,32.77000045776367,32.97999954223633,94200,31.00312614440918,0.0
EPHE,2020-12-15 19:00:00-05:00,33.06999969482422,33.16999816894531,32.79999923706055,32.880001068115234,250100,30.90912437438965,0.0
EPHE,2020-12-16 19:00:00-05:00,33.0099983215332,33.099998474121094,32.900001525878906,32.959999084472656,63800,30.984325408935547,0.0
EPHE,2020-12-17 19:00:00-05:00,32.970001220703125,33.06999969482422,32.86000061035156,33.040000915527344,69700,31.059528350830078,0.0
EPHE,2020-12-20 19:00:00-05:00,32.529998779296875,32.900001525878906,32.400001525878906,32.59000015258789,81200,30.63650131225586,0.0
EPHE,2020-12-21 19:00:00-05:00,32.45000076293945,32.5099983215332,32.06999969482422,32.150001525878906,51700,30.22287940979004,0.0
EPHE,2020-12-22 19:00:00-05:00,32.5099983215332,32.77000045776367,32.36000061035156,32.650001525878906,40700,30.69290542602539,0.0
EPHE,2020-12-23 19:00:00-05:00,32.7599983215332,32.86000061035156,32.599998474121094,32.77000045776367,16100,30.805715560913086,0.0
EPHE,2020-12-27 19:00:00-05:00,32.709999084472656,32.709999084472656,32.20000076293945,32.4900016784668,81300,30.542499542236328,0.0
EPHE,2020-12-28 19:00:00-05:00,32.5,32.79999923706055,32.4900016784668,32.65999984741211,75500,30.702308654785156,0.0
EPHE,2020-12-29 19:00:00-05:00,32.81999969482422,32.900001525878906,32.68000030517578,32.7400016784668,45600,30.77751350402832,0.0
EPHE,2020-12-30 19:00:00-05:00,32.849998474121094,32.90999984741211,32.40999984741211,32.70000076293945,59100,30.739910125732422,0.0
EPHE,2021-01-03 19:00:00-05:00,32.7400016784668,32.90999984741211,32.61000061035156,32.77000045776367,56000,30.805715560913086,0.0
EPHE,2021-01-04 19:00:00-05:00,32.41999816894531,32.70000076293945,32.310001373291016,32.61000061035156,127000,30.655305862426758,0.0
EPHE,2021-01-05 19:00:00-05:00,32.11000061035156,32.38999938964844,31.75,32.16999816894531,102900,30.241676330566406,0.0
EPHE,2021-01-06 19:00:00-05:00,32.31999969482422,32.58000183105469,32.2599983215332,32.52000045776367,51600,30.570701599121094,0.0
EPHE,2021-01-07 19:00:00-05:00,32.900001525878906,33.47999954223633,32.900001525878906,33.36000061035156,402900,31.360347747802734,0.0
EPHE,2021-01-10 19:00:00-05:00,33.2400016784668,33.47999954223633,33.09000015258789,33.40999984741211,76200,31.407350540161133,0.0
EPHE,2021-01-11 19:00:00-05:00,33.40999984741211,33.40999984741211,33.029998779296875,33.18000030517578,101800,31.19113540649414,0.0
EPHE,2021-01-12 19:00:00-05:00,33.0,33.099998474121094,32.95000076293945,32.97999954223633,91900,31.00312614440918,0.0
EPHE,2021-01-13 19:00:00-05:00,33.22999954223633,33.31999969482422,33.09000015258789,33.130001068115234,104900,31.144140243530273,0.0
EPHE,2021-01-14 19:00:00-05:00,32.95000076293945,33.060001373291016,32.880001068115234,32.97999954223633,86800,31.00312614440918,0.0
EPHE,2021-01-18 19:00:00-05:00,32.75,32.75,32.290000915527344,32.310001373291016,159100,30.373287200927734,0.0
EPHE,2021-01-19 19:00:00-05:00,32.2599983215332,32.31999969482422,32.029998779296875,32.15999984741211,94100,30.23227882385254,0.0
EPHE,2021-01-20 19:00:00-05:00,32.439998626708984,32.54999923706055,32.15999984741211,32.29999923706055,153700,30.3638858795166,0.0
EPHE,2021-01-21 19:00:00-05:00,31.93000030517578,32.040000915527344,31.610000610351562,31.950000762939453,80500,30.03486442565918,0.0
EPHE,2021-01-24 19:00:00-05:00,31.760000228881836,31.90999984741211,31.65999984741211,31.75,194900,29.84685707092285,0.0
EPHE,2021-01-25 19:00:00-05:00,31.610000610351562,31.610000610351562,31.440000534057617,31.530000686645508,69300,29.64004135131836,0.0
EPHE,2021-01-26 19:00:00-05:00,30.829999923706055,30.969999313354492,30.440000534057617,30.440000534057617,210100,28.615379333496094,0.0
EPHE,2021-01-27 19:00:00-05:00,30.739999771118164,31.0,30.610000610351562,30.8799991607666,242900,29.029001235961914,0.0
EPHE,2021-01-28 19:00:00-05:00,30.450000762939453,30.5,29.84000015258789,29.940000534057617,118600,28.145349502563477,0.0
EPHE,2021-01-31 19:00:00-05:00,30.600000381469727,30.790000915527344,30.479999542236328,30.649999618530273,137100,28.812789916992188,0.0
EPHE,2021-02-01 19:00:00-05:00,30.940000534057617,31.280000686645508,30.940000534057617,31.1299991607666,163100,29.264015197753906,0.0
EPHE,2021-02-02 19:00:00-05:00,31.059999465942383,31.190000534057617,30.809999465942383,31.149999618530273,265300,29.282817840576172,0.0
EPHE,2021-02-03 19:00:00-05:00,31.190000534057617,31.260000228881836,30.950000762939453,31.229999542236328,152500,29.35802459716797,0.0
EPHE,2021-02-04 19:00:00-05:00,31.479999542236328,31.780000686645508,31.440000534057617,31.649999618530273,89900,29.75284767150879,0.0
EPHE,2021-02-07 19:00:00-05:00,31.799999237060547,31.8799991607666,31.65999984741211,31.84000015258789,94000,29.931459426879883,0.0
EPHE,2021-02-08 19:00:00-05:00,31.84000015258789,32.06999969482422,31.84000015258789,32.040000915527344,86700,30.119474411010742,0.0
EPHE,2021-02-09 19:00:00-05:00,32.040000915527344,32.04999923706055,31.8799991607666,31.950000762939453,95300,30.03486442565918,0.0
EPHE,2021-02-10 19:00:00-05:00,31.780000686645508,31.8799991607666,31.59000015258789,31.649999618530273,97600,29.75284767150879,0.0
EPHE,2021-02-11 19:00:00-05:00,31.729999542236328,31.739999771118164,31.56999969482422,31.600000381469727,34300,29.705842971801758,0.0
EPHE,2021-02-15 19:00:00-05:00,31.520000457763672,31.59000015258789,31.219999313354492,31.34000015258789,65700,29.4614315032959,0.0
EPHE,2021-02-16 19:00:00-05:00,31.010000228881836,31.200000762939453,30.899999618530273,31.110000610351562,132800,29.245216369628906,0.0
EPHE,2021-02-17 19:00:00-05:00,30.809999465942383,30.809999465942383,30.520000457763672,30.719999313354492,35600,28.87859344482422,0.0
EPHE,2021-02-18 19:00:00-05:00,31.010000228881836,31.09000015258789,30.790000915527344,30.93000030517578,72400,29.076005935668945,0.0
EPHE,2021-02-21 19:00:00-05:00,30.399999618530273,30.540000915527344,30.190000534057617,30.190000534057617,161900,28.3803653717041,0.0
EPHE,2021-02-22 19:00:00-05:00,30.079999923706055,30.520000457763672,30.040000915527344,30.309999465942383,90000,28.493167877197266,0.0
EPHE,2021-02-23 19:00:00-05:00,30.09000015258789,30.309999465942383,29.93000030517578,30.25,143900,28.436765670776367,0.0
EPHE,2021-02-24 19:00:00-05:00,30.260000228881836,30.309999465942383,29.6200008392334,29.65999984741211,57600,27.88213348388672,0.0
EPHE,2021-02-25 19:00:00-05:00,30.0,30.450000762939453,30.0,30.190000534057617,65400,28.3803653717041,0.0
EPHE,2021-02-28 19:00:00-05:00,30.770000457763672,31.010000228881836,30.530000686645508,30.8799991607666,93000,29.029001235961914,0.0
EPHE,2021-03-01 19:00:00-05:00,31.0,31.06999969482422,30.760000228881836,30.84000015258789,98500,28.99140167236328,0.0
EPHE,2021-03-02 19:00:00-05:00,31.010000228881836,31.049999237060547,30.81999969482422,30.920000076293945,54000,29.066606521606445,0.0
EPHE,2021-03-03 19:00:00-05:00,30.899999618530273,31.09000015258789,30.420000076293945,30.420000076293945,58500,28.596574783325195,0.0
EPHE,2021-03-04 19:00:00-05:00,30.829999923706055,31.0,30.540000915527344,30.8700008392334,52300,29.019603729248047,0.0
EPHE,2021-03-07 19:00:00-05:00,30.290000915527344,30.290000915527344,29.850000381469727,29.969999313354492,59800,28.17354965209961,0.0
EPHE,2021-03-08 19:00:00-05:00,30.239999771118164,30.6200008392334,30.200000762939453,30.209999084472656,64200,28.399166107177734,0.0
EPHE,2021-03-09 19:00:00-05:00,30.350000381469727,30.450000762939453,30.1200008392334,30.329999923706055,45600,28.51197052001953,0.0
EPHE,2021-03-10 19:00:00-05:00,30.239999771118164,30.389999389648438,30.010000228881836,30.229999542236328,34800,28.4179630279541,0.0
EPHE,2021-03-11 19:00:00-05:00,30.0,30.110000610351562,29.950000762939453,29.989999771118164,64900,28.192352294921875,0.0
EPHE,2021-03-14 20:00:00-04:00,29.489999771118164,29.600000381469727,29.040000915527344,29.469999313354492,412600,27.703521728515625,0.0
EPHE,2021-03-15 20:00:00-04:00,29.479999542236328,29.559999465942383,29.43000030517578,29.520000457763672,81900,27.75052261352539,0.0
EPHE,2021-03-16 20:00:00-04:00,29.209999084472656,29.799999237060547,29.209999084472656,29.579999923706055,137600,27.806926727294922,0.0
EPHE,2021-03-17 20:00:00-04:00,29.600000381469727,29.709999084472656,29.450000762939453,29.450000762939453,83000,27.684720993041992,0.0
EPHE,2021-03-18 20:00:00-04:00,29.200000762939453,29.6200008392334,29.149999618530273,29.56999969482422,93000,27.79752540588379,0.0
EPHE,2021-03-21 20:00:00-04:00,29.31999969482422,29.649999618530273,28.709999084472656,28.959999084472656,129200,27.224088668823242,0.0
EPHE,2021-03-22 20:00:00-04:00,28.889999389648438,28.889999389648438,28.6200008392334,28.68000030517578,75400,26.960874557495117,0.0
EPHE,2021-03-23 20:00:00-04:00,28.969999313354492,29.09000015258789,28.860000610351562,28.920000076293945,103800,27.18648910522461,0.0
EPHE,2021-03-24 20:00:00-04:00,29.239999771118164,29.610000610351562,29.239999771118164,29.549999237060547,133300,27.778724670410156,0.0
EPHE,2021-03-25 20:00:00-04:00,29.579999923706055,29.979999542236328,29.350000381469727,29.920000076293945,145100,28.12654685974121,0.0
EPHE,2021-03-28 20:00:00-04:00,29.920000076293945,30.030000686645508,29.81999969482422,29.860000610351562,34000,28.07014274597168,0.0
EPHE,2021-03-29 20:00:00-04:00,29.5,29.5,29.239999771118164,29.270000457763672,37700,27.51551055908203,0.0
EPHE,2021-03-30 20:00:00-04:00,29.110000610351562,29.31999969482422,29.020000457763672,29.219999313354492,286000,27.468507766723633,0.0
EPHE,2021-03-31 20:00:00-04:00,29.239999771118164,29.440000534057617,29.110000610351562,29.219999313354492,79500,27.468507766723633,0.0
EPHE,2021-04-04 20:00:00-04:00,29.299999237060547,29.360000610351562,29.110000610351562,29.280000686645508,94200,27.52490997314453,0.0
EPHE,2021-04-05 20:00:00-04:00,29.5,29.899999618530273,29.5,29.850000381469727,112500,28.060741424560547,0.0
EPHE,2021-04-06 20:00:00-04:00,29.889999389648438,29.899999618530273,29.68000030517578,29.81999969482422,74500,28.032541275024414,0.0
EPHE,2021-04-07 20:00:00-04:00,29.65999984741211,29.690000534057617,29.540000915527344,29.559999465942383,71800,27.788124084472656,0.0
EPHE,2021-04-08 20:00:00-04:00,29.360000610351562,29.610000610351562,29.360000610351562,29.549999237060547,65600,27.778724670410156,0.0
EPHE,2021-04-11 20:00:00-04:00,29.459999084472656,29.530000686645508,29.31999969482422,29.450000762939453,69900,27.684720993041992,0.0
EPHE,2021-04-12 20:00:00-04:00,29.200000762939453,29.3799991607666,29.09000015258789,29.200000762939453,65300,27.44970703125,0.0
EPHE,2021-04-13 20:00:00-04:00,29.329999923706055,29.56999969482422,29.31999969482422,29.440000534057617,50200,27.67531967163086,0.0
EPHE,2021-04-14 20:00:00-04:00,29.639999389648438,29.790000915527344,29.6200008392334,29.729999542236328,59500,27.947935104370117,0.0
EPHE,2021-04-15 20:00:00-04:00,29.709999084472656,29.780000686645508,29.450000762939453,29.65999984741211,73100,27.88213348388672,0.0
EPHE,2021-04-18 20:00:00-04:00,29.389999389648438,29.530000686645508,29.299999237060547,29.389999389648438,54300,27.62831687927246,0.0
EPHE,2021-04-19 20:00:00-04:00,29.459999084472656,29.649999618530273,29.270000457763672,29.3700008392334,93800,27.609516143798828,0.0
EPHE,2021-04-20 20:00:00-04:00,29.209999084472656,29.469999313354492,29.200000762939453,29.389999389648438,38500,27.62831687927246,0.0
EPHE,2021-04-21 20:00:00-04:00,29.010000228881836,29.09000015258789,28.8700008392334,28.940000534057617,67700,27.205291748046875,0.0
EPHE,2021-04-22 20:00:00-04:00,28.940000534057617,29.100000381469727,28.899999618530273,29.040000915527344,43800,27.299297332763672,0.0
EPHE,2021-04-25 20:00:00-04:00,28.93000030517578,28.940000534057617,28.790000915527344,28.81999969482422,35300,27.09248161315918,0.0
EPHE,2021-04-26 20:00:00-04:00,28.8700008392334,28.8700008392334,28.68000030517578,28.75,33600,27.02667808532715,0.0
EPHE,2021-04-27 20:00:00-04:00,29.010000228881836,29.280000686645508,29.010000228881836,29.190000534057617,73900,27.440305709838867,0.0
EPHE,2021-04-28 20:00:00-04:00,29.3700008392334,29.3700008392334,29.190000534057617,29.350000381469727,52900,27.590715408325195,0.0
EPHE,2021-04-29 20:00:00-04:00,29.079999923706055,29.1200008392334,28.760000228881836,28.90999984741211,110900,27.17708969116211,0.0
EPHE,2021-05-02 20:00:00-04:00,28.950000762939453,29.34000015258789,28.920000076293945,29.209999084472656,100500,27.459102630615234,0.0
EPHE,2021-05-03 20:00:00-04:00,29.209999084472656,29.209999084472656,28.75,28.93000030517578,99700,27.195890426635742,0.0
EPHE,2021-05-04 20:00:00-04:00,28.860000610351562,28.899999618530273,28.639999389648438,28.809999465942383,89300,27.083084106445312,0.0
EPHE,2021-05-05 20:00:00-04:00,28.799999237060547,29.010000228881836,28.799999237060547,28.959999084472656,71300,27.224088668823242,0.0
EPHE,2021-05-06 20:00:00-04:00,28.969999313354492,29.290000915527344,28.969999313354492,29.139999389648438,71900,27.393301010131836,0.0
EPHE,2021-05-09 20:00:00-04:00,29.139999389648438,29.170000076293945,28.90999984741211,29.0,97000,27.261693954467773,0.0
EPHE,2021-05-10 20:00:00-04:00,28.889999389648438,29.200000762939453,28.889999389648438,29.100000381469727,28800,27.355697631835938,0.0
EPHE,2021-05-11 20:00:00-04:00,28.709999084472656,28.850000381469727,28.200000762939453,28.34000015258789,125600,26.641252517700195,0.0
EPHE,2021-05-12 20:00:00-04:00,28.389999389648438,28.559999465942383,28.290000915527344,28.5,56000,26.791664123535156,0.0
EPHE,2021-05-13 20:00:00-04:00,28.559999465942383,28.700000762939453,28.200000762939453,28.639999389648438,80200,26.92327308654785,0.0
EPHE,2021-05-16 20:00:00-04:00,28.649999618530273,28.950000762939453,28.579999923706055,28.93000030517578,63000,27.195890426635742,0.0
EPHE,2021-05-17 20:00:00-04:00,28.90999984741211,29.020000457763672,28.760000228881836,28.8799991607666,62600,27.148887634277344,0.0
EPHE,2021-05-18 20:00:00-04:00,28.6200008392334,28.940000534057617,28.6200008392334,28.889999389648438,48200,27.158287048339844,0.0
EPHE,2021-05-19 20:00:00-04:00,28.850000381469727,28.979999542236328,28.760000228881836,28.940000534057617,34300,27.205291748046875,0.0
EPHE,2021-05-20 20:00:00-04:00,28.799999237060547,28.799999237060547,28.3700008392334,28.440000534057617,76600,26.735261917114258,0.0
EPHE,2021-05-23 20:00:00-04:00,28.399999618530273,28.420000076293945,28.260000228881836,28.329999923706055,68200,26.631853103637695,0.0
EPHE,2021-05-24 20:00:00-04:00,28.40999984741211,28.68000030517578,28.34000015258789,28.43000030517578,71200,26.725860595703125,0.0
EPHE,2021-05-25 20:00:00-04:00,29.079999923706055,29.229999542236328,28.959999084472656,29.219999313354492,77200,27.468507766723633,0.0
EPHE,2021-05-26 20:00:00-04:00,30.219999313354492,30.229999542236328,29.889999389648438,29.920000076293945,337100,28.12654685974121,0.0
EPHE,2021-05-27 20:00:00-04:00,30.639999389648438,30.899999618530273,30.270000457763672,30.790000915527344,280300,28.94439697265625,0.0
EPHE,2021-05-31 20:00:00-04:00,30.850000381469727,30.889999389648438,30.649999618530273,30.770000457763672,77800,28.92559814453125,0.0
EPHE,2021-06-01 20:00:00-04:00,31.209999084472656,31.6299991607666,31.1299991607666,31.56999969482422,68300,29.677642822265625,0.0
EPHE,2021-06-02 20:00:00-04:00,31.329999923706055,31.43000030517578,31.079999923706055,31.420000076293945,136100,29.53663444519043,0.0
EPHE,2021-06-03 20:00:00-04:00,31.600000381469727,31.68000030517578,31.469999313354492,31.59000015258789,40800,29.696447372436523,0.0
EPHE,2021-06-06 20:00:00-04:00,31.360000610351562,31.450000762939453,31.219999313354492,31.34000015258789,48200,29.4614315032959,0.0
EPHE,2021-06-07 20:00:00-04:00,31.559999465942383,31.700000762939453,31.3700008392334,31.479999542236328,64200,29.59303855895996,0.0
EPHE,2021-06-08 20:00:00-04:00,31.979999542236328,32.0,31.84000015258789,31.950000762939453,78900,30.03486442565918,0.0
EPHE,2021-06-09 20:00:00-04:00,31.59000015258789,31.639999389648438,31.450000762939453,31.610000610351562,136200,29.916561126708984,0.215
EPHE,2021-06-10 20:00:00-04:00,31.65999984741211,31.719999313354492,31.5,31.670000076293945,40100,29.973346710205078,0.0
EPHE,2021-06-13 20:00:00-04:00,31.670000076293945,31.790000915527344,31.510000228881836,31.579999923706055,88600,29.88817024230957,0.0
EPHE,2021-06-14 20:00:00-04:00,31.850000381469727,32.0,31.59000015258789,31.770000457763672,65900,30.067991256713867,0.0
EPHE,2021-06-15 20:00:00-04:00,31.829999923706055,31.950000762939453,31.520000457763672,31.610000610351562,65500,29.916561126708984,0.0
EPHE,2021-06-16 20:00:00-04:00,31.280000686645508,31.3799991607666,31.079999923706055,31.219999313354492,51000,29.547456741333008,0.0
EPHE,2021-06-17 20:00:00-04:00,30.920000076293945,31.100000381469727,30.729999542236328,30.81999969482422,74600,29.168882369995117,0.0
EPHE,2021-06-20 20:00:00-04:00,30.709999084472656,30.940000534057617,30.610000610351562,30.84000015258789,152300,29.18781280517578,0.0
EPHE,2021-06-21 20:00:00-04:00,30.899999618530273,31.059999465942383,30.809999465942383,30.889999389648438,40800,29.23513412475586,0.0
EPHE,2021-06-22 20:00:00-04:00,31.09000015258789,31.31999969482422,31.020000457763672,31.280000686645508,69800,29.6042423248291,0.0
EPHE,2021-06-23 20:00:00-04:00,31.15999984741211,31.25,31.100000381469727,31.229999542236328,27700,29.55691909790039,0.0
EPHE,2021-06-24 20:00:00-04:00,31.43000030517578,31.510000228881836,31.31999969482422,31.420000076293945,29500,29.736740112304688,0.0
EPHE,2021-06-27 20:00:00-04:00,31.40999984741211,31.40999984741211,31.190000534057617,31.260000228881836,101400,29.585311889648438,0.0
EPHE,2021-06-28 20:00:00-04:00,31.260000228881836,31.489999771118164,31.239999771118164,31.389999389648438,30900,29.70834732055664,0.0
EPHE,2021-06-29 20:00:00-04:00,31.139999389648438,31.139999389648438,30.8700008392334,30.940000534057617,89500,29.282455444335938,0.0
EPHE,2021-06-30 20:00:00-04:00,31.139999389648438,31.139999389648438,30.8700008392334,31.030000686645508,57400,29.367633819580078,0.0
EPHE,2021-07-01 20:00:00-04:00,31.170000076293945,31.3799991607666,31.079999923706055,31.3799991607666,51400,29.698883056640625,0.0
EPHE,2021-07-05 20:00:00-04:00,31.200000762939453,31.299999237060547,30.700000762939453,30.770000457763672,75700,29.121562957763672,0.0
EPHE,2021-07-06 20:00:00-04:00,30.670000076293945,30.670000076293945,30.3799991607666,30.459999084472656,31600,28.828168869018555,0.0
EPHE,2021-07-07 20:00:00-04:00,30.260000228881836,30.34000015258789,30.079999923706055,30.1200008392334,47400,28.506385803222656,0.0
EPHE,2021-07-08 20:00:00-04:00,29.989999771118164,30.030000686645508,29.809999465942383,29.969999313354492,43900,28.36441993713379,0.0
EPHE,2021-07-11 20:00:00-04:00,30.010000228881836,30.280000686645508,30.0,30.200000762939453,46600,28.58209991455078,0.0
EPHE,2021-07-12 20:00:00-04:00,29.90999984741211,30.1299991607666,29.719999313354492,29.75,105000,28.156208038330078,0.0
EPHE,2021-07-13 20:00:00-04:00,29.90999984741211,30.0,29.809999465942383,29.90999984741211,17000,28.307634353637695,0.0
EPHE,2021-07-14 20:00:00-04:00,29.540000915527344,29.75,29.440000534057617,29.5,96000,27.919599533081055,0.0
EPHE,2021-07-15 20:00:00-04:00,29.219999313354492,29.239999771118164,29.040000915527344,29.079999923706055,30800,27.52210235595703,0.0
EPHE,2021-07-18 20:00:00-04:00,28.5,28.639999389648438,28.1299991607666,28.389999389648438,174000,26.869064331054688,0.0
EPHE,2021-07-19 20:00:00-04:00,28.209999084472656,28.530000686645508,28.110000610351562,28.479999542236328,42300,26.954242706298828,0.0
EPHE,2021-07-20 20:00:00-04:00,28.280000686645508,28.549999237060547,28.260000228881836,28.520000457763672,55400,26.992103576660156,0.0
EPHE,2021-07-21 20:00:00-04:00,28.959999084472656,29.110000610351562,28.639999389648438,28.809999465942383,69600,27.266563415527344,0.0
EPHE,2021-07-22 20:00:00-04:00,28.329999923706055,28.489999771118164,28.049999237060547,28.209999084472656,67200,26.698707580566406,0.0
EPHE,2021-07-25 20:00:00-04:00,27.770000457763672,27.950000762939453,27.59000015258789,27.950000762939453,133400,26.452638626098633,0.0
EPHE,2021-07-26 20:00:00-04:00,28.190000534057617,28.190000534057617,27.920000076293945,27.989999771118164,84600,26.490495681762695,0.0
EPHE,2021-07-27 20:00:00-04:00,28.110000610351562,28.31999969482422,27.899999618530273,28.25,73600,26.7365665435791,0.0
EPHE,2021-07-28 20:00:00-04:00,28.3700008392334,28.690000534057617,28.350000381469727,28.510000228881836,84600,26.98263931274414,0.0
EPHE,2021-07-29 20:00:00-04:00,28.0,28.079999923706055,27.920000076293945,27.969999313354492,79200,26.471569061279297,0.0
EPHE,2021-08-01 20:00:00-04:00,28.209999084472656,28.329999923706055,28.049999237060547,28.110000610351562,82100,26.60406494140625,0.0
EPHE,2021-08-02 20:00:00-04:00,28.6299991607666,28.93000030517578,28.520000457763672,28.899999618530273,77300,27.351741790771484,0.0
EPHE,2021-08-03 20:00:00-04:00,29.079999923706055,29.139999389648438,28.81999969482422,28.899999618530273,12500,27.351741790771484,0.0
EPHE,2021-08-04 20:00:00-04:00,28.489999771118164,28.59000015258789,28.290000915527344,28.5,54600,26.973175048828125,0.0
EPHE,2021-08-05 20:00:00-04:00,28.530000686645508,28.770000457763672,28.350000381469727,28.420000076293945,30100,26.8974609375,0.0
EPHE,2021-08-08 20:00:00-04:00,28.850000381469727,28.8700008392334,28.579999923706055,28.709999084472656,53700,27.171920776367188,0.0
EPHE,2021-08-09 20:00:00-04:00,28.8799991607666,28.90999984741211,28.709999084472656,28.780000686645508,77800,27.23817253112793,0.0
EPHE,2021-08-10 20:00:00-04:00,29.059999465942383,29.229999542236328,28.860000610351562,28.940000534057617,32300,27.389604568481445,0.0
EPHE,2021-08-11 20:00:00-04:00,28.549999237060547,28.549999237060547,28.350000381469727,28.510000228881836,40100,26.98263931274414,0.0
EPHE,2021-08-12 20:00:00-04:00,28.170000076293945,28.280000686645508,28.020000457763672,28.260000228881836,71800,26.74603271484375,0.0
EPHE,2021-08-15 20:00:00-04:00,28.309999465942383,28.399999618530273,28.1299991607666,28.280000686645508,39200,26.76496124267578,0.0
EPHE,2021-08-16 20:00:00-04:00,28.520000457763672,28.75,28.469999313354492,28.719999313354492,15900,27.181386947631836,0.0
EPHE,2021-08-17 20:00:00-04:00,28.969999313354492,29.239999771118164,28.75,28.75,26200,27.209781646728516,0.0
EPHE,2021-08-18 20:00:00-04:00,29.030000686645508,29.309999465942383,28.940000534057617,29.149999618530273,35900,27.588350296020508,0.0
EPHE,2021-08-19 20:00:00-04:00,29.149999618530273,29.40999984741211,29.010000228881836,29.389999389648438,79800,27.815492630004883,0.0
EPHE,2021-08-22 20:00:00-04:00,29.219999313354492,29.360000610351562,29.15999984741211,29.34000015258789,47100,27.768171310424805,0.0
EPHE,2021-08-23 20:00:00-04:00,29.40999984741211,29.549999237060547,29.34000015258789,29.510000228881836,125000,27.929065704345703,0.0
EPHE,2021-08-24 20:00:00-04:00,30.139999389648438,30.209999084472656,29.959999084472656,30.059999465942383,60900,28.449600219726562,0.0
EPHE,2021-08-25 20:00:00-04:00,30.209999084472656,30.239999771118164,30.06999969482422,30.1299991607666,22000,28.515846252441406,0.0
EPHE,2021-08-26 20:00:00-04:00,30.139999389648438,30.350000381469727,30.100000381469727,30.270000457763672,83400,28.648351669311523,0.0
EPHE,2021-08-29 20:00:00-04:00,30.309999465942383,30.420000076293945,30.290000915527344,30.350000381469727,23000,28.724063873291016,0.0
EPHE,2021-08-30 20:00:00-04:00,30.1299991607666,30.270000457763672,30.0,30.059999465942383,157700,28.449600219726562,0.0
EPHE,2021-08-31 20:00:00-04:00,30.139999389648438,30.309999465942383,30.09000015258789,30.18000030517578,92300,28.56317138671875,0.0
EPHE,2021-09-01 20:00:00-04:00,30.3700008392334,30.5,30.3700008392334,30.459999084472656,46100,28.828168869018555,0.0
EPHE,2021-09-02 20:00:00-04:00,30.56999969482422,30.639999389648438,30.399999618530273,30.459999084472656,98700,28.828168869018555,0.0
EPHE,2021-09-06 20:00:00-04:00,30.440000534057617,30.579999923706055,30.260000228881836,30.350000381469727,143800,28.724063873291016,0.0
EPHE,2021-09-07 20:00:00-04:00,30.5,30.6299991607666,30.459999084472656,30.56999969482422,51000,28.93227767944336,0.0
EPHE,2021-09-08 20:00:00-04:00,30.6299991607666,30.8799991607666,30.6299991607666,30.75,36800,29.10263442993164,0.0
EPHE,2021-09-09 20:00:00-04:00,30.8700008392334,30.950000762939453,30.649999618530273,30.75,68100,29.10263442993164,0.0
EPHE,2021-09-12 20:00:00-04:00,30.899999618530273,31.059999465942383,30.889999389648438,31.0,94500,29.339242935180664,0.0
EPHE,2021-09-13 20:00:00-04:00,31.010000228881836,31.010000228881836,30.8700008392334,30.93000030517578,58200,29.27298927307129,0.0
EPHE,2021-09-14 20:00:00-04:00,30.579999923706055,30.59000015258789,30.1299991607666,30.43000030517578,250800,28.799779891967773,0.0
EPHE,2021-09-15 20:00:00-04:00,30.6299991607666,30.860000610351562,30.56999969482422,30.719999313354492,96900,29.074241638183594,0.0
EPHE,2021-09-16 20:00:00-04:00,30.479999542236328,30.600000381469727,30.34000015258789,30.450000762939453,85700,28.818706512451172,0.0
EPHE,2021-09-19 20:00:00-04:00,29.940000534057617,30.270000457763672,29.860000610351562,30.059999465942383,66800,28.449600219726562,0.0
EPHE,2021-09-20 20:00:00-04:00,30.299999237060547,30.31999969482422,30.1299991607666,30.190000534057617,66800,28.572635650634766,0.0
EPHE,2021-09-21 20:00:00-04:00,30.389999389648438,30.600000381469727,30.3799991607666,30.420000076293945,83900,28.790313720703125,0.0
EPHE,2021-09-22 20:00:00-04:00,30.559999465942383,30.6299991607666,30.459999084472656,30.549999237060547,49000,28.913347244262695,0.0
EPHE,2021-09-23 20:00:00-04:00,30.25,30.389999389648438,30.100000381469727,30.1299991607666,57300,28.515846252441406,0.0
EPHE,2021-09-26 20:00:00-04:00,30.06999969482422,30.06999969482422,29.809999465942383,29.84000015258789,80600,28.241384506225586,0.0
EPHE,2021-09-27 20:00:00-04:00,29.6200008392334,29.65999984741211,29.34000015258789,29.43000030517578,125600,27.853349685668945,0.0
EPHE,2021-09-28 20:00:00-04:00,29.649999618530273,29.65999984741211,29.389999389648438,29.459999084472656,80900,27.881742477416992,0.0
EPHE,2021-09-29 20:00:00-04:00,29.950000762939453,30.0,29.700000762939453,29.75,255100,28.156208038330078,0.0
EPHE,2021-09-30 20:00:00-04:00,30.25,30.360000610351562,29.989999771118164,30.209999084472656,133000,28.591562271118164,0.0
EPHE,2021-10-03 20:00:00-04:00,30.209999084472656,30.25,29.8799991607666,29.93000030517578,19700,28.326562881469727,0.0
EPHE,2021-10-04 20:00:00-04:00,30.309999465942383,30.59000015258789,30.299999237060547,30.40999984741211,143700,28.78084945678711,0.0
EPHE,2021-10-05 20:00:00-04:00,30.59000015258789,31.040000915527344,30.540000915527344,30.93000030517578,175700,29.27298927307129,0.0
EPHE,2021-10-06 20:00:00-04:00,30.989999771118164,31.09000015258789,30.90999984741211,30.969999313354492,137400,29.310848236083984,0.0
EPHE,2021-10-07 20:00:00-04:00,31.049999237060547,31.139999389648438,30.90999984741211,31.079999923706055,64200,29.414953231811523,0.0
EPHE,2021-10-10 20:00:00-04:00,31.440000534057617,31.59000015258789,31.399999618530273,31.459999084472656,54600,29.774595260620117,0.0
EPHE,2021-10-11 20:00:00-04:00,31.489999771118164,31.65999984741211,31.420000076293945,31.6299991607666,56000,29.93549156188965,0.0
EPHE,2021-10-12 20:00:00-04:00,31.6299991607666,31.889999389648438,31.6299991607666,31.809999465942383,75600,30.105846405029297,0.0
EPHE,2021-10-13 20:00:00-04:00,31.969999313354492,32.09000015258789,31.889999389648438,32.06999969482422,188300,30.351919174194336,0.0
EPHE,2021-10-14 20:00:00-04:00,32.130001068115234,32.439998626708984,31.979999542236328,32.40999984741211,100800,30.673702239990234,0.0
EPHE,2021-10-17 20:00:00-04:00,32.209999084472656,32.45000076293945,32.15999984741211,32.34000015258789,173000,30.607454299926758,0.0
EPHE,2021-10-18 20:00:00-04:00,32.45000076293945,32.66999816894531,32.41999816894531,32.66999816894531,223600,30.919771194458008,0.0
EPHE,2021-10-19 20:00:00-04:00,32.61000061035156,32.66999816894531,32.45000076293945,32.59000015258789,102400,30.84406089782715,0.0
EPHE,2021-10-20 20:00:00-04:00,32.290000915527344,32.650001525878906,32.2400016784668,32.58000183105469,87800,30.834598541259766,0.0
EPHE,2021-10-21 20:00:00-04:00,32.400001525878906,32.630001068115234,32.400001525878906,32.5099983215332,55400,30.768341064453125,0.0
EPHE,2021-10-24 20:00:00-04:00,32.09000015258789,32.15999984741211,31.989999771118164,32.150001525878906,137700,30.42763328552246,0.0
EPHE,2021-10-25 20:00:00-04:00,32.16999816894531,32.459999084472656,31.93000030517578,32.18000030517578,98900,30.456024169921875,0.0
EPHE,2021-10-26 20:00:00-04:00,32.20000076293945,32.36000061035156,32.11000061035156,32.119998931884766,78400,30.39923858642578,0.0
EPHE,2021-10-27 20:00:00-04:00,31.90999984741211,31.959999084472656,31.719999313354492,31.959999084472656,121100,30.24781036376953,0.0
EPHE,2021-10-28 20:00:00-04:00,31.649999618530273,31.719999313354492,31.420000076293945,31.670000076293945,132600,29.973346710205078,0.0
EPHE,2021-10-31 20:00:00-04:00,31.40999984741211,31.639999389648438,31.399999618530273,31.579999923706055,75200,29.88817024230957,0.0
EPHE,2021-11-01 20:00:00-04:00,31.65999984741211,31.860000610351562,31.65999984741211,31.84000015258789,68700,30.134239196777344,0.0
EPHE,2021-11-02 20:00:00-04:00,32.0,32.220001220703125,31.84000015258789,32.029998779296875,92700,30.314062118530273,0.0
EPHE,2021-11-03 20:00:00-04:00,31.93000030517578,32.06999969482422,31.81999969482422,31.959999084472656,72200,30.24781036376953,0.0
EPHE,2021-11-04 20:00:00-04:00,32.790000915527344,33.130001068115234,32.54999923706055,33.0,287200,31.23209571838379,0.0
EPHE,2021-11-07 19:00:00-05:00,33.27000045776367,33.38999938964844,33.20000076293945,33.22999954223633,78500,31.44977569580078,0.0
EPHE,2021-11-08 19:00:00-05:00,33.52000045776367,33.65999984741211,33.22999954223633,33.310001373291016,121500,31.525487899780273,0.0
EPHE,2021-11-09 19:00:00-05:00,33.22999954223633,33.31999969482422,33.029998779296875,33.08000183105469,167500,31.307809829711914,0.0
EPHE,2021-11-10 19:00:00-05:00,33.08000183105469,33.25,33.02000045776367,33.11000061035156,41100,31.33620262145996,0.0
EPHE,2021-11-11 19:00:00-05:00,33.25,33.54999923706055,33.25,33.439998626708984,102200,31.648521423339844,0.0
EPHE,2021-11-14 19:00:00-05:00,33.099998474121094,33.220001220703125,32.86000061035156,32.90999984741211,203900,31.14691925048828,0.0
EPHE,2021-11-15 19:00:00-05:00,32.84000015258789,33.09000015258789,32.709999084472656,32.75,35000,30.995485305786133,0.0
EPHE,2021-11-16 19:00:00-05:00,32.869998931884766,33.2599983215332,32.66999816894531,32.689998626708984,44200,30.938703536987305,0.0
EPHE,2021-11-17 19:00:00-05:00,32.61000061035156,32.63999938964844,32.439998626708984,32.619998931884766,69000,30.87244987487793,0.0
EPHE,2021-11-18 19:00:00-05:00,32.36000061035156,32.470001220703125,32.220001220703125,32.279998779296875,104600,30.5506649017334,0.0
EPHE,2021-11-21 19:00:00-05:00,32.2599983215332,32.29999923706055,31.899999618530273,31.93000030517578,223000,30.21941566467285,0.0
EPHE,2021-11-22 19:00:00-05:00,32.650001525878906,32.81999969482422,32.529998779296875,32.59000015258789,136600,30.84406089782715,0.0
EPHE,2021-11-23 19:00:00-05:00,32.83000183105469,33.06999969482422,32.81999969482422,32.970001220703125,112000,31.203702926635742,0.0
EPHE,2021-11-25 19:00:00-05:00,32.310001373291016,32.380001068115234,31.81999969482422,32.040000915527344,169600,30.32352638244629,0.0
EPHE,2021-11-28 19:00:00-05:00,31.93000030517578,31.93000030517578,31.610000610351562,31.760000228881836,643900,30.05852699279785,0.0
EPHE,2021-11-29 19:00:00-05:00,31.760000228881836,32.09000015258789,31.6299991607666,31.969999313354492,248900,30.257274627685547,0.0
EPHE,2021-11-30 19:00:00-05:00,31.520000457763672,31.65999984741211,31.1299991607666,31.15999984741211,513900,29.490671157836914,0.0
EPHE,2021-12-01 19:00:00-05:00,31.40999984741211,31.649999618530273,31.270000457763672,31.3799991607666,80000,29.698883056640625,0.0
EPHE,2021-12-02 19:00:00-05:00,31.549999237060547,31.56999969482422,31.239999771118164,31.510000228881836,113200,29.821918487548828,0.0
EPHE,2021-12-05 19:00:00-05:00,31.780000686645508,32.0,31.579999923706055,31.90999984741211,36700,30.200490951538086,0.0
EPHE,2021-12-06 19:00:00-05:00,31.889999389648438,32.220001220703125,31.889999389648438,32.18000030517578,81000,30.456024169921875,0.0
EPHE,2021-12-07 19:00:00-05:00,32.189998626708984,32.349998474121094,32.04999923706055,32.119998931884766,51000,30.39923858642578,0.0
EPHE,2021-12-08 19:00:00-05:00,32.209999084472656,32.4900016784668,32.0,32.439998626708984,90500,30.702096939086914,0.0
EPHE,2021-12-09 19:00:00-05:00,32.380001068115234,32.52000045776367,32.220001220703125,32.470001220703125,116000,30.73048973083496,0.0
EPHE,2021-12-12 19:00:00-05:00,32.18000030517578,32.31999969482422,31.940000534057617,31.989999771118164,70200,30.386629104614258,0.118
EPHE,2021-12-13 19:00:00-05:00,32.20000076293945,32.33000183105469,32.189998626708984,32.33000183105469,55900,30.709592819213867,0.0
EPHE,2021-12-14 19:00:00-05:00,31.809999465942383,31.889999389648438,31.639999389648438,31.809999465942383,122700,30.215654373168945,0.0
EPHE,2021-12-15 19:00:00-05:00,32.369998931884766,32.529998779296875,32.220001220703125,32.36000061035156,103800,30.738088607788086,0.0
EPHE,2021-12-16 19:00:00-05:00,32.400001525878906,32.619998931884766,32.150001525878906,32.56999969482422,165800,30.937562942504883,0.0
EPHE,2021-12-19 19:00:00-05:00,32.25,32.7400016784668,32.09000015258789,32.619998931884766,292000,30.98505401611328,0.0
EPHE,2021-12-20 19:00:00-05:00,32.2599983215332,32.459999084472656,32.11000061035156,32.220001220703125,162600,30.605106353759766,0.0
EPHE,2021-12-21 19:00:00-05:00,31.84000015258789,32.18000030517578,31.739999771118164,32.18000030517578,326500,30.567108154296875,0.0
EPHE,2021-12-22 19:00:00-05:00,32.18000030517578,32.400001525878906,32.060001373291016,32.2400016784668,188800,30.624103546142578,0.0
EPHE,2021-12-26 19:00:00-05:00,32.31999969482422,32.5,32.209999084472656,32.45000076293945,105600,30.823577880859375,0.0
EPHE,2021-12-27 19:00:00-05:00,32.38999938964844,32.5,32.2599983215332,32.29999923706055,63300,30.681095123291016,0.0
EPHE,2021-12-28 19:00:00-05:00,32.209999084472656,32.25,32.11000061035156,32.25,27500,30.63360023498535,0.0
EPHE,2021-12-29 19:00:00-05:00,32.2599983215332,32.439998626708984,32.16999816894531,32.36000061035156,70100,30.738088607788086,0.0
EPHE,2021-12-30 19:00:00-05:00,31.549999237060547,31.739999771118164,31.420000076293945,31.639999389648438,363800,30.05417251586914,0.0
EPHE,2022-01-02 19:00:00-05:00,31.479999542236328,31.479999542236328,31.079999923706055,31.290000915527344,331000,29.721715927124023,0.0
EPHE,2022-01-03 19:00:00-05:00,31.139999389648438,31.350000381469727,31.079999923706055,31.329999923706055,179300,29.75971221923828,0.0
EPHE,2022-01-04 19:00:00-05:00,31.219999313354492,31.510000228881836,31.049999237060547,31.100000381469727,299400,29.54123878479004,0.0
EPHE,2022-01-05 19:00:00-05:00,31.09000015258789,31.280000686645508,31.020000457763672,31.09000015258789,160400,29.531740188598633,0.0
EPHE,2022-01-06 19:00:00-05:00,30.75,30.75,30.549999237060547,30.65999984741211,115200,29.123292922973633,0.0
EPHE,2022-01-09 19:00:00-05:00,31.15999984741211,31.40999984741211,30.969999313354492,31.079999923706055,488400,29.522241592407227,0.0
EPHE,2022-01-10 19:00:00-05:00,31.1200008392334,31.350000381469727,31.040000915527344,31.299999237060547,135200,29.73121452331543,0.0
EPHE,2022-01-11 19:00:00-05:00,31.68000030517578,31.829999923706055,31.579999923706055,31.770000457763672,121400,30.177658081054688,0.0
EPHE,2022-01-12 19:00:00-05:00,32.0099983215332,32.2599983215332,31.950000762939453,32.0099983215332,130300,30.405630111694336,0.0
EPHE,2022-01-13 19:00:00-05:00,31.8700008392334,32.0,31.770000457763672,31.809999465942383,72400,30.215654373168945,0.0
EPHE,2022-01-17 19:00:00-05:00,31.59000015258789,31.729999542236328,31.40999984741211,31.5,588100,29.921188354492188,0.0
EPHE,2022-01-18 19:00:00-05:00,31.34000015258789,31.489999771118164,31.260000228881836,31.309999465942383,184800,29.740711212158203,0.0
EPHE,2022-01-19 19:00:00-05:00,31.34000015258789,31.520000457763672,31.149999618530273,31.18000030517578,148200,29.617229461669922,0.0
EPHE,2022-01-20 19:00:00-05:00,31.579999923706055,31.690000534057617,31.329999923706055,31.3700008392334,200000,29.797706604003906,0.0
EPHE,2022-01-23 19:00:00-05:00,31.18000030517578,31.239999771118164,30.760000228881836,31.1299991607666,97800,29.569734573364258,0.0
EPHE,2022-01-24 19:00:00-05:00,31.399999618530273,31.65999984741211,31.399999618530273,31.610000610351562,156000,30.025678634643555,0.0
EPHE,2022-01-25 19:00:00-05:00,31.489999771118164,31.68000030517578,31.06999969482422,31.239999771118164,140100,29.674222946166992,0.0
EPHE,2022-01-26 19:00:00-05:00,31.59000015258789,31.780000686645508,31.489999771118164,31.59000015258789,93000,30.006681442260742,0.0
EPHE,2022-01-27 19:00:00-05:00,31.610000610351562,31.700000762939453,31.43000030517578,31.690000534057617,106400,30.101669311523438,0.0
EPHE,2022-01-30 19:00:00-05:00,32.0,32.29999923706055,32.0,32.27000045776367,73000,30.652597427368164,0.0
EPHE,2022-01-31 19:00:00-05:00,32.369998931884766,32.41999816894531,32.040000915527344,32.290000915527344,225700,30.671598434448242,0.0
EPHE,2022-02-01 19:00:00-05:00,32.529998779296875,32.720001220703125,32.52000045776367,32.68000030517578,136300,31.042049407958984,0.0
EPHE,2022-02-02 19:00:00-05:00,32.25,32.34000015258789,32.09000015258789,32.22999954223633,114300,30.614604949951172,0.0
EPHE,2022-02-03 19:00:00-05:00,32.209999084472656,32.349998474121094,32.11000061035156,32.119998931884766,106800,30.510114669799805,0.0
EPHE,2022-02-06 19:00:00-05:00,32.040000915527344,32.040000915527344,31.739999771118164,31.940000534057617,188700,30.339139938354492,0.0
EPHE,2022-02-07 19:00:00-05:00,32.060001373291016,32.439998626708984,32.029998779296875,32.369998931884766,101000,30.747583389282227,0.0
EPHE,2022-02-08 19:00:00-05:00,32.630001068115234,32.88999938964844,32.630001068115234,32.880001068115234,171100,31.232023239135742,0.0
EPHE,2022-02-09 19:00:00-05:00,32.369998931884766,32.650001525878906,32.27000045776367,32.400001525878906,126500,30.776084899902344,0.0
EPHE,2022-02-10 19:00:00-05:00,32.06999969482422,32.209999084472656,31.829999923706055,31.959999084472656,330800,30.358135223388672,0.0
EPHE,2022-02-13 19:00:00-05:00,32.0,32.369998931884766,32.0,32.290000915527344,236300,30.671598434448242,0.0
EPHE,2022-02-14 19:00:00-05:00,32.29999923706055,32.529998779296875,32.25,32.459999084472656,288400,30.83307456970215,0.0
EPHE,2022-02-15 19:00:00-05:00,32.779998779296875,33.2599983215332,32.63999938964844,33.029998779296875,171700,31.374507904052734,0.0
EPHE,2022-02-16 19:00:00-05:00,32.86000061035156,32.9900016784668,32.70000076293945,32.709999084472656,135600,31.07054328918457,0.0
EPHE,2022-02-17 19:00:00-05:00,32.619998931884766,32.810001373291016,32.5099983215332,32.65999984741211,188600,31.023048400878906,0.0
EPHE,2022-02-21 19:00:00-05:00,32.9900016784668,33.18000030517578,32.88999938964844,33.040000915527344,236500,31.384004592895508,0.0
EPHE,2022-02-22 19:00:00-05:00,32.810001373291016,32.880001068115234,32.630001068115234,32.650001525878906,255500,31.013553619384766,0.0
EPHE,2022-02-23 19:00:00-05:00,31.899999618530273,32.20000076293945,31.540000915527344,32.15999984741211,446900,30.548110961914062,0.0
EPHE,2022-02-24 19:00:00-05:00,32.0,32.560001373291016,31.989999771118164,32.4900016784668,323100,30.861576080322266,0.0
EPHE,2022-02-27 19:00:00-05:00,32.47999954223633,32.959999084472656,32.470001220703125,32.95000076293945,203400,31.298519134521484,0.0
EPHE,2022-02-28 19:00:00-05:00,32.720001220703125,32.970001220703125,32.43000030517578,32.560001373291016,202000,30.928064346313477,0.0
EPHE,2022-03-01 19:00:00-05:00,32.310001373291016,32.54999923706055,32.20000076293945,32.279998779296875,194700,30.66209602355957,0.0
EPHE,2022-03-02 19:00:00-05:00,32.400001525878906,32.56999969482422,32.33000183105469,32.400001525878906,125300,30.776084899902344,0.0
EPHE,2022-03-03 19:00:00-05:00,32.130001068115234,32.130001068115234,31.809999465942383,32.040000915527344,320900,30.434125900268555,0.0
EPHE,2022-03-06 19:00:00-05:00,31.75,31.809999465942383,31.299999237060547,31.309999465942383,411500,29.740711212158203,0.0
EPHE,2022-03-07 19:00:00-05:00,30.700000762939453,31.149999618530273,30.549999237060547,30.850000381469727,1261700,29.30377197265625,0.0
EPHE,2022-03-08 19:00:00-05:00,31.190000534057617,31.329999923706055,31.030000686645508,31.229999542236328,660500,29.664724349975586,0.0
EPHE,2022-03-09 19:00:00-05:00,30.93000030517578,31.100000381469727,30.200000762939453,30.399999618530273,1423600,28.876323699951172,0.0
EPHE,2022-03-10 19:00:00-05:00,30.459999084472656,30.649999618530273,30.06999969482422,30.110000610351562,424300,28.600860595703125,0.0
EPHE,2022-03-13 20:00:00-04:00,29.420000076293945,29.479999542236328,29.06999969482422,29.170000076293945,312100,27.70797348022461,0.0
EPHE,2022-03-14 20:00:00-04:00,29.770000457763672,30.030000686645508,29.6299991607666,29.850000381469727,456400,28.353893280029297,0.0
EPHE,2022-03-15 20:00:00-04:00,30.25,30.610000610351562,30.09000015258789,30.59000015258789,281900,29.05680274963379,0.0
EPHE,2022-03-16 20:00:00-04:00,30.639999389648438,30.649999618530273,30.440000534057617,30.6299991607666,173400,29.09479522705078,0.0
EPHE,2022-03-17 20:00:00-04:00,30.149999618530273,30.389999389648438,29.889999389648438,30.100000381469727,805500,28.59136199951172,0.0
EPHE,2022-03-20 20:00:00-04:00,30.020000457763672,30.170000076293945,29.739999771118164,29.829999923706055,116700,28.33489227294922,0.0
EPHE,2022-03-21 20:00:00-04:00,30.1200008392334,30.239999771118164,30.040000915527344,30.139999389648438,276300,28.62935447692871,0.0
EPHE,2022-03-22 20:00:00-04:00,29.969999313354492,29.969999313354492,29.780000686645508,29.780000686645508,288200,28.287399291992188,0.0
EPHE,2022-03-23 20:00:00-04:00,30.389999389648438,30.530000686645508,30.270000457763672,30.489999771118164,322200,28.96181297302246,0.0
EPHE,2022-03-24 20:00:00-04:00,30.649999618530273,30.780000686645508,30.5,30.65999984741211,79400,29.123292922973633,0.0
EPHE,2022-03-27 20:00:00-04:00,30.729999542236328,30.90999984741211,30.6200008392334,30.809999465942383,59500,29.26577377319336,0.0
EPHE,2022-03-28 20:00:00-04:00,30.950000762939453,30.950000762939453,30.719999313354492,30.8799991607666,123600,29.332265853881836,0.0
EPHE,2022-03-29 20:00:00-04:00,30.940000534057617,31.110000610351562,30.8799991607666,30.940000534057617,123700,29.389259338378906,0.0
EPHE,2022-03-30 20:00:00-04:00,31.18000030517578,31.299999237060547,31.079999923706055,31.100000381469727,81800,29.54123878479004,0.0
EPHE,2022-03-31 20:00:00-04:00,31.309999465942383,31.309999465942383,31.030000686645508,31.15999984741211,87000,29.59823226928711,0.0
EPHE,2022-04-03 20:00:00-04:00,31.43000030517578,31.6200008392334,31.43000030517578,31.520000457763672,56200,29.940187454223633,0.0
EPHE,2022-04-04 20:00:00-04:00,31.440000534057617,31.440000534057617,31.1299991607666,31.18000030517578,114700,29.617229461669922,0.0
EPHE,2022-04-05 20:00:00-04:00,31.170000076293945,31.190000534057617,30.93000030517578,31.079999923706055,41600,29.522241592407227,0.0
EPHE,2022-04-06 20:00:00-04:00,30.479999542236328,30.6200008392334,30.299999237060547,30.450000762939453,98800,28.923818588256836,0.0
EPHE,2022-04-07 20:00:00-04:00,30.600000381469727,30.670000076293945,30.489999771118164,30.530000686645508,80500,28.99981117248535,0.0
EPHE,2022-04-10 20:00:00-04:00,30.43000030517578,30.43000030517578,30.190000534057617,30.209999084472656,73600,28.695846557617188,0.0
EPHE,2022-04-11 20:00:00-04:00,30.170000076293945,30.190000534057617,29.760000228881836,29.829999923706055,87100,28.33489227294922,0.0
EPHE,2022-04-12 20:00:00-04:00,30.049999237060547,30.18000030517578,29.920000076293945,30.170000076293945,42400,28.657852172851562,0.0
EPHE,2022-04-13 20:00:00-04:00,30.049999237060547,30.049999237060547,29.809999465942383,29.829999923706055,86500,28.33489227294922,0.0
EPHE,2022-04-17 20:00:00-04:00,29.979999542236328,30.209999084472656,29.969999313354492,30.1299991607666,26200,28.619853973388672,0.0
EPHE,2022-04-18 20:00:00-04:00,30.100000381469727,30.139999389648438,29.950000762939453,30.010000228881836,152500,28.505870819091797,0.0
EPHE,2022-04-19 20:00:00-04:00,30.639999389648438,30.65999984741211,30.40999984741211,30.540000915527344,49400,29.009309768676758,0.0
EPHE,2022-04-20 20:00:00-04:00,30.3799991607666,30.399999618530273,30.06999969482422,30.100000381469727,47500,28.59136199951172,0.0
EPHE,2022-04-21 20:00:00-04:00,29.920000076293945,30.0,29.790000915527344,29.809999465942383,78400,28.315893173217773,0.0
EPHE,2022-04-24 20:00:00-04:00,29.860000610351562,30.049999237060547,29.809999465942383,29.989999771118164,104900,28.48687171936035,0.0
EPHE,2022-04-25 20:00:00-04:00,29.940000534057617,30.030000686645508,29.559999465942383,29.579999923706055,120000,28.097423553466797,0.0
EPHE,2022-04-26 20:00:00-04:00,29.40999984741211,29.549999237060547,29.350000381469727,29.40999984741211,149800,27.935945510864258,0.0
EPHE,2022-04-27 20:00:00-04:00,29.690000534057617,29.690000534057617,29.40999984741211,29.479999542236328,33700,28.0024356842041,0.0
EPHE,2022-04-28 20:00:00-04:00,29.0,29.030000686645508,28.739999771118164,28.829999923706055,164500,27.385013580322266,0.0
EPHE,2022-05-01 20:00:00-04:00,28.68000030517578,28.889999389648438,28.6299991607666,28.889999389648438,125300,27.442007064819336,0.0
EPHE,2022-05-02 20:00:00-04:00,28.979999542236328,28.979999542236328,28.739999771118164,28.770000457763672,48200,27.328022003173828,0.0
EPHE,2022-05-03 20:00:00-04:00,28.920000076293945,29.139999389648438,28.649999618530273,29.110000610351562,194600,27.650981903076172,0.0
EPHE,2022-05-04 20:00:00-04:00,29.270000457763672,29.290000915527344,28.790000915527344,28.899999618530273,251000,27.45150375366211,0.0
EPHE,2022-05-05 20:00:00-04:00,28.889999389648438,28.979999542236328,28.75,28.920000076293945,220000,27.470502853393555,0.0
EPHE,2022-05-08 20:00:00-04:00,28.639999389648438,28.690000534057617,28.34000015258789,28.43000030517578,104800,27.00506019592285,0.0
EPHE,2022-05-09 20:00:00-04:00,28.68000030517578,28.90999984741211,28.389999389648438,28.600000381469727,156200,27.166542053222656,0.0
EPHE,2022-05-10 20:00:00-04:00,28.56999969482422,28.719999313354492,28.0,28.329999923706055,207400,26.91007423400879,0.0
EPHE,2022-05-11 20:00:00-04:00,28.030000686645508,28.309999465942383,27.940000534057617,28.139999389648438,212200,26.729595184326172,0.0
EPHE,2022-05-12 20:00:00-04:00,27.739999771118164,27.90999984741211,27.559999465942383,27.8799991607666,357600,26.482627868652344,0.0
EPHE,2022-05-15 20:00:00-04:00,28.010000228881836,28.31999969482422,27.959999084472656,27.969999313354492,162900,26.568117141723633,0.0
EPHE,2022-05-16 20:00:00-04:00,28.299999237060547,28.489999771118164,28.299999237060547,28.459999084472656,174000,27.033557891845703,0.0
EPHE,2022-05-17 20:00:00-04:00,28.739999771118164,28.920000076293945,28.420000076293945,28.520000457763672,162300,27.090553283691406,0.0
EPHE,2022-05-18 20:00:00-04:00,28.610000610351562,28.969999313354492,28.610000610351562,28.8700008392334,88900,27.423009872436523,0.0
EPHE,2022-05-19 20:00:00-04:00,29.049999237060547,29.229999542236328,28.81999969482422,29.040000915527344,88700,27.584489822387695,0.0
EPHE,2022-05-22 20:00:00-04:00,28.959999084472656,29.100000381469727,28.899999618530273,28.959999084472656,75400,27.50849723815918,0.0
EPHE,2022-05-23 20:00:00-04:00,28.56999969482422,28.770000457763672,28.520000457763672,28.639999389648438,145500,27.20453453063965,0.0
EPHE,2022-05-24 20:00:00-04:00,28.530000686645508,28.709999084472656,28.399999618530273,28.649999618530273,184300,27.214033126831055,0.0
EPHE,2022-05-25 20:00:00-04:00,28.6299991607666,29.280000686645508,28.6299991607666,29.190000534057617,91100,27.726970672607422,0.0
EPHE,2022-05-26 20:00:00-04:00,29.360000610351562,29.579999923706055,29.360000610351562,29.530000686645508,171400,28.049930572509766,0.0
EPHE,2022-05-30 20:00:00-04:00,29.469999313354492,29.59000015258789,29.290000915527344,29.3700008392334,268500,27.897951126098633,0.0
EPHE,2022-05-31 20:00:00-04:00,29.270000457763672,29.280000686645508,28.799999237060547,28.829999923706055,200900,27.385013580322266,0.0
EPHE,2022-06-01 20:00:00-04:00,28.75,28.809999465942383,28.56999969482422,28.790000915527344,184700,27.347021102905273,0.0
EPHE,2022-06-02 20:00:00-04:00,28.639999389648438,28.790000915527344,28.31999969482422,28.350000381469727,191300,26.929073333740234,0.0
EPHE,2022-06-05 20:00:00-04:00,28.75,28.850000381469727,28.329999923706055,28.389999389648438,305800,26.967065811157227,0.0
EPHE,2022-06-06 20:00:00-04:00,28.579999923706055,28.75,28.559999465942383,28.709999084472656,236100,27.271026611328125,0.0
EPHE,2022-06-07 20:00:00-04:00,28.829999923706055,28.8700008392334,28.610000610351562,28.739999771118164,162600,27.299524307250977,0.0
EPHE,2022-06-08 20:00:00-04:00,28.280000686645508,28.479999542236328,27.90999984741211,27.93000030517578,134500,26.837345123291016,0.329
EPHE,2022-06-09 20:00:00-04:00,27.56999969482422,27.600000381469727,27.15999984741211,27.260000228881836,161100,26.193553924560547,0.0
EPHE,2022-06-12 20:00:00-04:00,26.8799991607666,27.059999465942383,26.770000457763672,26.940000534057617,152400,25.886072158813477,0.0
EPHE,2022-06-13 20:00:00-04:00,26.889999389648438,27.0,26.719999313354492,26.8799991607666,68600,25.828420639038086,0.0
EPHE,2022-06-14 20:00:00-04:00,26.489999771118164,26.670000076293945,26.31999969482422,26.579999923706055,59500,25.540157318115234,0.0
EPHE,2022-06-15 20:00:00-04:00,26.360000610351562,26.510000228881836,26.329999923706055,26.399999618530273,104500,25.36720085144043,0.0
EPHE,2022-06-16 20:00:00-04:00,26.15999984741211,26.360000610351562,26.059999465942383,26.25,110100,25.223066329956055,0.0
EPHE,2022-06-20 20:00:00-04:00,25.979999542236328,26.0,25.850000381469727,25.959999084472656,155100,24.944412231445312,0.0
EPHE,2022-06-21 20:00:00-04:00,25.6299991607666,25.790000915527344,25.530000686645508,25.670000076293945,186000,24.66575813293457,0.0
EPHE,2022-06-22 20:00:00-04:00,25.110000610351562,25.139999389648438,24.920000076293945,25.110000610351562,273700,24.127666473388672,0.0
EPHE,2022-06-23 20:00:00-04:00,25.309999465942383,25.59000015258789,25.309999465942383,25.479999542236328,96800,24.483190536499023,0.0
EPHE,2022-06-26 20:00:00-04:00,25.6299991607666,25.6299991607666,25.389999389648438,25.450000762939453,146800,24.454362869262695,0.0
EPHE,2022-06-27 20:00:00-04:00,26.049999237060547,26.049999237060547,25.68000030517578,25.799999237060547,265100,24.79067039489746,0.0
EPHE,2022-06-28 20:00:00-04:00,25.799999237060547,25.889999389648438,25.770000457763672,25.809999465942383,112000,24.80027961730957,0.0
EPHE,2022-06-29 20:00:00-04:00,25.280000686645508,25.440000534057617,25.170000076293945,25.3799991607666,189200,24.387102127075195,0.0
EPHE,2022-06-30 20:00:00-04:00,25.40999984741211,25.579999923706055,25.239999771118164,25.520000457763672,261200,24.521625518798828,0.0
EPHE,2022-07-04 20:00:00-04:00,25.459999084472656,25.579999923706055,25.399999618530273,25.579999923706055,56500,24.57927894592285,0.0
EPHE,2022-07-05 20:00:00-04:00,25.81999969482422,26.049999237060547,25.81999969482422,26.0,50700,24.982847213745117,0.0
EPHE,2022-07-06 20:00:00-04:00,25.790000915527344,25.799999237060547,25.670000076293945,25.68000030517578,36800,24.675365447998047,0.0
EPHE,2022-07-07 20:00:00-04:00,25.610000610351562,25.739999771118164,25.540000915527344,25.649999618530273,39300,24.646541595458984,0.0
EPHE,2022-07-10 20:00:00-04:00,25.549999237060547,25.579999923706055,25.450000762939453,25.5,35200,24.502408981323242,0.0
EPHE,2022-07-11 20:00:00-04:00,25.489999771118164,25.5,25.329999923706055,25.420000076293945,63300,24.425537109375,0.0
EPHE,2022-07-12 20:00:00-04:00,25.0,25.079999923706055,24.790000915527344,24.90999984741211,61300,23.935489654541016,0.0
EPHE,2022-07-13 20:00:00-04:00,24.8700008392334,24.8700008392334,24.520000457763672,24.639999389648438,186400,23.676054000854492,0.0
EPHE,2022-07-14 20:00:00-04:00,24.6299991607666,24.809999465942383,24.56999969482422,24.780000686645508,19000,23.810575485229492,0.0
EPHE,2022-07-17 20:00:00-04:00,24.93000030517578,24.989999771118164,24.799999237060547,24.799999237060547,39200,23.829792022705078,0.0
EPHE,2022-07-18 20:00:00-04:00,25.170000076293945,25.25,25.1299991607666,25.219999313354492,45100,24.233362197875977,0.0
EPHE,2022-07-19 20:00:00-04:00,25.15999984741211,25.15999984741211,24.920000076293945,24.979999542236328,71700,24.002748489379883,0.0
EPHE,2022-07-20 20:00:00-04:00,25.229999542236328,25.239999771118164,24.850000381469727,25.110000610351562,46400,24.127666473388672,0.0
EPHE,2022-07-21 20:00:00-04:00,25.139999389648438,25.190000534057617,25.010000228881836,25.079999923706055,26300,24.09883689880371,0.0
EPHE,2022-07-24 20:00:00-04:00,25.030000686645508,25.100000381469727,24.969999313354492,25.030000686645508,27000,24.05079460144043,0.0
EPHE,2022-07-25 20:00:00-04:00,25.15999984741211,25.34000015258789,25.049999237060547,25.110000610351562,35900,24.127666473388672,0.0
EPHE,2022-07-26 20:00:00-04:00,25.260000228881836,25.459999084472656,25.15999984741211,25.459999084472656,83700,24.463972091674805,0.0
EPHE,2022-07-27 20:00:00-04:00,25.65999984741211,25.690000534057617,25.450000762939453,25.6299991607666,51700,24.627321243286133,0.0
EPHE,2022-07-28 20:00:00-04:00,25.540000915527344,25.979999542236328,25.489999771118164,25.940000534057617,101700,24.925195693969727,0.0
EPHE,2022-07-31 20:00:00-04:00,26.389999389648438,26.389999389648438,25.440000534057617,25.639999389648438,92700,24.636930465698242,0.0
EPHE,2022-08-01 20:00:00-04:00,25.719999313354492,25.959999084472656,25.649999618530273,25.860000610351562,121100,24.848325729370117,0.0
EPHE,2022-08-02 20:00:00-04:00,25.950000762939453,26.059999465942383,25.81999969482422,26.030000686645508,39600,25.011674880981445,0.0
EPHE,2022-08-03 20:00:00-04:00,26.329999923706055,26.489999771118164,26.329999923706055,26.399999618530273,24000,25.36720085144043,0.0
EPHE,2022-08-04 20:00:00-04:00,26.139999389648438,26.329999923706055,26.0,26.229999542236328,57000,25.20384979248047,0.0
EPHE,2022-08-07 20:00:00-04:00,26.25,26.469999313354492,26.25,26.260000228881836,87000,25.23267364501953,0.0
EPHE,2022-08-08 20:00:00-04:00,26.280000686645508,26.309999465942383,26.18000030517578,26.200000762939453,49000,25.17502212524414,0.0
EPHE,2022-08-09 20:00:00-04:00,26.559999465942383,26.6299991607666,26.459999084472656,26.59000015258789,49900,25.549766540527344,0.0
EPHE,2022-08-10 20:00:00-04:00,27.34000015258789,27.459999084472656,27.170000076293945,27.260000228881836,122400,26.193553924560547,0.0
EPHE,2022-08-11 20:00:00-04:00,27.31999969482422,27.420000076293945,27.290000915527344,27.40999984741211,73800,26.337688446044922,0.0
EPHE,2022-08-14 20:00:00-04:00,27.350000381469727,27.440000534057617,27.309999465942383,27.329999923706055,31300,26.26081657409668,0.0
EPHE,2022-08-15 20:00:00-04:00,27.75,27.8799991607666,27.690000534057617,27.84000015258789,42800,26.750864028930664,0.0
EPHE,2022-08-16 20:00:00-04:00,27.729999542236328,27.75,27.34000015258789,27.600000381469727,100300,26.520254135131836,0.0
EPHE,2022-08-17 20:00:00-04:00,27.639999389648438,27.690000534057617,27.3700008392334,27.59000015258789,22900,26.510643005371094,0.0
EPHE,2022-08-18 20:00:00-04:00,27.68000030517578,27.75,27.579999923706055,27.690000534057617,62200,26.606731414794922,0.0
EPHE,2022-08-21 20:00:00-04:00,27.209999084472656,27.209999084472656,26.899999618530273,27.09000015258789,56100,26.03020477294922,0.0
EPHE,2022-08-22 20:00:00-04:00,26.809999465942383,26.959999084472656,26.760000228881836,26.8799991607666,59900,25.828420639038086,0.0
EPHE,2022-08-23 20:00:00-04:00,26.90999984741211,27.079999923706055,26.889999389648438,27.040000915527344,27800,25.98216438293457,0.0
EPHE,2022-08-24 20:00:00-04:00,27.059999465942383,27.229999542236328,27.059999465942383,27.190000534057617,28400,26.126293182373047,0.0
EPHE,2022-08-25 20:00:00-04:00,27.31999969482422,27.40999984741211,26.889999389648438,26.959999084472656,205200,25.905290603637695,0.0
EPHE,2022-08-28 20:00:00-04:00,26.790000915527344,26.790000915527344,26.670000076293945,26.719999313354492,59200,25.674678802490234,0.0
EPHE,2022-08-29 20:00:00-04:00,26.760000228881836,26.770000457763672,26.6299991607666,26.690000534057617,29100,25.64585304260254,0.0
EPHE,2022-08-30 20:00:00-04:00,26.520000457763672,26.520000457763672,26.139999389648438,26.190000534057617,88200,25.165414810180664,0.0
EPHE,2022-08-31 20:00:00-04:00,26.149999618530273,26.149999618530273,25.850000381469727,26.0,49200,24.982847213745117,0.0
EPHE,2022-09-01 20:00:00-04:00,26.360000610351562,26.479999542236328,26.219999313354492,26.270000457763672,14500,25.242284774780273,0.0
EPHE,2022-09-05 20:00:00-04:00,26.260000228881836,26.309999465942383,26.1200008392334,26.190000534057617,53600,25.165414810180664,0.0
EPHE,2022-09-06 20:00:00-04:00,25.709999084472656,25.8799991607666,25.6299991607666,25.850000381469727,113900,24.838714599609375,0.0
EPHE,2022-09-07 20:00:00-04:00,25.81999969482422,25.84000015258789,25.670000076293945,25.809999465942383,39200,24.80027961730957,0.0
EPHE,2022-09-08 20:00:00-04:00,25.940000534057617,26.15999984741211,25.940000534057617,26.1299991607666,92100,25.107763290405273,0.0
EPHE,2022-09-11 20:00:00-04:00,26.520000457763672,26.690000534057617,26.510000228881836,26.6299991607666,48600,25.588197708129883,0.0
EPHE,2022-09-12 20:00:00-04:00,26.280000686645508,26.280000686645508,25.8799991607666,25.950000762939453,70900,24.934803009033203,0.0
EPHE,2022-09-13 20:00:00-04:00,25.829999923706055,25.8799991607666,25.780000686645508,25.81999969482422,43100,24.809890747070312,0.0
EPHE,2022-09-14 20:00:00-04:00,25.790000915527344,25.829999923706055,25.6299991607666,25.65999984741211,29200,24.65614891052246,0.0
EPHE,2022-09-15 20:00:00-04:00,25.6299991607666,25.700000762939453,25.540000915527344,25.65999984741211,102000,24.65614891052246,0.0
EPHE,2022-09-18 20:00:00-04:00,25.3799991607666,25.3799991607666,25.209999084472656,25.290000915527344,13500,24.30062484741211,0.0
EPHE,2022-09-19 20:00:00-04:00,25.25,25.25,25.040000915527344,25.079999923706055,44200,24.09883689880371,0.0
EPHE,2022-09-20 20:00:00-04:00,24.65999984741211,24.700000762939453,24.399999618530273,24.479999542236328,61100,23.522310256958008,0.0
EPHE,2022-09-21 20:00:00-04:00,24.200000762939453,24.270000457763672,24.059999465942383,24.100000381469727,24300,23.15717887878418,0.0
EPHE,2022-09-22 20:00:00-04:00,23.969999313354492,23.969999313354492,23.719999313354492,23.799999237060547,66000,22.868913650512695,0.0
EPHE,2022-09-25 20:00:00-04:00,23.670000076293945,23.75,23.549999237060547,23.639999389648438,122900,22.715173721313477,0.0
EPHE,2022-09-26 20:00:00-04:00,22.8799991607666,23.010000228881836,22.84000015258789,22.950000762939453,146400,22.052167892456055,0.0
EPHE,2022-09-27 20:00:00-04:00,22.68000030517578,22.889999389648438,22.549999237060547,22.860000610351562,60400,21.965688705444336,0.0
EPHE,2022-09-28 20:00:00-04:00,22.780000686645508,22.940000534057617,22.709999084472656,22.84000015258789,40200,21.94647216796875,0.0
EPHE,2022-09-29 20:00:00-04:00,22.139999389648438,22.270000457763672,22.06999969482422,22.079999923706055,48500,21.216201782226562,0.0
EPHE,2022-10-02 20:00:00-04:00,22.149999618530273,22.3700008392334,22.149999618530273,22.280000686645508,35600,21.40837860107422,0.0
EPHE,2022-10-03 20:00:00-04:00,22.959999084472656,23.270000457763672,22.959999084472656,23.260000228881836,48300,22.350040435791016,0.0
EPHE,2022-10-04 20:00:00-04:00,22.93000030517578,23.09000015258789,22.829999923706055,23.030000686645508,64300,22.12903594970703,0.0
EPHE,2022-10-05 20:00:00-04:00,22.799999237060547,22.959999084472656,22.770000457763672,22.799999237060547,41000,21.90803337097168,0.0
EPHE,2022-10-06 20:00:00-04:00,22.809999465942383,22.8799991607666,22.389999389648438,22.459999084472656,75100,21.581335067749023,0.0
EPHE,2022-10-09 20:00:00-04:00,22.420000076293945,22.420000076293945,22.280000686645508,22.309999465942383,15600,21.437204360961914,0.0
EPHE,2022-10-10 20:00:00-04:00,22.299999237060547,22.440000534057617,22.190000534057617,22.299999237060547,23200,21.427597045898438,0.0
EPHE,2022-10-11 20:00:00-04:00,22.229999542236328,22.389999389648438,22.219999313354492,22.31999969482422,127800,21.446813583374023,0.0
EPHE,2022-10-12 20:00:00-04:00,22.18000030517578,22.770000457763672,22.18000030517578,22.690000534057617,22600,21.802337646484375,0.0
EPHE,2022-10-13 20:00:00-04:00,22.719999313354492,22.719999313354492,22.309999465942383,22.360000610351562,24000,21.48525047302246,0.0
EPHE,2022-10-16 20:00:00-04:00,22.889999389648438,23.1299991607666,22.889999389648438,23.06999969482422,43700,22.167470932006836,0.0
EPHE,2022-10-17 20:00:00-04:00,23.459999084472656,23.59000015258789,23.34000015258789,23.40999984741211,69800,22.494171142578125,0.0
EPHE,2022-10-18 20:00:00-04:00,23.3700008392334,23.479999542236328,23.290000915527344,23.3799991607666,11000,22.465343475341797,0.0
EPHE,2022-10-19 20:00:00-04:00,23.309999465942383,23.489999771118164,23.209999084472656,23.209999084472656,13400,22.3019962310791,0.0
EPHE,2022-10-20 20:00:00-04:00,23.1299991607666,23.389999389648438,23.0,23.329999923706055,22300,22.417301177978516,0.0
EPHE,2022-10-23 20:00:00-04:00,23.219999313354492,23.299999237060547,23.020000457763672,23.190000534057617,14600,22.282779693603516,0.0
EPHE,2022-10-24 20:00:00-04:00,23.34000015258789,23.549999237060547,23.309999465942383,23.540000915527344,24300,22.61908531188965,0.0
EPHE,2022-10-25 20:00:00-04:00,23.59000015258789,23.959999084472656,23.579999923706055,23.8799991607666,34600,22.945781707763672,0.0
EPHE,2022-10-26 20:00:00-04:00,24.030000686645508,24.229999542236328,23.8700008392334,24.030000686645508,53700,23.089916229248047,0.0
EPHE,2022-10-27 20:00:00-04:00,24.0,24.059999465942383,23.889999389648438,24.059999465942383,65400,23.118743896484375,0.0
EPHE,2022-10-30 20:00:00-04:00,23.8700008392334,24.020000457763672,23.81999969482422,23.950000762939453,9600,23.013046264648438,0.0
EPHE,2022-10-31 20:00:00-04:00,24.3799991607666,24.3799991607666,24.040000915527344,24.18000030517578,38500,23.23404884338379,0.0
EPHE,2022-11-01 20:00:00-04:00,24.0,24.020000457763672,23.600000381469727,23.600000381469727,74700,22.676738739013672,0.0
EPHE,2022-11-02 20:00:00-04:00,23.56999969482422,23.600000381469727,23.3700008392334,23.579999923706055,122700,22.657522201538086,0.0
EPHE,2022-11-03 20:00:00-04:00,23.860000610351562,23.920000076293945,23.719999313354492,23.850000381469727,87700,22.91695785522461,0.0
EPHE,2022-11-06 19:00:00-05:00,24.229999542236328,24.5,24.18000030517578,24.309999465942383,71200,23.35896110534668,0.0
EPHE,2022-11-07 19:00:00-05:00,24.350000381469727,24.639999389648438,24.350000381469727,24.530000686645508,49900,23.570356369018555,0.0
EPHE,2022-11-08 19:00:00-05:00,24.270000457763672,24.270000457763672,24.020000457763672,24.040000915527344,32400,23.099525451660156,0.0
EPHE,2022-11-09 19:00:00-05:00,24.68000030517578,25.059999465942383,24.65999984741211,25.030000686645508,72400,24.05079460144043,0.0
EPHE,2022-11-10 19:00:00-05:00,24.989999771118164,25.1299991607666,24.719999313354492,25.09000015258789,123700,24.108448028564453,0.0
EPHE,2022-11-13 19:00:00-05:00,25.110000610351562,25.149999618530273,24.899999618530273,24.979999542236328,66900,24.002748489379883,0.0
EPHE,2022-11-14 19:00:00-05:00,25.299999237060547,25.3700008392334,25.059999465942383,25.170000076293945,47400,24.185319900512695,0.0
EPHE,2022-11-15 19:00:00-05:00,25.100000381469727,25.1299991607666,24.889999389648438,25.010000228881836,102800,24.031578063964844,0.0
EPHE,2022-11-16 19:00:00-05:00,24.90999984741211,25.15999984741211,24.799999237060547,25.15999984741211,12000,24.175708770751953,0.0
EPHE,2022-11-17 19:00:00-05:00,25.350000381469727,25.459999084472656,25.209999084472656,25.40999984741211,91700,24.41592788696289,0.0
EPHE,2022-11-20 19:00:00-05:00,25.280000686645508,25.350000381469727,25.190000534057617,25.31999969482422,53300,24.329448699951172,0.0
EPHE,2022-11-21 19:00:00-05:00,25.399999618530273,25.610000610351562,25.389999389648438,25.56999969482422,47300,24.569669723510742,0.0
EPHE,2022-11-22 19:00:00-05:00,25.59000015258789,26.049999237060547,25.59000015258789,25.989999771118164,150500,24.973237991333008,0.0
EPHE,2022-11-24 19:00:00-05:00,26.110000610351562,26.219999313354492,26.06999969482422,26.079999923706055,40600,25.05971908569336,0.0
EPHE,2022-11-27 19:00:00-05:00,26.3799991607666,26.649999618530273,26.3700008392334,26.440000534057617,51600,25.405635833740234,0.0
EPHE,2022-11-28 19:00:00-05:00,26.690000534057617,26.8700008392334,26.639999389648438,26.770000457763672,87700,25.72272491455078,0.0
EPHE,2022-11-29 19:00:00-05:00,26.93000030517578,27.079999923706055,26.610000610351562,26.770000457763672,92400,25.72272491455078,0.0
EPHE,2022-11-30 19:00:00-05:00,26.829999923706055,27.049999237060547,26.600000381469727,26.600000381469727,152400,25.559375762939453,0.0
EPHE,2022-12-01 19:00:00-05:00,25.899999618530273,26.3799991607666,25.8700008392334,26.239999771118164,72500,25.213457107543945,0.0
EPHE,2022-12-04 19:00:00-05:00,25.8799991607666,25.90999984741211,25.6200008392334,25.649999618530273,35300,24.646541595458984,0.0
EPHE,2022-12-05 19:00:00-05:00,26.290000915527344,26.729999542236328,26.290000915527344,26.440000534057617,45600,25.405635833740234,0.0
EPHE,2022-12-06 19:00:00-05:00,26.209999084472656,26.540000915527344,25.90999984741211,26.43000030517578,58400,25.396024703979492,0.0
EPHE,2022-12-07 19:00:00-05:00,26.559999465942383,26.84000015258789,26.540000915527344,26.739999771118164,25000,25.69389533996582,0.0
EPHE,2022-12-08 19:00:00-05:00,26.40999984741211,26.549999237060547,26.290000915527344,26.3700008392334,52300,25.3383731842041,0.0
EPHE,2022-12-11 19:00:00-05:00,26.389999389648438,26.530000686645508,26.3799991607666,26.479999542236328,50300,25.444068908691406,0.0
EPHE,2022-12-12 19:00:00-05:00,26.65999984741211,27.079999923706055,26.459999084472656,26.579999923706055,78000,25.66031837463379,0.124
EPHE,2022-12-13 19:00:00-05:00,26.459999084472656,26.5,26.25,26.389999389648438,25000,25.476892471313477,0.0
EPHE,2022-12-14 19:00:00-05:00,26.100000381469727,26.549999237060547,25.809999465942383,25.93000030517578,49600,25.032808303833008,0.0
EPHE,2022-12-15 19:00:00-05:00,25.809999465942383,25.93000030517578,25.6200008392334,25.719999313354492,146800,24.830074310302734,0.0
EPHE,2022-12-18 19:00:00-05:00,25.739999771118164,25.940000534057617,25.520000457763672,25.549999237060547,139500,24.665956497192383,0.0
EPHE,2022-12-19 19:00:00-05:00,25.889999389648438,26.200000762939453,25.700000762939453,26.059999465942383,29800,25.158309936523438,0.0
EPHE,2022-12-20 19:00:00-05:00,26.25,26.479999542236328,26.25,26.40999984741211,18300,25.496200561523438,0.0
EPHE,2022-12-21 19:00:00-05:00,26.290000915527344,26.290000915527344,25.93000030517578,26.079999923706055,90600,25.17761993408203,0.0
EPHE,2022-12-22 19:00:00-05:00,26.209999084472656,26.5,26.170000076293945,26.290000915527344,20100,25.380353927612305,0.0
EPHE,2022-12-26 19:00:00-05:00,26.1200008392334,26.31999969482422,26.040000915527344,26.15999984741211,30700,25.254850387573242,0.0
EPHE,2022-12-27 19:00:00-05:00,26.15999984741211,26.209999084472656,25.780000686645508,25.780000686645508,22800,24.887998580932617,0.0
EPHE,2022-12-28 19:00:00-05:00,26.31999969482422,26.610000610351562,26.31999969482422,26.510000228881836,43100,25.59273910522461,0.0
EPHE,2022-12-29 19:00:00-05:00,26.450000762939453,26.479999542236328,26.049999237060547,26.190000534057617,28700,25.2838134765625,0.0
EPHE,2023-01-02 19:00:00-05:00,26.43000030517578,26.75,26.43000030517578,26.540000915527344,62600,25.6217041015625,0.0
EPHE,2023-01-03 19:00:00-05:00,27.079999923706055,27.399999618530273,27.0,27.3700008392334,49000,26.422985076904297,0.0
EPHE,2023-01-04 19:00:00-05:00,27.290000915527344,27.459999084472656,27.18000030517578,27.3700008392334,83000,26.422985076904297,0.0
EPHE,2023-01-05 19:00:00-05:00,27.31999969482422,27.639999389648438,27.229999542236328,27.559999465942383,46000,26.606409072875977,0.0
EPHE,2023-01-08 19:00:00-05:00,28.030000686645508,28.229999542236328,27.739999771118164,27.969999313354492,67000,27.002222061157227,0.0
EPHE,2023-01-09 19:00:00-05:00,27.940000534057617,27.940000534057617,27.649999618530273,27.920000076293945,23300,26.95395278930664,0.0
EPHE,2023-01-10 19:00:00-05:00,27.6299991607666,27.829999923706055,27.56999969482422,27.709999084472656,41900,26.751218795776367,0.0
EPHE,2023-01-11 19:00:00-05:00,28.170000076293945,28.34000015258789,27.899999618530273,28.170000076293945,51500,27.195302963256836,0.0
EPHE,2023-01-12 19:00:00-05:00,28.489999771118164,28.719999313354492,28.350000381469727,28.719999313354492,34800,27.726272583007812,0.0
EPHE,2023-01-16 19:00:00-05:00,28.770000457763672,28.899999618530273,28.75,28.790000915527344,23900,27.793851852416992,0.0
EPHE,2023-01-17 19:00:00-05:00,29.31999969482422,29.360000610351562,28.940000534057617,28.950000762939453,25100,27.94831657409668,0.0
EPHE,2023-01-18 19:00:00-05:00,28.979999542236328,29.18000030517578,28.899999618530273,29.0,26900,27.996585845947266,0.0
EPHE,2023-01-19 19:00:00-05:00,29.18000030517578,29.290000915527344,29.079999923706055,29.219999313354492,44600,28.20897102355957,0.0
EPHE,2023-01-22 19:00:00-05:00,29.0,29.270000457763672,28.969999313354492,29.09000015258789,35200,28.083471298217773,0.0
EPHE,2023-01-23 19:00:00-05:00,29.010000228881836,29.139999389648438,28.719999313354492,29.020000457763672,26900,28.015893936157227,0.0
EPHE,2023-01-24 19:00:00-05:00,29.010000228881836,29.239999771118164,28.8700008392334,29.100000381469727,37400,28.093124389648438,0.0
EPHE,2023-01-25 19:00:00-05:00,29.209999084472656,29.280000686645508,29.020000457763672,29.15999984741211,22900,28.15104866027832,0.0
EPHE,2023-01-26 19:00:00-05:00,29.06999969482422,29.280000686645508,28.940000534057617,29.100000381469727,245300,28.093124389648438,0.0
EPHE,2023-01-29 19:00:00-05:00,28.6200008392334,28.690000534057617,28.290000915527344,28.559999465942383,235200,27.571807861328125,0.0
EPHE,2023-01-30 19:00:00-05:00,27.950000762939453,28.15999984741211,27.920000076293945,28.1200008392334,195700,27.14703369140625,0.0
EPHE,2023-01-31 19:00:00-05:00,29.0,29.389999389648438,28.719999313354492,29.280000686645508,111900,28.266895294189453,0.0
EPHE,2023-02-01 19:00:00-05:00,29.280000686645508,29.350000381469727,29.1299991607666,29.290000915527344,51800,28.276552200317383,0.0
EPHE,2023-02-02 19:00:00-05:00,29.06999969482422,29.399999618530273,28.940000534057617,29.020000457763672,98300,28.015893936157227,0.0
EPHE,2023-02-05 19:00:00-05:00,28.579999923706055,28.760000228881836,28.329999923706055,28.420000076293945,62100,27.43665313720703,0.0
EPHE,2023-02-06 19:00:00-05:00,28.239999771118164,28.43000030517578,27.950000762939453,28.18000030517578,57300,27.204959869384766,0.0
EPHE,2023-02-07 19:00:00-05:00,28.360000610351562,28.709999084472656,28.270000457763672,28.389999389648438,75800,27.407690048217773,0.0
EPHE,2023-02-08 19:00:00-05:00,28.420000076293945,28.729999542236328,28.15999984741211,28.229999542236328,34100,27.25322723388672,0.0
EPHE,2023-02-09 19:00:00-05:00,28.459999084472656,28.600000381469727,28.290000915527344,28.479999542236328,77700,27.49457550048828,0.0
EPHE,2023-02-12 19:00:00-05:00,28.31999969482422,28.549999237060547,28.309999465942383,28.5,36300,27.513885498046875,0.0
EPHE,2023-02-13 19:00:00-05:00,27.989999771118164,28.260000228881836,27.75,28.059999465942383,31900,27.089109420776367,0.0
EPHE,2023-02-14 19:00:00-05:00,27.920000076293945,28.190000534057617,27.81999969482422,27.860000610351562,40900,26.89603042602539,0.0
EPHE,2023-02-15 19:00:00-05:00,27.770000457763672,27.979999542236328,27.639999389648438,27.829999923706055,20200,26.867067337036133,0.0
EPHE,2023-02-16 19:00:00-05:00,27.5,28.15999984741211,27.5,27.690000534057617,118300,26.731910705566406,0.0
EPHE,2023-02-20 19:00:00-05:00,27.770000457763672,28.190000534057617,27.469999313354492,27.549999237060547,162100,26.596755981445312,0.0
EPHE,2023-02-21 19:00:00-05:00,27.34000015258789,27.829999923706055,27.170000076293945,27.229999542236328,188500,26.287826538085938,0.0
EPHE,2023-02-22 19:00:00-05:00,27.31999969482422,27.56999969482422,26.90999984741211,27.040000915527344,255500,26.10440444946289,0.0
EPHE,2023-02-23 19:00:00-05:00,26.719999313354492,26.93000030517578,26.399999618530273,26.649999618530273,104600,25.727895736694336,0.0
EPHE,2023-02-26 19:00:00-05:00,26.489999771118164,26.579999923706055,26.360000610351562,26.479999542236328,217100,25.563777923583984,0.0
EPHE,2023-02-27 19:00:00-05:00,26.6200008392334,26.6200008392334,26.290000915527344,26.40999984741211,258400,25.496200561523438,0.0
EPHE,2023-02-28 19:00:00-05:00,26.790000915527344,26.889999389648438,26.610000610351562,26.709999084472656,201800,25.78582000732422,0.0
EPHE,2023-03-01 19:00:00-05:00,26.719999313354492,26.850000381469727,26.579999923706055,26.709999084472656,244500,25.78582000732422,0.0
EPHE,2023-03-02 19:00:00-05:00,26.979999542236328,27.190000534057617,26.809999465942383,27.030000686645508,236200,26.094749450683594,0.0
EPHE,2023-03-05 19:00:00-05:00,27.010000228881836,27.110000610351562,26.889999389648438,26.920000076293945,215800,25.98855209350586,0.0
EPHE,2023-03-06 19:00:00-05:00,26.979999542236328,27.420000076293945,26.670000076293945,26.690000534057617,176600,25.76651382446289,0.0
EPHE,2023-03-07 19:00:00-05:00,26.760000228881836,26.979999542236328,26.729999542236328,26.809999465942383,148200,25.882360458374023,0.0
EPHE,2023-03-08 19:00:00-05:00,26.600000381469727,26.989999771118164,26.25,26.360000610351562,194600,25.44793128967285,0.0
EPHE,2023-03-09 19:00:00-05:00,26.6200008392334,26.709999084472656,26.34000015258789,26.34000015258789,93900,25.42862319946289,0.0
EPHE,2023-03-12 20:00:00-04:00,26.239999771118164,26.6200008392334,26.110000610351562,26.170000076293945,120000,25.26450538635254,0.0
EPHE,2023-03-13 20:00:00-04:00,26.1200008392334,26.309999465942383,25.969999313354492,26.149999618530273,167900,25.245195388793945,0.0
EPHE,2023-03-14 20:00:00-04:00,25.739999771118164,26.149999618530273,25.520000457763672,25.760000228881836,250200,24.868690490722656,0.0
EPHE,2023-03-15 20:00:00-04:00,25.889999389648438,26.209999084472656,25.68000030517578,26.1299991607666,147100,25.225889205932617,0.0
EPHE,2023-03-16 20:00:00-04:00,26.25,26.639999389648438,26.040000915527344,26.149999618530273,345300,25.245195388793945,0.0
EPHE,2023-03-19 20:00:00-04:00,26.479999542236328,26.68000030517578,26.329999923706055,26.639999389648438,243700,25.71824073791504,0.0
EPHE,2023-03-20 20:00:00-04:00,26.920000076293945,27.059999465942383,26.760000228881836,26.860000610351562,148900,25.93062973022461,0.0
EPHE,2023-03-21 20:00:00-04:00,27.010000228881836,27.059999465942383,26.709999084472656,26.829999923706055,505000,25.901668548583984,0.0
EPHE,2023-03-22 20:00:00-04:00,26.790000915527344,26.90999984741211,26.479999542236328,26.579999923706055,476000,25.66031837463379,0.0
EPHE,2023-03-23 20:00:00-04:00,26.93000030517578,27.18000030517578,26.90999984741211,27.139999389648438,342000,26.20094108581543,0.0
EPHE,2023-03-26 20:00:00-04:00,27.170000076293945,27.25,27.020000457763672,27.219999313354492,251900,26.278173446655273,0.0
EPHE,2023-03-27 20:00:00-04:00,27.190000534057617,27.31999969482422,27.1200008392334,27.270000457763672,77200,26.326444625854492,0.0
EPHE,2023-03-28 20:00:00-04:00,27.3700008392334,27.520000457763672,27.049999237060547,27.3799991607666,151900,26.432636260986328,0.0
EPHE,2023-03-29 20:00:00-04:00,27.440000534057617,27.68000030517578,27.329999923706055,27.459999084472656,91900,26.50986671447754,0.0
EPHE,2023-03-30 20:00:00-04:00,27.0,27.079999923706055,26.899999618530273,26.959999084472656,80200,26.027170181274414,0.0
EPHE,2023-04-02 20:00:00-04:00,26.8799991607666,27.079999923706055,26.84000015258789,27.0,151800,26.06578826904297,0.0
EPHE,2023-04-03 20:00:00-04:00,26.770000457763672,26.950000762939453,26.700000762939453,26.809999465942383,123200,25.882360458374023,0.0
EPHE,2023-04-04 20:00:00-04:00,26.690000534057617,26.690000534057617,26.299999237060547,26.56999969482422,194700,25.650663375854492,0.0
EPHE,2023-04-05 20:00:00-04:00,26.530000686645508,26.780000686645508,26.40999984741211,26.670000076293945,253200,25.74720573425293,0.0
EPHE,2023-04-09 20:00:00-04:00,26.549999237060547,26.649999618530273,26.399999618530273,26.530000686645508,49000,25.612049102783203,0.0
EPHE,2023-04-10 20:00:00-04:00,26.530000686645508,26.690000534057617,26.40999984741211,26.530000686645508,425700,25.612049102783203,0.0
EPHE,2023-04-11 20:00:00-04:00,26.43000030517578,26.610000610351562,26.09000015258789,26.110000610351562,222300,25.20658302307129,0.0
EPHE,2023-04-12 20:00:00-04:00,26.280000686645508,26.549999237060547,26.190000534057617,26.40999984741211,264700,25.496200561523438,0.0
EPHE,2023-04-13 20:00:00-04:00,26.299999237060547,26.56999969482422,26.0,26.18000030517578,194400,25.274160385131836,0.0
EPHE,2023-04-16 20:00:00-04:00,26.100000381469727,26.100000381469727,25.940000534057617,26.059999465942383,193300,25.158309936523438,0.0
EPHE,2023-04-17 20:00:00-04:00,25.969999313354492,26.0,25.709999084472656,25.81999969482422,302300,24.92661476135254,0.0
EPHE,2023-04-18 20:00:00-04:00,25.520000457763672,25.729999542236328,25.450000762939453,25.68000030517578,195900,24.791458129882812,0.0
EPHE,2023-04-19 20:00:00-04:00,26.0,26.280000686645508,25.979999542236328,26.1200008392334,105800,25.21623420715332,0.0
EPHE,2023-04-20 20:00:00-04:00,25.969999313354492,26.059999465942383,25.729999542236328,25.93000030517578,454500,25.032808303833008,0.0
EPHE,2023-04-23 20:00:00-04:00,26.530000686645508,26.700000762939453,26.469999313354492,26.56999969482422,260100,25.650663375854492,0.0
EPHE,2023-04-24 20:00:00-04:00,26.43000030517578,26.610000610351562,26.329999923706055,26.459999084472656,462800,25.544469833374023,0.0
EPHE,2023-04-25 20:00:00-04:00,26.389999389648438,26.56999969482422,26.290000915527344,26.299999237060547,101700,25.390005111694336,0.0
EPHE,2023-04-26 20:00:00-04:00,26.5,26.84000015258789,26.40999984741211,26.799999237060547,75700,25.872705459594727,0.0
EPHE,2023-04-27 20:00:00-04:00,26.889999389648438,27.170000076293945,26.770000457763672,27.020000457763672,55500,26.085094451904297,0.0
EPHE,2023-04-30 20:00:00-04:00,27.010000228881836,27.18000030517578,26.639999389648438,26.8700008392334,38300,25.940284729003906,0.0
EPHE,2023-05-01 20:00:00-04:00,26.93000030517578,27.170000076293945,26.770000457763672,26.93000030517578,62600,25.99820899963379,0.0
EPHE,2023-05-02 20:00:00-04:00,26.93000030517578,27.1200008392334,26.8799991607666,26.8799991607666,39100,25.94993782043457,0.0
EPHE,2023-05-03 20:00:00-04:00,27.09000015258789,27.299999237060547,27.059999465942383,27.139999389648438,60300,26.20094108581543,0.0
EPHE,2023-05-04 20:00:00-04:00,27.299999237060547,27.469999313354492,27.06999969482422,27.3799991607666,50100,26.432636260986328,0.0
EPHE,2023-05-07 20:00:00-04:00,27.18000030517578,27.34000015258789,26.959999084472656,26.989999771118164,54100,26.05613136291504,0.0
EPHE,2023-05-08 20:00:00-04:00,26.780000686645508,26.829999923706055,26.639999389648438,26.75,23600,25.824438095092773,0.0
EPHE,2023-05-09 20:00:00-04:00,27.200000762939453,27.200000762939453,26.780000686645508,26.90999984741211,37900,25.978900909423828,0.0
EPHE,2023-05-10 20:00:00-04:00,26.799999237060547,27.059999465942383,26.6299991607666,26.790000915527344,75600,25.863052368164062,0.0
EPHE,2023-05-11 20:00:00-04:00,26.450000762939453,26.639999389648438,26.260000228881836,26.329999923706055,197900,25.418968200683594,0.0
EPHE,2023-05-14 20:00:00-04:00,26.229999542236328,26.40999984741211,26.1200008392334,26.229999542236328,82500,25.32242774963379,0.0
EPHE,2023-05-15 20:00:00-04:00,26.280000686645508,26.540000915527344,26.270000457763672,26.290000915527344,42600,25.380353927612305,0.0
EPHE,2023-05-16 20:00:00-04:00,26.399999618530273,26.6200008392334,26.239999771118164,26.43000030517578,60900,25.5155086517334,0.0
EPHE,2023-05-17 20:00:00-04:00,26.540000915527344,26.780000686645508,26.43000030517578,26.780000686645508,34400,25.8533992767334,0.0
EPHE,2023-05-18 20:00:00-04:00,26.84000015258789,26.979999542236328,26.729999542236328,26.760000228881836,68700,25.834089279174805,0.0
EPHE,2023-05-21 20:00:00-04:00,26.6200008392334,26.899999618530273,26.530000686645508,26.6200008392334,15600,25.698936462402344,0.0
EPHE,2023-05-22 20:00:00-04:00,26.450000762939453,26.65999984741211,26.239999771118164,26.299999237060547,29300,25.390005111694336,0.0
EPHE,2023-05-23 20:00:00-04:00,26.479999542236328,26.5,26.149999618530273,26.3700008392334,51400,25.45758628845215,0.0
EPHE,2023-05-24 20:00:00-04:00,26.190000534057617,26.440000534057617,26.010000228881836,26.110000610351562,47400,25.20658302307129,0.0
EPHE,2023-05-25 20:00:00-04:00,26.0,26.34000015258789,26.0,26.040000915527344,61700,25.13900375366211,0.0
EPHE,2023-05-29 20:00:00-04:00,25.850000381469727,25.850000381469727,25.520000457763672,25.670000076293945,145800,24.78180694580078,0.0
EPHE,2023-05-30 20:00:00-04:00,25.549999237060547,25.6200008392334,25.280000686645508,25.540000915527344,179500,24.65630531311035,0.0
EPHE,2023-05-31 20:00:00-04:00,25.489999771118164,25.920000076293945,25.360000610351562,25.6200008392334,47600,24.733535766601562,0.0
EPHE,2023-06-01 20:00:00-04:00,26.18000030517578,26.190000534057617,25.829999923706055,26.06999969482422,145400,25.1679630279541,0.0
EPHE,2023-06-04 20:00:00-04:00,25.850000381469727,26.18000030517578,25.68000030517578,25.860000610351562,53100,24.965232849121094,0.0
EPHE,2023-06-05 20:00:00-04:00,25.709999084472656,25.950000762939453,25.6200008392334,25.780000686645508,126400,24.887998580932617,0.0
EPHE,2023-06-06 20:00:00-04:00,25.600000381469727,25.899999618530273,25.600000381469727,25.690000534057617,76300,25.103958129882812,0.311
EPHE,2023-06-07 20:00:00-04:00,25.65999984741211,25.84000015258789,25.549999237060547,25.690000534057617,47200,25.103958129882812,0.0
EPHE,2023-06-08 20:00:00-04:00,25.75,25.75,25.549999237060547,25.6299991607666,68500,25.045326232910156,0.0
EPHE,2023-06-11 20:00:00-04:00,25.729999542236328,25.799999237060547,25.420000076293945,25.639999389648438,17700,25.055097579956055,0.0
EPHE,2023-06-12 20:00:00-04:00,25.719999313354492,25.8799991607666,25.56999969482422,25.6200008392334,19900,25.035554885864258,0.0
EPHE,2023-06-13 20:00:00-04:00,25.399999618530273,25.670000076293945,25.280000686645508,25.40999984741211,19200,24.83034324645996,0.0
EPHE,2023-06-14 20:00:00-04:00,25.350000381469727,25.540000915527344,25.280000686645508,25.469999313354492,16100,24.888975143432617,0.0
EPHE,2023-06-15 20:00:00-04:00,25.719999313354492,25.799999237060547,25.510000228881836,25.68000030517578,234500,25.09418487548828,0.0
EPHE,2023-06-19 20:00:00-04:00,25.600000381469727,25.690000534057617,25.43000030517578,25.59000015258789,37900,25.00623893737793,0.0
EPHE,2023-06-20 20:00:00-04:00,25.5,25.790000915527344,25.329999923706055,25.43000030517578,61500,24.84988784790039,0.0
EPHE,2023-06-21 20:00:00-04:00,25.530000686645508,25.649999618530273,25.229999542236328,25.530000686645508,86600,24.947608947753906,0.0
EPHE,2023-06-22 20:00:00-04:00,25.5,25.559999465942383,25.219999313354492,25.3799991607666,57500,24.801029205322266,0.0
EPHE,2023-06-25 20:00:00-04:00,25.75,26.0,25.65999984741211,25.90999984741211,67300,25.318939208984375,0.0
EPHE,2023-06-26 20:00:00-04:00,26.100000381469727,26.280000686645508,26.079999923706055,26.260000228881836,31100,25.660953521728516,0.0
EPHE,2023-06-27 20:00:00-04:00,26.200000762939453,26.280000686645508,25.81999969482422,26.239999771118164,43000,25.64141082763672,0.0
EPHE,2023-06-28 20:00:00-04:00,26.09000015258789,26.270000457763672,25.920000076293945,26.200000762939453,67600,25.602323532104492,0.0
EPHE,2023-06-29 20:00:00-04:00,26.1299991607666,26.34000015258789,25.940000534057617,26.040000915527344,50300,25.445974349975586,0.0
EPHE,2023-07-02 20:00:00-04:00,26.06999969482422,26.299999237060547,26.040000915527344,26.190000534057617,58700,25.592552185058594,0.0
EPHE,2023-07-04 20:00:00-04:00,26.100000381469727,26.34000015258789,25.899999618530273,25.90999984741211,64100,25.318939208984375,0.0
EPHE,2023-07-05 20:00:00-04:00,25.81999969482422,25.889999389648438,25.530000686645508,25.600000381469727,20200,25.016010284423828,0.0
EPHE,2023-07-06 20:00:00-04:00,25.5,25.829999923706055,25.489999771118164,25.6200008392334,33000,25.035554885864258,0.0
EPHE,2023-07-09 20:00:00-04:00,25.510000228881836,25.559999465942383,25.31999969482422,25.540000915527344,116500,24.957380294799805,0.0
EPHE,2023-07-10 20:00:00-04:00,25.579999923706055,25.760000228881836,25.540000915527344,25.75,36700,25.162588119506836,0.0
EPHE,2023-07-11 20:00:00-04:00,26.290000915527344,26.5,26.0,26.469999313354492,43100,25.86616325378418,0.0
EPHE,2023-07-12 20:00:00-04:00,26.860000610351562,26.979999542236328,26.549999237060547,26.979999542236328,42500,26.364530563354492,0.0
EPHE,2023-07-13 20:00:00-04:00,26.989999771118164,27.0,26.809999465942383,26.969999313354492,60300,26.35475730895996,0.0
EPHE,2023-07-16 20:00:00-04:00,26.969999313354492,27.0,26.649999618530273,26.979999542236328,111900,26.364530563354492,0.0
EPHE,2023-07-17 20:00:00-04:00,26.729999542236328,26.8700008392334,26.639999389648438,26.760000228881836,28000,26.149547576904297,0.0
EPHE,2023-07-18 20:00:00-04:00,26.920000076293945,26.920000076293945,26.729999542236328,26.809999465942383,110900,26.198408126831055,0.0
EPHE,2023-07-19 20:00:00-04:00,26.959999084472656,27.079999923706055,26.84000015258789,26.84000015258789,102300,26.227724075317383,0.0
EPHE,2023-07-20 20:00:00-04:00,27.049999237060547,27.450000762939453,26.93000030517578,27.1299991607666,42500,26.511106491088867,0.0
EPHE,2023-07-23 20:00:00-04:00,27.1299991607666,27.489999771118164,27.1299991607666,27.34000015258789,114200,26.716318130493164,0.0
EPHE,2023-07-24 20:00:00-04:00,27.34000015258789,27.450000762939453,27.190000534057617,27.299999237060547,65300,26.677228927612305,0.0
EPHE,2023-07-25 20:00:00-04:00,27.260000228881836,27.489999771118164,27.18000030517578,27.389999389648438,58600,26.76517677307129,0.0
EPHE,2023-07-26 20:00:00-04:00,27.3799991607666,27.3799991607666,27.06999969482422,27.100000381469727,70400,26.481792449951172,0.0
EPHE,2023-07-27 20:00:00-04:00,27.18000030517578,27.31999969482422,27.049999237060547,27.059999465942383,58300,26.442705154418945,0.0
EPHE,2023-07-30 20:00:00-04:00,26.899999618530273,27.15999984741211,26.899999618530273,27.06999969482422,66100,26.452476501464844,0.0
EPHE,2023-07-31 20:00:00-04:00,26.81999969482422,26.959999084472656,26.729999542236328,26.81999969482422,145300,26.208179473876953,0.0
EPHE,2023-08-01 20:00:00-04:00,26.5,26.5,26.040000915527344,26.100000381469727,157700,25.50460433959961,0.0
EPHE,2023-08-02 20:00:00-04:00,26.100000381469727,26.549999237060547,26.100000381469727,26.34000015258789,84400,25.73912811279297,0.0
EPHE,2023-08-03 20:00:00-04:00,26.190000534057617,26.34000015258789,26.030000686645508,26.09000015258789,219400,25.49483299255371,0.0
EPHE,2023-08-06 20:00:00-04:00,25.850000381469727,26.010000228881836,25.719999313354492,25.75,103700,25.162588119506836,0.0
EPHE,2023-08-07 20:00:00-04:00,25.6200008392334,25.829999923706055,25.469999313354492,25.610000610351562,133600,25.02578353881836,0.0
EPHE,2023-08-08 20:00:00-04:00,25.700000762939453,25.93000030517578,25.700000762939453,25.709999084472656,49100,25.12350082397461,0.0
EPHE,2023-08-09 20:00:00-04:00,25.780000686645508,25.959999084472656,25.600000381469727,25.610000610351562,33300,25.02578353881836,0.0
EPHE,2023-08-10 20:00:00-04:00,25.299999237060547,25.510000228881836,25.100000381469727,25.190000534057617,51800,24.61536407470703,0.0
EPHE,2023-08-13 20:00:00-04:00,25.0,25.049999237060547,24.790000915527344,24.93000030517578,61000,24.361295700073242,0.0
EPHE,2023-08-14 20:00:00-04:00,24.799999237060547,25.040000915527344,24.709999084472656,24.760000228881836,88200,24.195173263549805,0.0
EPHE,2023-08-15 20:00:00-04:00,24.959999084472656,25.190000534057617,24.809999465942383,25.0,43800,24.429697036743164,0.0
EPHE,2023-08-16 20:00:00-04:00,25.0,25.040000915527344,24.790000915527344,24.889999389648438,60300,24.322208404541016,0.0
EPHE,2023-08-17 20:00:00-04:00,24.790000915527344,24.969999313354492,24.610000610351562,24.829999923706055,78700,24.263574600219727,0.0
EPHE,2023-08-20 20:00:00-04:00,24.739999771118164,24.8799991607666,24.739999771118164,24.760000228881836,146500,24.195173263549805,0.0
EPHE,2023-08-21 20:00:00-04:00,24.709999084472656,24.729999542236328,24.5,24.59000015258789,110900,24.029050827026367,0.0
EPHE,2023-08-22 20:00:00-04:00,24.459999084472656,24.649999618530273,24.350000381469727,24.530000686645508,54100,23.970420837402344,0.0
EPHE,2023-08-23 20:00:00-04:00,24.530000686645508,24.56999969482422,24.329999923706055,24.3799991607666,116500,23.823841094970703,0.0
EPHE,2023-08-24 20:00:00-04:00,24.329999923706055,24.600000381469727,24.260000228881836,24.329999923706055,29600,23.774982452392578,0.0
EPHE,2023-08-27 20:00:00-04:00,24.350000381469727,24.450000762939453,24.329999923706055,24.3700008392334,48000,23.814071655273438,0.0
EPHE,2023-08-28 20:00:00-04:00,24.420000076293945,24.670000076293945,24.389999389648438,24.639999389648438,42300,24.077909469604492,0.0
EPHE,2023-08-29 20:00:00-04:00,24.690000534057617,24.940000534057617,24.610000610351562,24.920000076293945,40800,24.35152244567871,0.0
EPHE,2023-08-30 20:00:00-04:00,24.600000381469727,24.860000610351562,24.219999313354492,24.329999923706055,192000,23.774982452392578,0.0
EPHE,2023-08-31 20:00:00-04:00,24.440000534057617,24.540000915527344,24.399999618530273,24.5,24400,23.941102981567383,0.0
EPHE,2023-09-04 20:00:00-04:00,24.5,24.700000762939453,24.459999084472656,24.459999084472656,16400,23.902015686035156,0.0
EPHE,2023-09-05 20:00:00-04:00,24.3700008392334,24.59000015258789,24.360000610351562,24.559999465942383,34900,23.999732971191406,0.0
EPHE,2023-09-06 20:00:00-04:00,24.459999084472656,24.540000915527344,24.360000610351562,24.5,91600,23.941102981567383,0.0
EPHE,2023-09-07 20:00:00-04:00,24.5,24.68000030517578,24.459999084472656,24.6200008392334,58100,24.058368682861328,0.0
EPHE,2023-09-10 20:00:00-04:00,24.790000915527344,24.8799991607666,24.719999313354492,24.829999923706055,48900,24.263574600219727,0.0
EPHE,2023-09-11 20:00:00-04:00,24.8799991607666,24.889999389648438,24.719999313354492,24.81999969482422,36200,24.253803253173828,0.0
EPHE,2023-09-12 20:00:00-04:00,24.559999465942383,24.68000030517578,24.40999984741211,24.559999465942383,31600,23.999732971191406,0.0
EPHE,2023-09-13 20:00:00-04:00,24.530000686645508,24.610000610351562,24.459999084472656,24.610000610351562,30900,24.048595428466797,0.0
EPHE,2023-09-14 20:00:00-04:00,24.420000076293945,24.5,24.1299991607666,24.139999389648438,146900,23.58931541442871,0.0
EPHE,2023-09-17 20:00:00-04:00,24.100000381469727,24.239999771118164,24.020000457763672,24.1299991607666,32600,23.579544067382812,0.0
EPHE,2023-09-18 20:00:00-04:00,23.979999542236328,24.040000915527344,23.719999313354492,23.84000015258789,37200,23.296159744262695,0.0
EPHE,2023-09-19 20:00:00-04:00,23.979999542236328,24.219999313354492,23.829999923706055,23.829999923706055,14800,23.286388397216797,0.0
EPHE,2023-09-20 20:00:00-04:00,23.979999542236328,24.280000686645508,23.719999313354492,23.969999313354492,23000,23.423192977905273,0.0
EPHE,2023-09-21 20:00:00-04:00,24.15999984741211,24.270000457763672,24.06999969482422,24.079999923706055,11100,23.530685424804688,0.0
EPHE,2023-09-24 20:00:00-04:00,24.1200008392334,24.399999618530273,24.1200008392334,24.190000534057617,45700,23.63817596435547,0.0
EPHE,2023-09-25 20:00:00-04:00,24.420000076293945,24.530000686645508,24.31999969482422,24.420000076293945,93200,23.86292839050293,0.0
EPHE,2023-09-26 20:00:00-04:00,24.809999465942383,25.0,24.56999969482422,24.889999389648438,15900,24.322208404541016,0.0
EPHE,2023-09-27 20:00:00-04:00,25.0,25.190000534057617,24.829999923706055,25.190000534057617,57400,24.61536407470703,0.0
EPHE,2023-09-28 20:00:00-04:00,25.270000457763672,25.270000457763672,24.850000381469727,24.90999984741211,51300,24.341751098632812,0.0
EPHE,2023-10-01 20:00:00-04:00,24.899999618530273,24.93000030517578,24.6299991607666,24.75,38500,24.185400009155273,0.0
EPHE,2023-10-02 20:00:00-04:00,24.700000762939453,24.950000762939453,24.579999923706055,24.639999389648438,17000,24.077909469604492,0.0
EPHE,2023-10-03 20:00:00-04:00,24.790000915527344,24.959999084472656,24.670000076293945,24.959999084472656,32000,24.390609741210938,0.0
EPHE,2023-10-04 20:00:00-04:00,24.549999237060547,24.549999237060547,24.229999542236328,24.360000610351562,36600,23.804298400878906,0.0
EPHE,2023-10-05 20:00:00-04:00,24.43000030517578,24.959999084472656,24.420000076293945,24.6200008392334,53600,24.058368682861328,0.0
EPHE,2023-10-08 20:00:00-04:00,24.469999313354492,24.6299991607666,24.31999969482422,24.59000015258789,24400,24.029050827026367,0.0
EPHE,2023-10-09 20:00:00-04:00,24.670000076293945,24.989999771118164,24.670000076293945,24.860000610351562,109500,24.292892456054688,0.0
EPHE,2023-10-10 20:00:00-04:00,24.889999389648438,24.950000762939453,24.670000076293945,24.670000076293945,32300,24.10722541809082,0.0
EPHE,2023-10-11 20:00:00-04:00,24.670000076293945,24.690000534057617,24.43000030517578,24.43000030517578,32500,23.87270164489746,0.0
EPHE,2023-10-12 20:00:00-04:00,24.719999313354492,24.780000686645508,24.610000610351562,24.68000030517578,19500,24.11699867248535,0.0
EPHE,2023-10-15 20:00:00-04:00,24.65999984741211,24.799999237060547,24.520000457763672,24.670000076293945,31300,24.10722541809082,0.0
EPHE,2023-10-16 20:00:00-04:00,24.6200008392334,24.950000762939453,24.579999923706055,24.770000457763672,10300,24.204944610595703,0.0
EPHE,2023-10-17 20:00:00-04:00,24.65999984741211,24.700000762939453,24.510000228881836,24.540000915527344,23800,23.980192184448242,0.0
EPHE,2023-10-18 20:00:00-04:00,24.510000228881836,24.6299991607666,24.420000076293945,24.420000076293945,21700,23.86292839050293,0.0
EPHE,2023-10-19 20:00:00-04:00,24.149999618530273,24.299999237060547,24.0,24.139999389648438,33100,23.58931541442871,0.0
EPHE,2023-10-22 20:00:00-04:00,23.950000762939453,24.0,23.6299991607666,23.860000610351562,40600,23.315704345703125,0.0
EPHE,2023-10-23 20:00:00-04:00,23.829999923706055,23.950000762939453,23.799999237060547,23.860000610351562,6600,23.315704345703125,0.0
EPHE,2023-10-24 20:00:00-04:00,23.790000915527344,23.8700008392334,23.690000534057617,23.8700008392334,21500,23.325477600097656,0.0
EPHE,2023-10-25 20:00:00-04:00,23.649999618530273,23.649999618530273,23.3799991607666,23.520000457763672,5900,22.983461380004883,0.0
EPHE,2023-10-26 20:00:00-04:00,23.520000457763672,23.600000381469727,23.239999771118164,23.260000228881836,10700,22.72939109802246,0.0
EPHE,2023-10-29 20:00:00-04:00,23.399999618530273,23.489999771118164,23.239999771118164,23.469999313354492,115200,22.934598922729492,0.0
EPHE,2023-10-30 20:00:00-04:00,23.420000076293945,23.469999313354492,23.149999618530273,23.3700008392334,32500,22.836881637573242,0.0
EPHE,2023-10-31 20:00:00-04:00,23.5,23.6200008392334,23.43000030517578,23.559999465942383,25500,23.022546768188477,0.0
EPHE,2023-11-01 20:00:00-04:00,23.780000686645508,24.0,23.770000457763672,24.0,18800,23.4525089263916,0.0
EPHE,2023-11-02 20:00:00-04:00,24.0,24.43000030517578,24.0,24.3700008392334,38500,23.814071655273438,0.0
EPHE,2023-11-05 19:00:00-05:00,24.31999969482422,24.399999618530273,24.209999084472656,24.270000457763672,19900,23.716350555419922,0.0
EPHE,2023-11-06 19:00:00-05:00,24.31999969482422,24.520000457763672,24.280000686645508,24.440000534057617,15300,23.88247299194336,0.0
EPHE,2023-11-07 19:00:00-05:00,24.510000228881836,24.600000381469727,24.510000228881836,24.579999923706055,4600,24.019277572631836,0.0
EPHE,2023-11-08 19:00:00-05:00,24.8700008392334,24.969999313354492,24.59000015258789,24.649999618530273,28700,24.08768081665039,0.0
EPHE,2023-11-09 19:00:00-05:00,24.670000076293945,24.670000076293945,24.579999923706055,24.670000076293945,7400,24.10722541809082,0.0
EPHE,2023-11-12 19:00:00-05:00,24.420000076293945,24.520000457763672,24.31999969482422,24.40999984741211,7400,23.85315704345703,0.0
EPHE,2023-11-13 19:00:00-05:00,24.719999313354492,24.8700008392334,24.59000015258789,24.670000076293945,74600,24.10722541809082,0.0
EPHE,2023-11-14 19:00:00-05:00,24.600000381469727,24.860000610351562,24.549999237060547,24.59000015258789,76800,24.029050827026367,0.0
EPHE,2023-11-15 19:00:00-05:00,24.829999923706055,24.829999923706055,24.600000381469727,24.719999313354492,62800,24.156085968017578,0.0
EPHE,2023-11-16 19:00:00-05:00,24.889999389648438,24.940000534057617,24.729999542236328,24.940000534057617,13000,24.37106704711914,0.0
EPHE,2023-11-19 19:00:00-05:00,24.989999771118164,25.139999389648438,24.8799991607666,25.079999923706055,17100,24.507871627807617,0.0
EPHE,2023-11-20 19:00:00-05:00,24.920000076293945,25.09000015258789,24.850000381469727,24.8799991607666,42200,24.312435150146484,0.0
EPHE,2023-11-21 19:00:00-05:00,25.010000228881836,25.09000015258789,24.90999984741211,25.030000686645508,27200,24.459014892578125,0.0
EPHE,2023-11-23 19:00:00-05:00,25.040000915527344,25.270000457763672,24.90999984741211,25.06999969482422,19100,24.49810028076172,0.0
EPHE,2023-11-26 19:00:00-05:00,25.020000457763672,25.06999969482422,24.940000534057617,25.020000457763672,79300,24.449241638183594,0.0
EPHE,2023-11-27 19:00:00-05:00,25.18000030517578,25.309999465942383,25.100000381469727,25.309999465942383,17600,24.73262596130371,0.0
EPHE,2023-11-28 19:00:00-05:00,25.31999969482422,25.440000534057617,25.09000015258789,25.190000534057617,27800,24.61536407470703,0.0
EPHE,2023-11-29 19:00:00-05:00,25.09000015258789,25.139999389648438,24.899999618530273,25.059999465942383,59700,24.48832893371582,0.0
EPHE,2023-11-30 19:00:00-05:00,25.09000015258789,25.34000015258789,25.09000015258789,25.309999465942383,40300,24.73262596130371,0.0
EPHE,2023-12-03 19:00:00-05:00,25.299999237060547,25.40999984741211,25.239999771118164,25.34000015258789,117100,24.76194190979004,0.0
EPHE,2023-12-04 19:00:00-05:00,25.389999389648438,25.5,25.34000015258789,25.450000762939453,68600,24.86943244934082,0.0
EPHE,2023-12-05 19:00:00-05:00,25.389999389648438,25.5,25.329999923706055,25.34000015258789,21100,24.76194190979004,0.0
EPHE,2023-12-06 19:00:00-05:00,25.219999313354492,25.450000762939453,25.139999389648438,25.270000457763672,21700,24.693538665771484,0.0
EPHE,2023-12-07 19:00:00-05:00,25.25,25.299999237060547,25.100000381469727,25.299999237060547,105200,24.722854614257812,0.0
EPHE,2023-12-10 19:00:00-05:00,24.989999771118164,25.290000915527344,24.81999969482422,25.1200008392334,198400,24.546960830688477,0.0
EPHE,2023-12-11 19:00:00-05:00,25.15999984741211,25.360000610351562,25.1200008392334,25.270000457763672,36700,24.693538665771484,0.0
EPHE,2023-12-12 19:00:00-05:00,25.239999771118164,25.469999313354492,25.0,25.450000762939453,61600,24.86943244934082,0.0
EPHE,2023-12-13 19:00:00-05:00,25.600000381469727,25.799999237060547,25.579999923706055,25.709999084472656,94600,25.12350082397461,0.0
EPHE,2023-12-14 19:00:00-05:00,25.850000381469727,25.920000076293945,25.520000457763672,25.719999313354492,78400,25.133272171020508,0.0
EPHE,2023-12-17 19:00:00-05:00,25.829999923706055,25.959999084472656,25.799999237060547,25.950000762939453,72300,25.3580265045166,0.0
EPHE,2023-12-18 19:00:00-05:00,25.989999771118164,26.100000381469727,25.90999984741211,26.0,51400,25.406885147094727,0.0
EPHE,2023-12-19 19:00:00-05:00,25.959999084472656,26.0,25.739999771118164,25.780000686645508,40900,25.399003982543945,0.212
EPHE,2023-12-20 19:00:00-05:00,25.780000686645508,26.0,25.760000228881836,25.8700008392334,20400,25.487674713134766,0.0
EPHE,2023-12-21 19:00:00-05:00,25.84000015258789,26.059999465942383,25.84000015258789,26.020000457763672,20300,25.63545799255371,0.0
EPHE,2023-12-25 19:00:00-05:00,25.979999542236328,26.040000915527344,25.889999389648438,26.010000228881836,13200,25.6256046295166,0.0
EPHE,2023-12-26 19:00:00-05:00,25.90999984741211,26.0,25.780000686645508,25.899999618530273,21600,25.517230987548828,0.0
EPHE,2023-12-27 19:00:00-05:00,25.8799991607666,26.1299991607666,25.8799991607666,26.059999465942383,27100,25.67486572265625,0.0
EPHE,2023-12-28 19:00:00-05:00,25.940000534057617,26.049999237060547,25.790000915527344,25.989999771118164,18900,25.605899810791016,0.0
EPHE,2024-01-01 19:00:00-05:00,26.1200008392334,26.200000762939453,25.90999984741211,26.059999465942383,107300,25.67486572265625,0.0
EPHE,2024-01-02 19:00:00-05:00,25.90999984741211,25.90999984741211,25.6299991607666,25.809999465942383,51300,25.428560256958008,0.0
EPHE,2024-01-03 19:00:00-05:00,26.350000381469727,26.440000534057617,26.18000030517578,26.389999389648438,39100,25.999988555908203,0.0
EPHE,2024-01-04 19:00:00-05:00,26.59000015258789,26.739999771118164,26.540000915527344,26.610000610351562,83800,26.216737747192383,0.0
EPHE,2024-01-07 19:00:00-05:00,26.59000015258789,26.719999313354492,26.399999618530273,26.6299991607666,99100,26.236440658569336,0.0
EPHE,2024-01-08 19:00:00-05:00,26.329999923706055,26.3700008392334,26.1299991607666,26.239999771118164,103800,25.852205276489258,0.0
EPHE,2024-01-09 19:00:00-05:00,26.170000076293945,26.170000076293945,25.989999771118164,26.09000015258789,113400,25.704423904418945,0.0
EPHE,2024-01-10 19:00:00-05:00,26.18000030517578,26.389999389648438,26.100000381469727,26.25,78000,25.862058639526367,0.0
EPHE,2024-01-11 19:00:00-05:00,26.540000915527344,26.790000915527344,26.520000457763672,26.610000610351562,53200,26.216737747192383,0.0
EPHE,2024-01-15 19:00:00-05:00,26.440000534057617,26.489999771118164,26.299999237060547,26.350000381469727,71000,25.960580825805664,0.0
EPHE,2024-01-16 19:00:00-05:00,26.149999618530273,26.260000228881836,25.920000076293945,26.260000228881836,256100,25.871910095214844,0.0
EPHE,2024-01-17 19:00:00-05:00,26.110000610351562,26.1200008392334,25.969999313354492,26.079999923706055,115700,25.694570541381836,0.0
EPHE,2024-01-18 19:00:00-05:00,26.09000015258789,26.309999465942383,25.989999771118164,26.290000915527344,87500,25.90146827697754,0.0
EPHE,2024-01-21 19:00:00-05:00,26.149999618530273,26.229999542236328,26.149999618530273,26.18000030517578,73700,25.793092727661133,0.0
EPHE,2024-01-22 19:00:00-05:00,26.329999923706055,26.420000076293945,26.260000228881836,26.34000015258789,148000,25.950727462768555,0.0
EPHE,2024-01-23 19:00:00-05:00,26.649999618530273,26.75,26.329999923706055,26.3700008392334,439100,25.98028564453125,0.0
EPHE,2024-01-24 19:00:00-05:00,26.43000030517578,26.520000457763672,26.260000228881836,26.309999465942383,91400,25.921171188354492,0.0
EPHE,2024-01-25 19:00:00-05:00,26.360000610351562,26.540000915527344,26.360000610351562,26.440000534057617,49100,26.049251556396484,0.0
EPHE,2024-01-28 19:00:00-05:00,26.209999084472656,26.40999984741211,26.190000534057617,26.40999984741211,107100,26.01969337463379,0.0
EPHE,2024-01-29 19:00:00-05:00,26.260000228881836,26.309999465942383,26.219999313354492,26.270000457763672,41200,25.881763458251953,0.0
EPHE,2024-01-30 19:00:00-05:00,26.40999984741211,26.6200008392334,26.40999984741211,26.479999542236328,104500,26.088659286499023,0.0
EPHE,2024-01-31 19:00:00-05:00,26.40999984741211,26.520000457763672,26.360000610351562,26.510000228881836,37700,26.118215560913086,0.0
EPHE,2024-02-01 19:00:00-05:00,26.579999923706055,26.739999771118164,26.489999771118164,26.610000610351562,38500,26.216737747192383,0.0
EPHE,2024-02-04 19:00:00-05:00,26.59000015258789,26.700000762939453,26.530000686645508,26.670000076293945,44400,26.27585220336914,0.0
EPHE,2024-02-05 19:00:00-05:00,26.81999969482422,26.93000030517578,26.770000457763672,26.84000015258789,50200,26.44333839416504,0.0
EPHE,2024-02-06 19:00:00-05:00,27.34000015258789,27.420000076293945,27.270000457763672,27.399999618530273,256400,26.99506187438965,0.0
EPHE,2024-02-07 19:00:00-05:00,27.43000030517578,27.540000915527344,27.31999969482422,27.399999618530273,102100,26.99506187438965,0.0
EPHE,2024-02-08 19:00:00-05:00,27.399999618530273,27.459999084472656,27.309999465942383,27.459999084472656,30500,27.054174423217773,0.0
EPHE,2024-02-11 19:00:00-05:00,27.280000686645508,27.440000534057617,27.280000686645508,27.43000030517578,60200,27.024620056152344,0.0
EPHE,2024-02-12 19:00:00-05:00,27.059999465942383,27.190000534057617,26.90999984741211,26.969999313354492,51300,26.5714168548584,0.0
EPHE,2024-02-13 19:00:00-05:00,27.270000457763672,27.399999618530273,27.25,27.399999618530273,24800,26.99506187438965,0.0
EPHE,2024-02-14 19:00:00-05:00,27.469999313354492,27.6200008392334,27.469999313354492,27.6200008392334,38500,27.21181297302246,0.0
EPHE,2024-02-15 19:00:00-05:00,27.5,27.59000015258789,27.350000381469727,27.540000915527344,37900,27.132993698120117,0.0
EPHE,2024-02-19 19:00:00-05:00,27.34000015258789,27.420000076293945,27.260000228881836,27.360000610351562,143400,26.95565414428711,0.0
EPHE,2024-02-20 19:00:00-05:00,27.43000030517578,27.549999237060547,27.43000030517578,27.549999237060547,42700,27.142845153808594,0.0
EPHE,2024-02-21 19:00:00-05:00,27.6299991607666,27.770000457763672,27.610000610351562,27.770000457763672,99900,27.359594345092773,0.0
EPHE,2024-02-22 19:00:00-05:00,27.770000457763672,27.850000381469727,27.68000030517578,27.84000015258789,96300,27.428560256958008,0.0
EPHE,2024-02-25 19:00:00-05:00,27.56999969482422,27.610000610351562,27.489999771118164,27.59000015258789,116100,27.182254791259766,0.0
EPHE,2024-02-26 19:00:00-05:00,27.469999313354492,27.469999313354492,27.3700008392334,27.43000030517578,489300,27.024620056152344,0.0
EPHE,2024-02-27 19:00:00-05:00,27.299999237060547,27.3799991607666,27.25,27.3700008392334,115400,26.96550750732422,0.0
EPHE,2024-02-28 19:00:00-05:00,27.469999313354492,27.489999771118164,27.3799991607666,27.459999084472656,145000,27.054174423217773,0.0
EPHE,2024-02-29 19:00:00-05:00,27.639999389648438,27.649999618530273,27.559999465942383,27.649999618530273,164300,27.24136734008789,0.0
EPHE,2024-03-03 19:00:00-05:00,27.729999542236328,27.81999969482422,27.65999984741211,27.700000762939453,82300,27.290630340576172,0.0
EPHE,2024-03-04 19:00:00-05:00,27.5,27.579999923706055,27.360000610351562,27.40999984741211,85200,27.004915237426758,0.0
EPHE,2024-03-05 19:00:00-05:00,27.459999084472656,27.579999923706055,27.459999084472656,27.469999313354492,182700,27.064027786254883,0.0
EPHE,2024-03-06 19:00:00-05:00,27.3799991607666,27.5,27.260000228881836,27.469999313354492,283200,27.064027786254883,0.0
EPHE,2024-03-07 19:00:00-05:00,27.809999465942383,27.940000534057617,27.739999771118164,27.760000228881836,278000,27.349742889404297,0.0
EPHE,2024-03-10 20:00:00-04:00,27.68000030517578,27.809999465942383,27.6200008392334,27.799999237060547,49500,27.389150619506836,0.0
EPHE,2024-03-11 20:00:00-04:00,27.799999237060547,27.940000534057617,27.700000762939453,27.899999618530273,94800,27.487672805786133,0.0
EPHE,2024-03-12 20:00:00-04:00,27.950000762939453,28.06999969482422,27.950000762939453,28.030000686645508,116700,27.615753173828125,0.0
EPHE,2024-03-13 20:00:00-04:00,28.049999237060547,28.049999237060547,27.8799991607666,27.969999313354492,30900,27.556638717651367,0.0
EPHE,2024-03-14 20:00:00-04:00,27.450000762939453,27.450000762939453,27.299999237060547,27.3799991607666,148300,26.975357055664062,0.0
EPHE,2024-03-17 20:00:00-04:00,27.6200008392334,27.709999084472656,27.59000015258789,27.59000015258789,167100,27.182254791259766,0.0
EPHE,2024-03-18 20:00:00-04:00,27.489999771118164,27.600000381469727,27.40999984741211,27.5,36300,27.093584060668945,0.0
EPHE,2024-03-19 20:00:00-04:00,27.299999237060547,27.520000457763672,27.290000915527344,27.459999084472656,56200,27.054174423217773,0.0
EPHE,2024-03-20 20:00:00-04:00,27.700000762939453,27.829999923706055,27.700000762939453,27.700000762939453,46900,27.290630340576172,0.0
EPHE,2024-03-21 20:00:00-04:00,27.3799991607666,27.3799991607666,27.239999771118164,27.239999771118164,51400,26.837427139282227,0.0
EPHE,2024-03-24 20:00:00-04:00,27.299999237060547,27.3700008392334,27.260000228881836,27.34000015258789,87700,26.935949325561523,0.0
EPHE,2024-03-25 20:00:00-04:00,27.360000610351562,27.360000610351562,27.280000686645508,27.299999237060547,39400,26.89653968811035,0.0
EPHE,2024-03-26 20:00:00-04:00,27.420000076293945,27.530000686645508,27.420000076293945,27.479999542236328,56600,27.07387924194336,0.0
EPHE,2024-03-27 20:00:00-04:00,27.489999771118164,27.639999389648438,27.489999771118164,27.6299991607666,48700,27.221662521362305,0.0
EPHE,2024-03-31 20:00:00-04:00,27.81999969482422,27.889999389648438,27.6200008392334,27.700000762939453,41200,27.290630340576172,0.0
EPHE,2024-04-01 20:00:00-04:00,27.610000610351562,27.6299991607666,27.530000686645508,27.59000015258789,55400,27.182254791259766,0.0
EPHE,2024-04-02 20:00:00-04:00,27.299999237060547,27.350000381469727,27.25,27.329999923706055,174300,26.926097869873047,0.0
EPHE,2024-04-03 20:00:00-04:00,27.18000030517578,27.25,26.729999542236328,26.760000228881836,373600,26.364521026611328,0.0
EPHE,2024-04-04 20:00:00-04:00,26.549999237060547,26.579999923706055,26.440000534057617,26.440000534057617,229300,26.049251556396484,0.0
EPHE,2024-04-07 20:00:00-04:00,26.59000015258789,26.690000534057617,26.549999237060547,26.559999465942383,128900,26.167476654052734,0.0
EPHE,2024-04-08 20:00:00-04:00,26.649999618530273,26.799999237060547,26.610000610351562,26.690000534057617,103100,26.295557022094727,0.0
EPHE,2024-04-09 20:00:00-04:00,26.459999084472656,26.469999313354492,26.299999237060547,26.31999969482422,73800,25.93102264404297,0.0
EPHE,2024-04-10 20:00:00-04:00,26.3799991607666,26.399999618530273,26.229999542236328,26.399999618530273,87500,26.009841918945312,0.0
EPHE,2024-04-11 20:00:00-04:00,26.170000076293945,26.229999542236328,25.920000076293945,26.010000228881836,67900,25.6256046295166,0.0
EPHE,2024-04-14 20:00:00-04:00,25.799999237060547,25.809999465942383,25.450000762939453,25.450000762939453,64600,25.073881149291992,0.0
EPHE,2024-04-15 20:00:00-04:00,25.06999969482422,25.110000610351562,24.84000015258789,24.920000076293945,102800,24.551713943481445,0.0
EPHE,2024-04-16 20:00:00-04:00,25.110000610351562,25.170000076293945,24.860000610351562,24.860000610351562,66100,24.49260139465332,0.0
EPHE,2024-04-17 20:00:00-04:00,25.15999984741211,25.329999923706055,25.06999969482422,25.06999969482422,68800,24.69949722290039,0.0
EPHE,2024-04-18 20:00:00-04:00,24.780000686645508,24.889999389648438,24.729999542236328,24.739999771118164,158000,24.374374389648438,0.0
EPHE,2024-04-21 20:00:00-04:00,24.780000686645508,24.979999542236328,24.700000762939453,24.899999618530273,99800,24.53200912475586,0.0
EPHE,2024-04-22 20:00:00-04:00,25.18000030517578,25.31999969482422,25.079999923706055,25.239999771118164,85500,24.866985321044922,0.0
EPHE,2024-04-23 20:00:00-04:00,25.329999923706055,25.3700008392334,25.18000030517578,25.209999084472656,49800,24.837427139282227,0.0
EPHE,2024-04-24 20:00:00-04:00,25.110000610351562,25.280000686645508,25.06999969482422,25.209999084472656,25900,24.837427139282227,0.0
EPHE,2024-04-25 20:00:00-04:00,25.3700008392334,25.459999084472656,25.34000015258789,25.3700008392334,27100,24.99506378173828,0.0
EPHE,2024-04-28 20:00:00-04:00,25.90999984741211,26.0,25.760000228881836,26.0,91700,25.615753173828125,0.0
EPHE,2024-04-29 20:00:00-04:00,25.889999389648438,25.889999389648438,25.649999618530273,25.760000228881836,23400,25.37929916381836,0.0
EPHE,2024-04-30 20:00:00-04:00,25.690000534057617,25.760000228881836,25.610000610351562,25.75,4400,25.369447708129883,0.0
EPHE,2024-05-01 20:00:00-04:00,25.790000915527344,25.889999389648438,25.549999237060547,25.889999389648438,179900,25.50737762451172,0.0
EPHE,2024-05-02 20:00:00-04:00,25.989999771118164,26.0,25.809999465942383,25.989999771118164,37300,25.605899810791016,0.0
EPHE,2024-05-05 20:00:00-04:00,25.959999084472656,26.049999237060547,25.889999389648438,26.030000686645508,23800,25.645309448242188,0.0
EPHE,2024-05-06 20:00:00-04:00,25.93000030517578,25.950000762939453,25.809999465942383,25.889999389648438,18700,25.50737762451172,0.0
EPHE,2024-05-07 20:00:00-04:00,25.829999923706055,25.989999771118164,25.829999923706055,25.959999084472656,73000,25.576343536376953,0.0
EPHE,2024-05-08 20:00:00-04:00,25.610000610351562,25.780000686645508,25.520000457763672,25.760000228881836,126500,25.37929916381836,0.0
EPHE,2024-05-09 20:00:00-04:00,25.5,25.549999237060547,25.3700008392334,25.399999618530273,46200,25.024620056152344,0.0
EPHE,2024-05-12 20:00:00-04:00,25.65999984741211,25.719999313354492,25.56999969482422,25.670000076293945,27500,25.290630340576172,0.0
EPHE,2024-05-13 20:00:00-04:00,25.690000534057617,25.780000686645508,25.68000030517578,25.780000686645508,7600,25.399003982543945,0.0
EPHE,2024-05-14 20:00:00-04:00,25.670000076293945,25.8700008392334,25.670000076293945,25.860000610351562,57100,25.47782325744629,0.0
EPHE,2024-05-15 20:00:00-04:00,25.809999465942383,25.979999542236328,25.799999237060547,25.90999984741211,44100,25.527082443237305,0.0
EPHE,2024-05-16 20:00:00-04:00,25.850000381469727,25.920000076293945,25.690000534057617,25.920000076293945,48700,25.536935806274414,0.0
EPHE,2024-05-19 20:00:00-04:00,25.979999542236328,26.020000457763672,25.84000015258789,25.959999084472656,44300,25.576343536376953,0.0
EPHE,2024-05-20 20:00:00-04:00,25.729999542236328,25.770000457763672,25.6200008392334,25.729999542236328,39700,25.349742889404297,0.0
EPHE,2024-05-21 20:00:00-04:00,25.540000915527344,25.649999618530273,25.5,25.5,28600,25.12314224243164,0.0
EPHE,2024-05-22 20:00:00-04:00,25.670000076293945,25.739999771118164,25.3700008392334,25.440000534057617,106500,25.064029693603516,0.0
EPHE,2024-05-23 20:00:00-04:00,25.479999542236328,25.639999389648438,25.479999542236328,25.56999969482422,72400,25.192108154296875,0.0
EPHE,2024-05-27 20:00:00-04:00,25.209999084472656,25.270000457763672,25.059999465942383,25.06999969482422,58800,24.69949722290039,0.0
EPHE,2024-05-28 20:00:00-04:00,24.670000076293945,24.68000030517578,24.549999237060547,24.610000610351562,39500,24.246295928955078,0.0
EPHE,2024-05-29 20:00:00-04:00,24.5,24.5,24.31999969482422,24.329999923706055,56500,23.970434188842773,0.0
EPHE,2024-05-30 20:00:00-04:00,24.739999771118164,24.739999771118164,24.309999465942383,24.5,436700,24.137920379638672,0.0
EPHE,2024-06-02 20:00:00-04:00,24.719999313354492,24.75,24.510000228881836,24.579999923706055,45600,24.216737747192383,0.0
EPHE,2024-06-03 20:00:00-04:00,24.34000015258789,24.420000076293945,24.18000030517578,24.270000457763672,46100,23.911319732666016,0.0
EPHE,2024-06-04 20:00:00-04:00,24.440000534057617,24.6299991607666,24.40999984741211,24.56999969482422,92000,24.206886291503906,0.0
EPHE,2024-06-05 20:00:00-04:00,24.770000457763672,24.93000030517578,24.770000457763672,24.780000686645508,56000,24.41378402709961,0.0
EPHE,2024-06-06 20:00:00-04:00,24.84000015258789,24.8700008392334,24.700000762939453,24.719999313354492,78300,24.35466957092285,0.0
EPHE,2024-06-09 20:00:00-04:00,24.59000015258789,24.65999984741211,24.520000457763672,24.6299991607666,8900,24.26599884033203,0.0
EPHE,2024-06-10 20:00:00-04:00,24.06999969482422,24.139999389648438,24.0,24.059999465942383,74800,24.059999465942383,0.364
EPHE,2024-06-11 20:00:00-04:00,24.270000457763672,24.420000076293945,24.270000457763672,24.3700008392334,104600,24.3700008392334,0.0
EPHE,2024-06-12 20:00:00-04:00,24.110000610351562,24.170000076293945,24.049999237060547,24.100000381469727,28300,24.100000381469727,0.0
EPHE,2024-06-13 20:00:00-04:00,24.0,24.06999969482422,24.0,24.0,24800,24.0,0.0
EPHE,2024-06-16 20:00:00-04:00,24.100000381469727,24.239999771118164,24.010000228881836,24.1200008392334,32400,24.1200008392334,0.0
EPHE,2024-06-17 20:00:00-04:00,24.020000457763672,24.030000686645508,23.940000534057617,23.989999771118164,79200,23.989999771118164,0.0
EPHE,2024-06-19 20:00:00-04:00,23.799999237060547,23.799999237060547,23.559999465942383,23.579999923706055,47600,23.579999923706055,0.0
EPHE,2024-06-20 20:00:00-04:00,23.219999313354492,23.25,23.1200008392334,23.149999618530273,25300,23.149999618530273,0.0
EPHE,2024-06-23 20:00:00-04:00,23.5,23.610000610351562,23.459999084472656,23.510000228881836,42700,23.510000228881836,0.0
EPHE,2024-06-24 20:00:00-04:00,23.690000534057617,23.790000915527344,23.649999618530273,23.670000076293945,28000,23.670000076293945,0.0
EPHE,2024-06-25 20:00:00-04:00,23.670000076293945,23.68000030517578,23.549999237060547,23.579999923706055,45100,23.579999923706055,0.0
EPHE,2024-06-26 20:00:00-04:00,24.0,24.1299991607666,23.989999771118164,24.09000015258789,26600,24.09000015258789,0.0
EPHE,2024-06-27 20:00:00-04:00,24.299999237060547,24.350000381469727,24.149999618530273,24.15999984741211,34800,24.15999984741211,0.0
EPHE,2024-06-30 20:00:00-04:00,24.09000015258789,24.15999984741211,23.959999084472656,24.1299991607666,27800,24.1299991607666,0.0
EPHE,2024-07-01 20:00:00-04:00,23.920000076293945,24.040000915527344,23.8799991607666,24.030000686645508,22400,24.030000686645508,0.0
EPHE,2024-07-02 20:00:00-04:00,24.309999465942383,24.600000381469727,24.309999465942383,24.600000381469727,45800,24.600000381469727,0.0
EPHE,2024-07-04 20:00:00-04:00,24.700000762939453,24.790000915527344,24.6299991607666,24.75,41400,24.75,0.0
EPHE,2024-07-07 20:00:00-04:00,24.860000610351562,25.0,24.829999923706055,24.8700008392334,59100,24.8700008392334,0.0
EPHE,2024-07-08 20:00:00-04:00,24.889999389648438,24.93000030517578,24.700000762939453,24.770000457763672,91700,24.770000457763672,0.0
EPHE,2024-07-09 20:00:00-04:00,24.690000534057617,24.8799991607666,24.65999984741211,24.799999237060547,21100,24.799999237060547,0.0
EPHE,2024-07-10 20:00:00-04:00,25.18000030517578,25.25,25.049999237060547,25.110000610351562,63300,25.110000610351562,0.0
EPHE,2024-07-11 20:00:00-04:00,25.239999771118164,25.3799991607666,25.15999984741211,25.329999923706055,35400,25.329999923706055,0.0
EPHE,2024-07-14 20:00:00-04:00,25.34000015258789,25.510000228881836,25.309999465942383,25.31999969482422,36700,25.31999969482422,0.0
EPHE,2024-07-15 20:00:00-04:00,25.350000381469727,25.399999618530273,25.280000686645508,25.31999969482422,28100,25.31999969482422,0.0
EPHE,2024-07-16 20:00:00-04:00,25.31999969482422,25.40999984741211,25.149999618530273,25.25,57000,25.25,0.0
EPHE,2024-07-17 20:00:00-04:00,25.299999237060547,25.34000015258789,25.1299991607666,25.1299991607666,11600,25.1299991607666,0.0
EPHE,2024-07-18 20:00:00-04:00,25.479999542236328,25.690000534057617,25.479999542236328,25.56999969482422,26300,25.56999969482422,0.0
EPHE,2024-07-21 20:00:00-04:00,25.450000762939453,25.530000686645508,25.40999984741211,25.520000457763672,14700,25.520000457763672,0.0
EPHE,2024-07-23 09:45:26-04:00,25.43000030517578,25.395000457763672,25.360000610351562,25.360000610351562,1554,25.360000610351562,0.0
