symbol,date,open,high,low,close,volume,adjclose,dividends,splits
TDS,1981-12-14 19:00:00-05:00,0.0,1.6239910125732422,1.5716040134429932,1.5716040134429932,893355,0.02082345262169838,0.0,0.0
TDS,1981-12-15 19:00:00-05:00,0.0,1.6239910125732422,1.5716040134429932,1.5716040134429932,199001,0.02082345262169838,0.0,0.0
TDS,1981-12-16 19:00:00-05:00,0.0,1.6239910125732422,1.5716040134429932,1.5716040134429932,483423,0.02082345262169838,0.0,0.0
TDS,1981-12-17 19:00:00-05:00,0.0,1.5716040134429932,1.5192170143127441,1.5192170143127441,33405,0.02012934722006321,0.0,0.0
TDS,1981-12-20 19:00:00-05:00,0.0,1.5454100370407104,1.4930239915847778,1.4930239915847778,54403,0.0197822954505682,0.0,0.0
TDS,1981-12-21 19:00:00-05:00,0.0,1.5716040134429932,1.5192170143127441,1.5192170143127441,30065,0.02012934722006321,0.0,0.0
TDS,1981-12-22 19:00:00-05:00,0.0,1.6239910125732422,1.5716040134429932,1.5716040134429932,19566,0.02082345262169838,0.0,0.0
TDS,1981-12-23 19:00:00-05:00,0.0,1.6501840353012085,1.5716040134429932,1.5716040134429932,20043,0.02082345262169838,0.0,0.0
TDS,1981-12-27 19:00:00-05:00,0.0,1.6763770580291748,1.5716040134429932,1.5716040134429932,44381,0.02082345262169838,0.0,0.0
TDS,1981-12-28 19:00:00-05:00,0.0,1.7287640571594238,1.6763770580291748,1.6763770580291748,40564,0.02221168391406536,0.0,0.0
TDS,1981-12-29 19:00:00-05:00,0.0,1.7287640571594238,1.7025710344314575,1.7025710344314575,32451,0.022558752447366714,0.0,0.0
TDS,1981-12-30 19:00:00-05:00,0.0,1.7287640571594238,1.6763770580291748,1.6763770580291748,26724,0.02221168391406536,0.0,0.0
TDS,1982-01-03 19:00:00-05:00,0.0,1.6763770580291748,1.6501840353012085,1.6763770580291748,16225,0.02221168391406536,0.0,0.0
TDS,1982-01-04 19:00:00-05:00,0.0,1.6763770580291748,1.5977970361709595,1.5977970361709595,10976,0.021170521154999733,0.0,0.0
TDS,1982-01-05 19:00:00-05:00,0.0,1.5977970361709595,1.5716040134429932,1.5716040134429932,10976,0.02082345262169838,0.0,0.0
TDS,1982-01-06 19:00:00-05:00,0.0,1.6501840353012085,1.6239910125732422,1.6501840353012085,11930,0.0218646340072155,0.0,0.0
TDS,1982-01-07 19:00:00-05:00,0.0,1.6501840353012085,1.6239910125732422,1.6239910125732422,3818,0.021517567336559296,0.0,0.0
TDS,1982-01-10 19:00:00-05:00,0.0,1.6763770580291748,1.6501840353012085,1.6501840353012085,105943,0.0218646340072155,0.0,0.0
TDS,1982-01-11 19:00:00-05:00,0.0,1.6501840353012085,1.5716040134429932,1.5977970361709595,48199,0.021170521154999733,0.0,0.0
TDS,1982-01-12 19:00:00-05:00,0.0,1.5716040134429932,1.5192170143127441,1.5192170143127441,5249,0.02012934722006321,0.0,0.0
TDS,1982-01-13 19:00:00-05:00,0.0,1.5716040134429932,1.5716040134429932,1.5716040134429932,4295,0.02082345262169838,0.0,0.0
TDS,1982-01-14 19:00:00-05:00,0.0,1.5716040134429932,1.5454100370407104,1.5454100370407104,1909,0.02047639526426792,0.0,0.0
TDS,1982-01-17 19:00:00-05:00,0.0,1.5716040134429932,1.5192170143127441,1.5454100370407104,3818,0.02047639526426792,0.0,0.0
TDS,1982-01-18 19:00:00-05:00,0.0,1.5716040134429932,1.5192170143127441,1.5454100370407104,6204,0.02047639526426792,0.0,0.0
TDS,1982-01-19 19:00:00-05:00,0.0,1.5454100370407104,1.4930239915847778,1.4930239915847778,5249,0.0197822954505682,0.0,0.0
TDS,1982-01-20 19:00:00-05:00,0.0,1.5192170143127441,1.5192170143127441,1.5192170143127441,477,0.02012934722006321,0.0,0.0
TDS,1982-01-21 19:00:00-05:00,0.0,1.4668300151824951,1.414443016052246,1.414443016052246,9067,0.018741097301244736,0.0,0.0
TDS,1982-01-24 19:00:00-05:00,0.0,1.414443016052246,1.414443016052246,1.414443016052246,3818,0.018741097301244736,0.0,0.0
TDS,1982-01-25 19:00:00-05:00,0.0,1.414443016052246,1.414443016052246,1.414443016052246,2386,0.018741097301244736,0.0,0.0
TDS,1982-01-26 19:00:00-05:00,0.0,1.4406369924545288,1.414443016052246,1.414443016052246,2386,0.018741097301244736,0.0,0.0
TDS,1982-01-27 19:00:00-05:00,0.0,1.4406369924545288,1.414443016052246,1.414443016052246,2386,0.018741097301244736,0.0,0.0
TDS,1982-01-28 19:00:00-05:00,0.0,1.414443016052246,1.3882499933242798,1.3882499933242798,2863,0.01839405670762062,0.0,0.0
TDS,1982-01-31 19:00:00-05:00,0.0,1.3882499933242798,1.3620569705963135,1.3620569705963135,6204,0.01804700493812561,0.0,0.0
TDS,1982-02-01 19:00:00-05:00,0.0,1.3358629941940308,1.2310899496078491,1.2572829723358154,23384,0.016658758744597435,0.0,0.0
TDS,1982-02-02 19:00:00-05:00,0.0,1.2834759950637817,1.2572829723358154,1.2834759950637817,20043,0.01700582541525364,0.0,0.0
TDS,1982-02-03 19:00:00-05:00,0.0,1.3096699714660645,1.2834759950637817,1.3096699714660645,35791,0.0173528790473938,0.0,0.0
TDS,1982-02-04 19:00:00-05:00,0.0,1.2834759950637817,1.2834759950637817,1.2834759950637817,2386,0.01700582541525364,0.0,0.0
TDS,1982-02-07 19:00:00-05:00,0.0,1.2834759950637817,1.2572829723358154,1.2834759950637817,4295,0.01700582541525364,0.0,0.0
TDS,1982-02-08 19:00:00-05:00,0.0,1.2572829723358154,1.2572829723358154,1.2572829723358154,477,0.016658758744597435,0.0,0.0
TDS,1982-02-09 19:00:00-05:00,0.0,1.2572829723358154,1.2572829723358154,1.2572829723358154,1909,0.016658758744597435,0.0,0.0
TDS,1982-02-10 19:00:00-05:00,0.0,1.2572829723358154,1.2048959732055664,1.2310899496078491,4772,0.01631171628832817,0.0,0.0
TDS,1982-02-11 19:00:00-05:00,0.0,1.2572829723358154,1.2048959732055664,1.2572829723358154,12885,0.016658758744597435,0.0,0.0
TDS,1982-02-15 19:00:00-05:00,0.0,1.2310899496078491,1.2310899496078491,1.2310899496078491,6204,0.01631171628832817,0.0,0.0
TDS,1982-02-16 19:00:00-05:00,0.0,1.2572829723358154,1.2310899496078491,1.2572829723358154,17180,0.016658758744597435,0.0,0.0
TDS,1982-02-17 19:00:00-05:00,0.0,1.2572829723358154,1.2310899496078491,1.2572829723358154,7158,0.016658758744597435,0.0,0.0
TDS,1982-02-18 19:00:00-05:00,0.0,1.2310899496078491,1.1001230478286743,1.126315951347351,187070,0.014923479408025742,0.0,0.0
TDS,1982-02-21 19:00:00-05:00,0.0,1.2048959732055664,1.1525089740753174,1.2048959732055664,35314,0.015964651480317116,0.0,0.0
TDS,1982-02-22 19:00:00-05:00,0.0,1.2048959732055664,1.2048959732055664,1.2048959732055664,5249,0.015964651480317116,0.0,0.0
TDS,1982-02-23 19:00:00-05:00,0.0,1.2310899496078491,1.2048959732055664,1.2310899496078491,3341,0.01631171628832817,0.0,0.0
TDS,1982-02-24 19:00:00-05:00,0.0,1.2572829723358154,1.2048959732055664,1.2572829723358154,2863,0.016658758744597435,0.0,0.0
TDS,1982-02-25 19:00:00-05:00,0.0,1.2572829723358154,1.2310899496078491,1.2572829723358154,6204,0.016658758744597435,0.0,0.0
TDS,1982-02-28 19:00:00-05:00,0.0,1.3096699714660645,1.2572829723358154,1.3096699714660645,7158,0.0173528790473938,0.0,0.0
TDS,1982-03-01 19:00:00-05:00,0.0,1.2834759950637817,1.2834759950637817,1.2834759950637817,8590,0.01700582541525364,0.0,0.0
TDS,1982-03-02 19:00:00-05:00,0.0,1.3096699714660645,1.3096699714660645,1.3096699714660645,477,0.0173528790473938,0.0,0.0
TDS,1982-03-03 19:00:00-05:00,0.0,1.2572829723358154,1.2572829723358154,1.2572829723358154,5249,0.016658758744597435,0.0,0.0
TDS,1982-03-04 19:00:00-05:00,0.0,1.2834759950637817,1.2572829723358154,1.2572829723358154,4772,0.016658758744597435,0.0,0.0
TDS,1982-03-07 19:00:00-05:00,0.0,1.3096699714660645,1.2572829723358154,1.2572829723358154,6204,0.016658758744597435,0.0,0.0
TDS,1982-03-08 19:00:00-05:00,0.0,1.3620569705963135,1.2310899496078491,1.3096699714660645,83513,0.0173528790473938,0.0,0.0
TDS,1982-03-09 19:00:00-05:00,0.0,1.3620569705963135,1.3096699714660645,1.3620569705963135,954,0.01804700493812561,0.0,0.0
TDS,1982-03-10 19:00:00-05:00,0.0,1.3620569705963135,1.3096699714660645,1.3096699714660645,9544,0.0173528790473938,0.0,0.0
TDS,1982-03-11 19:00:00-05:00,1.3096699714660645,1.3096699714660645,1.3096699714660645,1.3096699714660645,0,0.0173528790473938,0.0,0.0
TDS,1982-03-14 19:00:00-05:00,0.0,1.3358629941940308,1.3096699714660645,1.3358629941940308,2386,0.017699936404824257,0.0,0.0
TDS,1982-03-15 19:00:00-05:00,0.0,1.3620569705963135,1.3096699714660645,1.3096699714660645,13839,0.0173528790473938,0.0,0.0
TDS,1982-03-16 19:00:00-05:00,1.3096699714660645,1.3096699714660645,1.3096699714660645,1.3096699714660645,0,0.0173528790473938,0.0,0.0
TDS,1982-03-17 19:00:00-05:00,0.0,1.3620569705963135,1.3096699714660645,1.3620569705963135,49631,0.01804700493812561,0.0,0.0
TDS,1982-03-18 19:00:00-05:00,0.0,1.414443016052246,1.3358629941940308,1.3358629941940308,10976,0.017699936404824257,0.0,0.0
TDS,1982-03-21 19:00:00-05:00,0.0,1.3882499933242798,1.3620569705963135,1.3620569705963135,25293,0.01804700493812561,0.0,0.0
TDS,1982-03-22 19:00:00-05:00,0.0,1.414443016052246,1.414443016052246,1.414443016052246,1909,0.018741097301244736,0.0,0.0
TDS,1982-03-23 19:00:00-05:00,0.0,1.4668300151824951,1.4406369924545288,1.4668300151824951,5249,0.019435223191976547,0.0,0.0
TDS,1982-03-24 19:00:00-05:00,0.0,1.4930239915847778,1.4930239915847778,1.4930239915847778,6204,0.0197822954505682,0.0,0.0
TDS,1982-03-25 19:00:00-05:00,0.0,1.4668300151824951,1.4668300151824951,1.4668300151824951,2863,0.019435223191976547,0.0,0.0
TDS,1982-03-28 19:00:00-05:00,0.0,1.4668300151824951,1.4668300151824951,1.4668300151824951,477,0.019435223191976547,0.0,0.0
TDS,1982-03-29 19:00:00-05:00,1.4668300151824951,1.4668300151824951,1.4668300151824951,1.4668300151824951,0,0.019435223191976547,0.0,0.0
TDS,1982-03-30 19:00:00-05:00,0.0,1.4668300151824951,1.4668300151824951,1.4668300151824951,477,0.019435223191976547,0.0,0.0
TDS,1982-03-31 19:00:00-05:00,0.0,1.414443016052246,1.414443016052246,1.414443016052246,954,0.018741097301244736,0.0,0.0
TDS,1982-04-01 19:00:00-05:00,0.0,1.4406369924545288,1.4406369924545288,1.4406369924545288,1909,0.01908819004893303,0.0,0.0
TDS,1982-04-04 19:00:00-05:00,0.0,1.4406369924545288,1.414443016052246,1.414443016052246,3818,0.018741097301244736,0.0,0.0
TDS,1982-04-05 19:00:00-05:00,0.0,1.4406369924545288,1.414443016052246,1.414443016052246,2863,0.018741097301244736,0.0,0.0
TDS,1982-04-06 19:00:00-05:00,1.414443016052246,1.414443016052246,1.414443016052246,1.414443016052246,0,0.018741097301244736,0.0,0.0
TDS,1982-04-07 19:00:00-05:00,0.0,1.414443016052246,1.3620569705963135,1.3620569705963135,134576,0.01804700493812561,0.0,0.0
TDS,1982-04-11 19:00:00-05:00,0.0,1.414443016052246,1.414443016052246,1.414443016052246,28633,0.018741097301244736,0.0,0.0
TDS,1982-04-12 19:00:00-05:00,0.0,1.414443016052246,1.3620569705963135,1.3620569705963135,2863,0.01804700493812561,0.0,0.0
TDS,1982-04-13 19:00:00-05:00,0.0,1.414443016052246,1.3620569705963135,1.414443016052246,4772,0.018741097301244736,0.0,0.0
TDS,1982-04-14 19:00:00-05:00,0.0,1.3620569705963135,1.3358629941940308,1.3620569705963135,14317,0.01804700493812561,0.0,0.0
TDS,1982-04-15 19:00:00-05:00,0.0,1.4406369924545288,1.3358629941940308,1.414443016052246,31019,0.018741097301244736,0.0,0.0
TDS,1982-04-18 19:00:00-05:00,0.0,1.4668300151824951,1.4406369924545288,1.4668300151824951,31019,0.019435223191976547,0.0,0.0
TDS,1982-04-19 19:00:00-05:00,0.0,1.4668300151824951,1.4406369924545288,1.4406369924545288,12885,0.01908819004893303,0.0,0.0
TDS,1982-04-20 19:00:00-05:00,0.0,1.4930239915847778,1.4406369924545288,1.4930239915847778,3341,0.0197822954505682,0.0,0.0
TDS,1982-04-21 19:00:00-05:00,0.0,1.4930239915847778,1.4930239915847778,1.4930239915847778,10976,0.0197822954505682,0.0,0.0
TDS,1982-04-22 19:00:00-05:00,0.0,1.4930239915847778,1.4668300151824951,1.4930239915847778,5249,0.0197822954505682,0.0,0.0
TDS,1982-04-25 20:00:00-04:00,0.0,1.5454100370407104,1.4668300151824951,1.5454100370407104,33405,0.02047639526426792,0.0,0.0
TDS,1982-04-26 20:00:00-04:00,0.0,1.5716040134429932,1.5192170143127441,1.5716040134429932,15748,0.02082345262169838,0.0,0.0
TDS,1982-04-27 20:00:00-04:00,0.0,1.5454100370407104,1.5454100370407104,1.5454100370407104,3818,0.02047639526426792,0.0,0.0
TDS,1982-04-28 20:00:00-04:00,0.0,1.5192170143127441,1.4668300151824951,1.4668300151824951,7158,0.019435223191976547,0.0,0.0
TDS,1982-04-29 20:00:00-04:00,0.0,1.4930239915847778,1.4668300151824951,1.4668300151824951,10499,0.019435223191976547,0.0,0.0
TDS,1982-05-02 20:00:00-04:00,0.0,1.5192170143127441,1.4668300151824951,1.5192170143127441,4772,0.02012934722006321,0.0,0.0
TDS,1982-05-03 20:00:00-04:00,0.0,1.6763770580291748,1.5716040134429932,1.6763770580291748,41995,0.02221168391406536,0.0,0.0
TDS,1982-05-04 20:00:00-04:00,0.0,1.7811510562896729,1.6763770580291748,1.7811510562896729,117873,0.02359991893172264,0.0,0.0
TDS,1982-05-05 20:00:00-04:00,0.0,1.8073439598083496,1.7549580335617065,1.7811510562896729,76355,0.02359991893172264,0.0,0.0
TDS,1982-05-06 20:00:00-04:00,0.0,1.8073439598083496,1.7025710344314575,1.7287640571594238,104511,0.022905796766281128,0.0,0.0
TDS,1982-05-09 20:00:00-04:00,0.0,1.7287640571594238,1.6501840353012085,1.6763770580291748,22429,0.02221168391406536,0.0,0.0
TDS,1982-05-10 20:00:00-04:00,0.0,1.6763770580291748,1.6501840353012085,1.6501840353012085,9067,0.0218646340072155,0.0,0.0
TDS,1982-05-11 20:00:00-04:00,0.0,1.7811510562896729,1.7287640571594238,1.7549580335617065,222862,0.02325287275016308,0.0,0.0
TDS,1982-05-12 20:00:00-04:00,0.0,1.7549580335617065,1.7287640571594238,1.7287640571594238,26724,0.022905796766281128,0.0,0.0
TDS,1982-05-13 20:00:00-04:00,0.0,1.7811510562896729,1.7025710344314575,1.7811510562896729,231929,0.02359991893172264,0.0,0.0
TDS,1982-05-16 20:00:00-04:00,0.0,1.7811510562896729,1.7549580335617065,1.7811510562896729,27679,0.02359991893172264,0.0,0.0
TDS,1982-05-17 20:00:00-04:00,0.0,1.7549580335617065,1.7549580335617065,1.7549580335617065,11453,0.02325287275016308,0.0,0.0
TDS,1982-05-18 20:00:00-04:00,0.0,1.8073439598083496,1.7549580335617065,1.7549580335617065,33883,0.02325287275016308,0.0,0.0
TDS,1982-05-19 20:00:00-04:00,0.0,1.7549580335617065,1.6763770580291748,1.7287640571594238,26247,0.022905796766281128,0.0,0.0
TDS,1982-05-20 20:00:00-04:00,0.0,1.7549580335617065,1.7025710344314575,1.7287640571594238,20043,0.022905796766281128,0.0,0.0
TDS,1982-05-23 20:00:00-04:00,0.0,1.7549580335617065,1.7025710344314575,1.7549580335617065,35791,0.02325287275016308,0.0,0.0
TDS,1982-05-24 20:00:00-04:00,0.0,1.7287640571594238,1.6239910125732422,1.6501840353012085,31019,0.0218646340072155,0.0,0.0
TDS,1982-05-25 20:00:00-04:00,0.0,1.6501840353012085,1.6239910125732422,1.6239910125732422,3818,0.021517567336559296,0.0,0.0
TDS,1982-05-26 20:00:00-04:00,0.0,1.6501840353012085,1.5977970361709595,1.5977970361709595,6681,0.021170521154999733,0.0,0.0
TDS,1982-05-27 20:00:00-04:00,0.0,1.5716040134429932,1.5716040134429932,1.5716040134429932,6681,0.02082345262169838,0.0,0.0
TDS,1982-05-31 20:00:00-04:00,0.0,1.5454100370407104,1.5192170143127441,1.5192170143127441,2386,0.02012934722006321,0.0,0.0
TDS,1982-06-01 20:00:00-04:00,0.0,1.5716040134429932,1.5454100370407104,1.5716040134429932,9067,0.02082345262169838,0.0,0.0
TDS,1982-06-02 20:00:00-04:00,0.0,1.5192170143127441,1.4930239915847778,1.4930239915847778,7158,0.0197822954505682,0.0,0.0
TDS,1982-06-03 20:00:00-04:00,0.0,1.5454100370407104,1.5192170143127441,1.5192170143127441,2863,0.02012934722006321,0.0,0.0
TDS,1982-06-06 20:00:00-04:00,0.0,1.5716040134429932,1.5454100370407104,1.5716040134429932,2863,0.02082345262169838,0.0,0.0
TDS,1982-06-07 20:00:00-04:00,0.0,1.5716040134429932,1.5454100370407104,1.5716040134429932,4295,0.02082345262169838,0.0,0.0
TDS,1982-06-08 20:00:00-04:00,0.0,1.5716040134429932,1.5716040134429932,1.5716040134429932,954,0.02082345262169838,0.0,0.0
TDS,1982-06-09 20:00:00-04:00,0.0,1.6239910125732422,1.5454100370407104,1.6239910125732422,26247,0.021517567336559296,0.0,0.0
TDS,1982-06-10 20:00:00-04:00,0.0,1.6501840353012085,1.5977970361709595,1.6501840353012085,5727,0.0218646340072155,0.0,0.0
TDS,1982-06-13 20:00:00-04:00,0.0,1.6501840353012085,1.6501840353012085,1.6501840353012085,2386,0.0218646340072155,0.0,0.0
TDS,1982-06-14 20:00:00-04:00,0.0,1.6501840353012085,1.6239910125732422,1.6501840353012085,5249,0.0218646340072155,0.0,0.0
TDS,1982-06-15 20:00:00-04:00,1.6501840353012085,1.6501840353012085,1.6501840353012085,1.6501840353012085,0,0.0218646340072155,0.0,0.0
TDS,1982-06-16 20:00:00-04:00,0.0,1.6239910125732422,1.6239910125732422,1.6239910125732422,2863,0.021517567336559296,0.0,0.0
TDS,1982-06-17 20:00:00-04:00,0.0,1.5716040134429932,1.5716040134429932,1.5716040134429932,7636,0.02082345262169838,0.0,0.0
TDS,1982-06-20 20:00:00-04:00,0.0,1.6501840353012085,1.5716040134429932,1.6239910125732422,17657,0.021517567336559296,0.0,0.0
TDS,1982-06-21 20:00:00-04:00,0.0,1.6501840353012085,1.6239910125732422,1.6501840353012085,18612,0.0218646340072155,0.0,0.0
TDS,1982-06-22 20:00:00-04:00,0.0,1.6501840353012085,1.6239910125732422,1.6501840353012085,405159,0.0218646340072155,0.0,0.0
TDS,1982-06-23 20:00:00-04:00,0.0,1.6239910125732422,1.5977970361709595,1.5977970361709595,103079,0.021170521154999733,0.0,0.0
TDS,1982-06-24 20:00:00-04:00,0.0,1.5977970361709595,1.4668300151824951,1.4668300151824951,47245,0.019435223191976547,0.0,0.0
TDS,1982-06-27 20:00:00-04:00,0.0,1.5716040134429932,1.5192170143127441,1.5454100370407104,21475,0.02047639526426792,0.0,0.0
TDS,1982-06-28 20:00:00-04:00,0.0,1.5716040134429932,1.4930239915847778,1.4930239915847778,15748,0.0197822954505682,0.0,0.0
TDS,1982-06-29 20:00:00-04:00,0.0,1.5454100370407104,1.4930239915847778,1.5192170143127441,52017,0.02012934722006321,0.0,0.0
TDS,1982-06-30 20:00:00-04:00,0.0,1.5192170143127441,1.4668300151824951,1.5192170143127441,20998,0.02012934722006321,0.0,0.0
TDS,1982-07-01 20:00:00-04:00,0.0,1.5192170143127441,1.4930239915847778,1.5192170143127441,30542,0.02012934722006321,0.0,0.0
TDS,1982-07-05 20:00:00-04:00,0.0,1.5192170143127441,1.4930239915847778,1.5192170143127441,12408,0.02012934722006321,0.0,0.0
TDS,1982-07-06 20:00:00-04:00,0.0,1.5192170143127441,1.4930239915847778,1.4930239915847778,28633,0.0197822954505682,0.0,0.0
TDS,1982-07-07 20:00:00-04:00,0.0,1.4668300151824951,1.4668300151824951,1.4668300151824951,1909,0.019435223191976547,0.0,0.0
TDS,1982-07-08 20:00:00-04:00,0.0,1.4930239915847778,1.4668300151824951,1.4930239915847778,10976,0.0197822954505682,0.0,0.0
TDS,1982-07-11 20:00:00-04:00,0.0,1.4930239915847778,1.4668300151824951,1.4668300151824951,9067,0.019435223191976547,0.0,0.0
TDS,1982-07-12 20:00:00-04:00,0.0,1.4668300151824951,1.4668300151824951,1.4668300151824951,19566,0.019435223191976547,0.0,0.0
TDS,1982-07-13 20:00:00-04:00,0.0,1.4930239915847778,1.4668300151824951,1.4930239915847778,16703,0.0197822954505682,0.0,0.0
TDS,1982-07-14 20:00:00-04:00,0.0,1.4930239915847778,1.4406369924545288,1.4406369924545288,10499,0.01908819004893303,0.0,0.0
TDS,1982-07-15 20:00:00-04:00,0.0,1.4668300151824951,1.4406369924545288,1.4668300151824951,32928,0.019435223191976547,0.0,0.0
TDS,1982-07-18 20:00:00-04:00,0.0,1.6239910125732422,1.5454100370407104,1.5977970361709595,169413,0.021170521154999733,0.0,0.0
TDS,1982-07-19 20:00:00-04:00,0.0,1.5977970361709595,1.5454100370407104,1.5716040134429932,94012,0.02082345262169838,0.0,0.0
TDS,1982-07-20 20:00:00-04:00,0.0,1.6239910125732422,1.5716040134429932,1.5977970361709595,29110,0.021170521154999733,0.0,0.0
TDS,1982-07-21 20:00:00-04:00,0.0,1.5977970361709595,1.5977970361709595,1.5977970361709595,10976,0.021170521154999733,0.0,0.0
TDS,1982-07-22 20:00:00-04:00,0.0,1.6239910125732422,1.5716040134429932,1.6239910125732422,13839,0.021517567336559296,0.0,0.0
TDS,1982-07-25 20:00:00-04:00,0.0,1.6239910125732422,1.5977970361709595,1.6239910125732422,26724,0.021517567336559296,0.0,0.0
TDS,1982-07-26 20:00:00-04:00,0.0,1.6239910125732422,1.5977970361709595,1.6239910125732422,9544,0.021517567336559296,0.0,0.0
TDS,1982-07-27 20:00:00-04:00,0.0,1.6239910125732422,1.5977970361709595,1.5977970361709595,21952,0.021170521154999733,0.0,0.0
TDS,1982-07-28 20:00:00-04:00,0.0,1.5716040134429932,1.5454100370407104,1.5716040134429932,19089,0.02082345262169838,0.0,0.0
TDS,1982-07-29 20:00:00-04:00,0.0,1.5977970361709595,1.5716040134429932,1.5977970361709595,24338,0.021170521154999733,0.0,0.0
TDS,1982-08-01 20:00:00-04:00,0.0,1.7549580335617065,1.6763770580291748,1.7287640571594238,136962,0.022905796766281128,0.0,0.0
TDS,1982-08-02 20:00:00-04:00,0.0,1.7287640571594238,1.6763770580291748,1.7287640571594238,96876,0.022905796766281128,0.0,0.0
TDS,1982-08-03 20:00:00-04:00,0.0,1.7287640571594238,1.6763770580291748,1.7025710344314575,77787,0.022558752447366714,0.0,0.0
TDS,1982-08-04 20:00:00-04:00,0.0,1.7025710344314575,1.6501840353012085,1.6763770580291748,17657,0.02221168391406536,0.0,0.0
TDS,1982-08-05 20:00:00-04:00,0.0,1.7025710344314575,1.6239910125732422,1.7025710344314575,23861,0.022558752447366714,0.0,0.0
TDS,1982-08-08 20:00:00-04:00,0.0,1.6763770580291748,1.5977970361709595,1.6501840353012085,14794,0.0218646340072155,0.0,0.0
TDS,1982-08-09 20:00:00-04:00,0.0,1.6501840353012085,1.6239910125732422,1.6239910125732422,8590,0.021517567336559296,0.0,0.0
TDS,1982-08-10 20:00:00-04:00,0.0,1.6239910125732422,1.5716040134429932,1.5716040134429932,20998,0.02082345262169838,0.0,0.0
TDS,1982-08-11 20:00:00-04:00,0.0,1.6239910125732422,1.5977970361709595,1.6239910125732422,27679,0.021517567336559296,0.0,0.0
TDS,1982-08-12 20:00:00-04:00,0.0,1.6239910125732422,1.5716040134429932,1.6239910125732422,38178,0.021517567336559296,0.0,0.0
TDS,1982-08-15 20:00:00-04:00,0.0,1.6501840353012085,1.5454100370407104,1.5454100370407104,42473,0.02047639526426792,0.0,0.0
TDS,1982-08-16 20:00:00-04:00,0.0,1.5977970361709595,1.5454100370407104,1.5977970361709595,51540,0.021170521154999733,0.0,0.0
TDS,1982-08-17 20:00:00-04:00,0.0,1.6763770580291748,1.6239910125732422,1.6501840353012085,76832,0.0218646340072155,0.0,0.0
TDS,1982-08-18 20:00:00-04:00,0.0,1.6501840353012085,1.5977970361709595,1.6239910125732422,47245,0.021517567336559296,0.0,0.0
TDS,1982-08-19 20:00:00-04:00,0.0,1.6239910125732422,1.5977970361709595,1.5977970361709595,39132,0.021170521154999733,0.0,0.0
TDS,1982-08-22 20:00:00-04:00,0.0,1.6763770580291748,1.6501840353012085,1.6763770580291748,30065,0.02221168391406536,0.0,0.0
TDS,1982-08-23 20:00:00-04:00,0.0,1.7287640571594238,1.6763770580291748,1.6763770580291748,76355,0.02221168391406536,0.0,0.0
TDS,1982-08-24 20:00:00-04:00,0.0,1.7287640571594238,1.6763770580291748,1.7025710344314575,119782,0.022558752447366714,0.0,0.0
TDS,1982-08-25 20:00:00-04:00,0.0,1.9645049571990967,1.7287640571594238,1.8073439598083496,139348,0.02394695021212101,0.0,0.0
TDS,1982-08-26 20:00:00-04:00,0.0,1.885925054550171,1.8073439598083496,1.8597309589385986,50108,0.024641094729304314,0.0,0.0
TDS,1982-08-29 20:00:00-04:00,0.0,1.8597309589385986,1.8073439598083496,1.8335380554199219,24338,0.02429402619600296,0.0,0.0
TDS,1982-08-30 20:00:00-04:00,0.0,1.885925054550171,1.8335380554199219,1.8597309589385986,27679,0.024641094729304314,0.0,0.0
TDS,1982-08-31 20:00:00-04:00,0.0,1.8073439598083496,1.7811510562896729,1.7811510562896729,186593,0.02359991893172264,0.0,0.0
TDS,1982-09-01 20:00:00-04:00,0.0,1.8335380554199219,1.7811510562896729,1.8335380554199219,3818,0.02429402619600296,0.0,0.0
TDS,1982-09-02 20:00:00-04:00,0.0,1.8597309589385986,1.8073439598083496,1.8335380554199219,232883,0.02429402619600296,0.0,0.0
TDS,1982-09-06 20:00:00-04:00,0.0,2.0430850982666016,1.9645049571990967,2.0168919563293457,193751,0.02672344632446766,0.0,0.0
TDS,1982-09-07 20:00:00-04:00,0.0,2.0692780017852783,2.0168919563293457,2.0692780017852783,132667,0.027417555451393127,0.0,0.0
TDS,1982-09-08 20:00:00-04:00,0.0,2.0954720973968506,2.0168919563293457,2.0430850982666016,116919,0.027070488780736923,0.0,0.0
TDS,1982-09-09 20:00:00-04:00,0.0,2.0430850982666016,1.9645049571990967,1.9645049571990967,110238,0.026029331609606743,0.0,0.0
TDS,1982-09-12 20:00:00-04:00,0.0,2.0168919563293457,1.885925054550171,2.0168919563293457,43427,0.02672344632446766,0.0,0.0
TDS,1982-09-13 20:00:00-04:00,0.0,2.0430850982666016,1.9645049571990967,2.0430850982666016,46768,0.027070488780736923,0.0,0.0
TDS,1982-09-14 20:00:00-04:00,0.0,2.0692780017852783,1.885925054550171,2.0168919563293457,28633,0.02672344632446766,0.0,0.0
TDS,1982-09-15 20:00:00-04:00,0.0,2.0430850982666016,1.990697979927063,2.0430850982666016,26247,0.027070488780736923,0.0,0.0
TDS,1982-09-16 20:00:00-04:00,0.0,2.0692780017852783,2.0430850982666016,2.0692780017852783,30065,0.027417555451393127,0.0,0.0
TDS,1982-09-19 20:00:00-04:00,0.0,2.0692780017852783,1.990697979927063,2.0168919563293457,33405,0.02672344632446766,0.0,0.0
TDS,1982-09-20 20:00:00-04:00,0.0,2.0430850982666016,2.0168919563293457,2.0168919563293457,14794,0.02672344632446766,0.0,0.0
TDS,1982-09-21 20:00:00-04:00,0.0,2.2788259983062744,2.0168919563293457,2.200244903564453,268675,0.02915283478796482,0.0,0.0
TDS,1982-09-22 20:00:00-04:00,0.0,2.200244903564453,2.1216650009155273,2.1740520000457764,58698,0.02880578115582466,0.0,0.0
TDS,1982-09-23 20:00:00-04:00,0.0,2.2264389991760254,2.1740520000457764,2.1740520000457764,78741,0.02880578115582466,0.0,0.0
TDS,1982-09-26 20:00:00-04:00,0.0,2.1478590965270996,2.0692780017852783,2.1478590965270996,88763,0.028458738699555397,0.0,0.0
TDS,1982-09-27 20:00:00-04:00,0.0,2.200244903564453,2.1216650009155273,2.1478590965270996,79696,0.028458738699555397,0.0,0.0
TDS,1982-09-28 20:00:00-04:00,0.0,2.1478590965270996,2.0430850982666016,2.0430850982666016,224293,0.027070488780736923,0.0,0.0
TDS,1982-09-29 20:00:00-04:00,0.0,2.2264389991760254,2.0692780017852783,2.1740520000457764,41518,0.02880578115582466,0.0,0.0
TDS,1982-09-30 20:00:00-04:00,0.0,2.383599042892456,2.1740520000457764,2.252631902694702,90672,0.029846958816051483,0.0,0.0
TDS,1982-10-03 20:00:00-04:00,0.0,2.305018901824951,2.200244903564453,2.2264389991760254,39609,0.029499899595975876,0.0,0.0
TDS,1982-10-04 20:00:00-04:00,0.0,2.2788259983062744,2.1740520000457764,2.200244903564453,45336,0.02915283478796482,0.0,0.0
TDS,1982-10-05 20:00:00-04:00,0.0,2.252631902694702,2.200244903564453,2.200244903564453,23384,0.02915283478796482,0.0,0.0
TDS,1982-10-06 20:00:00-04:00,0.0,2.331212043762207,2.252631902694702,2.2788259983062744,156528,0.030194008722901344,0.0,0.0
TDS,1982-10-07 20:00:00-04:00,0.0,2.462178945541382,2.305018901824951,2.462178945541382,175140,0.032623425126075745,0.0,0.0
TDS,1982-10-10 20:00:00-04:00,0.0,2.619339942932129,2.514565944671631,2.514565944671631,140780,0.03331751748919487,0.0,0.0
TDS,1982-10-11 20:00:00-04:00,0.0,2.619339942932129,2.3574059009552,2.383599042892456,168936,0.03158224746584892,0.0,0.0
TDS,1982-10-12 20:00:00-04:00,0.0,2.5407590866088867,2.409791946411133,2.409791946411133,79696,0.03192930296063423,0.0,0.0
TDS,1982-10-13 20:00:00-04:00,0.0,2.514565944671631,2.409791946411133,2.409791946411133,79218,0.03192930296063423,0.0,0.0
TDS,1982-10-14 20:00:00-04:00,0.0,2.488373041152954,2.435986042022705,2.462178945541382,35791,0.032623425126075745,0.0,0.0
TDS,1982-10-17 20:00:00-04:00,0.0,2.6717259883880615,2.514565944671631,2.6455330848693848,86854,0.035052817314863205,0.0,0.0
TDS,1982-10-18 20:00:00-04:00,0.0,2.8288869857788086,2.619339942932129,2.7764999866485596,231929,0.03678811341524124,0.0,0.0
TDS,1982-10-19 20:00:00-04:00,0.0,2.9860470294952393,2.8550798892974854,2.9336600303649902,110715,0.038870446383953094,0.0,0.0
TDS,1982-10-20 20:00:00-04:00,0.0,3.117013931274414,2.8288869857788086,2.9074668884277344,133144,0.03852337971329689,0.0,0.0
TDS,1982-10-21 20:00:00-04:00,0.0,2.9336600303649902,2.750307083129883,2.750307083129883,59175,0.03644106909632683,0.0,0.0
TDS,1982-10-24 20:00:00-04:00,0.0,2.8026928901672363,2.619339942932129,2.697920083999634,90672,0.03574693202972412,0.0,0.0
TDS,1982-10-25 20:00:00-04:00,0.0,2.6717259883880615,2.5407590866088867,2.6455330848693848,75401,0.035052817314863205,0.0,0.0
TDS,1982-10-26 20:00:00-04:00,0.0,2.7241129875183105,2.697920083999634,2.7241129875183105,98307,0.036093998700380325,0.0,0.0
TDS,1982-10-27 20:00:00-04:00,0.0,2.7241129875183105,2.6455330848693848,2.7241129875183105,38655,0.036093998700380325,0.0,0.0
TDS,1982-10-28 20:00:00-04:00,0.0,2.697920083999634,2.6455330848693848,2.6717259883880615,37223,0.035399872809648514,0.0,0.0
TDS,1982-10-31 19:00:00-05:00,0.0,2.697920083999634,2.462178945541382,2.462178945541382,141734,0.032623425126075745,0.0,0.0
TDS,1982-11-01 19:00:00-05:00,0.0,2.6455330848693848,2.488373041152954,2.619339942932129,108329,0.0347057580947876,0.0,0.0
TDS,1982-11-02 19:00:00-05:00,0.0,2.697920083999634,2.514565944671631,2.619339942932129,285854,0.0347057580947876,0.0,0.0
TDS,1982-11-03 19:00:00-05:00,0.0,2.6717259883880615,2.514565944671631,2.514565944671631,232883,0.03331751748919487,0.0,0.0
TDS,1982-11-04 19:00:00-05:00,0.0,2.6717259883880615,2.514565944671631,2.619339942932129,136485,0.0347057580947876,0.0,0.0
TDS,1982-11-07 19:00:00-05:00,0.0,2.697920083999634,2.6455330848693848,2.6717259883880615,101171,0.035399872809648514,0.0,0.0
TDS,1982-11-08 19:00:00-05:00,0.0,2.697920083999634,2.6455330848693848,2.6717259883880615,85422,0.035399872809648514,0.0,0.0
TDS,1982-11-09 19:00:00-05:00,0.0,2.697920083999634,2.5407590866088867,2.619339942932129,170845,0.0347057580947876,0.0,0.0
TDS,1982-11-10 19:00:00-05:00,0.0,2.7241129875183105,2.5931460857391357,2.7241129875183105,206636,0.036093998700380325,0.0,0.0
TDS,1982-11-11 19:00:00-05:00,0.0,2.9598538875579834,2.7241129875183105,2.8812739849090576,253404,0.03817638009786606,0.0,0.0
TDS,1982-11-14 19:00:00-05:00,0.0,3.064626932144165,2.8550798892974854,2.9598538875579834,143166,0.039217498153448105,0.0,0.0
TDS,1982-11-15 19:00:00-05:00,0.0,2.9336600303649902,2.7241129875183105,2.9074668884277344,75401,0.03852337971329689,0.0,0.0
TDS,1982-11-16 19:00:00-05:00,0.0,3.0122408866882324,2.8812739849090576,2.9598538875579834,58698,0.039217498153448105,0.0,0.0
TDS,1982-11-17 19:00:00-05:00,0.0,3.0908210277557373,3.0122408866882324,3.0384340286254883,126940,0.04025869444012642,0.0,0.0
TDS,1982-11-18 19:00:00-05:00,0.0,3.0908210277557373,2.9860470294952393,3.064626932144165,46768,0.040605735033750534,0.0,0.0
TDS,1982-11-21 19:00:00-05:00,0.0,3.064626932144165,2.9336600303649902,2.9336600303649902,76355,0.038870446383953094,0.0,0.0
TDS,1982-11-22 19:00:00-05:00,0.0,2.9336600303649902,2.9074668884277344,2.9336600303649902,373186,0.038870446383953094,0.0,0.0
TDS,1982-11-23 19:00:00-05:00,0.0,2.9336600303649902,2.8026928901672363,2.8812739849090576,166072,0.03817638009786606,0.0,0.0
TDS,1982-11-25 19:00:00-05:00,0.0,2.8812739849090576,2.7241129875183105,2.8026928901672363,135053,0.03713517263531685,0.0,0.0
TDS,1982-11-28 19:00:00-05:00,0.0,2.8288869857788086,2.697920083999634,2.7764999866485596,155574,0.03678811341524124,0.0,0.0
TDS,1982-11-29 19:00:00-05:00,0.0,2.8288869857788086,2.750307083129883,2.8288869857788086,205682,0.03748220205307007,0.0,0.0
TDS,1982-11-30 19:00:00-05:00,0.0,3.0122408866882324,2.8288869857788086,2.9336600303649902,466721,0.038870446383953094,0.0,0.0
TDS,1982-12-01 19:00:00-05:00,0.0,3.0908210277557373,2.9074668884277344,3.064626932144165,387025,0.040605735033750534,0.0,0.0
TDS,1982-12-02 19:00:00-05:00,0.0,3.300368070602417,3.117013931274414,3.247981071472168,450972,0.043035127222537994,0.0,0.0
TDS,1982-12-05 19:00:00-05:00,0.0,3.431334972381592,3.274174928665161,3.3789479732513428,302557,0.044770438224077225,0.0,0.0
TDS,1982-12-06 19:00:00-05:00,0.0,3.483721971511841,3.3789479732513428,3.3789479732513428,177526,0.044770438224077225,0.0,0.0
TDS,1982-12-07 19:00:00-05:00,0.0,3.405142068862915,3.274174928665161,3.274174928665161,135530,0.0433821938931942,0.0,0.0
TDS,1982-12-08 19:00:00-05:00,0.0,3.274174928665161,3.1432080268859863,3.247981071472168,104034,0.043035127222537994,0.0,0.0
TDS,1982-12-09 19:00:00-05:00,0.0,3.300368070602417,3.1432080268859863,3.1432080268859863,105466,0.04164690524339676,0.0,0.0
TDS,1982-12-12 19:00:00-05:00,0.0,3.1432080268859863,2.9598538875579834,3.1432080268859863,83036,0.04164690524339676,0.0,0.0
TDS,1982-12-13 19:00:00-05:00,0.0,3.3265609741210938,2.9860470294952393,2.9860470294952393,194228,0.0395645797252655,0.0,0.0
TDS,1982-12-14 19:00:00-05:00,0.0,3.1432080268859863,2.9860470294952393,3.064626932144165,97353,0.040605735033750534,0.0,0.0
TDS,1982-12-15 19:00:00-05:00,0.0,3.0908210277557373,3.0122408866882324,3.0122408866882324,34360,0.03991161286830902,0.0,0.0
TDS,1982-12-16 19:00:00-05:00,0.0,3.117013931274414,3.064626932144165,3.117013931274414,28156,0.04129984229803085,0.0,0.0
TDS,1982-12-19 19:00:00-05:00,0.0,3.169400930404663,3.064626932144165,3.117013931274414,88286,0.04129984229803085,0.0,0.0
TDS,1982-12-20 19:00:00-05:00,0.0,3.117013931274414,3.0384340286254883,3.064626932144165,19566,0.040605735033750534,0.0,0.0
TDS,1982-12-21 19:00:00-05:00,0.0,3.117013931274414,2.9336600303649902,2.9336600303649902,52017,0.038870446383953094,0.0,0.0
TDS,1982-12-22 19:00:00-05:00,0.0,3.0908210277557373,2.9860470294952393,3.0122408866882324,21475,0.03991161286830902,0.0,0.0
TDS,1982-12-26 19:00:00-05:00,0.0,3.064626932144165,2.9336600303649902,2.9860470294952393,26247,0.0395645797252655,0.0,0.0
TDS,1982-12-27 19:00:00-05:00,0.0,3.0122408866882324,2.9336600303649902,2.9860470294952393,49154,0.0395645797252655,0.0,0.0
TDS,1982-12-28 19:00:00-05:00,0.0,2.9860470294952393,2.8288869857788086,2.8812739849090576,273924,0.03817638009786606,0.0,0.0
TDS,1982-12-29 19:00:00-05:00,0.0,2.9074668884277344,2.8288869857788086,2.8812739849090576,45336,0.03817638009786606,0.0,0.0
TDS,1982-12-30 19:00:00-05:00,0.0,2.8812739849090576,2.7764999866485596,2.8812739849090576,136962,0.03817638009786606,0.0,0.0
TDS,1983-01-02 19:00:00-05:00,0.0,2.9336600303649902,2.8812739849090576,2.8812739849090576,25770,0.03817638009786606,0.0,0.0
TDS,1983-01-03 19:00:00-05:00,0.0,2.9336600303649902,2.8550798892974854,2.9336600303649902,11453,0.038870446383953094,0.0,0.0
TDS,1983-01-04 19:00:00-05:00,0.0,3.064626932144165,2.9598538875579834,2.9598538875579834,31496,0.039217498153448105,0.0,0.0
TDS,1983-01-05 19:00:00-05:00,0.0,3.1432080268859863,2.9336600303649902,3.1432080268859863,146029,0.04164690524339676,0.0,0.0
TDS,1983-01-06 19:00:00-05:00,0.0,3.1432080268859863,3.0384340286254883,3.064626932144165,46290,0.040605735033750534,0.0,0.0
TDS,1983-01-09 19:00:00-05:00,0.0,3.169400930404663,3.064626932144165,3.169400930404663,23384,0.04199395701289177,0.0,0.0
TDS,1983-01-10 19:00:00-05:00,0.0,3.169400930404663,3.0122408866882324,3.064626932144165,61561,0.040605735033750534,0.0,0.0
TDS,1983-01-11 19:00:00-05:00,0.0,3.1432080268859863,3.0122408866882324,3.0122408866882324,40564,0.03991161286830902,0.0,0.0
TDS,1983-01-12 19:00:00-05:00,0.0,3.0122408866882324,2.9336600303649902,2.9336600303649902,98307,0.038870446383953094,0.0,0.0
TDS,1983-01-13 19:00:00-05:00,0.0,3.0908210277557373,2.9860470294952393,3.064626932144165,68720,0.040605735033750534,0.0,0.0
TDS,1983-01-16 19:00:00-05:00,0.0,3.117013931274414,3.0384340286254883,3.117013931274414,46768,0.04129984229803085,0.0,0.0
TDS,1983-01-17 19:00:00-05:00,0.0,3.117013931274414,3.064626932144165,3.0908210277557373,60130,0.04095280542969704,0.0,0.0
TDS,1983-01-18 19:00:00-05:00,0.0,3.0908210277557373,2.9860470294952393,3.0384340286254883,42473,0.04025869444012642,0.0,0.0
TDS,1983-01-19 19:00:00-05:00,0.0,3.0384340286254883,2.9860470294952393,3.0122408866882324,35791,0.03991161286830902,0.0,0.0
TDS,1983-01-20 19:00:00-05:00,0.0,3.0384340286254883,2.9598538875579834,2.9598538875579834,14317,0.039217498153448105,0.0,0.0
TDS,1983-01-23 19:00:00-05:00,0.0,2.9598538875579834,2.750307083129883,2.7764999866485596,68242,0.03678811341524124,0.0,0.0
TDS,1983-01-24 19:00:00-05:00,0.0,2.9074668884277344,2.7241129875183105,2.8026928901672363,288718,0.03713517263531685,0.0,0.0
TDS,1983-01-25 19:00:00-05:00,0.0,2.8812739849090576,2.8026928901672363,2.8812739849090576,28156,0.03817638009786606,0.0,0.0
TDS,1983-01-26 19:00:00-05:00,0.0,2.9336600303649902,2.8550798892974854,2.9336600303649902,42950,0.038870446383953094,0.0,0.0
TDS,1983-01-27 19:00:00-05:00,0.0,3.0122408866882324,2.9598538875579834,2.9860470294952393,28156,0.0395645797252655,0.0,0.0
TDS,1983-01-30 19:00:00-05:00,0.0,3.0122408866882324,2.9336600303649902,2.9336600303649902,16225,0.038870446383953094,0.0,0.0
TDS,1983-01-31 19:00:00-05:00,0.0,2.9336600303649902,2.8550798892974854,2.9336600303649902,41995,0.038870446383953094,0.0,0.0
TDS,1983-02-01 19:00:00-05:00,0.0,2.9336600303649902,2.9074668884277344,2.9336600303649902,27202,0.038870446383953094,0.0,0.0
TDS,1983-02-02 19:00:00-05:00,0.0,2.9336600303649902,2.8550798892974854,2.9074668884277344,16225,0.03852337971329689,0.0,0.0
TDS,1983-02-03 19:00:00-05:00,0.0,2.9336600303649902,2.8288869857788086,2.8288869857788086,29110,0.03748220205307007,0.0,0.0
TDS,1983-02-06 19:00:00-05:00,0.0,2.9336600303649902,2.8026928901672363,2.9336600303649902,81605,0.038870446383953094,0.0,0.0
TDS,1983-02-07 19:00:00-05:00,0.0,3.0384340286254883,2.9336600303649902,2.9860470294952393,278219,0.0395645797252655,0.0,0.0
TDS,1983-02-08 19:00:00-05:00,0.0,2.9860470294952393,2.9336600303649902,2.9336600303649902,33405,0.038870446383953094,0.0,0.0
TDS,1983-02-09 19:00:00-05:00,0.0,2.9860470294952393,2.9336600303649902,2.9598538875579834,19089,0.039217498153448105,0.0,0.0
TDS,1983-02-10 19:00:00-05:00,0.0,2.9860470294952393,2.9336600303649902,2.9336600303649902,42473,0.038870446383953094,0.0,0.0
TDS,1983-02-13 19:00:00-05:00,0.0,3.0384340286254883,2.9336600303649902,3.0384340286254883,55357,0.04025869444012642,0.0,0.0
TDS,1983-02-14 19:00:00-05:00,0.0,3.117013931274414,3.0122408866882324,3.117013931274414,109283,0.04129984229803085,0.0,0.0
TDS,1983-02-15 19:00:00-05:00,0.0,3.117013931274414,3.0384340286254883,3.0908210277557373,75878,0.04095280542969704,0.0,0.0
TDS,1983-02-16 19:00:00-05:00,0.0,3.0908210277557373,3.0122408866882324,3.064626932144165,39132,0.040605735033750534,0.0,0.0
TDS,1983-02-17 19:00:00-05:00,0.0,3.0908210277557373,3.0122408866882324,3.064626932144165,16225,0.040605735033750534,0.0,0.0
TDS,1983-02-21 19:00:00-05:00,0.0,3.0384340286254883,2.9598538875579834,3.0384340286254883,33405,0.04025869444012642,0.0,0.0
TDS,1983-02-22 19:00:00-05:00,0.0,3.1432080268859863,3.0384340286254883,3.1432080268859863,61561,0.04164690524339676,0.0,0.0
TDS,1983-02-23 19:00:00-05:00,0.0,3.1432080268859863,3.0908210277557373,3.117013931274414,80173,0.04129984229803085,0.0,0.0
TDS,1983-02-24 19:00:00-05:00,0.0,3.1432080268859863,3.064626932144165,3.0908210277557373,43427,0.04095280542969704,0.0,0.0
TDS,1983-02-27 19:00:00-05:00,0.0,3.1432080268859863,3.0908210277557373,3.117013931274414,42950,0.04129984229803085,0.0,0.0
TDS,1983-02-28 19:00:00-05:00,0.0,3.405142068862915,3.0908210277557373,3.405142068862915,319737,0.04511750489473343,0.0,0.0
TDS,1983-03-01 19:00:00-05:00,0.0,3.483721971511841,3.352755069732666,3.3789479732513428,160823,0.044770438224077225,0.0,0.0
TDS,1983-03-02 19:00:00-05:00,0.0,3.431334972381592,3.247981071472168,3.3265609741210938,312579,0.04407632723450661,0.0,0.0
TDS,1983-03-03 19:00:00-05:00,0.0,3.405142068862915,3.274174928665161,3.405142068862915,74923,0.04511750489473343,0.0,0.0
TDS,1983-03-06 19:00:00-05:00,0.0,3.4575281143188477,3.352755069732666,3.3789479732513428,56789,0.044770438224077225,0.0,0.0
TDS,1983-03-07 19:00:00-05:00,0.0,3.405142068862915,3.274174928665161,3.274174928665161,67765,0.0433821938931942,0.0,0.0
TDS,1983-03-08 19:00:00-05:00,0.0,3.352755069732666,3.274174928665161,3.352755069732666,46768,0.044423386454582214,0.0,0.0
TDS,1983-03-09 19:00:00-05:00,0.0,3.352755069732666,3.274174928665161,3.274174928665161,31974,0.0433821938931942,0.0,0.0
TDS,1983-03-10 19:00:00-05:00,0.0,3.274174928665161,3.064626932144165,3.1432080268859863,80173,0.04164690524339676,0.0,0.0
TDS,1983-03-13 19:00:00-05:00,0.0,3.169400930404663,3.064626932144165,3.1432080268859863,31496,0.04164690524339676,0.0,0.0
TDS,1983-03-14 19:00:00-05:00,0.0,3.274174928665161,3.169400930404663,3.221787929534912,45336,0.04268808662891388,0.0,0.0
TDS,1983-03-15 19:00:00-05:00,0.0,3.3265609741210938,3.221787929534912,3.274174928665161,29588,0.0433821938931942,0.0,0.0
TDS,1983-03-16 19:00:00-05:00,0.0,3.274174928665161,3.195594072341919,3.221787929534912,22429,0.04268808662891388,0.0,0.0
TDS,1983-03-17 19:00:00-05:00,0.0,3.247981071472168,3.195594072341919,3.247981071472168,27202,0.043035127222537994,0.0,0.0
TDS,1983-03-20 19:00:00-05:00,0.0,3.3265609741210938,3.274174928665161,3.300368070602417,18612,0.043729268014431,0.0,0.0
TDS,1983-03-21 19:00:00-05:00,0.0,3.3265609741210938,3.247981071472168,3.300368070602417,35314,0.043729268014431,0.0,0.0
TDS,1983-03-22 19:00:00-05:00,0.0,3.3265609741210938,3.274174928665161,3.274174928665161,24815,0.0433821938931942,0.0,0.0
TDS,1983-03-23 19:00:00-05:00,0.0,3.274174928665161,3.195594072341919,3.195594072341919,27202,0.042341042309999466,0.0,0.0
TDS,1983-03-24 19:00:00-05:00,0.0,3.247981071472168,3.195594072341919,3.195594072341919,18612,0.042341042309999466,0.0,0.0
TDS,1983-03-27 19:00:00-05:00,0.0,3.274174928665161,3.169400930404663,3.169400930404663,28156,0.04199395701289177,0.0,0.0
TDS,1983-03-28 19:00:00-05:00,0.0,3.195594072341919,3.1432080268859863,3.195594072341919,10976,0.042341042309999466,0.0,0.0
TDS,1983-03-29 19:00:00-05:00,0.0,3.169400930404663,3.0122408866882324,3.0122408866882324,26247,0.03991161286830902,0.0,0.0
TDS,1983-03-30 19:00:00-05:00,0.0,3.064626932144165,2.9336600303649902,3.0122408866882324,35791,0.03991161286830902,0.0,0.0
TDS,1983-04-03 19:00:00-05:00,0.0,3.0384340286254883,2.9336600303649902,3.0384340286254883,25770,0.04025869444012642,0.0,0.0
TDS,1983-04-04 19:00:00-05:00,0.0,3.064626932144165,2.9860470294952393,2.9860470294952393,7158,0.0395645797252655,0.0,0.0
TDS,1983-04-05 19:00:00-05:00,0.0,2.9860470294952393,2.8812739849090576,2.9336600303649902,111192,0.038870446383953094,0.0,0.0
TDS,1983-04-06 19:00:00-05:00,0.0,2.9336600303649902,2.8812739849090576,2.9074668884277344,18612,0.03852337971329689,0.0,0.0
TDS,1983-04-07 19:00:00-05:00,0.0,2.9336600303649902,2.9074668884277344,2.9336600303649902,11453,0.038870446383953094,0.0,0.0
TDS,1983-04-10 19:00:00-05:00,0.0,3.0122408866882324,2.9074668884277344,3.0122408866882324,23861,0.03991161286830902,0.0,0.0
TDS,1983-04-11 19:00:00-05:00,0.0,3.064626932144165,2.9860470294952393,3.0122408866882324,32928,0.03991161286830902,0.0,0.0
TDS,1983-04-12 19:00:00-05:00,0.0,3.064626932144165,2.9598538875579834,3.064626932144165,22429,0.040605735033750534,0.0,0.0
TDS,1983-04-13 19:00:00-05:00,0.0,3.117013931274414,2.9860470294952393,3.117013931274414,70151,0.04129984229803085,0.0,0.0
TDS,1983-04-14 19:00:00-05:00,0.0,3.0908210277557373,2.9598538875579834,2.9860470294952393,50585,0.0395645797252655,0.0,0.0
TDS,1983-04-17 19:00:00-05:00,0.0,3.064626932144165,2.9860470294952393,3.064626932144165,39609,0.040605735033750534,0.0,0.0
TDS,1983-04-18 19:00:00-05:00,0.0,3.0122408866882324,2.9336600303649902,2.9598538875579834,71106,0.039217498153448105,0.0,0.0
TDS,1983-04-19 19:00:00-05:00,0.0,3.0122408866882324,2.8812739849090576,2.8812739849090576,46290,0.03817638009786606,0.0,0.0
TDS,1983-04-20 19:00:00-05:00,0.0,3.064626932144165,2.9598538875579834,2.9860470294952393,58221,0.0395645797252655,0.0,0.0
TDS,1983-04-21 19:00:00-05:00,0.0,3.1432080268859863,3.0384340286254883,3.1432080268859863,59175,0.04164690524339676,0.0,0.0
TDS,1983-04-24 20:00:00-04:00,0.0,3.247981071472168,3.1432080268859863,3.247981071472168,62039,0.043035127222537994,0.0,0.0
TDS,1983-04-25 20:00:00-04:00,0.0,3.247981071472168,3.195594072341919,3.195594072341919,26724,0.042341042309999466,0.0,0.0
TDS,1983-04-26 20:00:00-04:00,0.0,3.247981071472168,3.0384340286254883,3.0384340286254883,82559,0.04025869444012642,0.0,0.0
TDS,1983-04-27 20:00:00-04:00,0.0,3.1432080268859863,3.0384340286254883,3.117013931274414,33883,0.04129984229803085,0.0,0.0
TDS,1983-04-28 20:00:00-04:00,0.0,3.1432080268859863,3.064626932144165,3.1432080268859863,32928,0.04164690524339676,0.0,0.0
TDS,1983-05-01 20:00:00-04:00,0.0,3.195594072341919,3.064626932144165,3.117013931274414,42473,0.04129984229803085,0.0,0.0
TDS,1983-05-02 20:00:00-04:00,0.0,3.1432080268859863,3.064626932144165,3.0908210277557373,106420,0.04095280542969704,0.0,0.0
TDS,1983-05-03 20:00:00-04:00,0.0,3.169400930404663,3.064626932144165,3.064626932144165,168936,0.040605735033750534,0.0,0.0
TDS,1983-05-04 20:00:00-04:00,0.0,3.0908210277557373,3.0384340286254883,3.064626932144165,46290,0.040605735033750534,0.0,0.0
TDS,1983-05-05 20:00:00-04:00,0.0,3.117013931274414,3.0384340286254883,3.064626932144165,30542,0.040605735033750534,0.0,0.0
TDS,1983-05-08 20:00:00-04:00,0.0,3.064626932144165,2.9598538875579834,3.064626932144165,32451,0.040605735033750534,0.0,0.0
TDS,1983-05-09 20:00:00-04:00,0.0,3.0908210277557373,2.9598538875579834,2.9598538875579834,42473,0.039217498153448105,0.0,0.0
TDS,1983-05-10 20:00:00-04:00,0.0,3.0908210277557373,2.9860470294952393,3.0908210277557373,29110,0.04095280542969704,0.0,0.0
TDS,1983-05-11 20:00:00-04:00,0.0,3.1432080268859863,3.0384340286254883,3.0908210277557373,60130,0.04095280542969704,0.0,0.0
TDS,1983-05-12 20:00:00-04:00,0.0,3.0908210277557373,3.0122408866882324,3.064626932144165,23384,0.040605735033750534,0.0,0.0
TDS,1983-05-15 20:00:00-04:00,0.0,3.0384340286254883,2.9336600303649902,2.9598538875579834,57266,0.039217498153448105,0.0,0.0
TDS,1983-05-16 20:00:00-04:00,0.0,3.0384340286254883,2.9336600303649902,2.9336600303649902,63470,0.038870446383953094,0.0,0.0
TDS,1983-05-17 20:00:00-04:00,0.0,3.0384340286254883,2.9598538875579834,3.0384340286254883,45813,0.04025869444012642,0.0,0.0
TDS,1983-05-18 20:00:00-04:00,0.0,3.117013931274414,2.9860470294952393,3.117013931274414,60607,0.04129984229803085,0.0,0.0
TDS,1983-05-19 20:00:00-04:00,0.0,3.0908210277557373,2.9336600303649902,2.9860470294952393,98784,0.0395645797252655,0.0,0.0
TDS,1983-05-22 20:00:00-04:00,0.0,3.0122408866882324,2.9336600303649902,3.0122408866882324,24338,0.03991161286830902,0.0,0.0
TDS,1983-05-23 20:00:00-04:00,0.0,3.0908210277557373,3.0384340286254883,3.0908210277557373,30065,0.04095280542969704,0.0,0.0
TDS,1983-05-24 20:00:00-04:00,0.0,3.0908210277557373,2.9860470294952393,3.0384340286254883,39132,0.04025869444012642,0.0,0.0
TDS,1983-05-25 20:00:00-04:00,0.0,3.064626932144165,2.9860470294952393,3.064626932144165,27679,0.040605735033750534,0.0,0.0
TDS,1983-05-26 20:00:00-04:00,0.0,3.064626932144165,2.9860470294952393,3.0122408866882324,65379,0.03991161286830902,0.0,0.0
TDS,1983-05-30 20:00:00-04:00,0.0,3.0122408866882324,2.9598538875579834,2.9860470294952393,24815,0.0395645797252655,0.0,0.0
TDS,1983-05-31 20:00:00-04:00,0.0,3.064626932144165,3.0122408866882324,3.064626932144165,23861,0.040605735033750534,0.0,0.0
TDS,1983-06-01 20:00:00-04:00,0.0,3.064626932144165,2.9336600303649902,2.9336600303649902,29588,0.038870446383953094,0.0,0.0
TDS,1983-06-02 20:00:00-04:00,0.0,3.117013931274414,2.8026928901672363,2.9074668884277344,79696,0.03852337971329689,0.0,0.0
TDS,1983-06-05 20:00:00-04:00,0.0,2.8812739849090576,2.7241129875183105,2.8550798892974854,185638,0.03782927617430687,0.0,0.0
TDS,1983-06-06 20:00:00-04:00,0.0,2.8550798892974854,2.750307083129883,2.8026928901672363,30542,0.03713517263531685,0.0,0.0
TDS,1983-06-07 20:00:00-04:00,0.0,2.8550798892974854,2.7764999866485596,2.8550798892974854,373186,0.03782927617430687,0.0,0.0
TDS,1983-06-08 20:00:00-04:00,0.0,2.9336600303649902,2.8550798892974854,2.9336600303649902,16703,0.038870446383953094,0.0,0.0
TDS,1983-06-09 20:00:00-04:00,0.0,3.064626932144165,2.9074668884277344,2.9074668884277344,31974,0.03852337971329689,0.0,0.0
TDS,1983-06-12 20:00:00-04:00,0.0,3.064626932144165,2.9598538875579834,3.064626932144165,61084,0.040605735033750534,0.0,0.0
TDS,1983-06-13 20:00:00-04:00,0.0,3.0908210277557373,3.0122408866882324,3.064626932144165,44859,0.040605735033750534,0.0,0.0
TDS,1983-06-14 20:00:00-04:00,0.0,3.064626932144165,3.0122408866882324,3.0122408866882324,30542,0.03991161286830902,0.0,0.0
TDS,1983-06-15 20:00:00-04:00,0.0,3.0122408866882324,2.9074668884277344,2.9598538875579834,50108,0.039217498153448105,0.0,0.0
TDS,1983-06-16 20:00:00-04:00,0.0,3.0384340286254883,2.8812739849090576,2.9860470294952393,91626,0.0395645797252655,0.0,0.0
TDS,1983-06-19 20:00:00-04:00,0.0,3.0384340286254883,2.9598538875579834,3.0122408866882324,118828,0.03991161286830902,0.0,0.0
TDS,1983-06-20 20:00:00-04:00,0.0,3.0122408866882324,2.9598538875579834,3.0122408866882324,54880,0.03991161286830902,0.0,0.0
TDS,1983-06-21 20:00:00-04:00,0.0,3.0384340286254883,2.9860470294952393,2.9860470294952393,11453,0.0395645797252655,0.0,0.0
TDS,1983-06-22 20:00:00-04:00,0.0,3.0384340286254883,2.9860470294952393,3.0384340286254883,30065,0.04025869444012642,0.0,0.0
TDS,1983-06-23 20:00:00-04:00,0.0,3.0384340286254883,2.9598538875579834,2.9860470294952393,69674,0.0395645797252655,0.0,0.0
TDS,1983-06-26 20:00:00-04:00,0.0,3.0384340286254883,2.9598538875579834,2.9598538875579834,52971,0.039217498153448105,0.0,0.0
TDS,1983-06-27 20:00:00-04:00,0.0,2.9598538875579834,2.9074668884277344,2.9336600303649902,108806,0.038870446383953094,0.0,0.0
TDS,1983-06-28 20:00:00-04:00,0.0,2.9336600303649902,2.8812739849090576,2.9336600303649902,55357,0.038870446383953094,0.0,0.0
TDS,1983-06-29 20:00:00-04:00,0.0,2.9860470294952393,2.9074668884277344,2.9860470294952393,34837,0.0395645797252655,0.0,0.0
TDS,1983-06-30 20:00:00-04:00,0.0,3.0384340286254883,2.9598538875579834,3.0384340286254883,20520,0.04025869444012642,0.0,0.0
TDS,1983-07-04 20:00:00-04:00,0.0,2.9860470294952393,2.9074668884277344,2.9860470294952393,367459,0.0395645797252655,0.0,0.0
TDS,1983-07-05 20:00:00-04:00,0.0,2.9336600303649902,2.9336600303649902,2.9336600303649902,25770,0.038870446383953094,0.0,0.0
TDS,1983-07-06 20:00:00-04:00,0.0,3.0384340286254883,2.9598538875579834,3.0384340286254883,59175,0.04025869444012642,0.0,0.0
TDS,1983-07-07 20:00:00-04:00,0.0,3.0122408866882324,2.9598538875579834,2.9598538875579834,24338,0.039217498153448105,0.0,0.0
TDS,1983-07-10 20:00:00-04:00,0.0,3.0122408866882324,2.9860470294952393,3.0122408866882324,25770,0.03991161286830902,0.0,0.0
TDS,1983-07-11 20:00:00-04:00,0.0,3.0122408866882324,2.9336600303649902,2.9598538875579834,31019,0.039217498153448105,0.0,0.0
TDS,1983-07-12 20:00:00-04:00,0.0,3.0384340286254883,2.9074668884277344,3.0122408866882324,46768,0.03991161286830902,0.0,0.0
TDS,1983-07-13 20:00:00-04:00,0.0,3.064626932144165,2.9860470294952393,3.0384340286254883,30542,0.04025869444012642,0.0,0.0
TDS,1983-07-14 20:00:00-04:00,0.0,2.9860470294952393,2.9598538875579834,2.9598538875579834,12885,0.039217498153448105,0.0,0.0
TDS,1983-07-17 20:00:00-04:00,0.0,3.0122408866882324,2.9598538875579834,2.9860470294952393,9067,0.0395645797252655,0.0,0.0
TDS,1983-07-18 20:00:00-04:00,0.0,3.0384340286254883,2.9860470294952393,2.9860470294952393,24338,0.0395645797252655,0.0,0.0
TDS,1983-07-19 20:00:00-04:00,0.0,3.0384340286254883,2.9860470294952393,2.9860470294952393,25770,0.0395645797252655,0.0,0.0
TDS,1983-07-20 20:00:00-04:00,0.0,3.0384340286254883,2.9860470294952393,2.9860470294952393,16225,0.0395645797252655,0.0,0.0
TDS,1983-07-21 20:00:00-04:00,0.0,2.9860470294952393,2.9598538875579834,2.9598538875579834,30542,0.039217498153448105,0.0,0.0
TDS,1983-07-24 20:00:00-04:00,0.0,3.0122408866882324,2.9598538875579834,2.9860470294952393,17180,0.0395645797252655,0.0,0.0
TDS,1983-07-25 20:00:00-04:00,0.0,3.0122408866882324,2.9860470294952393,2.9860470294952393,32928,0.0395645797252655,0.0,0.0
TDS,1983-07-26 20:00:00-04:00,0.0,2.9860470294952393,2.9336600303649902,2.9860470294952393,33405,0.0395645797252655,0.0,0.0
TDS,1983-07-27 20:00:00-04:00,0.0,3.0122408866882324,2.9074668884277344,2.9074668884277344,27679,0.03852337971329689,0.0,0.0
TDS,1983-07-28 20:00:00-04:00,0.0,2.9860470294952393,2.9074668884277344,2.9074668884277344,52494,0.03852337971329689,0.0,0.0
TDS,1983-07-31 20:00:00-04:00,0.0,2.9860470294952393,2.9074668884277344,2.9336600303649902,29110,0.038870446383953094,0.0,0.0
TDS,1983-08-01 20:00:00-04:00,0.0,2.9074668884277344,2.8812739849090576,2.9074668884277344,31974,0.03852337971329689,0.0,0.0
TDS,1983-08-02 20:00:00-04:00,0.0,2.9860470294952393,2.8812739849090576,2.9336600303649902,36269,0.038870446383953094,0.0,0.0
TDS,1983-08-03 20:00:00-04:00,0.0,2.9598538875579834,2.9336600303649902,2.9336600303649902,9544,0.038870446383953094,0.0,0.0
TDS,1983-08-04 20:00:00-04:00,0.0,2.9336600303649902,2.9074668884277344,2.9336600303649902,37700,0.038870446383953094,0.0,0.0
TDS,1983-08-07 20:00:00-04:00,0.0,2.9598538875579834,2.8812739849090576,2.9336600303649902,28156,0.038870446383953094,0.0,0.0
TDS,1983-08-08 20:00:00-04:00,0.0,2.9598538875579834,2.8288869857788086,2.9074668884277344,215703,0.03852337971329689,0.0,0.0
TDS,1983-08-09 20:00:00-04:00,0.0,2.9860470294952393,2.9074668884277344,2.9074668884277344,20998,0.03852337971329689,0.0,0.0
TDS,1983-08-10 20:00:00-04:00,0.0,2.9598538875579834,2.8812739849090576,2.8812739849090576,14794,0.03817638009786606,0.0,0.0
TDS,1983-08-11 20:00:00-04:00,0.0,2.9598538875579834,2.8812739849090576,2.9598538875579834,12408,0.039217498153448105,0.0,0.0
TDS,1983-08-14 20:00:00-04:00,0.0,2.9860470294952393,2.9336600303649902,2.9336600303649902,169413,0.038870446383953094,0.0,0.0
TDS,1983-08-15 20:00:00-04:00,0.0,2.9598538875579834,2.8812739849090576,2.8812739849090576,293013,0.03817638009786606,0.0,0.0
TDS,1983-08-16 20:00:00-04:00,0.0,2.9336600303649902,2.8288869857788086,2.8812739849090576,30542,0.03817638009786606,0.0,0.0
TDS,1983-08-17 20:00:00-04:00,0.0,2.8812739849090576,2.7764999866485596,2.7764999866485596,19566,0.03678811341524124,0.0,0.0
TDS,1983-08-18 20:00:00-04:00,0.0,2.697920083999634,2.619339942932129,2.6717259883880615,43904,0.035399872809648514,0.0,0.0
TDS,1983-08-21 20:00:00-04:00,0.0,2.6455330848693848,2.488373041152954,2.514565944671631,88286,0.03331751748919487,0.0,0.0
TDS,1983-08-22 20:00:00-04:00,0.0,2.462178945541382,2.409791946411133,2.409791946411133,62516,0.03192930296063423,0.0,0.0
TDS,1983-08-23 20:00:00-04:00,0.0,2.435986042022705,2.2788259983062744,2.305018901824951,192319,0.030541066080331802,0.0,0.0
TDS,1983-08-24 20:00:00-04:00,0.0,2.2788259983062744,2.2264389991760254,2.2788259983062744,123600,0.030194008722901344,0.0,0.0
TDS,1983-08-25 20:00:00-04:00,0.0,2.2788259983062744,2.2264389991760254,2.252631902694702,34360,0.029846958816051483,0.0,0.0
TDS,1983-08-28 20:00:00-04:00,0.0,2.409791946411133,2.305018901824951,2.383599042892456,238133,0.03158224746584892,0.0,0.0
TDS,1983-08-29 20:00:00-04:00,0.0,2.6455330848693848,2.383599042892456,2.6455330848693848,41995,0.035052817314863205,0.0,0.0
TDS,1983-08-30 20:00:00-04:00,0.0,2.6717259883880615,2.56695294380188,2.56695294380188,57744,0.03401167318224907,0.0,0.0
TDS,1983-08-31 20:00:00-04:00,0.0,2.6455330848693848,2.56695294380188,2.6455330848693848,36746,0.035052817314863205,0.0,0.0
TDS,1983-09-01 20:00:00-04:00,0.0,2.6717259883880615,2.619339942932129,2.6717259883880615,16225,0.035399872809648514,0.0,0.0
TDS,1983-09-05 20:00:00-04:00,0.0,2.750307083129883,2.6717259883880615,2.750307083129883,47245,0.03644106909632683,0.0,0.0
TDS,1983-09-06 20:00:00-04:00,0.0,2.7764999866485596,2.6455330848693848,2.6455330848693848,31019,0.035052817314863205,0.0,0.0
TDS,1983-09-07 20:00:00-04:00,0.0,2.750307083129883,2.6455330848693848,2.750307083129883,44381,0.03644106909632683,0.0,0.0
TDS,1983-09-08 20:00:00-04:00,0.0,2.8288869857788086,2.7241129875183105,2.8288869857788086,71106,0.03748220205307007,0.0,0.0
TDS,1983-09-11 20:00:00-04:00,0.0,2.8812739849090576,2.7241129875183105,2.750307083129883,39132,0.03644106909632683,0.0,0.0
TDS,1983-09-12 20:00:00-04:00,0.0,2.7241129875183105,2.697920083999634,2.697920083999634,15748,0.03574693202972412,0.0,0.0
TDS,1983-09-13 20:00:00-04:00,0.0,2.7241129875183105,2.6455330848693848,2.697920083999634,19089,0.03574693202972412,0.0,0.0
TDS,1983-09-14 20:00:00-04:00,0.0,2.697920083999634,2.619339942932129,2.619339942932129,9544,0.0347057580947876,0.0,0.0
TDS,1983-09-15 20:00:00-04:00,0.0,2.8026928901672363,2.619339942932129,2.8026928901672363,30065,0.03713517263531685,0.0,0.0
TDS,1983-09-18 20:00:00-04:00,0.0,2.8550798892974854,2.7764999866485596,2.7764999866485596,25770,0.03678811341524124,0.0,0.0
TDS,1983-09-19 20:00:00-04:00,0.0,2.8288869857788086,2.7241129875183105,2.7764999866485596,18134,0.03678811341524124,0.0,0.0
TDS,1983-09-20 20:00:00-04:00,0.0,2.750307083129883,2.6717259883880615,2.697920083999634,21952,0.03574693202972412,0.0,0.0
TDS,1983-09-21 20:00:00-04:00,0.0,2.6717259883880615,2.5931460857391357,2.5931460857391357,17180,0.03435870632529259,0.0,0.0
TDS,1983-09-22 20:00:00-04:00,0.0,2.6455330848693848,2.5931460857391357,2.5931460857391357,114533,0.03435870632529259,0.0,0.0
TDS,1983-09-25 20:00:00-04:00,0.0,2.6717259883880615,2.56695294380188,2.619339942932129,73492,0.0347057580947876,0.0,0.0
TDS,1983-09-26 20:00:00-04:00,0.0,2.6717259883880615,2.619339942932129,2.6455330848693848,10976,0.035052817314863205,0.0,0.0
TDS,1983-09-27 20:00:00-04:00,0.0,2.6717259883880615,2.6455330848693848,2.6455330848693848,9544,0.035052817314863205,0.0,0.0
TDS,1983-09-28 20:00:00-04:00,0.0,2.5931460857391357,2.5407590866088867,2.5407590866088867,11453,0.03366459161043167,0.0,0.0
TDS,1983-09-29 20:00:00-04:00,0.0,2.5407590866088867,2.488373041152954,2.488373041152954,24815,0.03297046571969986,0.0,0.0
TDS,1983-10-02 20:00:00-04:00,0.0,2.5931460857391357,2.435986042022705,2.514565944671631,110715,0.03331751748919487,0.0,0.0
TDS,1983-10-03 20:00:00-04:00,0.0,2.5931460857391357,2.514565944671631,2.5931460857391357,18134,0.03435870632529259,0.0,0.0
TDS,1983-10-04 20:00:00-04:00,0.0,2.6717259883880615,2.5931460857391357,2.6455330848693848,31496,0.035052817314863205,0.0,0.0
TDS,1983-10-05 20:00:00-04:00,0.0,2.8026928901672363,2.6717259883880615,2.8026928901672363,78264,0.03713517263531685,0.0,0.0
TDS,1983-10-06 20:00:00-04:00,0.0,2.9074668884277344,2.8288869857788086,2.8550798892974854,106897,0.03782927617430687,0.0,0.0
TDS,1983-10-09 20:00:00-04:00,0.0,2.8550798892974854,2.750307083129883,2.8026928901672363,30542,0.03713517263531685,0.0,0.0
TDS,1983-10-10 20:00:00-04:00,0.0,2.8026928901672363,2.750307083129883,2.8026928901672363,24815,0.03713517263531685,0.0,0.0
TDS,1983-10-11 20:00:00-04:00,0.0,2.8026928901672363,2.7241129875183105,2.7764999866485596,32451,0.03678811341524124,0.0,0.0
TDS,1983-10-12 20:00:00-04:00,0.0,2.750307083129883,2.697920083999634,2.7241129875183105,41995,0.036093998700380325,0.0,0.0
TDS,1983-10-13 20:00:00-04:00,0.0,2.7241129875183105,2.697920083999634,2.7241129875183105,53926,0.036093998700380325,0.0,0.0
TDS,1983-10-16 20:00:00-04:00,0.0,2.8026928901672363,2.7241129875183105,2.7241129875183105,34837,0.036093998700380325,0.0,0.0
TDS,1983-10-17 20:00:00-04:00,0.0,2.750307083129883,2.5931460857391357,2.5931460857391357,18134,0.03435870632529259,0.0,0.0
TDS,1983-10-18 20:00:00-04:00,0.0,2.5931460857391357,2.514565944671631,2.56695294380188,20998,0.03401167318224907,0.0,0.0
TDS,1983-10-19 20:00:00-04:00,0.0,2.5931460857391357,2.5407590866088867,2.5407590866088867,12885,0.03366459161043167,0.0,0.0
TDS,1983-10-20 20:00:00-04:00,0.0,2.5407590866088867,2.488373041152954,2.488373041152954,14794,0.03297046571969986,0.0,0.0
TDS,1983-10-23 20:00:00-04:00,0.0,2.56695294380188,2.462178945541382,2.5407590866088867,78741,0.03366459161043167,0.0,0.0
TDS,1983-10-24 20:00:00-04:00,0.0,2.619339942932129,2.56695294380188,2.619339942932129,8113,0.0347057580947876,0.0,0.0
TDS,1983-10-25 20:00:00-04:00,0.0,2.619339942932129,2.56695294380188,2.5931460857391357,9067,0.03435870632529259,0.0,0.0
TDS,1983-10-26 20:00:00-04:00,0.0,2.56695294380188,2.5407590866088867,2.56695294380188,9544,0.03401167318224907,0.0,0.0
TDS,1983-10-27 20:00:00-04:00,0.0,2.56695294380188,2.514565944671631,2.514565944671631,6204,0.03331751748919487,0.0,0.0
TDS,1983-10-30 19:00:00-05:00,0.0,2.5931460857391357,2.514565944671631,2.514565944671631,72060,0.03331751748919487,0.0,0.0
TDS,1983-10-31 19:00:00-05:00,0.0,2.5931460857391357,2.514565944671631,2.56695294380188,13362,0.03401167318224907,0.0,0.0
TDS,1983-11-01 19:00:00-05:00,0.0,2.5931460857391357,2.514565944671631,2.514565944671631,18134,0.03331751748919487,0.0,0.0
TDS,1983-11-02 19:00:00-05:00,0.0,2.5931460857391357,2.5407590866088867,2.56695294380188,20043,0.03401167318224907,0.0,0.0
TDS,1983-11-03 19:00:00-05:00,0.0,2.619339942932129,2.56695294380188,2.56695294380188,29588,0.03401167318224907,0.0,0.0
TDS,1983-11-06 19:00:00-05:00,0.0,2.56695294380188,2.5407590866088867,2.56695294380188,35791,0.03401167318224907,0.0,0.0
TDS,1983-11-07 19:00:00-05:00,0.0,2.5931460857391357,2.56695294380188,2.56695294380188,25293,0.03401167318224907,0.0,0.0
TDS,1983-11-08 19:00:00-05:00,0.0,2.56695294380188,2.514565944671631,2.514565944671631,35314,0.03331751748919487,0.0,0.0
TDS,1983-11-09 19:00:00-05:00,0.0,2.5407590866088867,2.488373041152954,2.5407590866088867,35791,0.03366459161043167,0.0,0.0
TDS,1983-11-10 19:00:00-05:00,0.0,2.514565944671631,2.488373041152954,2.514565944671631,26247,0.03331751748919487,0.0,0.0
TDS,1983-11-13 19:00:00-05:00,0.0,2.6455330848693848,2.56695294380188,2.6455330848693848,20998,0.035052817314863205,0.0,0.0
TDS,1983-11-14 19:00:00-05:00,0.0,2.6717259883880615,2.5931460857391357,2.619339942932129,19089,0.0347057580947876,0.0,0.0
TDS,1983-11-15 19:00:00-05:00,0.0,2.5931460857391357,2.488373041152954,2.5407590866088867,32451,0.03366459161043167,0.0,0.0
TDS,1983-11-16 19:00:00-05:00,0.0,2.514565944671631,2.462178945541382,2.462178945541382,10499,0.032623425126075745,0.0,0.0
TDS,1983-11-17 19:00:00-05:00,0.0,2.514565944671631,2.435986042022705,2.435986042022705,15748,0.032276369631290436,0.0,0.0
TDS,1983-11-20 19:00:00-05:00,0.0,2.514565944671631,2.462178945541382,2.488373041152954,59175,0.03297046571969986,0.0,0.0
TDS,1983-11-21 19:00:00-05:00,0.0,2.514565944671631,2.488373041152954,2.514565944671631,47722,0.03331751748919487,0.0,0.0
TDS,1983-11-22 19:00:00-05:00,0.0,2.514565944671631,2.462178945541382,2.514565944671631,51540,0.03331751748919487,0.0,0.0
TDS,1983-11-24 19:00:00-05:00,0.0,2.5407590866088867,2.462178945541382,2.462178945541382,10499,0.032623425126075745,0.0,0.0
TDS,1983-11-27 19:00:00-05:00,0.0,2.514565944671631,2.435986042022705,2.488373041152954,23861,0.03297046571969986,0.0,0.0
TDS,1983-11-28 19:00:00-05:00,0.0,2.514565944671631,2.462178945541382,2.514565944671631,72060,0.03331751748919487,0.0,0.0
TDS,1983-11-29 19:00:00-05:00,0.0,2.514565944671631,2.409791946411133,2.435986042022705,93058,0.032276369631290436,0.0,0.0
TDS,1983-11-30 19:00:00-05:00,0.0,2.462178945541382,2.409791946411133,2.409791946411133,31974,0.03192930296063423,0.0,0.0
TDS,1983-12-01 19:00:00-05:00,0.0,2.488373041152954,2.435986042022705,2.435986042022705,33405,0.032276369631290436,0.0,0.0
TDS,1983-12-04 19:00:00-05:00,0.0,2.462178945541382,2.409791946411133,2.462178945541382,29110,0.032623425126075745,0.0,0.0
TDS,1983-12-05 19:00:00-05:00,0.0,2.462178945541382,2.3574059009552,2.435986042022705,118828,0.032276369631290436,0.0,0.0
TDS,1983-12-06 19:00:00-05:00,0.0,2.488373041152954,2.435986042022705,2.488373041152954,28633,0.03297046571969986,0.0,0.0
TDS,1983-12-07 19:00:00-05:00,0.0,2.488373041152954,2.409791946411133,2.435986042022705,43904,0.032276369631290436,0.0,0.0
TDS,1983-12-08 19:00:00-05:00,0.0,2.488373041152954,2.409791946411133,2.488373041152954,50108,0.03297046571969986,0.0,0.0
TDS,1983-12-11 19:00:00-05:00,0.0,2.514565944671631,2.409791946411133,2.488373041152954,15748,0.03297046571969986,0.0,0.0
TDS,1983-12-12 19:00:00-05:00,0.0,2.5407590866088867,2.488373041152954,2.5407590866088867,16703,0.03366459161043167,0.0,0.0
TDS,1983-12-13 19:00:00-05:00,0.0,2.5407590866088867,2.514565944671631,2.514565944671631,11930,0.03331751748919487,0.0,0.0
TDS,1983-12-14 19:00:00-05:00,0.0,2.5407590866088867,2.462178945541382,2.488373041152954,17180,0.03297046571969986,0.0,0.0
TDS,1983-12-15 19:00:00-05:00,0.0,2.5407590866088867,2.462178945541382,2.488373041152954,14317,0.03297046571969986,0.0,0.0
TDS,1983-12-18 19:00:00-05:00,0.0,2.514565944671631,2.462178945541382,2.514565944671631,6681,0.03331751748919487,0.0,0.0
TDS,1983-12-19 19:00:00-05:00,0.0,2.514565944671631,2.462178945541382,2.514565944671631,15748,0.03331751748919487,0.0,0.0
TDS,1983-12-20 19:00:00-05:00,0.0,2.514565944671631,2.462178945541382,2.462178945541382,22907,0.032623425126075745,0.0,0.0
TDS,1983-12-21 19:00:00-05:00,0.0,2.488373041152954,2.462178945541382,2.462178945541382,12408,0.032623425126075745,0.0,0.0
TDS,1983-12-22 19:00:00-05:00,0.0,2.488373041152954,2.462178945541382,2.462178945541382,16225,0.032623425126075745,0.0,0.0
TDS,1983-12-26 19:00:00-05:00,0.0,2.514565944671631,2.462178945541382,2.514565944671631,31496,0.03331751748919487,0.0,0.0
TDS,1983-12-27 19:00:00-05:00,0.0,2.5407590866088867,2.462178945541382,2.514565944671631,17180,0.03331751748919487,0.0,0.0
TDS,1983-12-28 19:00:00-05:00,0.0,2.488373041152954,2.409791946411133,2.409791946411133,31019,0.03192930296063423,0.0,0.0
TDS,1983-12-29 19:00:00-05:00,0.0,2.435986042022705,2.3574059009552,2.383599042892456,42950,0.03158224746584892,0.0,0.0
TDS,1984-01-02 19:00:00-05:00,0.0,2.514565944671631,2.383599042892456,2.488373041152954,21952,0.03297046571969986,0.0,0.0
TDS,1984-01-03 19:00:00-05:00,0.0,2.750307083129883,2.56695294380188,2.7241129875183105,87808,0.036093998700380325,0.0,0.0
TDS,1984-01-04 19:00:00-05:00,0.0,2.9074668884277344,2.750307083129883,2.8026928901672363,78741,0.03713517263531685,0.0,0.0
TDS,1984-01-05 19:00:00-05:00,0.0,2.8550798892974854,2.8026928901672363,2.8288869857788086,42473,0.03748220205307007,0.0,0.0
TDS,1984-01-08 19:00:00-05:00,0.0,2.8812739849090576,2.7764999866485596,2.8550798892974854,52971,0.03782927617430687,0.0,0.0
TDS,1984-01-09 19:00:00-05:00,0.0,2.8812739849090576,2.750307083129883,2.8026928901672363,20520,0.03713517263531685,0.0,0.0
TDS,1984-01-10 19:00:00-05:00,0.0,2.8550798892974854,2.7764999866485596,2.8550798892974854,10499,0.03782927617430687,0.0,0.0
TDS,1984-01-11 19:00:00-05:00,0.0,2.8812739849090576,2.8550798892974854,2.8812739849090576,33405,0.03817638009786606,0.0,0.0
TDS,1984-01-12 19:00:00-05:00,0.0,2.8812739849090576,2.8288869857788086,2.8288869857788086,16225,0.03748220205307007,0.0,0.0
TDS,1984-01-15 19:00:00-05:00,0.0,2.8288869857788086,2.7764999866485596,2.8288869857788086,12885,0.03748220205307007,0.0,0.0
TDS,1984-01-16 19:00:00-05:00,0.0,2.7764999866485596,2.7241129875183105,2.7764999866485596,12885,0.03678811341524124,0.0,0.0
TDS,1984-01-17 19:00:00-05:00,0.0,2.7764999866485596,2.7241129875183105,2.7764999866485596,7636,0.03678811341524124,0.0,0.0
TDS,1984-01-18 19:00:00-05:00,0.0,2.750307083129883,2.6717259883880615,2.750307083129883,40564,0.03644106909632683,0.0,0.0
TDS,1984-01-19 19:00:00-05:00,0.0,2.7241129875183105,2.6455330848693848,2.697920083999634,20520,0.03574693202972412,0.0,0.0
TDS,1984-01-22 19:00:00-05:00,0.0,2.6717259883880615,2.6455330848693848,2.6455330848693848,9067,0.035052817314863205,0.0,0.0
TDS,1984-01-23 19:00:00-05:00,0.0,2.6455330848693848,2.619339942932129,2.6455330848693848,43904,0.035052817314863205,0.0,0.0
TDS,1984-01-24 19:00:00-05:00,0.0,2.6455330848693848,2.5931460857391357,2.6455330848693848,17180,0.035052817314863205,0.0,0.0
TDS,1984-01-25 19:00:00-05:00,0.0,2.6455330848693848,2.5931460857391357,2.619339942932129,8113,0.0347057580947876,0.0,0.0
TDS,1984-01-26 19:00:00-05:00,0.0,2.619339942932129,2.56695294380188,2.619339942932129,49631,0.0347057580947876,0.0,0.0
TDS,1984-01-29 19:00:00-05:00,0.0,2.619339942932129,2.56695294380188,2.56695294380188,7158,0.03401167318224907,0.0,0.0
TDS,1984-01-30 19:00:00-05:00,0.0,2.619339942932129,2.56695294380188,2.56695294380188,27679,0.03401167318224907,0.0,0.0
TDS,1984-01-31 19:00:00-05:00,0.0,2.56695294380188,2.5407590866088867,2.56695294380188,9067,0.03401167318224907,0.0,0.0
TDS,1984-02-01 19:00:00-05:00,0.0,2.5931460857391357,2.514565944671631,2.514565944671631,65379,0.03331751748919487,0.0,0.0
TDS,1984-02-02 19:00:00-05:00,0.0,2.514565944671631,2.462178945541382,2.462178945541382,4772,0.032623425126075745,0.0,0.0
TDS,1984-02-05 19:00:00-05:00,0.0,2.462178945541382,2.435986042022705,2.435986042022705,19566,0.032276369631290436,0.0,0.0
TDS,1984-02-06 19:00:00-05:00,0.0,2.435986042022705,2.409791946411133,2.435986042022705,12885,0.032276369631290436,0.0,0.0
TDS,1984-02-07 19:00:00-05:00,0.0,2.409791946411133,2.3574059009552,2.3574059009552,9544,0.031235182657837868,0.0,0.0
TDS,1984-02-08 19:00:00-05:00,0.0,2.331212043762207,2.305018901824951,2.305018901824951,54880,0.030541066080331802,0.0,0.0
TDS,1984-02-09 19:00:00-05:00,0.0,2.383599042892456,2.305018901824951,2.305018901824951,36746,0.030541066080331802,0.0,0.0
TDS,1984-02-12 19:00:00-05:00,0.0,2.331212043762207,2.2788259983062744,2.305018901824951,54880,0.030541066080331802,0.0,0.0
TDS,1984-02-13 19:00:00-05:00,0.0,2.383599042892456,2.305018901824951,2.3574059009552,15748,0.031235182657837868,0.0,0.0
TDS,1984-02-14 19:00:00-05:00,0.0,2.462178945541382,2.383599042892456,2.462178945541382,16225,0.032623425126075745,0.0,0.0
TDS,1984-02-15 19:00:00-05:00,0.0,2.409791946411133,2.305018901824951,2.331212043762207,119782,0.0308881513774395,0.0,0.0
TDS,1984-02-16 19:00:00-05:00,0.0,2.3574059009552,2.331212043762207,2.331212043762207,9067,0.0308881513774395,0.0,0.0
TDS,1984-02-20 19:00:00-05:00,0.0,2.383599042892456,2.331212043762207,2.383599042892456,38655,0.03158224746584892,0.0,0.0
TDS,1984-02-21 19:00:00-05:00,0.0,2.383599042892456,2.331212043762207,2.3574059009552,7636,0.031235182657837868,0.0,0.0
TDS,1984-02-22 19:00:00-05:00,0.0,2.331212043762207,2.305018901824951,2.305018901824951,20998,0.030541066080331802,0.0,0.0
TDS,1984-02-23 19:00:00-05:00,0.0,2.331212043762207,2.305018901824951,2.305018901824951,25770,0.030541066080331802,0.0,0.0
TDS,1984-02-26 19:00:00-05:00,0.0,2.383599042892456,2.331212043762207,2.331212043762207,13362,0.0308881513774395,0.0,0.0
TDS,1984-02-27 19:00:00-05:00,0.0,2.305018901824951,2.305018901824951,2.305018901824951,19566,0.030541066080331802,0.0,0.0
TDS,1984-02-28 19:00:00-05:00,0.0,2.331212043762207,2.2788259983062744,2.331212043762207,21952,0.0308881513774395,0.0,0.0
TDS,1984-02-29 19:00:00-05:00,0.0,2.331212043762207,2.2788259983062744,2.331212043762207,12408,0.0308881513774395,0.0,0.0
TDS,1984-03-01 19:00:00-05:00,0.0,2.3574059009552,2.331212043762207,2.331212043762207,2386,0.0308881513774395,0.0,0.0
TDS,1984-03-04 19:00:00-05:00,0.0,2.3574059009552,2.331212043762207,2.331212043762207,7636,0.0308881513774395,0.0,0.0
TDS,1984-03-05 19:00:00-05:00,0.0,2.331212043762207,2.2788259983062744,2.2788259983062744,15748,0.030194008722901344,0.0,0.0
TDS,1984-03-06 19:00:00-05:00,0.0,2.305018901824951,2.2788259983062744,2.2788259983062744,19089,0.030194008722901344,0.0,0.0
TDS,1984-03-07 19:00:00-05:00,0.0,2.305018901824951,2.2788259983062744,2.305018901824951,12885,0.030541066080331802,0.0,0.0
TDS,1984-03-08 19:00:00-05:00,0.0,2.331212043762207,2.305018901824951,2.331212043762207,4772,0.0308881513774395,0.0,0.0
TDS,1984-03-11 19:00:00-05:00,0.0,2.305018901824951,2.2788259983062744,2.305018901824951,13362,0.030541066080331802,0.0,0.0
TDS,1984-03-12 19:00:00-05:00,0.0,2.305018901824951,2.2788259983062744,2.2788259983062744,46768,0.030194008722901344,0.0,0.0
TDS,1984-03-13 19:00:00-05:00,0.0,2.305018901824951,2.252631902694702,2.252631902694702,18134,0.029846958816051483,0.0,0.0
TDS,1984-03-14 19:00:00-05:00,0.0,2.252631902694702,2.2264389991760254,2.252631902694702,6681,0.029846958816051483,0.0,0.0
TDS,1984-03-15 19:00:00-05:00,0.0,2.2788259983062744,2.2264389991760254,2.2264389991760254,13362,0.029499899595975876,0.0,0.0
TDS,1984-03-18 19:00:00-05:00,0.0,2.2788259983062744,2.2264389991760254,2.252631902694702,28633,0.029846958816051483,0.0,0.0
TDS,1984-03-19 19:00:00-05:00,0.0,2.305018901824951,2.2788259983062744,2.305018901824951,78264,0.030541066080331802,0.0,0.0
TDS,1984-03-20 19:00:00-05:00,0.0,2.2788259983062744,2.252631902694702,2.252631902694702,11453,0.029846958816051483,0.0,0.0
TDS,1984-03-21 19:00:00-05:00,0.0,2.2788259983062744,2.252631902694702,2.252631902694702,3818,0.029846958816051483,0.0,0.0
TDS,1984-03-22 19:00:00-05:00,0.0,2.2788259983062744,2.2264389991760254,2.2264389991760254,7636,0.029499899595975876,0.0,0.0
TDS,1984-03-25 19:00:00-05:00,0.0,2.2264389991760254,2.1478590965270996,2.1740520000457764,45813,0.02880578115582466,0.0,0.0
TDS,1984-03-26 19:00:00-05:00,0.0,2.1478590965270996,2.1216650009155273,2.1216650009155273,25770,0.028111668303608894,0.0,0.0
TDS,1984-03-27 19:00:00-05:00,0.0,2.1478590965270996,2.1216650009155273,2.1216650009155273,25770,0.028111668303608894,0.0,0.0
TDS,1984-03-28 19:00:00-05:00,0.0,2.1478590965270996,2.0954720973968506,2.1216650009155273,32451,0.028111668303608894,0.0,0.0
TDS,1984-03-29 19:00:00-05:00,0.0,2.1740520000457764,2.1216650009155273,2.1740520000457764,16703,0.02880578115582466,0.0,0.0
TDS,1984-04-01 19:00:00-05:00,0.0,2.1478590965270996,2.0692780017852783,2.0954720973968506,76355,0.02776462212204933,0.0,0.0
TDS,1984-04-02 19:00:00-05:00,0.0,2.0954720973968506,2.0692780017852783,2.0692780017852783,30542,0.027417555451393127,0.0,0.0
TDS,1984-04-03 19:00:00-05:00,0.0,2.1216650009155273,2.0692780017852783,2.1216650009155273,34360,0.028111668303608894,0.0,0.0
TDS,1984-04-04 19:00:00-05:00,0.0,2.1216650009155273,2.0954720973968506,2.0954720973968506,7158,0.02776462212204933,0.0,0.0
TDS,1984-04-05 19:00:00-05:00,0.0,2.1216650009155273,2.0954720973968506,2.0954720973968506,14317,0.02776462212204933,0.0,0.0
TDS,1984-04-08 19:00:00-05:00,0.0,2.1216650009155273,2.0954720973968506,2.0954720973968506,3341,0.02776462212204933,0.0,0.0
TDS,1984-04-09 19:00:00-05:00,0.0,2.1216650009155273,2.0954720973968506,2.1216650009155273,75878,0.028111668303608894,0.0,0.0
TDS,1984-04-10 19:00:00-05:00,0.0,2.1478590965270996,2.0954720973968506,2.1478590965270996,4295,0.028458738699555397,0.0,0.0
TDS,1984-04-11 19:00:00-05:00,0.0,2.1478590965270996,2.1216650009155273,2.1478590965270996,10976,0.028458738699555397,0.0,0.0
TDS,1984-04-12 19:00:00-05:00,0.0,2.1740520000457764,2.1478590965270996,2.1478590965270996,11930,0.028458738699555397,0.0,0.0
TDS,1984-04-15 19:00:00-05:00,0.0,2.1740520000457764,2.1216650009155273,2.1478590965270996,10976,0.028458738699555397,0.0,0.0
TDS,1984-04-16 19:00:00-05:00,0.0,2.252631902694702,2.1740520000457764,2.252631902694702,3818,0.029846958816051483,0.0,0.0
TDS,1984-04-17 19:00:00-05:00,0.0,2.252631902694702,2.2264389991760254,2.252631902694702,24815,0.029846958816051483,0.0,0.0
TDS,1984-04-18 19:00:00-05:00,0.0,2.2264389991760254,2.1740520000457764,2.1740520000457764,31019,0.02880578115582466,0.0,0.0
TDS,1984-04-22 19:00:00-05:00,0.0,2.1216650009155273,2.0168919563293457,2.0692780017852783,51062,0.027417555451393127,0.0,0.0
TDS,1984-04-23 19:00:00-05:00,0.0,2.0430850982666016,1.9645049571990967,1.9645049571990967,17657,0.026029331609606743,0.0,0.0
TDS,1984-04-24 19:00:00-05:00,0.0,1.990697979927063,1.9645049571990967,1.9645049571990967,12408,0.026029331609606743,0.0,0.0
TDS,1984-04-25 19:00:00-05:00,0.0,2.0168919563293457,1.9645049571990967,1.990697979927063,10022,0.026376385241746902,0.0,0.0
TDS,1984-04-26 19:00:00-05:00,0.0,1.990697979927063,1.938310980796814,1.938310980796814,197092,0.025682242587208748,0.0,0.0
TDS,1984-04-29 20:00:00-04:00,0.0,2.0430850982666016,1.938310980796814,2.0430850982666016,32928,0.027070488780736923,0.0,0.0
TDS,1984-04-30 20:00:00-04:00,0.0,2.1216650009155273,2.0692780017852783,2.0954720973968506,23861,0.02776462212204933,0.0,0.0
TDS,1984-05-01 20:00:00-04:00,0.0,2.0954720973968506,2.0430850982666016,2.0430850982666016,19566,0.027070488780736923,0.0,0.0
TDS,1984-05-02 20:00:00-04:00,0.0,2.0954720973968506,2.0430850982666016,2.0954720973968506,236701,0.02776462212204933,0.0,0.0
TDS,1984-05-03 20:00:00-04:00,0.0,2.0692780017852783,2.0692780017852783,2.0692780017852783,3818,0.027417555451393127,0.0,0.0
TDS,1984-05-06 20:00:00-04:00,0.0,2.0954720973968506,2.0692780017852783,2.0692780017852783,3341,0.027417555451393127,0.0,0.0
TDS,1984-05-07 20:00:00-04:00,0.0,2.0954720973968506,2.0692780017852783,2.0692780017852783,10022,0.027417555451393127,0.0,0.0
TDS,1984-05-08 20:00:00-04:00,0.0,2.0954720973968506,2.0692780017852783,2.0692780017852783,21952,0.027417555451393127,0.0,0.0
TDS,1984-05-09 20:00:00-04:00,0.0,2.1216650009155273,2.0692780017852783,2.1216650009155273,5727,0.028111668303608894,0.0,0.0
TDS,1984-05-10 20:00:00-04:00,0.0,2.1478590965270996,2.0692780017852783,2.0954720973968506,22907,0.02776462212204933,0.0,0.0
TDS,1984-05-13 20:00:00-04:00,0.0,2.1216650009155273,2.0692780017852783,2.1216650009155273,12885,0.028111668303608894,0.0,0.0
TDS,1984-05-14 20:00:00-04:00,0.0,2.1478590965270996,2.0954720973968506,2.0954720973968506,8113,0.02776462212204933,0.0,0.0
TDS,1984-05-15 20:00:00-04:00,0.0,2.1740520000457764,2.0954720973968506,2.1740520000457764,64902,0.02880578115582466,0.0,0.0
TDS,1984-05-16 20:00:00-04:00,0.0,2.1740520000457764,2.1216650009155273,2.1216650009155273,20520,0.028111668303608894,0.0,0.0
TDS,1984-05-17 20:00:00-04:00,0.0,2.1216650009155273,2.0954720973968506,2.0954720973968506,11453,0.02776462212204933,0.0,0.0
TDS,1984-05-20 20:00:00-04:00,0.0,2.1478590965270996,2.0954720973968506,2.0954720973968506,8113,0.02776462212204933,0.0,0.0
TDS,1984-05-21 20:00:00-04:00,0.0,2.0954720973968506,2.0692780017852783,2.0954720973968506,5727,0.02776462212204933,0.0,0.0
TDS,1984-05-22 20:00:00-04:00,0.0,2.0954720973968506,2.0692780017852783,2.0954720973968506,8590,0.02776462212204933,0.0,0.0
TDS,1984-05-23 20:00:00-04:00,0.0,2.0954720973968506,2.0168919563293457,2.0168919563293457,18612,0.02672344632446766,0.0,0.0
TDS,1984-05-24 20:00:00-04:00,0.0,2.0430850982666016,2.0430850982666016,2.0430850982666016,954,0.027070488780736923,0.0,0.0
TDS,1984-05-28 20:00:00-04:00,0.0,2.0430850982666016,2.0168919563293457,2.0168919563293457,6204,0.02672344632446766,0.0,0.0
TDS,1984-05-29 20:00:00-04:00,0.0,2.0168919563293457,1.9121179580688477,1.990697979927063,143166,0.026376385241746902,0.0,0.0
TDS,1984-05-30 20:00:00-04:00,0.0,1.990697979927063,1.9645049571990967,1.9645049571990967,13362,0.026029331609606743,0.0,0.0
TDS,1984-05-31 20:00:00-04:00,0.0,2.0168919563293457,1.9645049571990967,2.0168919563293457,12408,0.02672344632446766,0.0,0.0
TDS,1984-06-03 20:00:00-04:00,0.0,2.0692780017852783,2.0168919563293457,2.0430850982666016,16703,0.027070488780736923,0.0,0.0
TDS,1984-06-04 20:00:00-04:00,0.0,2.0954720973968506,2.0430850982666016,2.0954720973968506,10022,0.02776462212204933,0.0,0.0
TDS,1984-06-05 20:00:00-04:00,0.0,2.0954720973968506,2.0692780017852783,2.0954720973968506,11453,0.02776462212204933,0.0,0.0
TDS,1984-06-06 20:00:00-04:00,0.0,2.0954720973968506,2.0430850982666016,2.0430850982666016,4295,0.027070488780736923,0.0,0.0
TDS,1984-06-07 20:00:00-04:00,0.0,2.0430850982666016,1.990697979927063,2.0430850982666016,20043,0.027070488780736923,0.0,0.0
TDS,1984-06-10 20:00:00-04:00,0.0,2.0430850982666016,2.0168919563293457,2.0168919563293457,9544,0.02672344632446766,0.0,0.0
TDS,1984-06-11 20:00:00-04:00,0.0,2.0168919563293457,1.9645049571990967,1.9645049571990967,20043,0.026029331609606743,0.0,0.0
TDS,1984-06-12 20:00:00-04:00,0.0,1.9645049571990967,1.938310980796814,1.938310980796814,20043,0.025682242587208748,0.0,0.0
TDS,1984-06-13 20:00:00-04:00,0.0,1.9645049571990967,1.9121179580688477,1.938310980796814,8113,0.025682242587208748,0.0,0.0
TDS,1984-06-14 20:00:00-04:00,0.0,1.990697979927063,1.938310980796814,1.938310980796814,8590,0.025682242587208748,0.0,0.0
TDS,1984-06-17 20:00:00-04:00,0.0,2.0430850982666016,1.9645049571990967,2.0168919563293457,20998,0.02672344632446766,0.0,0.0
TDS,1984-06-18 20:00:00-04:00,0.0,2.0430850982666016,2.0168919563293457,2.0430850982666016,35791,0.027070488780736923,0.0,0.0
TDS,1984-06-19 20:00:00-04:00,0.0,2.0430850982666016,2.0168919563293457,2.0168919563293457,51062,0.02672344632446766,0.0,0.0
TDS,1984-06-20 20:00:00-04:00,0.0,2.0692780017852783,2.0430850982666016,2.0430850982666016,3341,0.027070488780736923,0.0,0.0
TDS,1984-06-21 20:00:00-04:00,0.0,2.0430850982666016,2.0430850982666016,2.0430850982666016,4295,0.027070488780736923,0.0,0.0
TDS,1984-06-24 20:00:00-04:00,0.0,2.0692780017852783,2.0168919563293457,2.0168919563293457,10022,0.02672344632446766,0.0,0.0
TDS,1984-06-25 20:00:00-04:00,0.0,2.0168919563293457,2.0168919563293457,2.0168919563293457,4772,0.02672344632446766,0.0,0.0
TDS,1984-06-26 20:00:00-04:00,0.0,2.0430850982666016,2.0168919563293457,2.0430850982666016,3818,0.027070488780736923,0.0,0.0
TDS,1984-06-27 20:00:00-04:00,0.0,2.0692780017852783,2.0168919563293457,2.0692780017852783,8590,0.027417555451393127,0.0,0.0
TDS,1984-06-28 20:00:00-04:00,0.0,2.0430850982666016,2.0430850982666016,2.0430850982666016,5249,0.027070488780736923,0.0,0.0
TDS,1984-07-01 20:00:00-04:00,0.0,2.0430850982666016,2.0430850982666016,2.0430850982666016,1909,0.027070488780736923,0.0,0.0
TDS,1984-07-02 20:00:00-04:00,0.0,2.0692780017852783,2.0168919563293457,2.0692780017852783,67765,0.027417555451393127,0.0,0.0
TDS,1984-07-04 20:00:00-04:00,0.0,2.0954720973968506,2.0954720973968506,2.0954720973968506,9544,0.02776462212204933,0.0,0.0
TDS,1984-07-05 20:00:00-04:00,0.0,2.0692780017852783,2.0430850982666016,2.0430850982666016,27679,0.027070488780736923,0.0,0.0
TDS,1984-07-08 20:00:00-04:00,0.0,2.0954720973968506,2.0168919563293457,2.0954720973968506,19089,0.02776462212204933,0.0,0.0
TDS,1984-07-09 20:00:00-04:00,0.0,2.0954720973968506,2.0692780017852783,2.0692780017852783,3341,0.027417555451393127,0.0,0.0
TDS,1984-07-10 20:00:00-04:00,0.0,2.0954720973968506,1.938310980796814,1.9645049571990967,298262,0.026029331609606743,0.0,0.0
TDS,1984-07-11 20:00:00-04:00,0.0,2.0168919563293457,1.990697979927063,2.0168919563293457,4772,0.02672344632446766,0.0,0.0
TDS,1984-07-12 20:00:00-04:00,0.0,2.0430850982666016,1.990697979927063,2.0168919563293457,20043,0.02672344632446766,0.0,0.0
TDS,1984-07-15 20:00:00-04:00,0.0,2.0430850982666016,1.990697979927063,2.0430850982666016,21475,0.027070488780736923,0.0,0.0
TDS,1984-07-16 20:00:00-04:00,0.0,2.0692780017852783,2.0430850982666016,2.0430850982666016,42473,0.027070488780736923,0.0,0.0
TDS,1984-07-17 20:00:00-04:00,0.0,2.0692780017852783,2.0692780017852783,2.0692780017852783,12408,0.027417555451393127,0.0,0.0
TDS,1984-07-18 20:00:00-04:00,0.0,2.0692780017852783,2.0430850982666016,2.0692780017852783,23861,0.027417555451393127,0.0,0.0
TDS,1984-07-19 20:00:00-04:00,0.0,2.0692780017852783,2.0430850982666016,2.0430850982666016,5727,0.027070488780736923,0.0,0.0
TDS,1984-07-22 20:00:00-04:00,0.0,2.0692780017852783,2.0430850982666016,2.0692780017852783,14317,0.027417555451393127,0.0,0.0
TDS,1984-07-23 20:00:00-04:00,0.0,2.0692780017852783,2.0430850982666016,2.0430850982666016,23861,0.027070488780736923,0.0,0.0
TDS,1984-07-24 20:00:00-04:00,0.0,2.0692780017852783,2.0168919563293457,2.0430850982666016,5727,0.027070488780736923,0.0,0.0
TDS,1984-07-25 20:00:00-04:00,0.0,2.0430850982666016,2.0430850982666016,2.0430850982666016,8590,0.027070488780736923,0.0,0.0
TDS,1984-07-26 20:00:00-04:00,0.0,2.0692780017852783,2.0430850982666016,2.0692780017852783,9067,0.027417555451393127,0.0,0.0
TDS,1984-07-29 20:00:00-04:00,0.0,2.0692780017852783,2.0430850982666016,2.0692780017852783,7636,0.027417555451393127,0.0,0.0
TDS,1984-07-30 20:00:00-04:00,0.0,2.0430850982666016,2.0430850982666016,2.0430850982666016,5727,0.027070488780736923,0.0,0.0
TDS,1984-07-31 20:00:00-04:00,0.0,2.0692780017852783,2.0168919563293457,2.0430850982666016,9067,0.027070488780736923,0.0,0.0
TDS,1984-08-01 20:00:00-04:00,0.0,2.0692780017852783,2.0430850982666016,2.0430850982666016,13362,0.027070488780736923,0.0,0.0
TDS,1984-08-02 20:00:00-04:00,0.0,2.0954720973968506,2.0430850982666016,2.0430850982666016,41995,0.027070488780736923,0.0,0.0
TDS,1984-08-05 20:00:00-04:00,0.0,2.0954720973968506,2.0430850982666016,2.0430850982666016,29588,0.027070488780736923,0.0,0.0
TDS,1984-08-06 20:00:00-04:00,0.0,2.0692780017852783,2.0430850982666016,2.0430850982666016,5249,0.027070488780736923,0.0,0.0
TDS,1984-08-07 20:00:00-04:00,0.0,2.0168919563293457,1.990697979927063,1.990697979927063,13839,0.026376385241746902,0.0,0.0
TDS,1984-08-08 20:00:00-04:00,0.0,1.990697979927063,1.990697979927063,1.990697979927063,26247,0.026376385241746902,0.0,0.0
TDS,1984-08-09 20:00:00-04:00,0.0,1.990697979927063,1.9645049571990967,1.9645049571990967,10022,0.026029331609606743,0.0,0.0
TDS,1984-08-12 20:00:00-04:00,0.0,1.9645049571990967,1.938310980796814,1.938310980796814,21952,0.025682242587208748,0.0,0.0
TDS,1984-08-13 20:00:00-04:00,0.0,1.9645049571990967,1.938310980796814,1.9645049571990967,31496,0.026029331609606743,0.0,0.0
TDS,1984-08-14 20:00:00-04:00,0.0,1.9645049571990967,1.938310980796814,1.9645049571990967,10022,0.026029331609606743,0.0,0.0
TDS,1984-08-15 20:00:00-04:00,0.0,1.9645049571990967,1.938310980796814,1.9645049571990967,8590,0.026029331609606743,0.0,0.0
TDS,1984-08-16 20:00:00-04:00,0.0,1.938310980796814,1.885925054550171,1.885925054550171,52017,0.024988144636154175,0.0,0.0
TDS,1984-08-19 20:00:00-04:00,0.0,1.938310980796814,1.885925054550171,1.938310980796814,15271,0.025682242587208748,0.0,0.0
TDS,1984-08-20 20:00:00-04:00,0.0,1.9645049571990967,1.885925054550171,1.938310980796814,31019,0.025682242587208748,0.0,0.0
TDS,1984-08-21 20:00:00-04:00,0.0,1.9645049571990967,1.938310980796814,1.9645049571990967,53926,0.026029331609606743,0.0,0.0
TDS,1984-08-22 20:00:00-04:00,0.0,1.9645049571990967,1.938310980796814,1.9645049571990967,40564,0.026029331609606743,0.0,0.0
TDS,1984-08-23 20:00:00-04:00,0.0,2.0168919563293457,1.9645049571990967,2.0168919563293457,23384,0.02672344632446766,0.0,0.0
TDS,1984-08-26 20:00:00-04:00,0.0,2.0430850982666016,1.990697979927063,2.0168919563293457,39609,0.02672344632446766,0.0,0.0
TDS,1984-08-27 20:00:00-04:00,0.0,2.0692780017852783,2.0168919563293457,2.0692780017852783,9544,0.027417555451393127,0.0,0.0
TDS,1984-08-28 20:00:00-04:00,0.0,2.0692780017852783,2.0430850982666016,2.0430850982666016,7636,0.027070488780736923,0.0,0.0
TDS,1984-08-29 20:00:00-04:00,0.0,2.0168919563293457,1.990697979927063,1.990697979927063,10499,0.026376385241746902,0.0,0.0
TDS,1984-08-30 20:00:00-04:00,0.0,2.0430850982666016,1.990697979927063,2.0168919563293457,9067,0.02672344632446766,0.0,0.0
TDS,1984-09-03 20:00:00-04:00,0.0,2.0168919563293457,1.9645049571990967,1.9645049571990967,116442,0.026029331609606743,0.0,0.0
TDS,1984-09-04 20:00:00-04:00,0.0,1.9645049571990967,1.938310980796814,1.9645049571990967,23861,0.026029331609606743,0.0,0.0
TDS,1984-09-05 20:00:00-04:00,0.0,1.990697979927063,1.885925054550171,1.938310980796814,118828,0.025682242587208748,0.0,0.0
TDS,1984-09-06 20:00:00-04:00,0.0,1.938310980796814,1.885925054550171,1.9121179580688477,13839,0.025335198268294334,0.0,0.0
TDS,1984-09-09 20:00:00-04:00,0.0,1.885925054550171,1.8597309589385986,1.885925054550171,13362,0.024988144636154175,0.0,0.0
TDS,1984-09-10 20:00:00-04:00,0.0,1.9121179580688477,1.8597309589385986,1.885925054550171,29110,0.024988144636154175,0.0,0.0
TDS,1984-09-11 20:00:00-04:00,0.0,1.885925054550171,1.8597309589385986,1.885925054550171,10022,0.024988144636154175,0.0,0.0
TDS,1984-09-12 20:00:00-04:00,0.0,1.9645049571990967,1.885925054550171,1.938310980796814,23384,0.025682242587208748,0.0,0.0
TDS,1984-09-13 20:00:00-04:00,0.0,1.9645049571990967,1.885925054550171,1.9121179580688477,46768,0.025335198268294334,0.0,0.0
TDS,1984-09-16 20:00:00-04:00,0.0,1.938310980796814,1.9121179580688477,1.9121179580688477,12885,0.025335198268294334,0.0,0.0
TDS,1984-09-17 20:00:00-04:00,0.0,1.9645049571990967,1.9121179580688477,1.9121179580688477,23384,0.025335198268294334,0.0,0.0
TDS,1984-09-18 20:00:00-04:00,0.0,1.938310980796814,1.9121179580688477,1.9121179580688477,16703,0.025335198268294334,0.0,0.0
TDS,1984-09-19 20:00:00-04:00,0.0,1.9645049571990967,1.9121179580688477,1.9645049571990967,34837,0.026029331609606743,0.0,0.0
TDS,1984-09-20 20:00:00-04:00,0.0,1.990697979927063,1.938310980796814,1.990697979927063,220475,0.026376385241746902,0.0,0.0
TDS,1984-09-23 20:00:00-04:00,0.0,2.0430850982666016,1.990697979927063,2.0430850982666016,27679,0.027070488780736923,0.0,0.0
TDS,1984-09-24 20:00:00-04:00,0.0,2.0430850982666016,1.990697979927063,2.0430850982666016,443814,0.027070488780736923,0.0,0.0
TDS,1984-09-25 20:00:00-04:00,0.0,2.0430850982666016,1.990697979927063,1.990697979927063,42473,0.026376385241746902,0.0,0.0
TDS,1984-09-26 20:00:00-04:00,0.0,2.0168919563293457,1.990697979927063,2.0168919563293457,13362,0.02672344632446766,0.0,0.0
TDS,1984-09-27 20:00:00-04:00,0.0,2.0168919563293457,2.0168919563293457,2.0168919563293457,4772,0.02672344632446766,0.0,0.0
TDS,1984-09-30 20:00:00-04:00,0.0,2.0168919563293457,1.990697979927063,1.990697979927063,8590,0.026376385241746902,0.0,0.0
TDS,1984-10-01 20:00:00-04:00,0.0,1.990697979927063,1.990697979927063,1.990697979927063,10499,0.026376385241746902,0.0,0.0
TDS,1984-10-02 20:00:00-04:00,0.0,1.990697979927063,1.9645049571990967,1.9645049571990967,69674,0.026029331609606743,0.0,0.0
TDS,1984-10-03 20:00:00-04:00,0.0,1.990697979927063,1.9645049571990967,1.9645049571990967,5249,0.026029331609606743,0.0,0.0
TDS,1984-10-04 20:00:00-04:00,0.0,2.0168919563293457,1.9645049571990967,1.990697979927063,17657,0.026376385241746902,0.0,0.0
TDS,1984-10-07 20:00:00-04:00,0.0,1.990697979927063,1.9645049571990967,1.990697979927063,21475,0.026376385241746902,0.0,0.0
TDS,1984-10-08 20:00:00-04:00,0.0,2.0168919563293457,1.990697979927063,1.990697979927063,13362,0.026376385241746902,0.0,0.0
TDS,1984-10-09 20:00:00-04:00,0.0,2.0168919563293457,1.990697979927063,1.990697979927063,11930,0.026376385241746902,0.0,0.0
TDS,1984-10-10 20:00:00-04:00,0.0,2.0168919563293457,2.0168919563293457,2.0168919563293457,2863,0.02672344632446766,0.0,0.0
TDS,1984-10-11 20:00:00-04:00,0.0,2.0168919563293457,1.990697979927063,2.0168919563293457,8113,0.02672344632446766,0.0,0.0
TDS,1984-10-14 20:00:00-04:00,0.0,1.990697979927063,1.938310980796814,1.9645049571990967,24815,0.026029331609606743,0.0,0.0
TDS,1984-10-15 20:00:00-04:00,0.0,1.990697979927063,1.938310980796814,1.938310980796814,17180,0.025682242587208748,0.0,0.0
TDS,1984-10-16 20:00:00-04:00,0.0,1.938310980796814,1.938310980796814,1.938310980796814,18612,0.025682242587208748,0.0,0.0
TDS,1984-10-17 20:00:00-04:00,0.0,1.9645049571990967,1.9121179580688477,1.9645049571990967,48676,0.026029331609606743,0.0,0.0
TDS,1984-10-18 20:00:00-04:00,0.0,1.990697979927063,1.938310980796814,1.938310980796814,52971,0.025682242587208748,0.0,0.0
TDS,1984-10-21 20:00:00-04:00,0.0,1.990697979927063,1.938310980796814,1.938310980796814,14317,0.025682242587208748,0.0,0.0
TDS,1984-10-22 20:00:00-04:00,0.0,1.9645049571990967,1.9121179580688477,1.9121179580688477,8590,0.025335198268294334,0.0,0.0
TDS,1984-10-23 20:00:00-04:00,0.0,1.938310980796814,1.885925054550171,1.9121179580688477,31019,0.025335198268294334,0.0,0.0
TDS,1984-10-24 20:00:00-04:00,0.0,1.9121179580688477,1.9121179580688477,1.9121179580688477,3818,0.025335198268294334,0.0,0.0
TDS,1984-10-25 20:00:00-04:00,0.0,1.9645049571990967,1.938310980796814,1.938310980796814,10976,0.025682242587208748,0.0,0.0
TDS,1984-10-28 19:00:00-05:00,0.0,1.9645049571990967,1.9121179580688477,1.9645049571990967,29588,0.026029331609606743,0.0,0.0
TDS,1984-10-29 19:00:00-05:00,0.0,1.938310980796814,1.9121179580688477,1.9121179580688477,23861,0.025335198268294334,0.0,0.0
TDS,1984-10-30 19:00:00-05:00,0.0,1.938310980796814,1.9121179580688477,1.9121179580688477,16225,0.025335198268294334,0.0,0.0
TDS,1984-10-31 19:00:00-05:00,0.0,1.938310980796814,1.9121179580688477,1.938310980796814,15271,0.025682242587208748,0.0,0.0
TDS,1984-11-01 19:00:00-05:00,0.0,1.9645049571990967,1.9121179580688477,1.938310980796814,14317,0.025682242587208748,0.0,0.0
TDS,1984-11-04 19:00:00-05:00,0.0,1.938310980796814,1.9121179580688477,1.9121179580688477,18612,0.025335198268294334,0.0,0.0
TDS,1984-11-05 19:00:00-05:00,0.0,1.9645049571990967,1.9121179580688477,1.9645049571990967,15748,0.026029331609606743,0.0,0.0
TDS,1984-11-06 19:00:00-05:00,0.0,1.990697979927063,1.9645049571990967,1.990697979927063,34360,0.026376385241746902,0.0,0.0
TDS,1984-11-07 19:00:00-05:00,0.0,1.990697979927063,1.9645049571990967,1.9645049571990967,32451,0.026029331609606743,0.0,0.0
TDS,1984-11-08 19:00:00-05:00,0.0,1.9645049571990967,1.938310980796814,1.9645049571990967,21475,0.026029331609606743,0.0,0.0
TDS,1984-11-11 19:00:00-05:00,0.0,1.9645049571990967,1.9121179580688477,1.938310980796814,27202,0.025682242587208748,0.0,0.0
TDS,1984-11-12 19:00:00-05:00,0.0,1.938310980796814,1.885925054550171,1.885925054550171,258176,0.024988144636154175,0.0,0.0
TDS,1984-11-13 19:00:00-05:00,0.0,1.9121179580688477,1.8597309589385986,1.8597309589385986,51540,0.024641094729304314,0.0,0.0
TDS,1984-11-14 19:00:00-05:00,0.0,1.9121179580688477,1.8597309589385986,1.885925054550171,115487,0.024988144636154175,0.0,0.0
TDS,1984-11-15 19:00:00-05:00,0.0,1.8597309589385986,1.8073439598083496,1.8335380554199219,74923,0.02429402619600296,0.0,0.0
TDS,1984-11-18 19:00:00-05:00,0.0,1.8335380554199219,1.8073439598083496,1.8073439598083496,59175,0.02394695021212101,0.0,0.0
TDS,1984-11-19 19:00:00-05:00,0.0,1.8597309589385986,1.8073439598083496,1.8335380554199219,37223,0.02429402619600296,0.0,0.0
TDS,1984-11-20 19:00:00-05:00,0.0,1.8597309589385986,1.8073439598083496,1.8597309589385986,21952,0.024641094729304314,0.0,0.0
TDS,1984-11-22 19:00:00-05:00,0.0,1.885925054550171,1.8597309589385986,1.8597309589385986,36269,0.024641094729304314,0.0,0.0
TDS,1984-11-25 19:00:00-05:00,0.0,1.8335380554199219,1.8073439598083496,1.8335380554199219,21475,0.02429402619600296,0.0,0.0
TDS,1984-11-26 19:00:00-05:00,0.0,1.8335380554199219,1.8073439598083496,1.8073439598083496,7636,0.02394695021212101,0.0,0.0
TDS,1984-11-27 19:00:00-05:00,0.0,1.8073439598083496,1.7811510562896729,1.7811510562896729,66334,0.02359991893172264,0.0,0.0
TDS,1984-11-28 19:00:00-05:00,0.0,1.7811510562896729,1.7287640571594238,1.7811510562896729,23384,0.02359991893172264,0.0,0.0
TDS,1984-11-29 19:00:00-05:00,0.0,1.7549580335617065,1.7287640571594238,1.7287640571594238,13362,0.022905796766281128,0.0,0.0
TDS,1984-12-02 19:00:00-05:00,0.0,1.7811510562896729,1.7287640571594238,1.7811510562896729,34837,0.02359991893172264,0.0,0.0
TDS,1984-12-03 19:00:00-05:00,0.0,1.8073439598083496,1.7549580335617065,1.8073439598083496,38655,0.02394695021212101,0.0,0.0
TDS,1984-12-04 19:00:00-05:00,0.0,1.7811510562896729,1.7549580335617065,1.7811510562896729,10022,0.02359991893172264,0.0,0.0
TDS,1984-12-05 19:00:00-05:00,0.0,1.8335380554199219,1.7549580335617065,1.8335380554199219,81127,0.02429402619600296,0.0,0.0
TDS,1984-12-06 19:00:00-05:00,0.0,1.8335380554199219,1.7811510562896729,1.8335380554199219,468630,0.02429402619600296,0.0,0.0
TDS,1984-12-09 19:00:00-05:00,0.0,1.8597309589385986,1.8073439598083496,1.8335380554199219,288718,0.02429402619600296,0.0,0.0
TDS,1984-12-10 19:00:00-05:00,0.0,1.885925054550171,1.8335380554199219,1.885925054550171,100216,0.024988144636154175,0.0,0.0
TDS,1984-12-11 19:00:00-05:00,0.0,1.885925054550171,1.8597309589385986,1.885925054550171,69674,0.024988144636154175,0.0,0.0
TDS,1984-12-12 19:00:00-05:00,0.0,1.885925054550171,1.8073439598083496,1.885925054550171,24815,0.024988144636154175,0.0,0.0
TDS,1984-12-13 19:00:00-05:00,0.0,1.885925054550171,1.8335380554199219,1.885925054550171,42950,0.024988144636154175,0.0,0.0
TDS,1984-12-16 19:00:00-05:00,0.0,1.885925054550171,1.8597309589385986,1.8597309589385986,17657,0.024641094729304314,0.0,0.0
TDS,1984-12-17 19:00:00-05:00,0.0,1.9121179580688477,1.885925054550171,1.9121179580688477,62039,0.025335198268294334,0.0,0.0
TDS,1984-12-18 19:00:00-05:00,0.0,1.938310980796814,1.9121179580688477,1.9121179580688477,108806,0.025335198268294334,0.0,0.0
TDS,1984-12-19 19:00:00-05:00,0.0,1.9121179580688477,1.885925054550171,1.9121179580688477,31974,0.025335198268294334,0.0,0.0
TDS,1984-12-20 19:00:00-05:00,0.0,1.9121179580688477,1.885925054550171,1.885925054550171,35791,0.024988144636154175,0.0,0.0
TDS,1984-12-23 19:00:00-05:00,0.0,1.938310980796814,1.885925054550171,1.9121179580688477,36746,0.025335198268294334,0.0,0.0
TDS,1984-12-25 19:00:00-05:00,0.0,1.938310980796814,1.9121179580688477,1.9121179580688477,9544,0.025335198268294334,0.0,0.0
TDS,1984-12-26 19:00:00-05:00,0.0,1.938310980796814,1.9121179580688477,1.9121179580688477,26247,0.025335198268294334,0.0,0.0
TDS,1984-12-27 19:00:00-05:00,0.0,1.938310980796814,1.9121179580688477,1.938310980796814,90672,0.025682242587208748,0.0,0.0
TDS,1984-12-30 19:00:00-05:00,0.0,1.938310980796814,1.9121179580688477,1.9121179580688477,31496,0.025335198268294334,0.0,0.0
TDS,1985-01-01 19:00:00-05:00,0.0,2.0692780017852783,1.9645049571990967,2.0692780017852783,64425,0.027417555451393127,0.0,0.0
TDS,1985-01-02 19:00:00-05:00,0.0,2.0692780017852783,2.0168919563293457,2.0692780017852783,21952,0.027417555451393127,0.0,0.0
TDS,1985-01-03 19:00:00-05:00,0.0,2.0430850982666016,1.990697979927063,1.990697979927063,25770,0.026376385241746902,0.0,0.0
TDS,1985-01-06 19:00:00-05:00,0.0,2.0430850982666016,1.9645049571990967,2.0430850982666016,49631,0.027070488780736923,0.0,0.0
TDS,1985-01-07 19:00:00-05:00,0.0,2.0430850982666016,1.990697979927063,2.0430850982666016,39132,0.027070488780736923,0.0,0.0
TDS,1985-01-08 19:00:00-05:00,0.0,2.0168919563293457,1.990697979927063,2.0168919563293457,10976,0.02672344632446766,0.0,0.0
TDS,1985-01-09 19:00:00-05:00,0.0,2.0430850982666016,1.990697979927063,1.990697979927063,42473,0.026376385241746902,0.0,0.0
TDS,1985-01-10 19:00:00-05:00,0.0,2.0430850982666016,2.0168919563293457,2.0168919563293457,11453,0.02672344632446766,0.0,0.0
TDS,1985-01-13 19:00:00-05:00,0.0,2.0430850982666016,2.0168919563293457,2.0430850982666016,138871,0.027070488780736923,0.0,0.0
TDS,1985-01-14 19:00:00-05:00,0.0,2.0692780017852783,2.0168919563293457,2.0430850982666016,15271,0.027070488780736923,0.0,0.0
TDS,1985-01-15 19:00:00-05:00,0.0,2.0430850982666016,2.0168919563293457,2.0168919563293457,130758,0.02672344632446766,0.0,0.0
TDS,1985-01-16 19:00:00-05:00,0.0,2.1216650009155273,2.0168919563293457,2.0954720973968506,86854,0.02776462212204933,0.0,0.0
TDS,1985-01-17 19:00:00-05:00,0.0,2.1216650009155273,2.0430850982666016,2.0692780017852783,303512,0.027417555451393127,0.0,0.0
TDS,1985-01-20 19:00:00-05:00,0.0,2.0954720973968506,2.0430850982666016,2.0954720973968506,63470,0.02776462212204933,0.0,0.0
TDS,1985-01-21 19:00:00-05:00,0.0,2.0954720973968506,2.0692780017852783,2.0692780017852783,54880,0.027417555451393127,0.0,0.0
TDS,1985-01-22 19:00:00-05:00,0.0,2.1216650009155273,2.0430850982666016,2.1216650009155273,70628,0.028111668303608894,0.0,0.0
TDS,1985-01-23 19:00:00-05:00,0.0,2.1478590965270996,2.0954720973968506,2.1216650009155273,41518,0.028111668303608894,0.0,0.0
TDS,1985-01-24 19:00:00-05:00,0.0,2.1478590965270996,2.0954720973968506,2.0954720973968506,78264,0.02776462212204933,0.0,0.0
TDS,1985-01-27 19:00:00-05:00,0.0,2.0954720973968506,2.0692780017852783,2.0692780017852783,181821,0.027417555451393127,0.0,0.0
TDS,1985-01-28 19:00:00-05:00,0.0,2.1216650009155273,2.0692780017852783,2.1216650009155273,71583,0.028111668303608894,0.0,0.0
TDS,1985-01-29 19:00:00-05:00,0.0,2.1478590965270996,2.1216650009155273,2.1216650009155273,63470,0.028111668303608894,0.0,0.0
TDS,1985-01-30 19:00:00-05:00,0.0,2.200244903564453,2.0954720973968506,2.1478590965270996,52017,0.028458738699555397,0.0,0.0
TDS,1985-01-31 19:00:00-05:00,0.0,2.1478590965270996,2.1216650009155273,2.1478590965270996,35791,0.028458738699555397,0.0,0.0
TDS,1985-02-03 19:00:00-05:00,0.0,2.200244903564453,2.1216650009155273,2.1478590965270996,137439,0.028458738699555397,0.0,0.0
TDS,1985-02-04 19:00:00-05:00,0.0,2.252631902694702,2.1478590965270996,2.2264389991760254,37700,0.029499899595975876,0.0,0.0
TDS,1985-02-05 19:00:00-05:00,0.0,2.2264389991760254,2.1740520000457764,2.200244903564453,31019,0.02915283478796482,0.0,0.0
TDS,1985-02-06 19:00:00-05:00,0.0,2.2264389991760254,2.1478590965270996,2.2264389991760254,31496,0.029499899595975876,0.0,0.0
TDS,1985-02-07 19:00:00-05:00,0.0,2.2264389991760254,2.200244903564453,2.2264389991760254,31974,0.029499899595975876,0.0,0.0
TDS,1985-02-10 19:00:00-05:00,0.0,2.200244903564453,2.0954720973968506,2.0954720973968506,68720,0.02776462212204933,0.0,0.0
TDS,1985-02-11 19:00:00-05:00,0.0,2.1478590965270996,2.1216650009155273,2.1478590965270996,51540,0.028458738699555397,0.0,0.0
TDS,1985-02-12 19:00:00-05:00,0.0,2.200244903564453,2.1216650009155273,2.200244903564453,55835,0.02915283478796482,0.0,0.0
TDS,1985-02-13 19:00:00-05:00,0.0,2.200244903564453,2.1478590965270996,2.1478590965270996,67288,0.028458738699555397,0.0,0.0
TDS,1985-02-14 19:00:00-05:00,0.0,2.1740520000457764,2.1216650009155273,2.1216650009155273,55835,0.028111668303608894,0.0,0.0
TDS,1985-02-18 19:00:00-05:00,0.0,2.1478590965270996,2.1216650009155273,2.1216650009155273,19089,0.028111668303608894,0.0,0.0
TDS,1985-02-19 19:00:00-05:00,0.0,2.1740520000457764,2.1216650009155273,2.1478590965270996,109283,0.028458738699555397,0.0,0.0
TDS,1985-02-20 19:00:00-05:00,0.0,2.1740520000457764,2.1478590965270996,2.1478590965270996,29110,0.028458738699555397,0.0,0.0
TDS,1985-02-21 19:00:00-05:00,0.0,2.1740520000457764,2.1478590965270996,2.1740520000457764,15271,0.02880578115582466,0.0,0.0
TDS,1985-02-24 19:00:00-05:00,0.0,2.200244903564453,2.1478590965270996,2.1740520000457764,21475,0.02880578115582466,0.0,0.0
TDS,1985-02-25 19:00:00-05:00,0.0,2.200244903564453,2.1478590965270996,2.200244903564453,20043,0.02915283478796482,0.0,0.0
TDS,1985-02-26 19:00:00-05:00,0.0,2.200244903564453,2.1478590965270996,2.1740520000457764,4772,0.02880578115582466,0.0,0.0
TDS,1985-02-27 19:00:00-05:00,0.0,2.200244903564453,2.1740520000457764,2.200244903564453,10022,0.02915283478796482,0.0,0.0
TDS,1985-02-28 19:00:00-05:00,0.0,2.305018901824951,2.200244903564453,2.2264389991760254,92581,0.029499899595975876,0.0,0.0
TDS,1985-03-03 19:00:00-05:00,0.0,2.2264389991760254,2.1740520000457764,2.200244903564453,25293,0.02915283478796482,0.0,0.0
TDS,1985-03-04 19:00:00-05:00,0.0,2.200244903564453,2.1478590965270996,2.1478590965270996,15271,0.028458738699555397,0.0,0.0
TDS,1985-03-05 19:00:00-05:00,0.0,2.1478590965270996,2.0954720973968506,2.1216650009155273,19089,0.028111668303608894,0.0,0.0
TDS,1985-03-06 19:00:00-05:00,0.0,2.1478590965270996,2.0954720973968506,2.1478590965270996,376526,0.028458738699555397,0.0,0.0
TDS,1985-03-07 19:00:00-05:00,0.0,2.1478590965270996,2.0954720973968506,2.0954720973968506,73969,0.02776462212204933,0.0,0.0
TDS,1985-03-10 19:00:00-05:00,0.0,2.0954720973968506,2.0430850982666016,2.0692780017852783,59175,0.027417555451393127,0.0,0.0
TDS,1985-03-11 19:00:00-05:00,0.0,2.0692780017852783,2.0430850982666016,2.0692780017852783,2386,0.027417555451393127,0.0,0.0
TDS,1985-03-12 19:00:00-05:00,0.0,2.0692780017852783,2.0168919563293457,2.0168919563293457,27202,0.02672344632446766,0.0,0.0
TDS,1985-03-13 19:00:00-05:00,0.0,1.990697979927063,1.9645049571990967,1.990697979927063,257699,0.026376385241746902,0.0,0.0
TDS,1985-03-14 19:00:00-05:00,0.0,2.0430850982666016,1.990697979927063,2.0168919563293457,11453,0.02672344632446766,0.0,0.0
TDS,1985-03-17 19:00:00-05:00,0.0,2.0430850982666016,1.990697979927063,2.0168919563293457,24815,0.02672344632446766,0.0,0.0
TDS,1985-03-18 19:00:00-05:00,0.0,1.990697979927063,1.9121179580688477,1.938310980796814,52494,0.025682242587208748,0.0,0.0
TDS,1985-03-19 19:00:00-05:00,0.0,2.0168919563293457,1.938310980796814,2.0168919563293457,53926,0.02672344632446766,0.0,0.0
TDS,1985-03-20 19:00:00-05:00,0.0,2.0430850982666016,1.938310980796814,1.9645049571990967,49631,0.026029331609606743,0.0,0.0
TDS,1985-03-21 19:00:00-05:00,0.0,2.0430850982666016,1.938310980796814,1.990697979927063,61084,0.026376385241746902,0.0,0.0
TDS,1985-03-24 19:00:00-05:00,0.0,1.990697979927063,1.9645049571990967,1.9645049571990967,15748,0.026029331609606743,0.0,0.0
TDS,1985-03-25 19:00:00-05:00,0.0,1.9645049571990967,1.9121179580688477,1.9645049571990967,74446,0.026029331609606743,0.0,0.0
TDS,1985-03-26 19:00:00-05:00,0.0,1.9645049571990967,1.938310980796814,1.938310980796814,17180,0.025682242587208748,0.0,0.0
TDS,1985-03-27 19:00:00-05:00,0.0,1.9645049571990967,1.938310980796814,1.938310980796814,6204,0.025682242587208748,0.0,0.0
TDS,1985-03-28 19:00:00-05:00,0.0,1.9645049571990967,1.938310980796814,1.9645049571990967,14794,0.026029331609606743,0.0,0.0
TDS,1985-03-31 19:00:00-05:00,0.0,1.990697979927063,1.938310980796814,1.990697979927063,22429,0.026376385241746902,0.0,0.0
TDS,1985-04-01 19:00:00-05:00,0.0,2.0168919563293457,1.9645049571990967,1.9645049571990967,64902,0.026029331609606743,0.0,0.0
TDS,1985-04-02 19:00:00-05:00,0.0,1.9645049571990967,1.938310980796814,1.938310980796814,5249,0.025682242587208748,0.0,0.0
TDS,1985-04-03 19:00:00-05:00,0.0,1.9645049571990967,1.938310980796814,1.9645049571990967,4295,0.026029331609606743,0.0,0.0
TDS,1985-04-07 19:00:00-05:00,0.0,1.9645049571990967,1.9121179580688477,1.9121179580688477,29588,0.025335198268294334,0.0,0.0
TDS,1985-04-08 19:00:00-05:00,0.0,1.938310980796814,1.9121179580688477,1.938310980796814,7636,0.025682242587208748,0.0,0.0
TDS,1985-04-09 19:00:00-05:00,0.0,2.0168919563293457,1.9645049571990967,1.990697979927063,50585,0.026376385241746902,0.0,0.0
TDS,1985-04-10 19:00:00-05:00,0.0,2.0692780017852783,2.0168919563293457,2.0430850982666016,35791,0.027070488780736923,0.0,0.0
TDS,1985-04-11 19:00:00-05:00,0.0,2.0692780017852783,2.0430850982666016,2.0692780017852783,20520,0.027417555451393127,0.0,0.0
TDS,1985-04-14 19:00:00-05:00,0.0,2.0954720973968506,2.0430850982666016,2.0430850982666016,12408,0.027070488780736923,0.0,0.0
TDS,1985-04-15 19:00:00-05:00,0.0,2.0954720973968506,2.0430850982666016,2.0954720973968506,357437,0.02776462212204933,0.0,0.0
TDS,1985-04-16 19:00:00-05:00,0.0,2.0954720973968506,2.0692780017852783,2.0954720973968506,82559,0.02776462212204933,0.0,0.0
TDS,1985-04-17 19:00:00-05:00,0.0,2.0954720973968506,2.0692780017852783,2.0954720973968506,91149,0.02776462212204933,0.0,0.0
TDS,1985-04-18 19:00:00-05:00,0.0,2.0954720973968506,2.0692780017852783,2.0954720973968506,10499,0.02776462212204933,0.0,0.0
TDS,1985-04-21 19:00:00-05:00,0.0,2.0954720973968506,2.0692780017852783,2.0692780017852783,13839,0.027417555451393127,0.0,0.0
TDS,1985-04-22 19:00:00-05:00,0.0,2.1216650009155273,2.0692780017852783,2.1216650009155273,59652,0.028111668303608894,0.0,0.0
TDS,1985-04-23 19:00:00-05:00,0.0,2.0954720973968506,2.0692780017852783,2.0692780017852783,12885,0.027417555451393127,0.0,0.0
TDS,1985-04-24 19:00:00-05:00,0.0,2.1216650009155273,2.0430850982666016,2.0954720973968506,22429,0.02776462212204933,0.0,0.0
TDS,1985-04-25 19:00:00-05:00,0.0,2.1216650009155273,2.0692780017852783,2.0692780017852783,15271,0.027417555451393127,0.0,0.0
TDS,1985-04-28 20:00:00-04:00,0.0,2.0954720973968506,2.0692780017852783,2.0692780017852783,8590,0.027417555451393127,0.0,0.0
TDS,1985-04-29 20:00:00-04:00,0.0,2.0954720973968506,2.0692780017852783,2.0954720973968506,33883,0.02776462212204933,0.0,0.0
TDS,1985-04-30 20:00:00-04:00,0.0,2.0692780017852783,2.0692780017852783,2.0692780017852783,41995,0.027417555451393127,0.0,0.0
TDS,1985-05-01 20:00:00-04:00,0.0,2.0954720973968506,2.0692780017852783,2.0692780017852783,16703,0.027417555451393127,0.0,0.0
TDS,1985-05-02 20:00:00-04:00,0.0,2.0954720973968506,2.0692780017852783,2.0954720973968506,21952,0.02776462212204933,0.0,0.0
TDS,1985-05-05 20:00:00-04:00,0.0,2.0954720973968506,2.0692780017852783,2.0954720973968506,15271,0.02776462212204933,0.0,0.0
TDS,1985-05-06 20:00:00-04:00,0.0,2.0954720973968506,2.0692780017852783,2.0692780017852783,5727,0.027417555451393127,0.0,0.0
TDS,1985-05-07 20:00:00-04:00,0.0,2.0692780017852783,2.0692780017852783,2.0692780017852783,10499,0.027417555451393127,0.0,0.0
TDS,1985-05-08 20:00:00-04:00,0.0,2.0954720973968506,2.0692780017852783,2.0954720973968506,62039,0.02776462212204933,0.0,0.0
TDS,1985-05-09 20:00:00-04:00,0.0,2.0954720973968506,2.0692780017852783,2.0692780017852783,3818,0.027417555451393127,0.0,0.0
TDS,1985-05-12 20:00:00-04:00,0.0,2.1216650009155273,2.0692780017852783,2.1216650009155273,20998,0.028111668303608894,0.0,0.0
TDS,1985-05-13 20:00:00-04:00,0.0,2.1216650009155273,2.0954720973968506,2.0954720973968506,269152,0.02776462212204933,0.0,0.0
TDS,1985-05-14 20:00:00-04:00,0.0,2.1216650009155273,2.0954720973968506,2.1216650009155273,15271,0.028111668303608894,0.0,0.0
TDS,1985-05-15 20:00:00-04:00,0.0,2.1216650009155273,2.0954720973968506,2.1216650009155273,15271,0.028111668303608894,0.0,0.0
TDS,1985-05-16 20:00:00-04:00,0.0,2.1216650009155273,2.0954720973968506,2.1216650009155273,27679,0.028111668303608894,0.0,0.0
TDS,1985-05-19 20:00:00-04:00,0.0,2.1478590965270996,2.0954720973968506,2.1478590965270996,81605,0.028458738699555397,0.0,0.0
TDS,1985-05-20 20:00:00-04:00,0.0,2.1478590965270996,2.1216650009155273,2.1216650009155273,50585,0.028111668303608894,0.0,0.0
TDS,1985-05-21 20:00:00-04:00,0.0,2.1740520000457764,2.0954720973968506,2.0954720973968506,119782,0.02776462212204933,0.0,0.0
TDS,1985-05-22 20:00:00-04:00,0.0,2.1478590965270996,2.1216650009155273,2.1216650009155273,69197,0.028111668303608894,0.0,0.0
TDS,1985-05-23 20:00:00-04:00,0.0,2.1478590965270996,2.1216650009155273,2.1478590965270996,61561,0.028458738699555397,0.0,0.0
TDS,1985-05-27 20:00:00-04:00,0.0,2.1478590965270996,2.1216650009155273,2.1216650009155273,15748,0.028111668303608894,0.0,0.0
TDS,1985-05-28 20:00:00-04:00,0.0,2.1740520000457764,2.1216650009155273,2.1478590965270996,23384,0.028458738699555397,0.0,0.0
TDS,1985-05-29 20:00:00-04:00,0.0,2.1740520000457764,2.1478590965270996,2.1740520000457764,20043,0.02880578115582466,0.0,0.0
TDS,1985-05-30 20:00:00-04:00,0.0,2.200244903564453,2.1740520000457764,2.1740520000457764,16225,0.02880578115582466,0.0,0.0
TDS,1985-06-02 20:00:00-04:00,0.0,2.200244903564453,2.1740520000457764,2.200244903564453,16225,0.02915283478796482,0.0,0.0
TDS,1985-06-03 20:00:00-04:00,0.0,2.200244903564453,2.1740520000457764,2.1740520000457764,9067,0.02880578115582466,0.0,0.0
TDS,1985-06-04 20:00:00-04:00,0.0,2.2788259983062744,2.1740520000457764,2.2788259983062744,154142,0.030194008722901344,0.0,0.0
TDS,1985-06-05 20:00:00-04:00,0.0,2.3574059009552,2.2788259983062744,2.331212043762207,136008,0.0308881513774395,0.0,0.0
TDS,1985-06-06 20:00:00-04:00,0.0,2.488373041152954,2.3574059009552,2.409791946411133,130281,0.03192930296063423,0.0,0.0
TDS,1985-06-09 20:00:00-04:00,0.0,2.3574059009552,2.252631902694702,2.305018901824951,87808,0.030541066080331802,0.0,0.0
TDS,1985-06-10 20:00:00-04:00,0.0,2.331212043762207,2.252631902694702,2.305018901824951,90194,0.030541066080331802,0.0,0.0
TDS,1985-06-11 20:00:00-04:00,0.0,2.305018901824951,2.2788259983062744,2.2788259983062744,8590,0.030194008722901344,0.0,0.0
TDS,1985-06-12 20:00:00-04:00,0.0,2.2788259983062744,2.2264389991760254,2.252631902694702,188979,0.029846958816051483,0.0,0.0
TDS,1985-06-13 20:00:00-04:00,0.0,2.305018901824951,2.305018901824951,2.305018901824951,125032,0.030541066080331802,0.0,0.0
TDS,1985-06-16 20:00:00-04:00,0.0,2.305018901824951,2.252631902694702,2.305018901824951,12885,0.030541066080331802,0.0,0.0
TDS,1985-06-17 20:00:00-04:00,0.0,2.305018901824951,2.2264389991760254,2.305018901824951,44381,0.030541066080331802,0.0,0.0
TDS,1985-06-18 20:00:00-04:00,0.0,2.305018901824951,2.2788259983062744,2.305018901824951,211885,0.030541066080331802,0.0,0.0
TDS,1985-06-19 20:00:00-04:00,0.0,2.2788259983062744,2.2264389991760254,2.252631902694702,118828,0.029846958816051483,0.0,0.0
TDS,1985-06-20 20:00:00-04:00,0.0,2.2788259983062744,2.2788259983062744,2.2788259983062744,3818,0.030194008722901344,0.0,0.0
TDS,1985-06-23 20:00:00-04:00,0.0,2.331212043762207,2.2788259983062744,2.305018901824951,109760,0.030541066080331802,0.0,0.0
TDS,1985-06-24 20:00:00-04:00,0.0,2.305018901824951,2.252631902694702,2.2788259983062744,439996,0.030194008722901344,0.0,0.0
TDS,1985-06-25 20:00:00-04:00,0.0,2.305018901824951,2.252631902694702,2.2788259983062744,36746,0.030194008722901344,0.0,0.0
TDS,1985-06-26 20:00:00-04:00,0.0,2.2788259983062744,2.252631902694702,2.252631902694702,33883,0.029846958816051483,0.0,0.0
TDS,1985-06-27 20:00:00-04:00,0.0,2.3574059009552,2.2788259983062744,2.3574059009552,38178,0.031235182657837868,0.0,0.0
TDS,1985-06-30 20:00:00-04:00,0.0,2.3574059009552,2.2788259983062744,2.305018901824951,37700,0.030541066080331802,0.0,0.0
TDS,1985-07-01 20:00:00-04:00,0.0,2.3574059009552,2.2788259983062744,2.305018901824951,502035,0.030541066080331802,0.0,0.0
TDS,1985-07-02 20:00:00-04:00,0.0,2.3574059009552,2.2788259983062744,2.3574059009552,237655,0.031235182657837868,0.0,0.0
TDS,1985-07-04 20:00:00-04:00,0.0,2.383599042892456,2.3574059009552,2.3574059009552,10499,0.031235182657837868,0.0,0.0
TDS,1985-07-07 20:00:00-04:00,0.0,2.3574059009552,2.331212043762207,2.331212043762207,15748,0.0308881513774395,0.0,0.0
TDS,1985-07-08 20:00:00-04:00,0.0,2.3574059009552,2.331212043762207,2.331212043762207,6681,0.0308881513774395,0.0,0.0
TDS,1985-07-09 20:00:00-04:00,0.0,2.383599042892456,2.331212043762207,2.383599042892456,37223,0.03158224746584892,0.0,0.0
TDS,1985-07-10 20:00:00-04:00,0.0,2.383599042892456,2.3574059009552,2.383599042892456,57266,0.03158224746584892,0.0,0.0
TDS,1985-07-11 20:00:00-04:00,0.0,2.3574059009552,2.331212043762207,2.331212043762207,27202,0.0308881513774395,0.0,0.0
TDS,1985-07-14 20:00:00-04:00,0.0,2.331212043762207,2.305018901824951,2.331212043762207,25293,0.0308881513774395,0.0,0.0
TDS,1985-07-15 20:00:00-04:00,0.0,2.3574059009552,2.305018901824951,2.331212043762207,23861,0.0308881513774395,0.0,0.0
TDS,1985-07-16 20:00:00-04:00,0.0,2.383599042892456,2.331212043762207,2.383599042892456,17657,0.03158224746584892,0.0,0.0
TDS,1985-07-17 20:00:00-04:00,0.0,2.383599042892456,2.331212043762207,2.331212043762207,22907,0.0308881513774395,0.0,0.0
TDS,1985-07-18 20:00:00-04:00,0.0,2.305018901824951,2.2788259983062744,2.305018901824951,21475,0.030541066080331802,0.0,0.0
TDS,1985-07-21 20:00:00-04:00,0.0,2.331212043762207,2.305018901824951,2.305018901824951,10976,0.030541066080331802,0.0,0.0
TDS,1985-07-22 20:00:00-04:00,0.0,2.383599042892456,2.331212043762207,2.331212043762207,11930,0.0308881513774395,0.0,0.0
TDS,1985-07-23 20:00:00-04:00,0.0,2.331212043762207,2.2788259983062744,2.305018901824951,31019,0.030541066080331802,0.0,0.0
TDS,1985-07-24 20:00:00-04:00,0.0,2.3574059009552,2.305018901824951,2.305018901824951,38655,0.030541066080331802,0.0,0.0
TDS,1985-07-25 20:00:00-04:00,0.0,2.331212043762207,2.2788259983062744,2.2788259983062744,239564,0.030194008722901344,0.0,0.0
TDS,1985-07-28 20:00:00-04:00,0.0,2.3574059009552,2.305018901824951,2.305018901824951,44381,0.030541066080331802,0.0,0.0
TDS,1985-07-29 20:00:00-04:00,0.0,2.331212043762207,2.2788259983062744,2.2788259983062744,31019,0.030194008722901344,0.0,0.0
TDS,1985-07-30 20:00:00-04:00,0.0,2.305018901824951,2.2788259983062744,2.2788259983062744,26724,0.030194008722901344,0.0,0.0
TDS,1985-07-31 20:00:00-04:00,0.0,2.331212043762207,2.2788259983062744,2.305018901824951,41041,0.030541066080331802,0.0,0.0
TDS,1985-08-01 20:00:00-04:00,0.0,2.305018901824951,2.2788259983062744,2.2788259983062744,37223,0.030194008722901344,0.0,0.0
TDS,1985-08-04 20:00:00-04:00,0.0,2.305018901824951,2.2788259983062744,2.305018901824951,5727,0.030541066080331802,0.0,0.0
TDS,1985-08-05 20:00:00-04:00,0.0,2.305018901824951,2.252631902694702,2.252631902694702,9544,0.029846958816051483,0.0,0.0
TDS,1985-08-06 20:00:00-04:00,0.0,2.2788259983062744,2.252631902694702,2.252631902694702,37700,0.029846958816051483,0.0,0.0
TDS,1985-08-07 20:00:00-04:00,0.0,2.2788259983062744,2.252631902694702,2.252631902694702,5727,0.029846958816051483,0.0,0.0
TDS,1985-08-08 20:00:00-04:00,0.0,2.252631902694702,2.252631902694702,2.252631902694702,55835,0.029846958816051483,0.0,0.0
TDS,1985-08-11 20:00:00-04:00,0.0,2.2788259983062744,2.2264389991760254,2.252631902694702,25770,0.029846958816051483,0.0,0.0
TDS,1985-08-12 20:00:00-04:00,0.0,2.252631902694702,2.200244903564453,2.200244903564453,20043,0.02915283478796482,0.0,0.0
TDS,1985-08-13 20:00:00-04:00,0.0,2.200244903564453,2.1478590965270996,2.1478590965270996,21475,0.028458738699555397,0.0,0.0
TDS,1985-08-14 20:00:00-04:00,0.0,2.200244903564453,2.1478590965270996,2.1478590965270996,17180,0.028458738699555397,0.0,0.0
TDS,1985-08-15 20:00:00-04:00,0.0,2.1478590965270996,2.1216650009155273,2.1478590965270996,41995,0.028458738699555397,0.0,0.0
TDS,1985-08-18 20:00:00-04:00,0.0,2.1216650009155273,2.1216650009155273,2.1216650009155273,13839,0.028111668303608894,0.0,0.0
TDS,1985-08-19 20:00:00-04:00,0.0,2.1478590965270996,2.0954720973968506,2.0954720973968506,61084,0.02776462212204933,0.0,0.0
TDS,1985-08-20 20:00:00-04:00,0.0,2.1478590965270996,2.0954720973968506,2.1216650009155273,62993,0.028111668303608894,0.0,0.0
TDS,1985-08-21 20:00:00-04:00,0.0,2.1478590965270996,2.0954720973968506,2.1216650009155273,20520,0.028111668303608894,0.0,0.0
TDS,1985-08-22 20:00:00-04:00,0.0,2.1216650009155273,2.1216650009155273,2.1216650009155273,13362,0.028111668303608894,0.0,0.0
TDS,1985-08-25 20:00:00-04:00,0.0,2.1478590965270996,2.1216650009155273,2.1478590965270996,27679,0.028458738699555397,0.0,0.0
TDS,1985-08-26 20:00:00-04:00,0.0,2.200244903564453,2.1216650009155273,2.1478590965270996,26724,0.028458738699555397,0.0,0.0
TDS,1985-08-27 20:00:00-04:00,0.0,2.200244903564453,2.1478590965270996,2.200244903564453,5249,0.02915283478796482,0.0,0.0
TDS,1985-08-28 20:00:00-04:00,0.0,2.200244903564453,2.1478590965270996,2.1478590965270996,6681,0.028458738699555397,0.0,0.0
TDS,1985-08-29 20:00:00-04:00,0.0,2.1478590965270996,2.1216650009155273,2.1216650009155273,6204,0.028111668303608894,0.0,0.0
TDS,1985-09-02 20:00:00-04:00,0.0,2.1740520000457764,2.1216650009155273,2.1478590965270996,20520,0.028458738699555397,0.0,0.0
TDS,1985-09-03 20:00:00-04:00,0.0,2.2788259983062744,2.2264389991760254,2.252631902694702,106420,0.029846958816051483,0.0,0.0
TDS,1985-09-04 20:00:00-04:00,0.0,2.252631902694702,2.200244903564453,2.200244903564453,11453,0.02915283478796482,0.0,0.0
TDS,1985-09-05 20:00:00-04:00,0.0,2.2264389991760254,2.1478590965270996,2.1740520000457764,16703,0.02880578115582466,0.0,0.0
TDS,1985-09-08 20:00:00-04:00,0.0,2.1740520000457764,2.1216650009155273,2.1478590965270996,8113,0.028458738699555397,0.0,0.0
TDS,1985-09-09 20:00:00-04:00,0.0,2.1740520000457764,2.1478590965270996,2.1740520000457764,8590,0.02880578115582466,0.0,0.0
TDS,1985-09-10 20:00:00-04:00,0.0,2.1478590965270996,2.1216650009155273,2.1478590965270996,65379,0.028458738699555397,0.0,0.0
TDS,1985-09-11 20:00:00-04:00,0.0,2.1740520000457764,2.1478590965270996,2.1478590965270996,14794,0.028458738699555397,0.0,0.0
TDS,1985-09-12 20:00:00-04:00,0.0,2.2264389991760254,2.1740520000457764,2.200244903564453,13839,0.02915283478796482,0.0,0.0
TDS,1985-09-15 20:00:00-04:00,0.0,2.1740520000457764,2.1478590965270996,2.1478590965270996,8590,0.028458738699555397,0.0,0.0
TDS,1985-09-16 20:00:00-04:00,0.0,2.1740520000457764,2.1478590965270996,2.1740520000457764,30065,0.02880578115582466,0.0,0.0
TDS,1985-09-17 20:00:00-04:00,0.0,2.1740520000457764,2.1478590965270996,2.1740520000457764,8590,0.02880578115582466,0.0,0.0
TDS,1985-09-18 20:00:00-04:00,0.0,2.2264389991760254,2.1740520000457764,2.200244903564453,67288,0.02915283478796482,0.0,0.0
TDS,1985-09-19 20:00:00-04:00,0.0,2.2264389991760254,2.1478590965270996,2.1478590965270996,17657,0.028458738699555397,0.0,0.0
TDS,1985-09-22 20:00:00-04:00,0.0,2.1478590965270996,2.1478590965270996,2.1478590965270996,24338,0.028458738699555397,0.0,0.0
TDS,1985-09-23 20:00:00-04:00,0.0,2.1740520000457764,2.1478590965270996,2.1478590965270996,40086,0.028458738699555397,0.0,0.0
TDS,1985-09-24 20:00:00-04:00,0.0,2.1740520000457764,2.1478590965270996,2.1478590965270996,20520,0.028458738699555397,0.0,0.0
TDS,1985-09-25 20:00:00-04:00,0.0,2.1478590965270996,2.1478590965270996,2.1478590965270996,954,0.028458738699555397,0.0,0.0
TDS,1985-09-29 20:00:00-04:00,0.0,2.305018901824951,2.1478590965270996,2.305018901824951,62039,0.030541066080331802,0.0,0.0
TDS,1985-09-30 20:00:00-04:00,0.0,2.2788259983062744,2.2264389991760254,2.252631902694702,12885,0.029846958816051483,0.0,0.0
TDS,1985-10-01 20:00:00-04:00,0.0,2.2788259983062744,2.2264389991760254,2.252631902694702,18612,0.029846958816051483,0.0,0.0
TDS,1985-10-02 20:00:00-04:00,0.0,2.2788259983062744,2.2264389991760254,2.2788259983062744,9544,0.030194008722901344,0.0,0.0
TDS,1985-10-03 20:00:00-04:00,0.0,2.331212043762207,2.2788259983062744,2.2788259983062744,10976,0.030194008722901344,0.0,0.0
TDS,1985-10-06 20:00:00-04:00,0.0,2.2788259983062744,2.252631902694702,2.252631902694702,7158,0.029846958816051483,0.0,0.0
TDS,1985-10-07 20:00:00-04:00,0.0,2.252631902694702,2.252631902694702,2.252631902694702,3341,0.029846958816051483,0.0,0.0
TDS,1985-10-08 20:00:00-04:00,0.0,2.252631902694702,2.252631902694702,2.252631902694702,7158,0.029846958816051483,0.0,0.0
TDS,1985-10-09 20:00:00-04:00,0.0,2.2788259983062744,2.252631902694702,2.2788259983062744,50108,0.030194008722901344,0.0,0.0
TDS,1985-10-10 20:00:00-04:00,0.0,2.2788259983062744,2.252631902694702,2.252631902694702,59175,0.029846958816051483,0.0,0.0
TDS,1985-10-13 20:00:00-04:00,0.0,2.305018901824951,2.252631902694702,2.252631902694702,47722,0.029846958816051483,0.0,0.0
TDS,1985-10-14 20:00:00-04:00,0.0,2.305018901824951,2.2788259983062744,2.305018901824951,13839,0.030541066080331802,0.0,0.0
TDS,1985-10-15 20:00:00-04:00,0.0,2.305018901824951,2.2788259983062744,2.2788259983062744,12885,0.030194008722901344,0.0,0.0
TDS,1985-10-16 20:00:00-04:00,0.0,2.2788259983062744,2.252631902694702,2.2788259983062744,25293,0.030194008722901344,0.0,0.0
TDS,1985-10-17 20:00:00-04:00,0.0,2.2788259983062744,2.252631902694702,2.252631902694702,36746,0.029846958816051483,0.0,0.0
TDS,1985-10-20 20:00:00-04:00,0.0,2.252631902694702,2.2264389991760254,2.2264389991760254,3341,0.029499899595975876,0.0,0.0
TDS,1985-10-21 20:00:00-04:00,0.0,2.2264389991760254,2.2264389991760254,2.2264389991760254,6681,0.029499899595975876,0.0,0.0
TDS,1985-10-22 20:00:00-04:00,0.0,2.2788259983062744,2.2264389991760254,2.2264389991760254,35314,0.029499899595975876,0.0,0.0
TDS,1985-10-23 20:00:00-04:00,0.0,2.200244903564453,2.200244903564453,2.200244903564453,29588,0.02915283478796482,0.0,0.0
TDS,1985-10-24 20:00:00-04:00,0.0,2.200244903564453,2.1478590965270996,2.200244903564453,38178,0.02915283478796482,0.0,0.0
TDS,1985-10-27 19:00:00-05:00,0.0,2.1740520000457764,2.1740520000457764,2.1740520000457764,12408,0.02880578115582466,0.0,0.0
TDS,1985-10-28 19:00:00-05:00,0.0,2.305018901824951,2.1740520000457764,2.252631902694702,58221,0.029846958816051483,0.0,0.0
TDS,1985-10-29 19:00:00-05:00,0.0,2.252631902694702,2.2264389991760254,2.252631902694702,53449,0.029846958816051483,0.0,0.0
TDS,1985-10-30 19:00:00-05:00,0.0,2.2264389991760254,2.2264389991760254,2.2264389991760254,3818,0.029499899595975876,0.0,0.0
TDS,1985-10-31 19:00:00-05:00,0.0,2.2264389991760254,2.2264389991760254,2.2264389991760254,2863,0.029499899595975876,0.0,0.0
TDS,1985-11-03 19:00:00-05:00,0.0,2.2264389991760254,2.200244903564453,2.200244903564453,7158,0.02915283478796482,0.0,0.0
TDS,1985-11-04 19:00:00-05:00,0.0,2.252631902694702,2.200244903564453,2.252631902694702,24815,0.029846958816051483,0.0,0.0
TDS,1985-11-05 19:00:00-05:00,0.0,2.252631902694702,2.200244903564453,2.252631902694702,10022,0.029846958816051483,0.0,0.0
TDS,1985-11-06 19:00:00-05:00,0.0,2.305018901824951,2.200244903564453,2.2788259983062744,97353,0.030194008722901344,0.0,0.0
TDS,1985-11-07 19:00:00-05:00,0.0,2.331212043762207,2.305018901824951,2.305018901824951,110238,0.030541066080331802,0.0,0.0
TDS,1985-11-10 19:00:00-05:00,0.0,2.331212043762207,2.305018901824951,2.305018901824951,33883,0.030541066080331802,0.0,0.0
TDS,1985-11-11 19:00:00-05:00,0.0,2.383599042892456,2.3574059009552,2.383599042892456,115487,0.03158224746584892,0.0,0.0
TDS,1985-11-12 19:00:00-05:00,0.0,2.383599042892456,2.3574059009552,2.3574059009552,18612,0.031235182657837868,0.0,0.0
TDS,1985-11-13 19:00:00-05:00,0.0,2.383599042892456,2.331212043762207,2.3574059009552,9067,0.031235182657837868,0.0,0.0
TDS,1985-11-14 19:00:00-05:00,0.0,2.331212043762207,2.305018901824951,2.331212043762207,24815,0.0308881513774395,0.0,0.0
TDS,1985-11-17 19:00:00-05:00,0.0,2.331212043762207,2.305018901824951,2.305018901824951,15748,0.030541066080331802,0.0,0.0
TDS,1985-11-18 19:00:00-05:00,0.0,2.331212043762207,2.305018901824951,2.331212043762207,28633,0.0308881513774395,0.0,0.0
TDS,1985-11-19 19:00:00-05:00,0.0,2.331212043762207,2.305018901824951,2.331212043762207,19566,0.0308881513774395,0.0,0.0
TDS,1985-11-20 19:00:00-05:00,0.0,2.331212043762207,2.305018901824951,2.305018901824951,30065,0.030541066080331802,0.0,0.0
TDS,1985-11-21 19:00:00-05:00,0.0,2.331212043762207,2.2788259983062744,2.305018901824951,20520,0.030541066080331802,0.0,0.0
TDS,1985-11-24 19:00:00-05:00,0.0,2.331212043762207,2.305018901824951,2.305018901824951,31019,0.030541066080331802,0.0,0.0
TDS,1985-11-25 19:00:00-05:00,0.0,2.331212043762207,2.305018901824951,2.305018901824951,16225,0.030541066080331802,0.0,0.0
TDS,1985-11-26 19:00:00-05:00,0.0,2.3574059009552,2.305018901824951,2.3574059009552,141734,0.031235182657837868,0.0,0.0
TDS,1985-11-28 19:00:00-05:00,0.0,2.331212043762207,2.305018901824951,2.331212043762207,20043,0.0308881513774395,0.0,0.0
TDS,1985-12-01 19:00:00-05:00,0.0,2.3574059009552,2.331212043762207,2.331212043762207,18612,0.0308881513774395,0.0,0.0
TDS,1985-12-02 19:00:00-05:00,0.0,2.3574059009552,2.305018901824951,2.305018901824951,32928,0.030541066080331802,0.0,0.0
TDS,1985-12-03 19:00:00-05:00,0.0,2.331212043762207,2.305018901824951,2.305018901824951,67765,0.030541066080331802,0.0,0.0
TDS,1985-12-04 19:00:00-05:00,0.0,2.331212043762207,2.2788259983062744,2.2788259983062744,40564,0.030194008722901344,0.0,0.0
TDS,1985-12-05 19:00:00-05:00,0.0,2.3574059009552,2.305018901824951,2.3574059009552,31496,0.031235182657837868,0.0,0.0
TDS,1985-12-08 19:00:00-05:00,0.0,2.3574059009552,2.331212043762207,2.331212043762207,32451,0.0308881513774395,0.0,0.0
TDS,1985-12-09 19:00:00-05:00,0.0,2.3574059009552,2.305018901824951,2.331212043762207,84945,0.0308881513774395,0.0,0.0
TDS,1985-12-10 19:00:00-05:00,0.0,2.462178945541382,2.331212043762207,2.435986042022705,115964,0.032276369631290436,0.0,0.0
TDS,1985-12-11 19:00:00-05:00,0.0,2.514565944671631,2.409791946411133,2.514565944671631,50585,0.03331751748919487,0.0,0.0
TDS,1985-12-12 19:00:00-05:00,0.0,2.7241129875183105,2.514565944671631,2.697920083999634,213317,0.03574693202972412,0.0,0.0
TDS,1985-12-15 19:00:00-05:00,0.0,2.8550798892974854,2.750307083129883,2.750307083129883,100216,0.03644106909632683,0.0,0.0
TDS,1985-12-16 19:00:00-05:00,0.0,2.8550798892974854,2.750307083129883,2.7764999866485596,148892,0.03678811341524124,0.0,0.0
TDS,1985-12-17 19:00:00-05:00,0.0,2.7764999866485596,2.7241129875183105,2.7241129875183105,52017,0.036093998700380325,0.0,0.0
TDS,1985-12-18 19:00:00-05:00,0.0,2.8550798892974854,2.6717259883880615,2.8288869857788086,196614,0.03748220205307007,0.0,0.0
TDS,1985-12-19 19:00:00-05:00,0.0,2.8550798892974854,2.750307083129883,2.750307083129883,162255,0.03644106909632683,0.0,0.0
TDS,1985-12-22 19:00:00-05:00,0.0,2.8026928901672363,2.750307083129883,2.7764999866485596,34837,0.03678811341524124,0.0,0.0
TDS,1985-12-23 19:00:00-05:00,0.0,2.8288869857788086,2.750307083129883,2.8026928901672363,27202,0.03713517263531685,0.0,0.0
TDS,1985-12-25 19:00:00-05:00,0.0,2.8288869857788086,2.7764999866485596,2.7764999866485596,39132,0.03678811341524124,0.0,0.0
TDS,1985-12-26 19:00:00-05:00,0.0,2.8288869857788086,2.7764999866485596,2.7764999866485596,22907,0.03678811341524124,0.0,0.0
TDS,1985-12-29 19:00:00-05:00,0.0,2.8550798892974854,2.7764999866485596,2.8026928901672363,50585,0.03713517263531685,0.0,0.0
TDS,1985-12-30 19:00:00-05:00,0.0,2.8550798892974854,2.8026928901672363,2.8026928901672363,35314,0.03713517263531685,0.0,0.0
TDS,1986-01-01 19:00:00-05:00,0.0,2.8026928901672363,2.750307083129883,2.8026928901672363,27679,0.03713517263531685,0.0,0.0
TDS,1986-01-02 19:00:00-05:00,0.0,2.8288869857788086,2.8026928901672363,2.8288869857788086,228111,0.03748220205307007,0.0,0.0
TDS,1986-01-05 19:00:00-05:00,0.0,2.8550798892974854,2.8026928901672363,2.8026928901672363,20043,0.03713517263531685,0.0,0.0
TDS,1986-01-06 19:00:00-05:00,0.0,2.8550798892974854,2.8026928901672363,2.8288869857788086,464812,0.03748220205307007,0.0,0.0
TDS,1986-01-07 19:00:00-05:00,0.0,2.8550798892974854,2.8288869857788086,2.8288869857788086,89240,0.03748220205307007,0.0,0.0
TDS,1986-01-08 19:00:00-05:00,0.0,2.8026928901672363,2.697920083999634,2.7241129875183105,96876,0.036093998700380325,0.0,0.0
TDS,1986-01-09 19:00:00-05:00,0.0,2.7764999866485596,2.6455330848693848,2.7241129875183105,74446,0.036093998700380325,0.0,0.0
TDS,1986-01-12 19:00:00-05:00,0.0,2.7764999866485596,2.7241129875183105,2.7241129875183105,11453,0.036093998700380325,0.0,0.0
TDS,1986-01-13 19:00:00-05:00,0.0,2.8026928901672363,2.750307083129883,2.750307083129883,28156,0.03644106909632683,0.0,0.0
TDS,1986-01-14 19:00:00-05:00,0.0,2.7764999866485596,2.750307083129883,2.7764999866485596,9544,0.03678811341524124,0.0,0.0
TDS,1986-01-15 19:00:00-05:00,0.0,2.7764999866485596,2.7241129875183105,2.750307083129883,62993,0.03644106909632683,0.0,0.0
TDS,1986-01-16 19:00:00-05:00,0.0,2.7764999866485596,2.7241129875183105,2.7241129875183105,17180,0.036093998700380325,0.0,0.0
TDS,1986-01-19 19:00:00-05:00,0.0,2.7764999866485596,2.7241129875183105,2.7241129875183105,17180,0.036093998700380325,0.0,0.0
TDS,1986-01-20 19:00:00-05:00,0.0,2.7764999866485596,2.750307083129883,2.750307083129883,17180,0.03644106909632683,0.0,0.0
TDS,1986-01-21 19:00:00-05:00,0.0,2.750307083129883,2.7241129875183105,2.750307083129883,38655,0.03644106909632683,0.0,0.0
TDS,1986-01-22 19:00:00-05:00,0.0,2.7764999866485596,2.7241129875183105,2.750307083129883,15271,0.03644106909632683,0.0,0.0
TDS,1986-01-23 19:00:00-05:00,0.0,2.7764999866485596,2.750307083129883,2.750307083129883,25770,0.03644106909632683,0.0,0.0
TDS,1986-01-26 19:00:00-05:00,0.0,2.7764999866485596,2.750307083129883,2.750307083129883,7158,0.03644106909632683,0.0,0.0
TDS,1986-01-27 19:00:00-05:00,0.0,2.8026928901672363,2.7241129875183105,2.7764999866485596,95444,0.03678811341524124,0.0,0.0
TDS,1986-01-28 19:00:00-05:00,0.0,2.8812739849090576,2.8288869857788086,2.8812739849090576,167981,0.03817638009786606,0.0,0.0
TDS,1986-01-29 19:00:00-05:00,0.0,2.8812739849090576,2.8026928901672363,2.8026928901672363,14794,0.03713517263531685,0.0,0.0
TDS,1986-01-30 19:00:00-05:00,0.0,2.9074668884277344,2.8288869857788086,2.8288869857788086,17180,0.03748220205307007,0.0,0.0
TDS,1986-02-02 19:00:00-05:00,0.0,2.8812739849090576,2.8288869857788086,2.8550798892974854,20043,0.03782927617430687,0.0,0.0
TDS,1986-02-03 19:00:00-05:00,0.0,2.8550798892974854,2.8026928901672363,2.8026928901672363,25770,0.03713517263531685,0.0,0.0
TDS,1986-02-04 19:00:00-05:00,0.0,2.8550798892974854,2.7764999866485596,2.8288869857788086,36269,0.03748220205307007,0.0,0.0
TDS,1986-02-05 19:00:00-05:00,0.0,2.9074668884277344,2.8288869857788086,2.9074668884277344,27202,0.03852337971329689,0.0,0.0
TDS,1986-02-06 19:00:00-05:00,0.0,2.9336600303649902,2.8812739849090576,2.9336600303649902,39609,0.038870446383953094,0.0,0.0
TDS,1986-02-09 19:00:00-05:00,0.0,2.9598538875579834,2.9074668884277344,2.9074668884277344,88763,0.03852337971329689,0.0,0.0
TDS,1986-02-10 19:00:00-05:00,0.0,2.9074668884277344,2.8812739849090576,2.9074668884277344,15271,0.03852337971329689,0.0,0.0
TDS,1986-02-11 19:00:00-05:00,0.0,2.9336600303649902,2.9074668884277344,2.9336600303649902,12885,0.038870446383953094,0.0,0.0
TDS,1986-02-12 19:00:00-05:00,0.0,2.9860470294952393,2.9336600303649902,2.9598538875579834,293013,0.039217498153448105,0.0,0.0
TDS,1986-02-13 19:00:00-05:00,0.0,3.064626932144165,2.9336600303649902,3.064626932144165,62993,0.040605735033750534,0.0,0.0
TDS,1986-02-17 19:00:00-05:00,0.0,3.1432080268859863,3.0908210277557373,3.117013931274414,69674,0.04129984229803085,0.0,0.0
TDS,1986-02-18 19:00:00-05:00,0.0,3.1432080268859863,3.0122408866882324,3.0122408866882324,46290,0.03991161286830902,0.0,0.0
TDS,1986-02-19 19:00:00-05:00,0.0,3.0908210277557373,2.9860470294952393,3.0122408866882324,41995,0.03991161286830902,0.0,0.0
TDS,1986-02-20 19:00:00-05:00,0.0,3.0908210277557373,3.0122408866882324,3.0122408866882324,104034,0.03991161286830902,0.0,0.0
TDS,1986-02-23 19:00:00-05:00,0.0,3.0908210277557373,3.0384340286254883,3.064626932144165,32928,0.040605735033750534,0.0,0.0
TDS,1986-02-24 19:00:00-05:00,0.0,3.0908210277557373,2.9336600303649902,3.064626932144165,37700,0.040605735033750534,0.0,0.0
TDS,1986-02-25 19:00:00-05:00,0.0,3.0908210277557373,3.0384340286254883,3.0384340286254883,15748,0.04025869444012642,0.0,0.0
TDS,1986-02-26 19:00:00-05:00,0.0,3.195594072341919,3.0122408866882324,3.195594072341919,273924,0.042341042309999466,0.0,0.0
TDS,1986-02-27 19:00:00-05:00,0.0,3.221787929534912,3.1432080268859863,3.169400930404663,199001,0.04199395701289177,0.0,0.0
TDS,1986-03-02 19:00:00-05:00,0.0,3.221787929534912,3.195594072341919,3.195594072341919,34837,0.042341042309999466,0.0,0.0
TDS,1986-03-03 19:00:00-05:00,0.0,3.221787929534912,3.195594072341919,3.195594072341919,20043,0.042341042309999466,0.0,0.0
TDS,1986-03-04 19:00:00-05:00,0.0,3.195594072341919,3.117013931274414,3.117013931274414,82082,0.04129984229803085,0.0,0.0
TDS,1986-03-05 19:00:00-05:00,0.0,3.169400930404663,3.0908210277557373,3.169400930404663,96876,0.04199395701289177,0.0,0.0
TDS,1986-03-06 19:00:00-05:00,0.0,3.169400930404663,3.117013931274414,3.1432080268859863,12408,0.04164690524339676,0.0,0.0
TDS,1986-03-09 19:00:00-05:00,0.0,3.195594072341919,3.0908210277557373,3.0908210277557373,120259,0.04095280542969704,0.0,0.0
TDS,1986-03-10 19:00:00-05:00,0.0,3.169400930404663,3.064626932144165,3.169400930404663,165118,0.04199395701289177,0.0,0.0
TDS,1986-03-11 19:00:00-05:00,0.0,3.300368070602417,3.195594072341919,3.274174928665161,61084,0.0433821938931942,0.0,0.0
TDS,1986-03-12 19:00:00-05:00,0.0,3.247981071472168,3.221787929534912,3.221787929534912,43904,0.04268808662891388,0.0,0.0
TDS,1986-03-13 19:00:00-05:00,0.0,3.247981071472168,3.195594072341919,3.195594072341919,16225,0.042341042309999466,0.0,0.0
TDS,1986-03-16 19:00:00-05:00,0.0,3.247981071472168,3.169400930404663,3.195594072341919,92103,0.042341042309999466,0.0,0.0
TDS,1986-03-17 19:00:00-05:00,0.0,3.169400930404663,3.1432080268859863,3.1432080268859863,70628,0.04164690524339676,0.0,0.0
TDS,1986-03-18 19:00:00-05:00,0.0,3.274174928665161,3.1432080268859863,3.247981071472168,136008,0.043035127222537994,0.0,0.0
TDS,1986-03-19 19:00:00-05:00,0.0,3.3265609741210938,3.247981071472168,3.247981071472168,118828,0.043035127222537994,0.0,0.0
TDS,1986-03-20 19:00:00-05:00,0.0,3.274174928665161,3.169400930404663,3.195594072341919,173708,0.042341042309999466,0.0,0.0
TDS,1986-03-23 19:00:00-05:00,0.0,3.247981071472168,3.195594072341919,3.221787929534912,160346,0.04268808662891388,0.0,0.0
TDS,1986-03-24 19:00:00-05:00,0.0,3.274174928665161,3.195594072341919,3.247981071472168,62516,0.043035127222537994,0.0,0.0
TDS,1986-03-25 19:00:00-05:00,0.0,3.300368070602417,3.195594072341919,3.300368070602417,75878,0.043729268014431,0.0,0.0
TDS,1986-03-26 19:00:00-05:00,0.0,3.352755069732666,3.221787929534912,3.247981071472168,200909,0.043035127222537994,0.0,0.0
TDS,1986-03-30 19:00:00-05:00,0.0,3.274174928665161,3.169400930404663,3.169400930404663,60130,0.04199395701289177,0.0,0.0
TDS,1986-03-31 19:00:00-05:00,0.0,3.274174928665161,3.195594072341919,3.221787929534912,53926,0.04268808662891388,0.0,0.0
TDS,1986-04-01 19:00:00-05:00,0.0,3.274174928665161,3.221787929534912,3.274174928665161,31496,0.0433821938931942,0.0,0.0
TDS,1986-04-02 19:00:00-05:00,0.0,3.3265609741210938,3.221787929534912,3.274174928665161,84468,0.0433821938931942,0.0,0.0
TDS,1986-04-03 19:00:00-05:00,0.0,3.274174928665161,3.195594072341919,3.221787929534912,198046,0.04268808662891388,0.0,0.0
TDS,1986-04-06 19:00:00-05:00,0.0,3.300368070602417,3.221787929534912,3.221787929534912,56789,0.04268808662891388,0.0,0.0
TDS,1986-04-07 19:00:00-05:00,0.0,3.352755069732666,3.195594072341919,3.300368070602417,179435,0.043729268014431,0.0,0.0
TDS,1986-04-08 19:00:00-05:00,0.0,3.352755069732666,3.247981071472168,3.352755069732666,48199,0.044423386454582214,0.0,0.0
TDS,1986-04-09 19:00:00-05:00,0.0,3.431334972381592,3.3789479732513428,3.3789479732513428,60130,0.044770438224077225,0.0,0.0
TDS,1986-04-10 19:00:00-05:00,0.0,3.483721971511841,3.405142068862915,3.4575281143188477,20998,0.045811593532562256,0.0,0.0
TDS,1986-04-13 19:00:00-05:00,0.0,3.5623021125793457,3.431334972381592,3.483721971511841,57266,0.04615868255496025,0.0,0.0
TDS,1986-04-14 19:00:00-05:00,0.0,3.4575281143188477,3.405142068862915,3.405142068862915,54880,0.04511750489473343,0.0,0.0
TDS,1986-04-15 19:00:00-05:00,0.0,3.4575281143188477,3.405142068862915,3.4575281143188477,50585,0.045811593532562256,0.0,0.0
TDS,1986-04-16 19:00:00-05:00,0.0,3.5099151134490967,3.4575281143188477,3.483721971511841,861858,0.04615868255496025,0.0,0.0
TDS,1986-04-17 19:00:00-05:00,0.0,3.5099151134490967,3.405142068862915,3.431334972381592,19566,0.045464541763067245,0.0,0.0
TDS,1986-04-20 19:00:00-05:00,0.0,3.5099151134490967,3.4575281143188477,3.5099151134490967,46768,0.046505726873874664,0.0,0.0
TDS,1986-04-21 19:00:00-05:00,0.0,3.5099151134490967,3.3789479732513428,3.3789479732513428,91149,0.044770438224077225,0.0,0.0
TDS,1986-04-22 19:00:00-05:00,0.0,3.5099151134490967,3.3789479732513428,3.405142068862915,112147,0.04511750489473343,0.0,0.0
TDS,1986-04-23 19:00:00-05:00,0.0,3.6146891117095947,3.405142068862915,3.5884950160980225,286809,0.047546882182359695,0.0,0.0
TDS,1986-04-24 19:00:00-05:00,0.0,3.6146891117095947,3.5623021125793457,3.6146891117095947,74923,0.047893915325403214,0.0,0.0
TDS,1986-04-27 20:00:00-04:00,0.0,3.6146891117095947,3.5099151134490967,3.5099151134490967,50585,0.046505726873874664,0.0,0.0
TDS,1986-04-28 20:00:00-04:00,0.0,3.5623021125793457,3.4575281143188477,3.4575281143188477,56312,0.045811593532562256,0.0,0.0
TDS,1986-04-29 20:00:00-04:00,0.0,3.483721971511841,3.405142068862915,3.431334972381592,35314,0.045464541763067245,0.0,0.0
TDS,1986-04-30 20:00:00-04:00,0.0,3.4575281143188477,3.405142068862915,3.431334972381592,43904,0.045464541763067245,0.0,0.0
TDS,1986-05-01 20:00:00-04:00,0.0,3.4575281143188477,3.405142068862915,3.405142068862915,26724,0.04511750489473343,0.0,0.0
TDS,1986-05-04 20:00:00-04:00,0.0,3.431334972381592,3.405142068862915,3.405142068862915,17657,0.04511750489473343,0.0,0.0
TDS,1986-05-05 20:00:00-04:00,0.0,3.4575281143188477,3.3789479732513428,3.405142068862915,52017,0.04511750489473343,0.0,0.0
TDS,1986-05-06 20:00:00-04:00,0.0,3.4575281143188477,3.352755069732666,3.4575281143188477,43427,0.045811593532562256,0.0,0.0
TDS,1986-05-07 20:00:00-04:00,0.0,3.6146891117095947,3.4575281143188477,3.6146891117095947,118828,0.047893915325403214,0.0,0.0
TDS,1986-05-08 20:00:00-04:00,0.0,3.6670761108398438,3.5623021125793457,3.5884950160980225,267720,0.047546882182359695,0.0,0.0
TDS,1986-05-11 20:00:00-04:00,0.0,3.8242359161376953,3.5884950160980225,3.7194619178771973,785981,0.04928218945860863,0.0,0.0
TDS,1986-05-12 20:00:00-04:00,0.0,3.7194619178771973,3.6146891117095947,3.6408820152282715,95444,0.0482410229742527,0.0,0.0
TDS,1986-05-13 20:00:00-04:00,0.0,3.7194619178771973,3.6408820152282715,3.6932690143585205,38178,0.04893512651324272,0.0,0.0
TDS,1986-05-14 20:00:00-04:00,0.0,3.7456560134887695,3.6670761108398438,3.7456560134887695,132667,0.04962924122810364,0.0,0.0
TDS,1986-05-15 20:00:00-04:00,0.0,3.7194619178771973,3.6670761108398438,3.6932690143585205,49154,0.04893512651324272,0.0,0.0
TDS,1986-05-18 20:00:00-04:00,0.0,3.850429058074951,3.7194619178771973,3.850429058074951,145552,0.05101747065782547,0.0,0.0
TDS,1986-05-19 20:00:00-04:00,0.0,4.086170196533203,3.850429058074951,4.033782958984375,201864,0.05344688892364502,0.0,0.0
TDS,1986-05-20 20:00:00-04:00,0.0,4.007589817047119,3.8766229152679443,3.8766229152679443,41995,0.05136450007557869,0.0,0.0
TDS,1986-05-21 20:00:00-04:00,0.0,4.033782958984375,3.8766229152679443,3.8766229152679443,248154,0.05136450007557869,0.0,0.0
TDS,1986-05-22 20:00:00-04:00,0.0,3.9290099143981934,3.8242359161376953,3.8242359161376953,88286,0.05067039653658867,0.0,0.0
TDS,1986-05-26 20:00:00-04:00,0.0,3.955203056335449,3.8242359161376953,3.9290099143981934,70628,0.052058663219213486,0.0,0.0
TDS,1986-05-27 20:00:00-04:00,0.0,4.007589817047119,3.9028160572052,4.007589817047119,47722,0.053099825978279114,0.0,0.0
TDS,1986-05-28 20:00:00-04:00,0.0,3.981395959854126,3.8766229152679443,3.9290099143981934,41518,0.052058663219213486,0.0,0.0
TDS,1986-05-29 20:00:00-04:00,0.0,3.9028160572052,3.850429058074951,3.9028160572052,31019,0.051711585372686386,0.0,0.0
TDS,1986-06-01 20:00:00-04:00,0.0,3.9028160572052,3.850429058074951,3.8766229152679443,35314,0.05136450007557869,0.0,0.0
TDS,1986-06-02 20:00:00-04:00,0.0,4.007589817047119,3.9028160572052,3.981395959854126,29110,0.052752770483493805,0.0,0.0
TDS,1986-06-03 20:00:00-04:00,0.0,4.007589817047119,3.955203056335449,3.981395959854126,67765,0.052752770483493805,0.0,0.0
TDS,1986-06-04 20:00:00-04:00,0.0,4.007589817047119,3.9290099143981934,3.955203056335449,86377,0.0524057038128376,0.0,0.0
TDS,1986-06-05 20:00:00-04:00,0.0,3.981395959854126,3.955203056335449,3.981395959854126,72060,0.052752770483493805,0.0,0.0
TDS,1986-06-08 20:00:00-04:00,0.0,3.9290099143981934,3.850429058074951,3.9290099143981934,16703,0.052058663219213486,0.0,0.0
TDS,1986-06-09 20:00:00-04:00,0.0,3.8766229152679443,3.7718489170074463,3.8242359161376953,42473,0.05067039653658867,0.0,0.0
TDS,1986-06-10 20:00:00-04:00,0.0,3.8242359161376953,3.7718489170074463,3.7718489170074463,58221,0.049976274371147156,0.0,0.0
TDS,1986-06-11 20:00:00-04:00,0.0,3.7718489170074463,3.7194619178771973,3.7456560134887695,104988,0.04962924122810364,0.0,0.0
TDS,1986-06-12 20:00:00-04:00,0.0,3.7718489170074463,3.7194619178771973,3.7194619178771973,40086,0.04928218945860863,0.0,0.0
TDS,1986-06-15 20:00:00-04:00,0.0,3.7456560134887695,3.7194619178771973,3.7456560134887695,75878,0.04962924122810364,0.0,0.0
TDS,1986-06-16 20:00:00-04:00,0.0,3.8242359161376953,3.7718489170074463,3.7980430126190186,30065,0.05032336339354515,0.0,0.0
TDS,1986-06-17 20:00:00-04:00,0.0,3.981395959854126,3.7980430126190186,3.981395959854126,114533,0.052752770483493805,0.0,0.0
TDS,1986-06-18 20:00:00-04:00,0.0,4.007589817047119,3.955203056335449,3.955203056335449,45336,0.0524057038128376,0.0,0.0
TDS,1986-06-19 20:00:00-04:00,0.0,4.007589817047119,3.8766229152679443,3.9028160572052,128372,0.051711585372686386,0.0,0.0
TDS,1986-06-22 20:00:00-04:00,0.0,3.955203056335449,3.8766229152679443,3.9028160572052,31974,0.051711585372686386,0.0,0.0
TDS,1986-06-23 20:00:00-04:00,0.0,3.9028160572052,3.850429058074951,3.8766229152679443,24338,0.05136450007557869,0.0,0.0
TDS,1986-06-24 20:00:00-04:00,0.0,3.981395959854126,3.9290099143981934,3.981395959854126,51062,0.052752770483493805,0.0,0.0
TDS,1986-06-25 20:00:00-04:00,0.0,4.007589817047119,3.9290099143981934,3.955203056335449,55835,0.0524057038128376,0.0,0.0
TDS,1986-06-26 20:00:00-04:00,0.0,3.955203056335449,3.9290099143981934,3.955203056335449,5727,0.0524057038128376,0.0,0.0
TDS,1986-06-29 20:00:00-04:00,0.0,3.955203056335449,3.8766229152679443,3.8766229152679443,63947,0.05136450007557869,0.0,0.0
TDS,1986-06-30 20:00:00-04:00,0.0,4.3219099044799805,3.9290099143981934,4.3219099044799805,170367,0.057264458388090134,0.0,0.0
TDS,1986-07-01 20:00:00-04:00,0.0,4.4266839027404785,4.243330001831055,4.295716762542725,146984,0.0569174699485302,0.0,0.0
TDS,1986-07-02 20:00:00-04:00,0.0,4.3219099044799805,4.217136859893799,4.217136859893799,84468,0.05587628111243248,0.0,0.0
TDS,1986-07-06 20:00:00-04:00,0.0,4.217136859893799,4.086170196533203,4.086170196533203,77787,0.054140977561473846,0.0,0.0
TDS,1986-07-07 20:00:00-04:00,0.0,4.086170196533203,3.8766229152679443,3.9290099143981934,112624,0.052058663219213486,0.0,0.0
TDS,1986-07-08 20:00:00-04:00,0.0,3.981395959854126,3.9028160572052,3.981395959854126,254835,0.052752770483493805,0.0,0.0
TDS,1986-07-09 20:00:00-04:00,0.0,4.007589817047119,3.981395959854126,4.007589817047119,10976,0.053099825978279114,0.0,0.0
TDS,1986-07-10 20:00:00-04:00,0.0,4.033782958984375,3.955203056335449,3.955203056335449,156051,0.0524057038128376,0.0,0.0
TDS,1986-07-13 20:00:00-04:00,0.0,3.981395959854126,3.8766229152679443,3.9028160572052,39132,0.051711585372686386,0.0,0.0
TDS,1986-07-14 20:00:00-04:00,0.0,3.850429058074951,3.6670761108398438,3.6932690143585205,632793,0.04893512651324272,0.0,0.0
TDS,1986-07-15 20:00:00-04:00,0.0,3.7194619178771973,3.6670761108398438,3.7194619178771973,126940,0.04928218945860863,0.0,0.0
TDS,1986-07-16 20:00:00-04:00,0.0,3.7980430126190186,3.6932690143585205,3.7194619178771973,42950,0.04928218945860863,0.0,0.0
TDS,1986-07-17 20:00:00-04:00,0.0,3.7456560134887695,3.6932690143585205,3.6932690143585205,10499,0.04893512651324272,0.0,0.0
TDS,1986-07-20 20:00:00-04:00,0.0,3.7194619178771973,3.6146891117095947,3.6408820152282715,290149,0.0482410229742527,0.0,0.0
TDS,1986-07-21 20:00:00-04:00,0.0,3.7456560134887695,3.6408820152282715,3.6932690143585205,36269,0.04893512651324272,0.0,0.0
TDS,1986-07-22 20:00:00-04:00,0.0,3.7194619178771973,3.6408820152282715,3.6670761108398438,45336,0.04858805239200592,0.0,0.0
TDS,1986-07-23 20:00:00-04:00,0.0,3.850429058074951,3.6932690143585205,3.8242359161376953,111669,0.05067039653658867,0.0,0.0
TDS,1986-07-24 20:00:00-04:00,0.0,3.9290099143981934,3.850429058074951,3.8766229152679443,30065,0.05136450007557869,0.0,0.0
TDS,1986-07-27 20:00:00-04:00,0.0,3.955203056335449,3.850429058074951,3.850429058074951,32451,0.05101747065782547,0.0,0.0
TDS,1986-07-28 20:00:00-04:00,0.0,3.7980430126190186,3.7456560134887695,3.7718489170074463,69197,0.049976274371147156,0.0,0.0
TDS,1986-07-29 20:00:00-04:00,0.0,3.7980430126190186,3.7456560134887695,3.7718489170074463,33405,0.049976274371147156,0.0,0.0
TDS,1986-07-30 20:00:00-04:00,0.0,3.8242359161376953,3.7456560134887695,3.8242359161376953,24338,0.05067039653658867,0.0,0.0
TDS,1986-07-31 20:00:00-04:00,0.0,3.8766229152679443,3.7718489170074463,3.8242359161376953,44859,0.05067039653658867,0.0,0.0
TDS,1986-08-03 20:00:00-04:00,0.0,3.850429058074951,3.7980430126190186,3.850429058074951,14794,0.05101747065782547,0.0,0.0
TDS,1986-08-04 20:00:00-04:00,0.0,3.8766229152679443,3.850429058074951,3.850429058074951,15271,0.05101747065782547,0.0,0.0
TDS,1986-08-05 20:00:00-04:00,0.0,3.9028160572052,3.850429058074951,3.9028160572052,9067,0.051711585372686386,0.0,0.0
TDS,1986-08-06 20:00:00-04:00,0.0,3.9290099143981934,3.850429058074951,3.8766229152679443,8590,0.05136450007557869,0.0,0.0
TDS,1986-08-07 20:00:00-04:00,0.0,3.8766229152679443,3.8766229152679443,3.8766229152679443,29110,0.05136450007557869,0.0,0.0
TDS,1986-08-10 20:00:00-04:00,0.0,3.955203056335449,3.8766229152679443,3.955203056335449,38178,0.0524057038128376,0.0,0.0
TDS,1986-08-11 20:00:00-04:00,0.0,4.059976100921631,3.9028160572052,4.059976100921631,32451,0.05379389971494675,0.0,0.0
TDS,1986-08-12 20:00:00-04:00,0.0,4.295716762542725,3.981395959854126,4.217136859893799,61084,0.05587628111243248,0.0,0.0
TDS,1986-08-13 20:00:00-04:00,0.0,4.295716762542725,4.190942764282227,4.190942764282227,67288,0.05552922189235687,0.0,0.0
TDS,1986-08-14 20:00:00-04:00,0.0,4.243330001831055,4.190942764282227,4.217136859893799,59652,0.05587628111243248,0.0,0.0
TDS,1986-08-17 20:00:00-04:00,0.0,4.190942764282227,4.086170196533203,4.086170196533203,34837,0.054140977561473846,0.0,0.0
TDS,1986-08-18 20:00:00-04:00,0.0,4.243330001831055,4.138556957244873,4.138556957244873,151279,0.05483512952923775,0.0,0.0
TDS,1986-08-19 20:00:00-04:00,0.0,4.269524097442627,4.164750099182129,4.217136859893799,36269,0.05587628111243248,0.0,0.0
TDS,1986-08-20 20:00:00-04:00,0.0,4.269524097442627,4.190942764282227,4.190942764282227,42473,0.05552922189235687,0.0,0.0
TDS,1986-08-21 20:00:00-04:00,0.0,4.505263805389404,4.295716762542725,4.295716762542725,134576,0.0569174699485302,0.0,0.0
TDS,1986-08-24 20:00:00-04:00,0.0,4.348104000091553,4.243330001831055,4.348104000091553,33883,0.05761156231164932,0.0,0.0
TDS,1986-08-25 20:00:00-04:00,0.0,4.400491237640381,4.348104000091553,4.348104000091553,20043,0.05761156231164932,0.0,0.0
TDS,1986-08-26 20:00:00-04:00,0.0,4.452877044677734,4.3219099044799805,4.3219099044799805,134099,0.057264458388090134,0.0,0.0
TDS,1986-08-27 20:00:00-04:00,0.0,4.531457901000977,4.374297142028809,4.505263805389404,41041,0.059693917632102966,0.0,0.0
TDS,1986-08-28 20:00:00-04:00,0.0,4.531457901000977,4.374297142028809,4.400491237640381,107852,0.058305684477090836,0.0,0.0
TDS,1986-09-01 20:00:00-04:00,0.0,4.4266839027404785,4.3219099044799805,4.3219099044799805,61561,0.057264458388090134,0.0,0.0
TDS,1986-09-02 20:00:00-04:00,0.0,4.400491237640381,4.3219099044799805,4.400491237640381,32451,0.058305684477090836,0.0,0.0
TDS,1986-09-03 20:00:00-04:00,0.0,4.400491237640381,4.374297142028809,4.400491237640381,53926,0.058305684477090836,0.0,0.0
TDS,1986-09-04 20:00:00-04:00,0.0,4.400491237640381,4.374297142028809,4.374297142028809,63947,0.05795862153172493,0.0,0.0
TDS,1986-09-07 20:00:00-04:00,0.0,4.3219099044799805,4.269524097442627,4.269524097442627,96398,0.05657041445374489,0.0,0.0
TDS,1986-09-08 20:00:00-04:00,0.0,4.295716762542725,4.269524097442627,4.269524097442627,90672,0.05657041445374489,0.0,0.0
TDS,1986-09-09 20:00:00-04:00,0.0,4.374297142028809,4.295716762542725,4.295716762542725,89717,0.0569174699485302,0.0,0.0
TDS,1986-09-10 20:00:00-04:00,0.0,4.269524097442627,3.9290099143981934,3.9290099143981934,111192,0.052058663219213486,0.0,0.0
TDS,1986-09-11 20:00:00-04:00,0.0,3.955203056335449,3.7718489170074463,3.7718489170074463,171322,0.049976274371147156,0.0,0.0
TDS,1986-09-14 20:00:00-04:00,0.0,3.9290099143981934,3.7718489170074463,3.7718489170074463,117873,0.049976274371147156,0.0,0.0
TDS,1986-09-15 20:00:00-04:00,0.0,3.850429058074951,3.7718489170074463,3.7718489170074463,85422,0.049976274371147156,0.0,0.0
TDS,1986-09-16 20:00:00-04:00,0.0,3.9028160572052,3.7718489170074463,3.9028160572052,17180,0.051711585372686386,0.0,0.0
TDS,1986-09-17 20:00:00-04:00,0.0,3.9028160572052,3.8766229152679443,3.8766229152679443,4772,0.05136450007557869,0.0,0.0
TDS,1986-09-18 20:00:00-04:00,0.0,3.8766229152679443,3.7718489170074463,3.8242359161376953,61084,0.05067039653658867,0.0,0.0
TDS,1986-09-21 20:00:00-04:00,0.0,3.8766229152679443,3.8242359161376953,3.8766229152679443,60130,0.05136450007557869,0.0,0.0
TDS,1986-09-22 20:00:00-04:00,0.0,3.9290099143981934,3.850429058074951,3.9028160572052,28156,0.051711585372686386,0.0,0.0
TDS,1986-09-23 20:00:00-04:00,0.0,3.9290099143981934,3.8766229152679443,3.9028160572052,21475,0.051711585372686386,0.0,0.0
TDS,1986-09-24 20:00:00-04:00,0.0,3.955203056335449,3.7718489170074463,3.7718489170074463,100216,0.049976274371147156,0.0,0.0
TDS,1986-09-25 20:00:00-04:00,0.0,3.8242359161376953,3.7456560134887695,3.7456560134887695,53449,0.04962924122810364,0.0,0.0
TDS,1986-09-28 20:00:00-04:00,0.0,3.8242359161376953,3.7456560134887695,3.7456560134887695,93535,0.04962924122810364,0.0,0.0
TDS,1986-09-29 20:00:00-04:00,0.0,3.8242359161376953,3.7456560134887695,3.7718489170074463,50585,0.049976274371147156,0.0,0.0
TDS,1986-09-30 20:00:00-04:00,0.0,3.7980430126190186,3.7718489170074463,3.7980430126190186,16703,0.05032336339354515,0.0,0.0
TDS,1986-10-01 20:00:00-04:00,0.0,3.8242359161376953,3.7980430126190186,3.7980430126190186,2863,0.05032336339354515,0.0,0.0
TDS,1986-10-02 20:00:00-04:00,0.0,3.8242359161376953,3.7718489170074463,3.7718489170074463,30065,0.049976274371147156,0.0,0.0
TDS,1986-10-05 20:00:00-04:00,0.0,3.7980430126190186,3.7718489170074463,3.7718489170074463,18612,0.049976274371147156,0.0,0.0
TDS,1986-10-06 20:00:00-04:00,0.0,3.7718489170074463,3.7456560134887695,3.7456560134887695,41518,0.04962924122810364,0.0,0.0
TDS,1986-10-07 20:00:00-04:00,0.0,3.7718489170074463,3.7456560134887695,3.7718489170074463,27679,0.049976274371147156,0.0,0.0
TDS,1986-10-08 20:00:00-04:00,0.0,3.8242359161376953,3.7718489170074463,3.7980430126190186,84468,0.05032336339354515,0.0,0.0
TDS,1986-10-09 20:00:00-04:00,0.0,3.8766229152679443,3.7980430126190186,3.850429058074951,61084,0.05101747065782547,0.0,0.0
TDS,1986-10-12 20:00:00-04:00,0.0,3.8766229152679443,3.8242359161376953,3.8766229152679443,24338,0.05136450007557869,0.0,0.0
TDS,1986-10-13 20:00:00-04:00,0.0,3.9028160572052,3.8242359161376953,3.850429058074951,283946,0.05101747065782547,0.0,0.0
TDS,1986-10-14 20:00:00-04:00,0.0,3.8242359161376953,3.8242359161376953,3.8242359161376953,7636,0.05067039653658867,0.0,0.0
TDS,1986-10-15 20:00:00-04:00,0.0,3.8766229152679443,3.8242359161376953,3.8242359161376953,9067,0.05067039653658867,0.0,0.0
TDS,1986-10-16 20:00:00-04:00,0.0,3.8242359161376953,3.7980430126190186,3.7980430126190186,34837,0.05032336339354515,0.0,0.0
TDS,1986-10-19 20:00:00-04:00,0.0,3.8766229152679443,3.7980430126190186,3.850429058074951,39609,0.05101747065782547,0.0,0.0
TDS,1986-10-20 20:00:00-04:00,0.0,3.8766229152679443,3.8242359161376953,3.8766229152679443,18134,0.05136450007557869,0.0,0.0
TDS,1986-10-21 20:00:00-04:00,0.0,3.8766229152679443,3.850429058074951,3.8766229152679443,11930,0.05136450007557869,0.0,0.0
TDS,1986-10-22 20:00:00-04:00,0.0,3.9028160572052,3.8766229152679443,3.8766229152679443,4295,0.05136450007557869,0.0,0.0
TDS,1986-10-23 20:00:00-04:00,0.0,3.8766229152679443,3.8766229152679443,3.8766229152679443,6204,0.05136450007557869,0.0,0.0
TDS,1986-10-26 19:00:00-05:00,0.0,3.9028160572052,3.8766229152679443,3.9028160572052,43427,0.051711585372686386,0.0,0.0
TDS,1986-10-27 19:00:00-05:00,0.0,3.9028160572052,3.8766229152679443,3.8766229152679443,33883,0.05136450007557869,0.0,0.0
TDS,1986-10-28 19:00:00-05:00,0.0,3.8766229152679443,3.7980430126190186,3.8242359161376953,78741,0.05067039653658867,0.0,0.0
TDS,1986-10-29 19:00:00-05:00,0.0,3.8766229152679443,3.8242359161376953,3.8766229152679443,66811,0.05136450007557869,0.0,0.0
TDS,1986-10-30 19:00:00-05:00,0.0,3.9028160572052,3.8766229152679443,3.9028160572052,26247,0.051711585372686386,0.0,0.0
TDS,1986-11-02 19:00:00-05:00,0.0,3.9028160572052,3.8766229152679443,3.8766229152679443,25293,0.05136450007557869,0.0,0.0
TDS,1986-11-03 19:00:00-05:00,0.0,3.8766229152679443,3.8766229152679443,3.8766229152679443,13839,0.05136450007557869,0.0,0.0
TDS,1986-11-04 19:00:00-05:00,0.0,3.8766229152679443,3.8766229152679443,3.8766229152679443,47245,0.05136450007557869,0.0,0.0
TDS,1986-11-05 19:00:00-05:00,0.0,3.9028160572052,3.8766229152679443,3.8766229152679443,34360,0.05136450007557869,0.0,0.0
TDS,1986-11-06 19:00:00-05:00,0.0,3.9028160572052,3.8766229152679443,3.8766229152679443,22429,0.05136450007557869,0.0,0.0
TDS,1986-11-09 19:00:00-05:00,0.0,4.007589817047119,3.955203056335449,3.981395959854126,38178,0.052752770483493805,0.0,0.0
TDS,1986-11-10 19:00:00-05:00,0.0,4.033782958984375,3.955203056335449,4.007589817047119,14794,0.053099825978279114,0.0,0.0
TDS,1986-11-11 19:00:00-05:00,0.0,4.033782958984375,3.9290099143981934,3.9290099143981934,23384,0.052058663219213486,0.0,0.0
TDS,1986-11-12 19:00:00-05:00,0.0,3.9290099143981934,3.8242359161376953,3.8242359161376953,39609,0.05067039653658867,0.0,0.0
TDS,1986-11-13 19:00:00-05:00,0.0,3.9028160572052,3.8242359161376953,3.8242359161376953,96876,0.05067039653658867,0.0,0.0
TDS,1986-11-16 19:00:00-05:00,0.0,3.8766229152679443,3.8242359161376953,3.8242359161376953,126940,0.05067039653658867,0.0,0.0
TDS,1986-11-17 19:00:00-05:00,0.0,3.8242359161376953,3.7718489170074463,3.7980430126190186,162255,0.05032336339354515,0.0,0.0
TDS,1986-11-18 19:00:00-05:00,0.0,3.7456560134887695,3.6670761108398438,3.6670761108398438,75878,0.04858805239200592,0.0,0.0
TDS,1986-11-19 19:00:00-05:00,0.0,3.7456560134887695,3.6932690143585205,3.7456560134887695,10022,0.04962924122810364,0.0,0.0
TDS,1986-11-20 19:00:00-05:00,0.0,3.850429058074951,3.7718489170074463,3.7718489170074463,36269,0.049976274371147156,0.0,0.0
TDS,1986-11-23 19:00:00-05:00,0.0,3.8242359161376953,3.7980430126190186,3.7980430126190186,15271,0.05032336339354515,0.0,0.0
TDS,1986-11-24 19:00:00-05:00,0.0,3.850429058074951,3.7718489170074463,3.8242359161376953,89717,0.05067039653658867,0.0,0.0
TDS,1986-11-25 19:00:00-05:00,0.0,3.8766229152679443,3.850429058074951,3.850429058074951,43904,0.05101747065782547,0.0,0.0
TDS,1986-11-27 19:00:00-05:00,0.0,3.955203056335449,3.8766229152679443,3.955203056335449,26724,0.0524057038128376,0.0,0.0
TDS,1986-11-30 19:00:00-05:00,0.0,3.981395959854126,3.8766229152679443,3.9290099143981934,26724,0.052058663219213486,0.0,0.0
TDS,1986-12-01 19:00:00-05:00,0.0,3.955203056335449,3.850429058074951,3.8766229152679443,110715,0.05136450007557869,0.0,0.0
TDS,1986-12-02 19:00:00-05:00,0.0,4.033782958984375,3.8766229152679443,3.981395959854126,181343,0.052752770483493805,0.0,0.0
TDS,1986-12-03 19:00:00-05:00,0.0,4.059976100921631,3.981395959854126,4.059976100921631,52494,0.05379389971494675,0.0,0.0
TDS,1986-12-04 19:00:00-05:00,0.0,4.033782958984375,3.981395959854126,3.981395959854126,35314,0.052752770483493805,0.0,0.0
TDS,1986-12-07 19:00:00-05:00,0.0,4.033782958984375,3.9290099143981934,4.033782958984375,25770,0.05344688892364502,0.0,0.0
TDS,1986-12-08 19:00:00-05:00,0.0,4.033782958984375,3.981395959854126,3.981395959854126,38178,0.052752770483493805,0.0,0.0
TDS,1986-12-09 19:00:00-05:00,0.0,3.955203056335449,3.9290099143981934,3.955203056335449,28633,0.0524057038128376,0.0,0.0
TDS,1986-12-10 19:00:00-05:00,0.0,4.033782958984375,3.9290099143981934,4.033782958984375,29588,0.05344688892364502,0.0,0.0
TDS,1986-12-11 19:00:00-05:00,0.0,4.007589817047119,3.981395959854126,3.981395959854126,69197,0.052752770483493805,0.0,0.0
TDS,1986-12-14 19:00:00-05:00,0.0,3.981395959854126,3.955203056335449,3.955203056335449,16703,0.0524057038128376,0.0,0.0
TDS,1986-12-15 19:00:00-05:00,0.0,3.981395959854126,3.955203056335449,3.955203056335449,66334,0.0524057038128376,0.0,0.0
TDS,1986-12-16 19:00:00-05:00,0.0,3.981395959854126,3.9290099143981934,3.981395959854126,114533,0.052752770483493805,0.0,0.0
TDS,1986-12-17 19:00:00-05:00,0.0,3.981395959854126,3.850429058074951,3.9028160572052,123600,0.051711585372686386,0.0,0.0
TDS,1986-12-18 19:00:00-05:00,0.0,3.8766229152679443,3.8766229152679443,3.8766229152679443,26724,0.05136450007557869,0.0,0.0
TDS,1986-12-21 19:00:00-05:00,0.0,3.955203056335449,3.8766229152679443,3.8766229152679443,213794,0.05136450007557869,0.0,0.0
TDS,1986-12-22 19:00:00-05:00,0.0,3.9028160572052,3.7718489170074463,3.7718489170074463,274878,0.049976274371147156,0.0,0.0
TDS,1986-12-23 19:00:00-05:00,0.0,3.7980430126190186,3.7718489170074463,3.7980430126190186,73492,0.05032336339354515,0.0,0.0
TDS,1986-12-25 19:00:00-05:00,0.0,3.8242359161376953,3.7718489170074463,3.8242359161376953,58698,0.05067039653658867,0.0,0.0
TDS,1986-12-28 19:00:00-05:00,0.0,3.7980430126190186,3.7718489170074463,3.7980430126190186,98307,0.05032336339354515,0.0,0.0
TDS,1986-12-29 19:00:00-05:00,0.0,3.7980430126190186,3.7456560134887695,3.7456560134887695,105466,0.04962924122810364,0.0,0.0
TDS,1986-12-30 19:00:00-05:00,0.0,3.850429058074951,3.7456560134887695,3.850429058074951,56312,0.05101747065782547,0.0,0.0
TDS,1987-01-01 19:00:00-05:00,0.0,3.9028160572052,3.850429058074951,3.9028160572052,332622,0.051711585372686386,0.0,0.0
TDS,1987-01-04 19:00:00-05:00,0.0,3.981395959854126,3.9290099143981934,3.9290099143981934,192797,0.052058663219213486,0.0,0.0
TDS,1987-01-05 19:00:00-05:00,0.0,4.033782958984375,4.007589817047119,4.033782958984375,22907,0.05344688892364502,0.0,0.0
TDS,1987-01-06 19:00:00-05:00,0.0,4.112362861633301,4.007589817047119,4.112362861633301,59652,0.054488033056259155,0.0,0.0
TDS,1987-01-07 19:00:00-05:00,0.0,4.164750099182129,4.112362861633301,4.112362861633301,19089,0.054488033056259155,0.0,0.0
TDS,1987-01-08 19:00:00-05:00,0.0,4.269524097442627,4.190942764282227,4.243330001831055,84468,0.05622333660721779,0.0,0.0
TDS,1987-01-11 19:00:00-05:00,0.0,4.295716762542725,4.217136859893799,4.217136859893799,91626,0.05587628111243248,0.0,0.0
TDS,1987-01-12 19:00:00-05:00,0.0,4.374297142028809,4.217136859893799,4.3219099044799805,54403,0.057264458388090134,0.0,0.0
TDS,1987-01-13 19:00:00-05:00,0.0,4.3219099044799805,4.269524097442627,4.295716762542725,75401,0.0569174699485302,0.0,0.0
TDS,1987-01-14 19:00:00-05:00,0.0,4.452877044677734,4.295716762542725,4.452877044677734,101648,0.05899977684020996,0.0,0.0
TDS,1987-01-15 19:00:00-05:00,0.0,4.583844184875488,4.400491237640381,4.479071140289307,130281,0.05934683978557587,0.0,0.0
TDS,1987-01-18 19:00:00-05:00,0.0,4.479071140289307,4.4266839027404785,4.452877044677734,38655,0.05899977684020996,0.0,0.0
TDS,1987-01-19 19:00:00-05:00,0.0,4.610037803649902,4.505263805389404,4.583844184875488,92103,0.06073509901762009,0.0,0.0
TDS,1987-01-20 19:00:00-05:00,0.0,4.741004943847656,4.557651042938232,4.741004943847656,110715,0.06281739473342896,0.0,0.0
TDS,1987-01-21 19:00:00-05:00,0.0,4.741004943847656,4.636230945587158,4.714810848236084,43904,0.06247035041451454,0.0,0.0
TDS,1987-01-22 19:00:00-05:00,0.0,4.819584846496582,4.688618183135986,4.688618183135986,69197,0.06212334334850311,0.0,0.0
TDS,1987-01-25 19:00:00-05:00,0.0,4.6624250411987305,4.610037803649902,4.6624250411987305,30065,0.061776310205459595,0.0,0.0
TDS,1987-01-26 19:00:00-05:00,0.0,4.688618183135986,4.505263805389404,4.505263805389404,59652,0.059693917632102966,0.0,0.0
TDS,1987-01-27 19:00:00-05:00,0.0,4.610037803649902,4.479071140289307,4.557651042938232,54880,0.060388002544641495,0.0,0.0
TDS,1987-01-28 19:00:00-05:00,0.0,4.557651042938232,4.452877044677734,4.557651042938232,30065,0.060388002544641495,0.0,0.0
TDS,1987-01-29 19:00:00-05:00,0.0,4.610037803649902,4.557651042938232,4.610037803649902,13362,0.061082132160663605,0.0,0.0
TDS,1987-02-01 19:00:00-05:00,0.0,4.610037803649902,4.557651042938232,4.583844184875488,31974,0.06073509901762009,0.0,0.0
TDS,1987-02-02 19:00:00-05:00,0.0,4.583844184875488,4.505263805389404,4.583844184875488,40564,0.06073509901762009,0.0,0.0
TDS,1987-02-03 19:00:00-05:00,0.0,4.583844184875488,4.505263805389404,4.557651042938232,40086,0.060388002544641495,0.0,0.0
TDS,1987-02-04 19:00:00-05:00,0.0,4.793392181396484,4.583844184875488,4.583844184875488,68242,0.06073509901762009,0.0,0.0
TDS,1987-02-05 19:00:00-05:00,0.0,4.793392181396484,4.610037803649902,4.793392181396484,96876,0.06351156532764435,0.0,0.0
TDS,1987-02-08 19:00:00-05:00,0.0,5.002939224243164,4.898165225982666,4.950551986694336,473879,0.0655939131975174,0.0,0.0
TDS,1987-02-09 19:00:00-05:00,0.0,5.1077117919921875,4.87197208404541,4.87197208404541,95921,0.06455273926258087,0.0,0.0
TDS,1987-02-10 19:00:00-05:00,0.0,5.08151912689209,4.92435884475708,4.976745128631592,214272,0.06594091653823853,0.0,0.0
TDS,1987-02-11 19:00:00-05:00,0.0,5.029131889343262,4.87197208404541,4.950551986694336,95444,0.0655939131975174,0.0,0.0
TDS,1987-02-12 19:00:00-05:00,0.0,5.002939224243164,4.898165225982666,4.950551986694336,174662,0.0655939131975174,0.0,0.0
TDS,1987-02-16 19:00:00-05:00,0.0,5.029131889343262,4.898165225982666,4.976745128631592,121691,0.06594091653823853,0.0,0.0
TDS,1987-02-17 19:00:00-05:00,0.0,4.976745128631592,4.845777988433838,4.898165225982666,53926,0.0648997351527214,0.0,0.0
TDS,1987-02-18 19:00:00-05:00,0.0,4.87197208404541,4.714810848236084,4.793392181396484,55835,0.06351156532764435,0.0,0.0
TDS,1987-02-19 19:00:00-05:00,0.0,4.898165225982666,4.767198085784912,4.819584846496582,41041,0.06385861337184906,0.0,0.0
TDS,1987-02-22 19:00:00-05:00,0.0,4.767198085784912,4.610037803649902,4.714810848236084,66334,0.06247035041451454,0.0,0.0
TDS,1987-02-23 19:00:00-05:00,0.0,4.819584846496582,4.741004943847656,4.793392181396484,28156,0.06351156532764435,0.0,0.0
TDS,1987-02-24 19:00:00-05:00,0.0,4.898165225982666,4.819584846496582,4.87197208404541,40086,0.06455273926258087,0.0,0.0
TDS,1987-02-25 19:00:00-05:00,0.0,4.898165225982666,4.87197208404541,4.87197208404541,17180,0.06455273926258087,0.0,0.0
TDS,1987-02-26 19:00:00-05:00,0.0,4.898165225982666,4.87197208404541,4.87197208404541,12408,0.06455273926258087,0.0,0.0
TDS,1987-03-01 19:00:00-05:00,0.0,4.87197208404541,4.767198085784912,4.767198085784912,20520,0.06316449493169785,0.0,0.0
TDS,1987-03-02 19:00:00-05:00,0.0,4.819584846496582,4.741004943847656,4.741004943847656,16225,0.06281739473342896,0.0,0.0
TDS,1987-03-03 19:00:00-05:00,0.0,4.87197208404541,4.741004943847656,4.87197208404541,68242,0.06455273926258087,0.0,0.0
TDS,1987-03-04 19:00:00-05:00,0.0,5.002939224243164,4.898165225982666,4.92435884475708,36746,0.06524685025215149,0.0,0.0
TDS,1987-03-05 19:00:00-05:00,0.0,4.87197208404541,4.793392181396484,4.819584846496582,49631,0.06385861337184906,0.0,0.0
TDS,1987-03-08 19:00:00-05:00,0.0,4.87197208404541,4.793392181396484,4.819584846496582,61084,0.06385861337184906,0.0,0.0
TDS,1987-03-09 19:00:00-05:00,0.0,4.819584846496582,4.714810848236084,4.741004943847656,73015,0.06311927735805511,0.02305,0.0
TDS,1987-03-10 19:00:00-05:00,0.0,4.898165225982666,4.741004943847656,4.819584846496582,88286,0.06416545063257217,0.0,0.0
TDS,1987-03-11 19:00:00-05:00,0.0,5.13390588760376,4.845777988433838,5.029131889343262,179912,0.06695526093244553,0.0,0.0
TDS,1987-03-12 19:00:00-05:00,0.0,5.160099029541016,5.08151912689209,5.08151912689209,59175,0.06765276193618774,0.0,0.0
TDS,1987-03-15 19:00:00-05:00,0.0,5.055325984954834,4.92435884475708,4.92435884475708,39132,0.06556039303541183,0.0,0.0
TDS,1987-03-16 19:00:00-05:00,0.0,5.002939224243164,4.92435884475708,5.002939224243164,50585,0.06660658866167068,0.0,0.0
TDS,1987-03-17 19:00:00-05:00,0.0,5.08151912689209,5.002939224243164,5.029131889343262,151756,0.06695526093244553,0.0,0.0
TDS,1987-03-18 19:00:00-05:00,0.0,5.186293125152588,5.08151912689209,5.13390588760376,32928,0.06835021078586578,0.0,0.0
TDS,1987-03-19 19:00:00-05:00,0.0,5.186293125152588,5.029131889343262,5.08151912689209,40086,0.06765276193618774,0.0,0.0
TDS,1987-03-22 19:00:00-05:00,0.0,5.029131889343262,4.898165225982666,4.92435884475708,47722,0.06556039303541183,0.0,0.0
TDS,1987-03-23 19:00:00-05:00,0.0,5.002939224243164,4.898165225982666,4.92435884475708,41518,0.06556039303541183,0.0,0.0
TDS,1987-03-24 19:00:00-05:00,0.0,5.13390588760376,4.976745128631592,5.055325984954834,68720,0.06730398535728455,0.0,0.0
TDS,1987-03-25 19:00:00-05:00,0.0,5.13390588760376,5.002939224243164,5.13390588760376,131713,0.06835021078586578,0.0,0.0
TDS,1987-03-26 19:00:00-05:00,0.0,5.160099029541016,4.741004943847656,4.898165225982666,98307,0.06521163880825043,0.0,0.0
TDS,1987-03-29 19:00:00-05:00,0.0,4.845777988433838,4.741004943847656,4.819584846496582,68720,0.06416545063257217,0.0,0.0
TDS,1987-03-30 19:00:00-05:00,0.0,4.819584846496582,4.583844184875488,4.767198085784912,132667,0.06346806138753891,0.0,0.0
TDS,1987-03-31 19:00:00-05:00,0.0,4.87197208404541,4.714810848236084,4.741004943847656,107374,0.06311927735805511,0.0,0.0
TDS,1987-04-01 19:00:00-05:00,0.0,4.793392181396484,4.714810848236084,4.714810848236084,66811,0.06277052313089371,0.0,0.0
TDS,1987-04-02 19:00:00-05:00,0.0,4.741004943847656,4.610037803649902,4.6624250411987305,32451,0.06207313761115074,0.0,0.0
TDS,1987-04-05 20:00:00-04:00,0.0,4.793392181396484,4.636230945587158,4.767198085784912,114533,0.06346806138753891,0.0,0.0
TDS,1987-04-06 20:00:00-04:00,0.0,4.767198085784912,4.6624250411987305,4.714810848236084,146506,0.06277052313089371,0.0,0.0
TDS,1987-04-07 20:00:00-04:00,0.0,4.767198085784912,4.6624250411987305,4.741004943847656,103079,0.06311927735805511,0.0,0.0
TDS,1987-04-08 20:00:00-04:00,0.0,4.793392181396484,4.714810848236084,4.714810848236084,91626,0.06277052313089371,0.0,0.0
TDS,1987-04-09 20:00:00-04:00,0.0,4.793392181396484,4.6624250411987305,4.714810848236084,22907,0.06277052313089371,0.0,0.0
TDS,1987-04-12 20:00:00-04:00,0.0,4.714810848236084,4.636230945587158,4.636230945587158,19566,0.06172440946102142,0.0,0.0
TDS,1987-04-13 20:00:00-04:00,0.0,4.636230945587158,4.400491237640381,4.505263805389404,173708,0.059980761259794235,0.0,0.0
TDS,1987-04-14 20:00:00-04:00,0.0,4.610037803649902,4.505263805389404,4.531457901000977,42473,0.060329511761665344,0.0,0.0
TDS,1987-04-15 20:00:00-04:00,0.0,4.688618183135986,4.583844184875488,4.688618183135986,31974,0.06242186576128006,0.0,0.0
TDS,1987-04-19 20:00:00-04:00,0.0,4.714810848236084,4.583844184875488,4.610037803649902,61561,0.06137567013502121,0.0,0.0
TDS,1987-04-20 20:00:00-04:00,0.0,4.6624250411987305,4.610037803649902,4.610037803649902,16703,0.06137567013502121,0.0,0.0
TDS,1987-04-21 20:00:00-04:00,0.0,4.688618183135986,4.636230945587158,4.688618183135986,103557,0.06242186576128006,0.0,0.0
TDS,1987-04-22 20:00:00-04:00,0.0,4.688618183135986,4.636230945587158,4.688618183135986,50108,0.06242186576128006,0.0,0.0
TDS,1987-04-23 20:00:00-04:00,0.0,4.6624250411987305,4.610037803649902,4.610037803649902,31019,0.06137567013502121,0.0,0.0
TDS,1987-04-26 20:00:00-04:00,0.0,4.741004943847656,4.636230945587158,4.714810848236084,82082,0.06277052313089371,0.0,0.0
TDS,1987-04-27 20:00:00-04:00,0.0,4.767198085784912,4.741004943847656,4.767198085784912,79218,0.06346806138753891,0.0,0.0
TDS,1987-04-28 20:00:00-04:00,0.0,4.767198085784912,4.714810848236084,4.714810848236084,25293,0.06277052313089371,0.0,0.0
TDS,1987-04-29 20:00:00-04:00,0.0,4.898165225982666,4.688618183135986,4.819584846496582,101648,0.06416545063257217,0.0,0.0
TDS,1987-04-30 20:00:00-04:00,0.0,4.950551986694336,4.845777988433838,4.950551986694336,108329,0.06590908765792847,0.0,0.0
TDS,1987-05-03 20:00:00-04:00,0.0,4.976745128631592,4.714810848236084,4.767198085784912,150324,0.06346806138753891,0.0,0.0
TDS,1987-05-04 20:00:00-04:00,0.0,4.845777988433838,4.767198085784912,4.793392181396484,104034,0.06381678581237793,0.0,0.0
TDS,1987-05-05 20:00:00-04:00,0.0,4.87197208404541,4.793392181396484,4.87197208404541,72537,0.0648629292845726,0.0,0.0
TDS,1987-05-06 20:00:00-04:00,0.0,4.845777988433838,4.793392181396484,4.845777988433838,34360,0.06451419740915298,0.0,0.0
TDS,1987-05-07 20:00:00-04:00,0.0,4.87197208404541,4.793392181396484,4.819584846496582,65856,0.06416545063257217,0.0,0.0
TDS,1987-05-10 20:00:00-04:00,0.0,4.92435884475708,4.819584846496582,4.819584846496582,19566,0.06416545063257217,0.0,0.0
TDS,1987-05-11 20:00:00-04:00,0.0,4.87197208404541,4.819584846496582,4.819584846496582,21952,0.06416545063257217,0.0,0.0
TDS,1987-05-12 20:00:00-04:00,0.0,4.976745128631592,4.819584846496582,4.92435884475708,63947,0.06556039303541183,0.0,0.0
TDS,1987-05-13 20:00:00-04:00,0.0,5.08151912689209,4.976745128631592,5.029131889343262,68720,0.06695526093244553,0.0,0.0
TDS,1987-05-14 20:00:00-04:00,0.0,5.160099029541016,5.08151912689209,5.1077117919921875,91149,0.0680014118552208,0.0,0.0
TDS,1987-05-17 20:00:00-04:00,0.0,5.2124857902526855,5.08151912689209,5.08151912689209,55357,0.06765276193618774,0.0,0.0
TDS,1987-05-18 20:00:00-04:00,0.0,5.13390588760376,4.976745128631592,4.976745128631592,139348,0.06625780463218689,0.0,0.0
TDS,1987-05-19 20:00:00-04:00,0.0,5.029131889343262,4.87197208404541,4.898165225982666,30065,0.06521163880825043,0.0,0.0
TDS,1987-05-20 20:00:00-04:00,0.0,4.950551986694336,4.87197208404541,4.898165225982666,42473,0.06521163880825043,0.0,0.0
TDS,1987-05-21 20:00:00-04:00,0.0,4.950551986694336,4.845777988433838,4.950551986694336,9544,0.06590908765792847,0.0,0.0
TDS,1987-05-25 20:00:00-04:00,0.0,5.08151912689209,5.002939224243164,5.055325984954834,28633,0.06730398535728455,0.0,0.0
TDS,1987-05-26 20:00:00-04:00,0.0,5.08151912689209,5.002939224243164,5.055325984954834,50585,0.06730398535728455,0.0,0.0
TDS,1987-05-27 20:00:00-04:00,0.0,5.029131889343262,4.92435884475708,5.002939224243164,32928,0.06660658866167068,0.0,0.0
TDS,1987-05-28 20:00:00-04:00,0.0,5.08151912689209,5.002939224243164,5.08151912689209,104511,0.06765276193618774,0.0,0.0
TDS,1987-05-31 20:00:00-04:00,0.0,5.08151912689209,5.002939224243164,5.08151912689209,31974,0.06765276193618774,0.0,0.0
TDS,1987-06-01 20:00:00-04:00,0.0,5.2124857902526855,5.029131889343262,5.13390588760376,41995,0.06835021078586578,0.0,0.0
TDS,1987-06-02 20:00:00-04:00,0.0,5.395840167999268,5.160099029541016,5.317259788513184,141257,0.07079128175973892,0.0,0.0
TDS,1987-06-03 20:00:00-04:00,0.0,5.552999973297119,5.3434529304504395,5.474420070648193,138394,0.07288358360528946,0.0,0.0
TDS,1987-06-04 20:00:00-04:00,0.0,5.474420070648193,5.395840167999268,5.4482269287109375,76832,0.07253488898277283,0.0,0.0
TDS,1987-06-07 20:00:00-04:00,0.0,5.500613212585449,5.395840167999268,5.500613212585449,20043,0.07323236763477325,0.0,0.0
TDS,1987-06-08 20:00:00-04:00,0.0,5.422032833099365,5.369646072387695,5.369646072387695,16703,0.07178951054811478,0.02305,0.0
TDS,1987-06-09 20:00:00-04:00,0.0,5.369646072387695,5.2910661697387695,5.369646072387695,13839,0.07178951054811478,0.0,0.0
TDS,1987-06-10 20:00:00-04:00,0.0,5.4482269287109375,5.3434529304504395,5.4482269287109375,27202,0.07284016162157059,0.0,0.0
TDS,1987-06-11 20:00:00-04:00,0.0,5.474420070648193,5.395840167999268,5.474420070648193,78264,0.07319027930498123,0.0,0.0
TDS,1987-06-14 20:00:00-04:00,0.0,5.552999973297119,5.395840167999268,5.422032833099365,110715,0.072489894926548,0.0,0.0
TDS,1987-06-15 20:00:00-04:00,0.0,5.422032833099365,5.369646072387695,5.395840167999268,5727,0.07213972508907318,0.0,0.0
TDS,1987-06-16 20:00:00-04:00,0.0,5.4482269287109375,5.395840167999268,5.422032833099365,24338,0.072489894926548,0.0,0.0
TDS,1987-06-17 20:00:00-04:00,0.0,5.474420070648193,5.369646072387695,5.474420070648193,480560,0.07319027930498123,0.0,0.0
TDS,1987-06-18 20:00:00-04:00,0.0,5.4482269287109375,5.395840167999268,5.4482269287109375,18134,0.07284016162157059,0.0,0.0
TDS,1987-06-21 20:00:00-04:00,0.0,5.500613212585449,5.395840167999268,5.474420070648193,31496,0.07319027930498123,0.0,0.0
TDS,1987-06-22 20:00:00-04:00,0.0,5.552999973297119,5.4482269287109375,5.474420070648193,20043,0.07319027930498123,0.0,0.0
TDS,1987-06-23 20:00:00-04:00,0.0,5.526806831359863,5.4482269287109375,5.526806831359863,497740,0.07389067858457565,0.0,0.0
TDS,1987-06-24 20:00:00-04:00,0.0,5.552999973297119,5.526806831359863,5.552999973297119,13362,0.07424083352088928,0.0,0.0
TDS,1987-06-25 20:00:00-04:00,0.0,5.605387210845947,5.500613212585449,5.605387210845947,14794,0.07494127750396729,0.0,0.0
TDS,1987-06-28 20:00:00-04:00,0.0,6.1292548179626465,5.657773971557617,6.1292548179626465,76832,0.08194512873888016,0.0,0.0
TDS,1987-06-29 20:00:00-04:00,0.0,6.1292548179626465,5.893514156341553,6.050674915313721,86377,0.08089455962181091,0.0,0.0
TDS,1987-06-30 20:00:00-04:00,0.0,6.050674915313721,5.814933776855469,5.814933776855469,37700,0.0777428075671196,0.0,0.0
TDS,1987-07-01 20:00:00-04:00,0.0,5.841126918792725,5.762547016143799,5.762547016143799,61561,0.07704241573810577,0.0,0.0
TDS,1987-07-05 20:00:00-04:00,0.0,5.788741111755371,5.500613212585449,5.631579875946045,111192,0.07529149949550629,0.0,0.0
TDS,1987-07-06 20:00:00-04:00,0.0,5.710159778594971,5.552999973297119,5.552999973297119,102602,0.07424083352088928,0.0,0.0
TDS,1987-07-07 20:00:00-04:00,0.0,5.631579875946045,5.500613212585449,5.552999973297119,318305,0.07424083352088928,0.0,0.0
TDS,1987-07-08 20:00:00-04:00,0.0,5.552999973297119,5.500613212585449,5.526806831359863,9544,0.07389067858457565,0.0,0.0
TDS,1987-07-09 20:00:00-04:00,0.0,5.552999973297119,5.474420070648193,5.474420070648193,17180,0.07319027930498123,0.0,0.0
TDS,1987-07-12 20:00:00-04:00,0.0,5.526806831359863,5.474420070648193,5.474420070648193,13839,0.07319027930498123,0.0,0.0
TDS,1987-07-13 20:00:00-04:00,0.0,5.552999973297119,5.474420070648193,5.552999973297119,16225,0.07424083352088928,0.0,0.0
TDS,1987-07-14 20:00:00-04:00,0.0,5.657773971557617,5.526806831359863,5.579193115234375,58698,0.07459106296300888,0.0,0.0
TDS,1987-07-15 20:00:00-04:00,0.0,5.631579875946045,5.579193115234375,5.631579875946045,13839,0.07529149949550629,0.0,0.0
TDS,1987-07-16 20:00:00-04:00,0.0,5.683967113494873,5.605387210845947,5.683967113494873,23861,0.07599186152219772,0.0,0.0
TDS,1987-07-19 20:00:00-04:00,0.0,5.683967113494873,5.657773971557617,5.657773971557617,19566,0.07564164698123932,0.0,0.0
TDS,1987-07-20 20:00:00-04:00,0.0,5.657773971557617,5.579193115234375,5.605387210845947,37700,0.07494127750396729,0.0,0.0
TDS,1987-07-21 20:00:00-04:00,0.0,5.605387210845947,5.552999973297119,5.552999973297119,2863,0.07424083352088928,0.0,0.0
TDS,1987-07-22 20:00:00-04:00,0.0,5.526806831359863,5.474420070648193,5.500613212585449,9067,0.07354049384593964,0.0,0.0
TDS,1987-07-23 20:00:00-04:00,0.0,5.552999973297119,5.474420070648193,5.500613212585449,20520,0.07354049384593964,0.0,0.0
TDS,1987-07-26 20:00:00-04:00,0.0,5.552999973297119,5.500613212585449,5.500613212585449,7158,0.07354049384593964,0.0,0.0
TDS,1987-07-27 20:00:00-04:00,0.0,5.526806831359863,5.500613212585449,5.500613212585449,5727,0.07354049384593964,0.0,0.0
TDS,1987-07-28 20:00:00-04:00,0.0,5.9720940589904785,5.552999973297119,5.893514156341553,168936,0.07879339903593063,0.0,0.0
TDS,1987-07-29 20:00:00-04:00,0.0,6.443575859069824,5.998288154602051,6.391189098358154,298262,0.08544707298278809,0.0,0.0
TDS,1987-07-30 20:00:00-04:00,0.0,7.0984110832214355,6.391189098358154,7.046023845672607,329759,0.09420187771320343,0.0,0.0
TDS,1987-08-02 20:00:00-04:00,0.0,6.9936370849609375,6.67931604385376,6.810283184051514,173708,0.0910501554608345,0.0,0.0
TDS,1987-08-03 20:00:00-04:00,0.0,7.019830226898193,6.705510139465332,7.019830226898193,162255,0.09385169297456741,0.0,0.0
TDS,1987-08-04 20:00:00-04:00,0.0,7.019830226898193,6.862669944763184,6.915057182312012,52017,0.09245093166828156,0.0,0.0
TDS,1987-08-05 20:00:00-04:00,0.0,6.915057182312012,6.862669944763184,6.862669944763184,18134,0.09175051003694534,0.0,0.0
TDS,1987-08-06 20:00:00-04:00,0.0,7.203184127807617,6.915057182312012,7.019830226898193,294922,0.09385169297456741,0.0,0.0
TDS,1987-08-09 20:00:00-04:00,0.0,7.255570888519287,7.072216987609863,7.203184127807617,148892,0.09630302339792252,0.0,0.0
TDS,1987-08-10 20:00:00-04:00,0.0,7.412731170654297,7.229376792907715,7.255570888519287,210931,0.09700345993041992,0.0,0.0
TDS,1987-08-11 20:00:00-04:00,0.0,7.727052211761475,7.307958126068115,7.596085071563721,121691,0.1015559509396553,0.0,0.0
TDS,1987-08-12 20:00:00-04:00,0.0,7.85801887512207,7.622278213500977,7.700859069824219,164641,0.10295669734477997,0.0,0.0
TDS,1987-08-13 20:00:00-04:00,0.0,7.6746649742126465,7.386538028717041,7.438924789428711,111192,0.09945478290319443,0.0,0.0
TDS,1987-08-16 20:00:00-04:00,0.0,7.386538028717041,7.019830226898193,7.150796890258789,88763,0.09560264647006989,0.0,0.0
TDS,1987-08-17 20:00:00-04:00,0.0,7.124604225158691,7.019830226898193,7.019830226898193,63947,0.09385169297456741,0.0,0.0
TDS,1987-08-18 20:00:00-04:00,0.0,7.203184127807617,7.019830226898193,7.150796890258789,29588,0.09560264647006989,0.0,0.0
TDS,1987-08-19 20:00:00-04:00,0.0,7.281764030456543,7.124604225158691,7.281764030456543,113101,0.09735360741615295,0.0,0.0
TDS,1987-08-20 20:00:00-04:00,0.0,7.491311073303223,7.229376792907715,7.334150791168213,50585,0.09805403649806976,0.0,0.0
TDS,1987-08-23 20:00:00-04:00,0.0,7.334150791168213,7.124604225158691,7.176990985870361,35314,0.09595287591218948,0.0,0.0
TDS,1987-08-24 20:00:00-04:00,0.0,7.176990985870361,7.072216987609863,7.0984110832214355,163686,0.09490226209163666,0.0,0.0
TDS,1987-08-25 20:00:00-04:00,0.0,7.203184127807617,7.046023845672607,7.0984110832214355,48199,0.09490226209163666,0.0,0.0
TDS,1987-08-26 20:00:00-04:00,0.0,7.072216987609863,6.941249847412109,7.019830226898193,25770,0.09385169297456741,0.0,0.0
TDS,1987-08-27 20:00:00-04:00,0.0,6.967443943023682,6.7578959465026855,6.810283184051514,28633,0.0910501554608345,0.0,0.0
TDS,1987-08-30 20:00:00-04:00,0.0,6.784090042114258,6.626928806304932,6.784090042114258,65379,0.0906999409198761,0.0,0.0
TDS,1987-08-31 20:00:00-04:00,0.0,6.810283184051514,6.67931604385376,6.67931604385376,52017,0.08929918706417084,0.0,0.0
TDS,1987-09-01 20:00:00-04:00,0.0,6.653122901916504,6.574542999267578,6.574542999267578,75878,0.08789840340614319,0.0,0.0
TDS,1987-09-02 20:00:00-04:00,0.0,7.85801887512207,7.386538028717041,7.753244876861572,586980,0.10365711897611618,0.0,0.0
TDS,1987-09-03 20:00:00-04:00,0.0,8.06756591796875,7.753244876861572,8.06756591796875,282514,0.10821038484573364,0.025146,0.0
TDS,1987-09-07 20:00:00-04:00,0.0,7.884212017059326,7.727052211761475,7.753244876861572,283468,0.10399440675973892,0.0,0.0
TDS,1987-09-08 20:00:00-04:00,0.0,7.8056321144104,7.753244876861572,7.7794389724731445,93535,0.10434568673372269,0.0,0.0
TDS,1987-09-09 20:00:00-04:00,0.0,7.884212017059326,7.7794389724731445,7.884212017059326,340735,0.10575103014707565,0.0,0.0
TDS,1987-09-10 20:00:00-04:00,0.0,8.27711296081543,7.884212017059326,8.27711296081543,211885,0.111021026968956,0.0,0.0
TDS,1987-09-13 20:00:00-04:00,0.0,8.250920295715332,8.198533058166504,8.224726676940918,136962,0.11031834781169891,0.0,0.0
TDS,1987-09-14 20:00:00-04:00,0.0,8.172340393066406,8.06756591796875,8.06756591796875,94012,0.10821038484573364,0.0,0.0
TDS,1987-09-15 20:00:00-04:00,0.0,8.224726676940918,8.06756591796875,8.119953155517578,101171,0.10891310125589371,0.0,0.0
TDS,1987-09-16 20:00:00-04:00,0.0,8.172340393066406,8.06756591796875,8.06756591796875,176094,0.10821038484573364,0.0,0.0
TDS,1987-09-17 20:00:00-04:00,0.0,8.146145820617676,8.015178680419922,8.015178680419922,17180,0.10750768333673477,0.0,0.0
TDS,1987-09-20 20:00:00-04:00,0.0,7.988986015319824,7.8056321144104,7.962792873382568,243382,0.10680504888296127,0.0,0.0
TDS,1987-09-21 20:00:00-04:00,0.0,7.988986015319824,7.85801887512207,7.988986015319824,162732,0.10715635120868683,0.0,0.0
TDS,1987-09-22 20:00:00-04:00,0.0,8.06756591796875,8.015178680419922,8.041373252868652,55835,0.10785907506942749,0.0,0.0
TDS,1987-09-23 20:00:00-04:00,0.0,8.041373252868652,7.962792873382568,7.962792873382568,43427,0.10680504888296127,0.0,0.0
TDS,1987-09-24 20:00:00-04:00,0.0,8.041373252868652,7.910406112670898,8.041373252868652,29588,0.10785907506942749,0.0,0.0
TDS,1987-09-27 20:00:00-04:00,0.0,8.172340393066406,7.85801887512207,7.85801887512207,254835,0.10539969801902771,0.0,0.0
TDS,1987-09-28 20:00:00-04:00,0.0,7.936598777770996,7.7794389724731445,7.8056321144104,188979,0.10469704121351242,0.0,0.0
TDS,1987-09-29 20:00:00-04:00,0.0,7.8056321144104,7.6746649742126465,7.8056321144104,810796,0.10469704121351242,0.0,0.0
TDS,1987-09-30 20:00:00-04:00,0.0,7.831826210021973,7.753244876861572,7.7794389724731445,664767,0.10434568673372269,0.0,0.0
TDS,1987-10-01 20:00:00-04:00,0.0,7.831826210021973,7.753244876861572,7.8056321144104,50585,0.10469704121351242,0.0,0.0
TDS,1987-10-04 20:00:00-04:00,0.0,7.8056321144104,7.753244876861572,7.753244876861572,909580,0.10399440675973892,0.0,0.0
TDS,1987-10-05 20:00:00-04:00,0.0,7.7794389724731445,7.753244876861572,7.753244876861572,52494,0.10399440675973892,0.0,0.0
TDS,1987-10-06 20:00:00-04:00,0.0,7.8056321144104,7.700859069824219,7.753244876861572,110715,0.10399440675973892,0.0,0.0
TDS,1987-10-07 20:00:00-04:00,0.0,7.753244876861572,7.648471832275391,7.6746649742126465,28156,0.10294036567211151,0.0,0.0
TDS,1987-10-08 20:00:00-04:00,0.0,7.648471832275391,7.386538028717041,7.386538028717041,84945,0.09907572716474533,0.0,0.0
TDS,1987-10-11 20:00:00-04:00,0.0,7.386538028717041,6.705510139465332,7.046023845672607,192319,0.09450837969779968,0.0,0.0
TDS,1987-10-12 20:00:00-04:00,0.0,7.412731170654297,7.072216987609863,7.386538028717041,72060,0.09907572716474533,0.0,0.0
TDS,1987-10-13 20:00:00-04:00,0.0,7.360343933105469,7.229376792907715,7.229376792907715,60607,0.09696776419878006,0.0,0.0
TDS,1987-10-14 20:00:00-04:00,0.0,7.176990985870361,6.9936370849609375,7.019830226898193,503944,0.09415704011917114,0.0,0.0
TDS,1987-10-15 20:00:00-04:00,0.0,7.072216987609863,6.836476802825928,6.862669944763184,371277,0.09204906970262527,0.0,0.0
TDS,1987-10-18 20:00:00-04:00,0.0,6.1292548179626465,5.579193115234375,5.579193115234375,415181,0.07483377307653427,0.0,0.0
TDS,1987-10-19 20:00:00-04:00,0.0,5.657773971557617,4.92435884475708,5.1077117919921875,342166,0.06850976496934891,0.0,0.0
TDS,1987-10-20 20:00:00-04:00,0.0,5.814933776855469,5.238678932189941,5.3434529304504395,131713,0.07167179882526398,0.0,0.0
TDS,1987-10-21 20:00:00-04:00,0.0,5.238678932189941,4.92435884475708,5.1077117919921875,169890,0.06850976496934891,0.0,0.0
TDS,1987-10-22 20:00:00-04:00,0.0,5.055325984954834,4.819584846496582,4.819584846496582,212840,0.06464511156082153,0.0,0.0
TDS,1987-10-25 19:00:00-05:00,0.0,4.714810848236084,4.505263805389404,4.531457901000977,177526,0.06078050658106804,0.0,0.0
TDS,1987-10-26 19:00:00-05:00,0.0,4.636230945587158,4.479071140289307,4.505263805389404,221907,0.06042920798063278,0.0,0.0
TDS,1987-10-27 19:00:00-05:00,0.0,4.610037803649902,4.295716762542725,4.610037803649902,157960,0.06183447688817978,0.0,0.0
TDS,1987-10-28 19:00:00-05:00,0.0,5.08151912689209,4.557651042938232,5.08151912689209,89240,0.06815849244594574,0.0,0.0
TDS,1987-10-29 19:00:00-05:00,0.0,5.2910661697387695,5.13390588760376,5.238678932189941,238610,0.07026644796133041,0.0,0.0
TDS,1987-11-01 19:00:00-05:00,0.0,5.3434529304504395,5.186293125152588,5.3434529304504395,11930,0.07167179882526398,0.0,0.0
TDS,1987-11-02 19:00:00-05:00,0.0,5.2910661697387695,5.002939224243164,5.08151912689209,123600,0.06815849244594574,0.0,0.0
TDS,1987-11-03 19:00:00-05:00,0.0,5.160099029541016,5.029131889343262,5.13390588760376,35791,0.06886113435029984,0.0,0.0
TDS,1987-11-04 19:00:00-05:00,0.0,5.369646072387695,5.13390588760376,5.369646072387695,31974,0.07202310860157013,0.0,0.0
TDS,1987-11-05 19:00:00-05:00,0.0,5.500613212585449,5.317259788513184,5.474420070648193,24338,0.07342842221260071,0.0,0.0
TDS,1987-11-08 19:00:00-05:00,0.0,5.395840167999268,5.2910661697387695,5.369646072387695,52494,0.07202310860157013,0.0,0.0
TDS,1987-11-09 19:00:00-05:00,0.0,5.762547016143799,5.264873027801514,5.710159778594971,56312,0.07659045606851578,0.0,0.0
TDS,1987-11-10 19:00:00-05:00,0.0,6.050674915313721,5.657773971557617,5.657773971557617,116919,0.0758877620100975,0.0,0.0
TDS,1987-11-11 19:00:00-05:00,0.0,5.841126918792725,5.657773971557617,5.788741111755371,54403,0.07764451205730438,0.0,0.0
TDS,1987-11-12 19:00:00-05:00,0.0,5.788741111755371,5.710159778594971,5.710159778594971,49631,0.07659045606851578,0.0,0.0
TDS,1987-11-15 19:00:00-05:00,0.0,5.710159778594971,5.552999973297119,5.552999973297119,62039,0.07448241114616394,0.0,0.0
TDS,1987-11-16 19:00:00-05:00,0.0,5.552999973297119,5.395840167999268,5.500613212585449,94012,0.07377982139587402,0.0,0.0
TDS,1987-11-17 19:00:00-05:00,0.0,5.4482269287109375,5.317259788513184,5.4482269287109375,57266,0.07307718694210052,0.0,0.0
TDS,1987-11-18 19:00:00-05:00,0.0,5.4482269287109375,5.317259788513184,5.369646072387695,100693,0.07202310860157013,0.0,0.0
TDS,1987-11-19 19:00:00-05:00,0.0,5.2910661697387695,5.264873027801514,5.2910661697387695,10499,0.0709691196680069,0.0,0.0
TDS,1987-11-22 19:00:00-05:00,0.0,5.264873027801514,5.238678932189941,5.264873027801514,23384,0.07061780989170074,0.0,0.0
TDS,1987-11-23 19:00:00-05:00,0.0,5.422032833099365,5.2910661697387695,5.422032833099365,46290,0.07272575795650482,0.0,0.0
TDS,1987-11-24 19:00:00-05:00,0.0,5.500613212585449,5.4482269287109375,5.4482269287109375,50108,0.07307718694210052,0.0,0.0
TDS,1987-11-26 19:00:00-05:00,0.0,5.4482269287109375,5.395840167999268,5.4482269287109375,8590,0.07307718694210052,0.0,0.0
TDS,1987-11-29 19:00:00-05:00,0.0,5.422032833099365,5.186293125152588,5.238678932189941,41041,0.07026644796133041,0.0,0.0
TDS,1987-11-30 19:00:00-05:00,0.0,5.2124857902526855,5.002939224243164,5.002939224243164,116919,0.06710450351238251,0.0,0.0
TDS,1987-12-01 19:00:00-05:00,0.0,5.029131889343262,4.976745128631592,4.976745128631592,85422,0.06675312668085098,0.0,0.0
TDS,1987-12-02 19:00:00-05:00,0.0,4.92435884475708,4.92435884475708,4.92435884475708,44859,0.06605048477649689,0.0,0.0
TDS,1987-12-03 19:00:00-05:00,0.0,4.950551986694336,4.845777988433838,4.845777988433838,10976,0.06499645859003067,0.0,0.0
TDS,1987-12-06 19:00:00-05:00,0.0,4.87197208404541,4.819584846496582,4.87197208404541,66334,0.065347820520401,0.0,0.0
TDS,1987-12-07 19:00:00-05:00,0.0,4.898165225982666,4.767198085784912,4.845777988433838,89240,0.06499645859003067,0.0,0.0
TDS,1987-12-08 19:00:00-05:00,0.0,5.13390588760376,4.898165225982666,5.13390588760376,196614,0.06886113435029984,0.0,0.0
TDS,1987-12-09 19:00:00-05:00,0.0,5.13390588760376,5.08151912689209,5.08151912689209,6681,0.06815849244594574,0.0,0.0
TDS,1987-12-10 19:00:00-05:00,0.0,5.2124857902526855,5.055325984954834,5.2124857902526855,55835,0.07042330503463745,0.036671,0.0
TDS,1987-12-13 19:00:00-05:00,0.0,5.4482269287109375,5.238678932189941,5.3434529304504395,125509,0.07219274342060089,0.0,0.0
TDS,1987-12-14 19:00:00-05:00,0.0,5.526806831359863,5.395840167999268,5.4482269287109375,112624,0.07360830157995224,0.0,0.0
TDS,1987-12-15 19:00:00-05:00,0.0,5.841126918792725,5.395840167999268,5.657773971557617,150801,0.07643942534923553,0.0,0.0
TDS,1987-12-16 19:00:00-05:00,0.0,5.657773971557617,5.552999973297119,5.552999973297119,58221,0.07502388954162598,0.0,0.0
TDS,1987-12-17 19:00:00-05:00,0.0,5.657773971557617,5.579193115234375,5.657773971557617,118828,0.07643942534923553,0.0,0.0
TDS,1987-12-20 19:00:00-05:00,0.0,5.788741111755371,5.683967113494873,5.788741111755371,88763,0.07820884138345718,0.0,0.0
TDS,1987-12-21 19:00:00-05:00,0.0,5.762547016143799,5.657773971557617,5.762547016143799,71583,0.07785501331090927,0.0,0.0
TDS,1987-12-22 19:00:00-05:00,0.0,5.9720940589904785,5.814933776855469,5.945900917053223,91626,0.08033217489719391,0.0,0.0
TDS,1987-12-23 19:00:00-05:00,0.0,6.050674915313721,5.998288154602051,5.998288154602051,16703,0.08103997260332108,0.0,0.0
TDS,1987-12-27 19:00:00-05:00,0.0,6.076868057250977,5.945900917053223,5.945900917053223,40564,0.08033217489719391,0.0,0.0
TDS,1987-12-28 19:00:00-05:00,0.0,5.998288154602051,5.945900917053223,5.9720940589904785,29588,0.080686055123806,0.0,0.0
TDS,1987-12-29 19:00:00-05:00,0.0,5.9720940589904785,5.867321014404297,5.867321014404297,45813,0.07927048951387405,0.0,0.0
TDS,1987-12-30 19:00:00-05:00,0.0,5.945900917053223,5.867321014404297,5.945900917053223,40564,0.08033217489719391,0.0,0.0
TDS,1988-01-03 19:00:00-05:00,0.0,5.867321014404297,5.814933776855469,5.867321014404297,71583,0.07927048951387405,0.0,0.0
TDS,1988-01-04 19:00:00-05:00,0.0,5.945900917053223,5.841126918792725,5.841126918792725,121691,0.07891663908958435,0.0,0.0
TDS,1988-01-05 19:00:00-05:00,0.0,5.867321014404297,5.814933776855469,5.841126918792725,4772,0.07891663908958435,0.0,0.0
TDS,1988-01-06 19:00:00-05:00,0.0,5.893514156341553,5.683967113494873,5.762547016143799,23384,0.07785501331090927,0.0,0.0
TDS,1988-01-07 19:00:00-05:00,0.0,5.762547016143799,5.579193115234375,5.579193115234375,20998,0.07537776231765747,0.0,0.0
TDS,1988-01-10 19:00:00-05:00,0.0,5.552999973297119,5.369646072387695,5.395840167999268,76355,0.07290056347846985,0.0,0.0
TDS,1988-01-11 19:00:00-05:00,0.0,5.395840167999268,5.2910661697387695,5.3434529304504395,62516,0.07219274342060089,0.0,0.0
TDS,1988-01-12 19:00:00-05:00,0.0,5.500613212585449,5.3434529304504395,5.500613212585449,69674,0.07431610673666,0.0,0.0
TDS,1988-01-13 19:00:00-05:00,0.0,5.631579875946045,5.474420070648193,5.631579875946045,20998,0.07608553767204285,0.0,0.0
TDS,1988-01-14 19:00:00-05:00,0.0,5.867321014404297,5.710159778594971,5.710159778594971,54880,0.07714719325304031,0.0,0.0
TDS,1988-01-17 19:00:00-05:00,0.0,5.814933776855469,5.736353874206543,5.736353874206543,37700,0.0775010734796524,0.0,0.0
TDS,1988-01-18 19:00:00-05:00,0.0,5.736353874206543,5.683967113494873,5.683967113494873,12408,0.07679327577352524,0.0,0.0
TDS,1988-01-19 19:00:00-05:00,0.0,5.657773971557617,5.579193115234375,5.631579875946045,42950,0.07608553767204285,0.0,0.0
TDS,1988-01-20 19:00:00-05:00,0.0,5.841126918792725,5.579193115234375,5.736353874206543,55357,0.0775010734796524,0.0,0.0
TDS,1988-01-21 19:00:00-05:00,0.0,5.762547016143799,5.710159778594971,5.762547016143799,27679,0.07785501331090927,0.0,0.0
TDS,1988-01-24 19:00:00-05:00,0.0,6.181642055511475,5.867321014404297,6.103061199188232,96876,0.08245547860860825,0.0,0.0
TDS,1988-01-25 19:00:00-05:00,0.0,6.076868057250977,6.076868057250977,6.076868057250977,31496,0.08210161328315735,0.0,0.0
TDS,1988-01-26 19:00:00-05:00,0.0,6.050674915313721,5.998288154602051,5.998288154602051,18134,0.08103997260332108,0.0,0.0
TDS,1988-01-27 19:00:00-05:00,0.0,6.024480819702148,5.998288154602051,6.024480819702148,29110,0.08139381557703018,0.0,0.0
TDS,1988-01-28 19:00:00-05:00,0.0,6.076868057250977,6.024480819702148,6.024480819702148,102602,0.08139381557703018,0.0,0.0
TDS,1988-01-31 19:00:00-05:00,0.0,6.1292548179626465,5.945900917053223,5.945900917053223,71106,0.08033217489719391,0.0,0.0
TDS,1988-02-01 19:00:00-05:00,0.0,5.998288154602051,5.945900917053223,5.945900917053223,54403,0.08033217489719391,0.0,0.0
TDS,1988-02-02 19:00:00-05:00,0.0,6.024480819702148,5.9720940589904785,5.9720940589904785,62516,0.080686055123806,0.0,0.0
TDS,1988-02-03 19:00:00-05:00,0.0,5.9720940589904785,5.9720940589904785,5.9720940589904785,17657,0.080686055123806,0.0,0.0
TDS,1988-02-04 19:00:00-05:00,0.0,5.9720940589904785,5.9720940589904785,5.9720940589904785,10499,0.080686055123806,0.0,0.0
TDS,1988-02-07 19:00:00-05:00,0.0,5.945900917053223,5.867321014404297,5.867321014404297,136485,0.07927048951387405,0.0,0.0
TDS,1988-02-08 19:00:00-05:00,0.0,6.024480819702148,5.893514156341553,6.024480819702148,41995,0.08139381557703018,0.0,0.0
TDS,1988-02-09 19:00:00-05:00,0.0,6.548348903656006,6.050674915313721,6.548348903656006,182298,0.08847149461507797,0.0,0.0
TDS,1988-02-10 19:00:00-05:00,0.0,6.705510139465332,6.52215576171875,6.52215576171875,55835,0.08811759203672409,0.0,0.0
TDS,1988-02-11 19:00:00-05:00,0.0,6.626928806304932,6.52215576171875,6.626928806304932,55835,0.089533232152462,0.0,0.0
TDS,1988-02-15 19:00:00-05:00,0.0,6.915057182312012,6.600736141204834,6.915057182312012,39132,0.0934259444475174,0.0,0.0
TDS,1988-02-16 19:00:00-05:00,0.0,6.941249847412109,6.73170280456543,6.784090042114258,48199,0.09165658056735992,0.0,0.0
TDS,1988-02-17 19:00:00-05:00,0.0,6.7578959465026855,6.653122901916504,6.653122901916504,12408,0.0898871049284935,0.0,0.0
TDS,1988-02-18 19:00:00-05:00,0.0,6.67931604385376,6.600736141204834,6.67931604385376,104034,0.09024100005626678,0.0,0.0
TDS,1988-02-21 19:00:00-05:00,0.0,6.7578959465026855,6.653122901916504,6.7578959465026855,16703,0.09130260348320007,0.0,0.0
TDS,1988-02-22 19:00:00-05:00,0.0,6.810283184051514,6.7578959465026855,6.810283184051514,37223,0.09201039373874664,0.0,0.0
TDS,1988-02-23 19:00:00-05:00,0.0,6.836476802825928,6.7578959465026855,6.810283184051514,23384,0.09201039373874664,0.0,0.0
TDS,1988-02-24 19:00:00-05:00,0.0,6.810283184051514,6.73170280456543,6.784090042114258,8113,0.09165658056735992,0.0,0.0
TDS,1988-02-25 19:00:00-05:00,0.0,6.836476802825928,6.7578959465026855,6.810283184051514,7158,0.09201039373874664,0.0,0.0
TDS,1988-02-28 19:00:00-05:00,0.0,6.8888630867004395,6.784090042114258,6.862669944763184,37223,0.09271818399429321,0.0,0.0
TDS,1988-02-29 19:00:00-05:00,0.0,6.8888630867004395,6.836476802825928,6.862669944763184,88763,0.09271818399429321,0.0,0.0
TDS,1988-03-01 19:00:00-05:00,0.0,6.836476802825928,6.67931604385376,6.7578959465026855,38655,0.09130260348320007,0.0,0.0
TDS,1988-03-02 19:00:00-05:00,0.0,6.784090042114258,6.705510139465332,6.7578959465026855,79696,0.09130260348320007,0.0,0.0
TDS,1988-03-03 19:00:00-05:00,0.0,7.124604225158691,6.836476802825928,7.124604225158691,90194,0.09625702351331711,0.0,0.0
TDS,1988-03-06 19:00:00-05:00,0.0,7.124604225158691,7.072216987609863,7.0984110832214355,47722,0.0959031954407692,0.0,0.0
TDS,1988-03-07 19:00:00-05:00,0.0,7.124604225158691,7.072216987609863,7.072216987609863,17180,0.09554926306009293,0.0,0.0
TDS,1988-03-08 19:00:00-05:00,0.0,7.229376792907715,6.967443943023682,7.229376792907715,96398,0.09767256677150726,0.0,0.0
TDS,1988-03-09 19:00:00-05:00,0.0,7.281764030456543,7.150796890258789,7.203184127807617,21475,0.09731873869895935,0.0,0.0
TDS,1988-03-10 19:00:00-05:00,0.0,7.229376792907715,7.124604225158691,7.176990985870361,70628,0.09721940755844116,0.018859,0.0
TDS,1988-03-13 19:00:00-05:00,0.0,7.203184127807617,7.150796890258789,7.203184127807617,19566,0.0975741297006607,0.0,0.0
TDS,1988-03-14 19:00:00-05:00,0.0,7.229376792907715,7.150796890258789,7.229376792907715,7158,0.0979289785027504,0.0,0.0
TDS,1988-03-15 19:00:00-05:00,0.0,7.281764030456543,7.150796890258789,7.281764030456543,50108,0.09863857179880142,0.0,0.0
TDS,1988-03-16 19:00:00-05:00,0.0,7.517505168914795,7.334150791168213,7.517505168914795,67288,0.10183195769786835,0.0,0.0
TDS,1988-03-17 19:00:00-05:00,0.0,7.897308826446533,7.543697834014893,7.543697834014893,125986,0.10218673944473267,0.0,1.5
TDS,1988-03-20 19:00:00-05:00,0.0,7.700859069824219,7.543697834014893,7.543697834014893,22270,0.10218673944473267,0.0,0.0
TDS,1988-03-21 19:00:00-05:00,0.0,7.622278213500977,7.465117931365967,7.622278213500977,35314,0.10325119644403458,0.0,0.0
TDS,1988-03-22 19:00:00-05:00,0.0,7.622278213500977,7.50440788269043,7.543697834014893,45177,0.10218673944473267,0.0,0.0
TDS,1988-03-23 19:00:00-05:00,0.0,7.543697834014893,7.465117931365967,7.543697834014893,3500,0.10218673944473267,0.0,0.0
TDS,1988-03-24 19:00:00-05:00,0.0,7.700859069824219,7.425827980041504,7.661569118499756,97035,0.10378345847129822,0.0,0.0
TDS,1988-03-27 19:00:00-05:00,0.0,7.543697834014893,7.465117931365967,7.543697834014893,15271,0.10218673944473267,0.0,0.0
TDS,1988-03-28 19:00:00-05:00,0.0,7.7794389724731445,7.543697834014893,7.700859069824219,81127,0.10431565344333649,0.0,0.0
TDS,1988-03-29 19:00:00-05:00,0.0,7.740149021148682,7.5829877853393555,7.661569118499756,47722,0.10378345847129822,0.0,0.0
TDS,1988-03-30 19:00:00-05:00,0.0,7.661569118499756,7.5829877853393555,7.661569118499756,12090,0.10378345847129822,0.0,0.0
TDS,1988-04-03 20:00:00-04:00,0.0,7.5829877853393555,7.543697834014893,7.5829877853393555,36269,0.10271894186735153,0.0,0.0
TDS,1988-04-04 20:00:00-04:00,0.0,7.661569118499756,7.50440788269043,7.622278213500977,64266,0.10325119644403458,0.0,0.0
TDS,1988-04-05 20:00:00-04:00,0.0,7.622278213500977,7.543697834014893,7.622278213500977,10817,0.10325119644403458,0.0,0.0
TDS,1988-04-06 20:00:00-04:00,0.0,7.897308826446533,7.700859069824219,7.85801887512207,47404,0.10644448548555374,0.0,0.0
TDS,1988-04-07 20:00:00-04:00,0.0,8.879561424255371,7.85801887512207,8.604531288146973,139030,0.11655686050653458,0.0,0.0
TDS,1988-04-10 20:00:00-04:00,0.0,8.761691093444824,8.525951385498047,8.761691093444824,287604,0.11868570744991302,0.0,0.0
TDS,1988-04-11 20:00:00-04:00,0.0,8.800980567932129,8.722400665283203,8.800980567932129,53130,0.11921785771846771,0.0,0.0
TDS,1988-04-12 20:00:00-04:00,0.0,8.84027099609375,8.683111190795898,8.722400665283203,149529,0.11815342307090759,0.0,0.0
TDS,1988-04-13 20:00:00-04:00,0.0,8.643820762634277,8.565240859985352,8.604531288146973,65538,0.11655686050653458,0.0,0.0
TDS,1988-04-14 20:00:00-04:00,0.0,8.643820762634277,8.015178680419922,8.172340393066406,126622,0.11070231348276138,0.0,0.0
TDS,1988-04-17 20:00:00-04:00,0.0,8.368789672851562,8.172340393066406,8.368789672851562,215385,0.11336338520050049,0.0,0.0
TDS,1988-04-18 20:00:00-04:00,0.0,8.565240859985352,8.447369575500488,8.525951385498047,30860,0.11549235880374908,0.0,0.0
TDS,1988-04-19 20:00:00-04:00,0.0,8.486660957336426,8.408080101013184,8.408080101013184,34996,0.11389564722776413,0.0,0.0
TDS,1988-04-20 20:00:00-04:00,0.0,8.486660957336426,8.172340393066406,8.250920295715332,83036,0.11176671832799911,0.0,0.0
TDS,1988-04-21 20:00:00-04:00,0.0,8.250920295715332,8.054469108581543,8.133049964904785,21634,0.11017006635665894,0.0,0.0
TDS,1988-04-24 20:00:00-04:00,0.0,8.211629867553711,8.093759536743164,8.211629867553711,81445,0.11123460531234741,0.0,0.0
TDS,1988-04-25 20:00:00-04:00,0.0,8.290209770202637,8.172340393066406,8.250920295715332,213158,0.11176671832799911,0.0,0.0
TDS,1988-04-26 20:00:00-04:00,0.0,8.525951385498047,8.250920295715332,8.525951385498047,186116,0.11549235880374908,0.0,0.0
TDS,1988-04-27 20:00:00-04:00,0.0,8.683111190795898,8.486660957336426,8.683111190795898,134258,0.11762121319770813,0.0,0.0
TDS,1988-04-28 20:00:00-04:00,0.0,8.879561424255371,8.722400665283203,8.879561424255371,27679,0.120282381772995,0.0,0.0
TDS,1988-05-01 20:00:00-04:00,0.0,9.115302085876465,8.879561424255371,9.115302085876465,53130,0.1234755888581276,0.0,0.0
TDS,1988-05-02 20:00:00-04:00,0.0,9.115302085876465,9.036722183227539,9.036722183227539,13998,0.12241127341985703,0.0,0.0
TDS,1988-05-03 20:00:00-04:00,0.0,9.233172416687012,9.036722183227539,9.15459156036377,37859,0.12400782108306885,0.0,0.0
TDS,1988-05-04 20:00:00-04:00,0.0,9.115302085876465,8.997431755065918,8.997431755065918,33405,0.12187901884317398,0.0,0.0
TDS,1988-05-05 20:00:00-04:00,0.0,9.429622650146484,9.076011657714844,9.076011657714844,237655,0.12294349074363708,0.0,0.0
TDS,1988-05-08 20:00:00-04:00,0.0,8.958142280578613,8.918851852416992,8.958142280578613,20043,0.12134669721126556,0.0,0.0
TDS,1988-05-09 20:00:00-04:00,0.0,8.958142280578613,8.84027099609375,8.84027099609375,29906,0.11975011229515076,0.0,0.0
TDS,1988-05-10 20:00:00-04:00,0.0,8.800980567932129,8.525951385498047,8.525951385498047,58221,0.11549235880374908,0.0,0.0
TDS,1988-05-11 20:00:00-04:00,0.0,8.84027099609375,8.486660957336426,8.84027099609375,150483,0.11975011229515076,0.0,0.0
TDS,1988-05-12 20:00:00-04:00,0.0,8.879561424255371,8.761691093444824,8.84027099609375,20361,0.11975011229515076,0.0,0.0
TDS,1988-05-15 20:00:00-04:00,0.0,8.84027099609375,8.722400665283203,8.800980567932129,43586,0.11921785771846771,0.0,0.0
TDS,1988-05-16 20:00:00-04:00,0.0,9.036722183227539,8.918851852416992,8.958142280578613,62993,0.12134669721126556,0.0,0.0
TDS,1988-05-17 20:00:00-04:00,0.0,8.879561424255371,8.761691093444824,8.761691093444824,31178,0.11868570744991302,0.0,0.0
TDS,1988-05-18 20:00:00-04:00,0.0,8.683111190795898,8.486660957336426,8.604531288146973,66174,0.11655686050653458,0.0,0.0
TDS,1988-05-19 20:00:00-04:00,0.0,8.722400665283203,8.565240859985352,8.604531288146973,69356,0.11655686050653458,0.0,0.0
TDS,1988-05-22 20:00:00-04:00,0.0,8.525951385498047,8.447369575500488,8.525951385498047,29269,0.11549235880374908,0.0,0.0
TDS,1988-05-23 20:00:00-04:00,0.0,8.604531288146973,8.525951385498047,8.565240859985352,6363,0.11602454632520676,0.0,0.0
TDS,1988-05-24 20:00:00-04:00,0.0,8.604531288146973,8.565240859985352,8.565240859985352,9863,0.11602454632520676,0.0,0.0
TDS,1988-05-25 20:00:00-04:00,0.0,8.565240859985352,8.486660957336426,8.525951385498047,8590,0.11549235880374908,0.0,0.0
TDS,1988-05-26 20:00:00-04:00,0.0,8.486660957336426,8.486660957336426,8.486660957336426,7636,0.11496013402938843,0.0,0.0
TDS,1988-05-30 20:00:00-04:00,0.0,8.565240859985352,8.408080101013184,8.525951385498047,74446,0.11549235880374908,0.0,0.0
TDS,1988-05-31 20:00:00-04:00,0.0,8.958142280578613,8.525951385498047,8.958142280578613,249745,0.12134669721126556,0.0,0.0
TDS,1988-06-01 20:00:00-04:00,0.0,9.036722183227539,8.879561424255371,9.036722183227539,54721,0.12241127341985703,0.0,0.0
TDS,1988-06-02 20:00:00-04:00,0.0,9.19388198852539,9.076011657714844,9.15459156036377,157164,0.12400782108306885,0.0,0.0
TDS,1988-06-05 20:00:00-04:00,0.0,9.39033317565918,9.076011657714844,9.272461891174316,439042,0.12599389255046844,0.028289,0.0
TDS,1988-06-06 20:00:00-04:00,0.0,9.272461891174316,9.115302085876465,9.15459156036377,189297,0.12439227849245071,0.0,0.0
TDS,1988-06-07 20:00:00-04:00,0.0,9.272461891174316,9.115302085876465,9.233172416687012,341053,0.12545999884605408,0.0,0.0
TDS,1988-06-08 20:00:00-04:00,0.0,9.311753273010254,9.15459156036377,9.272461891174316,67447,0.12599389255046844,0.0,0.0
TDS,1988-06-09 20:00:00-04:00,0.0,9.429622650146484,9.19388198852539,9.429622650146484,96716,0.12812931835651398,0.0,0.0
TDS,1988-06-12 20:00:00-04:00,0.0,9.429622650146484,9.311753273010254,9.311753273010254,143166,0.12652786076068878,0.0,0.0
TDS,1988-06-13 20:00:00-04:00,0.0,9.429622650146484,9.272461891174316,9.272461891174316,167027,0.12599389255046844,0.0,0.0
TDS,1988-06-14 20:00:00-04:00,0.0,9.272461891174316,9.233172416687012,9.233172416687012,9863,0.12545999884605408,0.0,0.0
TDS,1988-06-15 20:00:00-04:00,0.0,9.272461891174316,9.19388198852539,9.233172416687012,19725,0.12545999884605408,0.0,0.0
TDS,1988-06-16 20:00:00-04:00,0.0,9.233172416687012,9.19388198852539,9.19388198852539,17816,0.12492623180150986,0.0,0.0
TDS,1988-06-19 20:00:00-04:00,0.0,9.233172416687012,9.19388198852539,9.19388198852539,34042,0.12492623180150986,0.0,0.0
TDS,1988-06-20 20:00:00-04:00,0.0,9.233172416687012,9.19388198852539,9.233172416687012,5727,0.12545999884605408,0.0,0.0
TDS,1988-06-21 20:00:00-04:00,0.0,9.351042747497559,9.19388198852539,9.311753273010254,140939,0.12652786076068878,0.0,0.0
TDS,1988-06-22 20:00:00-04:00,0.0,9.704652786254883,9.351042747497559,9.704652786254883,283150,0.13186649978160858,0.0,0.0
TDS,1988-06-23 20:00:00-04:00,0.0,9.704652786254883,9.50820255279541,9.704652786254883,71901,0.13186649978160858,0.0,0.0
TDS,1988-06-26 20:00:00-04:00,0.0,9.626072883605957,9.547492980957031,9.586783409118652,63947,0.13026490807533264,0.0,0.0
TDS,1988-06-27 20:00:00-04:00,0.0,9.74394416809082,9.547492980957031,9.74394416809082,50903,0.13240031898021698,0.0,0.0
TDS,1988-06-28 20:00:00-04:00,0.0,9.74394416809082,9.665363311767578,9.74394416809082,380185,0.13240031898021698,0.0,0.0
TDS,1988-06-29 20:00:00-04:00,0.0,9.74394416809082,9.626072883605957,9.704652786254883,75401,0.13186649978160858,0.0,0.0
TDS,1988-06-30 20:00:00-04:00,0.0,10.018974304199219,9.822524070739746,9.979683876037598,129167,0.1356036365032196,0.0,0.0
TDS,1988-07-04 20:00:00-04:00,0.0,9.940394401550293,9.86181354522705,9.86181354522705,17498,0.13400205969810486,0.0,0.0
TDS,1988-07-05 20:00:00-04:00,0.0,9.822524070739746,9.665363311767578,9.665363311767578,122804,0.13133259117603302,0.0,0.0
TDS,1988-07-06 20:00:00-04:00,0.0,9.74394416809082,9.665363311767578,9.74394416809082,117078,0.13240031898021698,0.0,0.0
TDS,1988-07-07 20:00:00-04:00,0.0,9.665363311767578,9.626072883605957,9.626072883605957,75719,0.13079874217510223,0.0,0.0
TDS,1988-07-10 20:00:00-04:00,0.0,9.626072883605957,9.468913078308105,9.626072883605957,41677,0.13079874217510223,0.0,0.0
TDS,1988-07-11 20:00:00-04:00,0.0,9.586783409118652,9.468913078308105,9.468913078308105,47086,0.1286633014678955,0.0,0.0
TDS,1988-07-12 20:00:00-04:00,0.0,9.429622650146484,9.39033317565918,9.429622650146484,42632,0.12812931835651398,0.0,0.0
TDS,1988-07-13 20:00:00-04:00,0.0,9.50820255279541,9.429622650146484,9.50820255279541,109760,0.1291971653699875,0.0,0.0
TDS,1988-07-14 20:00:00-04:00,0.0,9.586783409118652,9.547492980957031,9.547492980957031,97035,0.12973105907440186,0.0,0.0
TDS,1988-07-17 20:00:00-04:00,0.0,9.547492980957031,9.429622650146484,9.429622650146484,60766,0.12812931835651398,0.0,0.0
TDS,1988-07-18 20:00:00-04:00,0.0,9.547492980957031,9.429622650146484,9.547492980957031,27997,0.12973105907440186,0.0,0.0
TDS,1988-07-19 20:00:00-04:00,0.0,9.50820255279541,9.429622650146484,9.468913078308105,136167,0.1286633014678955,0.0,0.0
TDS,1988-07-20 20:00:00-04:00,0.0,9.39033317565918,9.39033317565918,9.39033317565918,3500,0.12759557366371155,0.0,0.0
TDS,1988-07-21 20:00:00-04:00,0.0,9.39033317565918,9.19388198852539,9.19388198852539,45177,0.12492623180150986,0.0,0.0
TDS,1988-07-24 20:00:00-04:00,0.0,9.272461891174316,9.115302085876465,9.15459156036377,83036,0.12439227849245071,0.0,0.0
TDS,1988-07-25 20:00:00-04:00,0.0,9.19388198852539,9.115302085876465,9.15459156036377,34678,0.12439227849245071,0.0,0.0
TDS,1988-07-26 20:00:00-04:00,0.0,9.233172416687012,8.918851852416992,8.958142280578613,69992,0.12172286212444305,0.0,0.0
TDS,1988-07-27 20:00:00-04:00,0.0,9.115302085876465,8.997431755065918,9.115302085876465,20043,0.12385835498571396,0.0,0.0
TDS,1988-07-28 20:00:00-04:00,0.0,9.15459156036377,9.115302085876465,9.115302085876465,6045,0.12385835498571396,0.0,0.0
TDS,1988-07-31 20:00:00-04:00,0.0,9.115302085876465,9.115302085876465,9.115302085876465,14953,0.12385835498571396,0.0,0.0
TDS,1988-08-01 20:00:00-04:00,0.0,9.115302085876465,9.036722183227539,9.076011657714844,7636,0.12332454323768616,0.0,0.0
TDS,1988-08-02 20:00:00-04:00,0.0,9.115302085876465,9.036722183227539,9.076011657714844,32451,0.12332454323768616,0.0,0.0
TDS,1988-08-03 20:00:00-04:00,0.0,9.115302085876465,9.036722183227539,9.036722183227539,18452,0.12279073148965836,0.0,0.0
TDS,1988-08-04 20:00:00-04:00,0.0,9.076011657714844,8.958142280578613,9.036722183227539,23225,0.12279073148965836,0.0,0.0
TDS,1988-08-07 20:00:00-04:00,0.0,9.15459156036377,8.958142280578613,9.115302085876465,90035,0.12385835498571396,0.0,0.0
TDS,1988-08-08 20:00:00-04:00,0.0,9.076011657714844,8.918851852416992,8.918851852416992,27679,0.12118905037641525,0.0,0.0
TDS,1988-08-09 20:00:00-04:00,0.0,8.958142280578613,8.722400665283203,8.722400665283203,55994,0.11851974576711655,0.0,0.0
TDS,1988-08-10 20:00:00-04:00,0.0,8.761691093444824,8.683111190795898,8.761691093444824,40086,0.11905357241630554,0.0,0.0
TDS,1988-08-11 20:00:00-04:00,0.0,8.879561424255371,8.800980567932129,8.800980567932129,14635,0.11958739161491394,0.0,0.0
TDS,1988-08-14 20:00:00-04:00,0.0,8.84027099609375,8.761691093444824,8.800980567932129,65856,0.11958739161491394,0.0,0.0
TDS,1988-08-15 20:00:00-04:00,0.0,8.800980567932129,8.761691093444824,8.761691093444824,28633,0.11905357241630554,0.0,0.0
TDS,1988-08-16 20:00:00-04:00,0.0,8.800980567932129,8.761691093444824,8.761691093444824,43904,0.11905357241630554,0.0,0.0
TDS,1988-08-17 20:00:00-04:00,0.0,8.761691093444824,8.761691093444824,8.761691093444824,12090,0.11905357241630554,0.0,0.0
TDS,1988-08-18 20:00:00-04:00,0.0,8.800980567932129,8.722400665283203,8.722400665283203,41995,0.11851974576711655,0.0,0.0
TDS,1988-08-21 20:00:00-04:00,0.0,8.722400665283203,8.604531288146973,8.643820762634277,68720,0.11745190620422363,0.0,0.0
TDS,1988-08-22 20:00:00-04:00,0.0,8.565240859985352,8.486660957336426,8.486660957336426,39768,0.11531638354063034,0.0,0.0
TDS,1988-08-23 20:00:00-04:00,0.0,8.525951385498047,8.486660957336426,8.486660957336426,7636,0.11531638354063034,0.0,0.0
TDS,1988-08-24 20:00:00-04:00,0.0,8.525951385498047,8.447369575500488,8.486660957336426,16862,0.11531638354063034,0.0,0.0
TDS,1988-08-25 20:00:00-04:00,0.0,8.447369575500488,8.408080101013184,8.408080101013184,14953,0.11424866318702698,0.0,0.0
TDS,1988-08-28 20:00:00-04:00,0.0,8.486660957336426,8.486660957336426,8.486660957336426,62039,0.11531638354063034,0.0,0.0
TDS,1988-08-29 20:00:00-04:00,0.0,8.604531288146973,8.525951385498047,8.604531288146973,4454,0.11691813170909882,0.0,0.0
TDS,1988-08-30 20:00:00-04:00,0.0,8.722400665283203,8.683111190795898,8.722400665283203,5408,0.11851974576711655,0.0,0.0
TDS,1988-08-31 20:00:00-04:00,0.0,8.879561424255371,8.722400665283203,8.84027099609375,59175,0.12012124061584473,0.0,0.0
TDS,1988-09-01 20:00:00-04:00,0.0,8.918851852416992,8.761691093444824,8.800980567932129,18134,0.11958739161491394,0.0,0.0
TDS,1988-09-05 20:00:00-04:00,0.0,8.84027099609375,8.761691093444824,8.84027099609375,9226,0.12012124061584473,0.0,0.0
TDS,1988-09-06 20:00:00-04:00,0.0,8.800980567932129,8.800980567932129,8.800980567932129,35951,0.11958739161491394,0.0,0.0
TDS,1988-09-07 20:00:00-04:00,0.0,8.879561424255371,8.800980567932129,8.84027099609375,8590,0.12012124061584473,0.0,0.0
TDS,1988-09-08 20:00:00-04:00,0.0,8.879561424255371,8.800980567932129,8.879561424255371,16225,0.12104257196187973,0.028289,0.0
TDS,1988-09-11 20:00:00-04:00,0.0,8.918851852416992,8.84027099609375,8.84027099609375,12090,0.1205068975687027,0.0,0.0
TDS,1988-09-12 20:00:00-04:00,0.0,8.879561424255371,8.800980567932129,8.879561424255371,62675,0.12104257196187973,0.0,0.0
TDS,1988-09-13 20:00:00-04:00,0.0,8.958142280578613,8.879561424255371,8.958142280578613,16225,0.12211363762617111,0.0,0.0
TDS,1988-09-14 20:00:00-04:00,0.0,9.036722183227539,8.84027099609375,8.84027099609375,20998,0.1205068975687027,0.0,0.0
TDS,1988-09-15 20:00:00-04:00,0.0,8.879561424255371,8.800980567932129,8.879561424255371,55039,0.12104257196187973,0.0,0.0
TDS,1988-09-18 20:00:00-04:00,0.0,8.879561424255371,8.800980567932129,8.800980567932129,20680,0.11997127532958984,0.0,0.0
TDS,1988-09-19 20:00:00-04:00,0.0,8.800980567932129,8.800980567932129,8.800980567932129,954,0.11997127532958984,0.0,0.0
TDS,1988-09-20 20:00:00-04:00,0.0,8.84027099609375,8.800980567932129,8.84027099609375,3818,0.1205068975687027,0.0,0.0
TDS,1988-09-21 20:00:00-04:00,0.0,8.800980567932129,8.800980567932129,8.800980567932129,3500,0.11997127532958984,0.0,0.0
TDS,1988-09-22 20:00:00-04:00,0.0,8.84027099609375,8.800980567932129,8.84027099609375,12408,0.1205068975687027,0.0,0.0
TDS,1988-09-25 20:00:00-04:00,0.0,8.879561424255371,8.84027099609375,8.879561424255371,14317,0.12104257196187973,0.0,0.0
TDS,1988-09-26 20:00:00-04:00,0.0,8.879561424255371,8.84027099609375,8.84027099609375,6363,0.1205068975687027,0.0,0.0
TDS,1988-09-27 20:00:00-04:00,0.0,8.879561424255371,8.84027099609375,8.84027099609375,12090,0.1205068975687027,0.0,0.0
TDS,1988-09-28 20:00:00-04:00,0.0,8.958142280578613,8.84027099609375,8.958142280578613,52812,0.12211363762617111,0.0,0.0
TDS,1988-09-29 20:00:00-04:00,0.0,8.997431755065918,8.958142280578613,8.997431755065918,40723,0.12264930456876755,0.0,0.0
TDS,1988-10-02 20:00:00-04:00,0.0,9.115302085876465,8.997431755065918,9.076011657714844,26088,0.1237204521894455,0.0,0.0
TDS,1988-10-03 20:00:00-04:00,0.0,9.272461891174316,9.115302085876465,9.272461891174316,21952,0.12639835476875305,0.0,0.0
TDS,1988-10-04 20:00:00-04:00,0.0,9.39033317565918,9.19388198852539,9.351042747497559,42632,0.12746956944465637,0.0,0.0
TDS,1988-10-05 20:00:00-04:00,0.0,9.39033317565918,9.351042747497559,9.39033317565918,30860,0.12800520658493042,0.0,0.0
TDS,1988-10-06 20:00:00-04:00,0.0,9.429622650146484,9.351042747497559,9.351042747497559,26724,0.12746956944465637,0.0,0.0
TDS,1988-10-09 20:00:00-04:00,0.0,9.429622650146484,9.39033317565918,9.429622650146484,17180,0.12854067981243134,0.0,0.0
TDS,1988-10-10 20:00:00-04:00,0.0,9.429622650146484,9.39033317565918,9.39033317565918,14317,0.12800520658493042,0.0,0.0
TDS,1988-10-11 20:00:00-04:00,0.0,9.351042747497559,9.272461891174316,9.272461891174316,20043,0.12639835476875305,0.0,0.0
TDS,1988-10-12 20:00:00-04:00,0.0,9.311753273010254,9.233172416687012,9.233172416687012,72856,0.1258627474308014,0.0,0.0
TDS,1988-10-13 20:00:00-04:00,0.0,9.429622650146484,9.311753273010254,9.311753273010254,175935,0.12693403661251068,0.0,0.0
TDS,1988-10-16 20:00:00-04:00,0.0,9.311753273010254,9.272461891174316,9.272461891174316,9544,0.12639835476875305,0.0,0.0
TDS,1988-10-17 20:00:00-04:00,0.0,9.311753273010254,9.233172416687012,9.311753273010254,12408,0.12693403661251068,0.0,0.0
TDS,1988-10-18 20:00:00-04:00,0.0,9.351042747497559,9.272461891174316,9.351042747497559,37223,0.12746956944465637,0.0,0.0
TDS,1988-10-19 20:00:00-04:00,0.0,9.39033317565918,9.272461891174316,9.272461891174316,82082,0.12639835476875305,0.0,0.0
TDS,1988-10-20 20:00:00-04:00,0.0,9.272461891174316,9.19388198852539,9.19388198852539,6681,0.12532727420330048,0.0,0.0
TDS,1988-10-23 20:00:00-04:00,0.0,9.272461891174316,9.19388198852539,9.233172416687012,61720,0.1258627474308014,0.0,0.0
TDS,1988-10-24 20:00:00-04:00,0.0,9.233172416687012,9.19388198852539,9.233172416687012,61402,0.1258627474308014,0.0,0.0
TDS,1988-10-25 20:00:00-04:00,0.0,9.19388198852539,9.036722183227539,9.076011657714844,38814,0.1237204521894455,0.0,0.0
TDS,1988-10-26 20:00:00-04:00,0.0,9.115302085876465,8.958142280578613,8.958142280578613,33405,0.12211363762617111,0.0,0.0
TDS,1988-10-27 20:00:00-04:00,0.0,9.076011657714844,8.84027099609375,9.076011657714844,44540,0.1237204521894455,0.0,0.0
TDS,1988-10-30 19:00:00-05:00,0.0,9.272461891174316,9.076011657714844,9.272461891174316,118669,0.12639835476875305,0.0,0.0
TDS,1988-10-31 19:00:00-05:00,0.0,9.547492980957031,9.272461891174316,9.547492980957031,251654,0.1301475316286087,0.0,0.0
TDS,1988-11-01 19:00:00-05:00,0.0,9.547492980957031,9.468913078308105,9.50820255279541,43904,0.12961189448833466,0.0,0.0
TDS,1988-11-02 19:00:00-05:00,0.0,9.979683876037598,9.50820255279541,9.822524070739746,174026,0.133896604180336,0.0,0.0
TDS,1988-11-03 19:00:00-05:00,0.0,9.901103973388672,9.74394416809082,9.783233642578125,167345,0.13336104154586792,0.0,0.0
TDS,1988-11-06 19:00:00-05:00,0.0,9.74394416809082,9.74394416809082,9.74394416809082,9544,0.13282538950443268,0.0,0.0
TDS,1988-11-07 19:00:00-05:00,0.0,10.254714965820312,9.783233642578125,10.254714965820312,93535,0.13978807628154755,0.0,0.0
TDS,1988-11-08 19:00:00-05:00,0.0,10.765485763549805,10.215424537658691,10.765485763549805,213794,0.14675067365169525,0.0,0.0
TDS,1988-11-09 19:00:00-05:00,0.0,10.961936950683594,10.686905860900879,10.961936950683594,126622,0.14942863583564758,0.0,0.0
TDS,1988-11-10 19:00:00-05:00,0.0,10.961936950683594,10.84406566619873,10.84406566619873,81445,0.14782178401947021,0.0,0.0
TDS,1988-11-13 19:00:00-05:00,0.0,10.765485763549805,10.647616386413574,10.647616386413574,79855,0.14514388144016266,0.0,0.0
TDS,1988-11-14 19:00:00-05:00,0.0,10.647616386413574,10.529745101928711,10.608325958251953,48995,0.14460842311382294,0.0,0.0
TDS,1988-11-15 19:00:00-05:00,0.0,10.647616386413574,10.608325958251953,10.608325958251953,97035,0.14460842311382294,0.0,0.0
TDS,1988-11-16 19:00:00-05:00,0.0,10.647616386413574,10.569035530090332,10.569035530090332,277742,0.14407268166542053,0.0,0.0
TDS,1988-11-17 19:00:00-05:00,0.0,10.608325958251953,10.529745101928711,10.529745101928711,34360,0.14353713393211365,0.0,0.0
TDS,1988-11-20 19:00:00-05:00,0.0,10.569035530090332,10.37258529663086,10.569035530090332,47404,0.14407268166542053,0.0,0.0
TDS,1988-11-21 19:00:00-05:00,0.0,10.608325958251953,10.451165199279785,10.608325958251953,116442,0.14460842311382294,0.0,0.0
TDS,1988-11-22 19:00:00-05:00,0.0,10.765485763549805,10.608325958251953,10.765485763549805,83672,0.14675067365169525,0.0,0.0
TDS,1988-11-24 19:00:00-05:00,0.0,10.804776191711426,10.765485763549805,10.804776191711426,1591,0.1475447118282318,0.018859,0.0
TDS,1988-11-27 19:00:00-05:00,0.0,10.804776191711426,10.608325958251953,10.647616386413574,61084,0.1453985720872879,0.0,0.0
TDS,1988-11-28 19:00:00-05:00,0.0,10.647616386413574,10.608325958251953,10.608325958251953,88445,0.14486217498779297,0.0,0.0
TDS,1988-11-29 19:00:00-05:00,0.0,10.765485763549805,10.647616386413574,10.765485763549805,115805,0.14700819551944733,0.0,0.0
TDS,1988-11-30 19:00:00-05:00,0.0,10.883356094360352,10.7261962890625,10.84406566619873,19725,0.1480812430381775,0.0,0.0
TDS,1988-12-01 19:00:00-05:00,0.0,11.001227378845215,10.922645568847656,10.922645568847656,14635,0.14915430545806885,0.0,0.0
TDS,1988-12-04 19:00:00-05:00,0.0,10.961936950683594,10.883356094360352,10.961936950683594,22270,0.14969086647033691,0.0,0.0
TDS,1988-12-05 19:00:00-05:00,0.0,11.39412784576416,11.001227378845215,11.276256561279297,202023,0.15398304164409637,0.0,0.0
TDS,1988-12-06 19:00:00-05:00,0.0,11.511998176574707,11.276256561279297,11.433418273925781,34996,0.1561291217803955,0.0,0.0
TDS,1988-12-07 19:00:00-05:00,0.0,11.433418273925781,11.236967086791992,11.236967086791992,40723,0.1534464806318283,0.0,0.0
TDS,1988-12-08 19:00:00-05:00,0.0,11.472707748413086,11.315546989440918,11.472707748413086,45177,0.1566656231880188,0.0,0.0
TDS,1988-12-11 19:00:00-05:00,0.0,11.472707748413086,11.39412784576416,11.472707748413086,20998,0.1566656231880188,0.0,0.0
TDS,1988-12-12 19:00:00-05:00,0.0,11.472707748413086,11.315546989440918,11.354837417602539,39450,0.15505599975585938,0.0,0.0
TDS,1988-12-13 19:00:00-05:00,0.0,11.472707748413086,11.354837417602539,11.433418273925781,167345,0.1561291217803955,0.0,0.0
TDS,1988-12-14 19:00:00-05:00,0.0,11.590578079223633,11.472707748413086,11.472707748413086,53130,0.1566656231880188,0.0,0.0
TDS,1988-12-15 19:00:00-05:00,0.0,11.70844841003418,11.472707748413086,11.629867553710938,22907,0.1588118076324463,0.0,0.0
TDS,1988-12-18 19:00:00-05:00,0.0,11.728093147277832,11.492353439331055,11.610222816467285,54721,0.15854346752166748,0.0,1.5
TDS,1988-12-19 19:00:00-05:00,0.0,12.847861289978027,11.728093147277832,12.435315132141113,65326,0.1698104441165924,0.0,0.0
TDS,1988-12-20 19:00:00-05:00,0.0,12.37637996673584,12.140639305114746,12.258509635925293,170314,0.1673961579799652,0.0,0.0
TDS,1988-12-21 19:00:00-05:00,0.0,12.317444801330566,12.258509635925293,12.258509635925293,55782,0.1673961579799652,0.0,0.0
TDS,1988-12-22 19:00:00-05:00,0.0,12.37637996673584,12.140639305114746,12.37637996673584,20573,0.16900578141212463,0.0,0.0
TDS,1988-12-26 19:00:00-05:00,0.0,12.37637996673584,12.199575424194336,12.37637996673584,42420,0.16900578141212463,0.0,0.0
TDS,1988-12-27 19:00:00-05:00,0.0,12.37637996673584,12.258509635925293,12.37637996673584,22482,0.16900578141212463,0.0,0.0
TDS,1988-12-28 19:00:00-05:00,0.0,12.612120628356934,12.258509635925293,12.494250297546387,67023,0.17061534523963928,0.0,0.0
TDS,1988-12-29 19:00:00-05:00,0.0,13.083601951599121,12.55318546295166,12.9067964553833,149953,0.17624884843826294,0.0,0.0
TDS,1989-01-02 19:00:00-05:00,0.0,12.965730667114258,12.72999095916748,12.72999095916748,313480,0.17383453249931335,0.0,0.0
TDS,1989-01-03 19:00:00-05:00,0.0,12.965730667114258,12.671055793762207,12.965730667114258,223339,0.17705367505550385,0.0,0.0
TDS,1989-01-04 19:00:00-05:00,0.0,13.024666786193848,12.847861289978027,12.965730667114258,247094,0.17705367505550385,0.0,0.0
TDS,1989-01-05 19:00:00-05:00,0.0,13.083601951599121,12.788926124572754,13.083601951599121,77628,0.1786632239818573,0.0,0.0
TDS,1989-01-08 19:00:00-05:00,0.0,13.201472282409668,12.965730667114258,13.142537117004395,78900,0.1794680953025818,0.0,0.0
TDS,1989-01-09 19:00:00-05:00,0.0,13.083601951599121,12.965730667114258,13.024666786193848,41359,0.1778583973646164,0.0,0.0
TDS,1989-01-10 19:00:00-05:00,0.0,13.024666786193848,12.847861289978027,12.847861289978027,29906,0.17544399201869965,0.0,0.0
TDS,1989-01-11 19:00:00-05:00,0.0,12.9067964553833,12.788926124572754,12.9067964553833,18028,0.17624884843826294,0.0,0.0
TDS,1989-01-12 19:00:00-05:00,0.0,13.142537117004395,12.9067964553833,12.965730667114258,129804,0.17705367505550385,0.0,0.0
TDS,1989-01-15 19:00:00-05:00,0.0,14.144433975219727,13.142537117004395,14.02656364440918,96504,0.19153983891010284,0.0,0.0
TDS,1989-01-16 19:00:00-05:00,0.0,13.967629432678223,13.614018440246582,13.672952651977539,91626,0.18671105802059174,0.0,0.0
TDS,1989-01-17 19:00:00-05:00,0.0,14.085498809814453,13.672952651977539,14.085498809814453,130228,0.1923445612192154,0.0,0.0
TDS,1989-01-18 19:00:00-05:00,0.0,15.205266952514648,14.144433975219727,15.028461456298828,181980,0.20522134006023407,0.0,0.0
TDS,1989-01-19 19:00:00-05:00,0.0,15.205266952514648,14.910591125488281,15.146331787109375,256002,0.20683081448078156,0.0,0.0
TDS,1989-01-22 19:00:00-05:00,0.0,14.969526290893555,14.615915298461914,14.733785629272461,156740,0.20119738578796387,0.0,0.0
TDS,1989-01-23 19:00:00-05:00,0.0,14.674851417541504,14.26230525970459,14.321240425109863,255790,0.19556380808353424,0.0,0.0
TDS,1989-01-24 19:00:00-05:00,0.0,15.028461456298828,14.26230525970459,14.969526290893555,123865,0.20441651344299316,0.0,0.0
TDS,1989-01-25 19:00:00-05:00,0.0,15.264202117919922,14.910591125488281,15.264202117919922,151013,0.20844046771526337,0.0,0.0
TDS,1989-01-26 19:00:00-05:00,0.0,15.794617652893066,15.323137283325195,15.499942779541016,207219,0.21165965497493744,0.0,0.0
TDS,1989-01-29 19:00:00-05:00,0.0,15.617813110351562,14.969526290893555,15.264202117919922,353355,0.20844046771526337,0.0,0.0
TDS,1989-01-30 19:00:00-05:00,0.0,15.264202117919922,15.028461456298828,15.205266952514648,125986,0.20763570070266724,0.0,0.0
TDS,1989-01-31 19:00:00-05:00,0.0,15.676748275756836,15.087396621704102,15.558877944946289,223127,0.21246443688869476,0.0,0.0
TDS,1989-02-01 19:00:00-05:00,0.0,16.08929443359375,15.441006660461426,16.030359268188477,197887,0.21890270709991455,0.0,0.0
TDS,1989-02-02 19:00:00-05:00,0.0,16.148229598999023,15.85355281829834,16.030359268188477,58115,0.21890270709991455,0.0,0.0
TDS,1989-02-05 19:00:00-05:00,0.0,15.91248893737793,15.499942779541016,15.558877944946289,53661,0.21246443688869476,0.0,0.0
TDS,1989-02-06 19:00:00-05:00,0.0,15.794617652893066,15.558877944946289,15.794617652893066,29269,0.21568351984024048,0.0,0.0
TDS,1989-02-07 19:00:00-05:00,0.0,16.030359268188477,15.676748275756836,15.91248893737793,59812,0.21729321777820587,0.0,0.0
TDS,1989-02-08 19:00:00-05:00,0.0,16.030359268188477,15.85355281829834,15.91248893737793,74234,0.21729321777820587,0.0,0.0
TDS,1989-02-09 19:00:00-05:00,0.0,16.030359268188477,15.794617652893066,15.85355281829834,91838,0.21648827195167542,0.0,0.0
TDS,1989-02-12 19:00:00-05:00,0.0,15.794617652893066,15.73568344116211,15.794617652893066,142317,0.21568351984024048,0.0,0.0
TDS,1989-02-13 19:00:00-05:00,0.0,15.85355281829834,15.73568344116211,15.794617652893066,39238,0.21568351984024048,0.0,0.0
TDS,1989-02-14 19:00:00-05:00,0.0,15.91248893737793,15.794617652893066,15.91248893737793,88233,0.21729321777820587,0.0,0.0
TDS,1989-02-15 19:00:00-05:00,0.0,15.91248893737793,15.85355281829834,15.91248893737793,45601,0.21729321777820587,0.0,0.0
TDS,1989-02-16 19:00:00-05:00,0.0,15.971424102783203,15.794617652893066,15.91248893737793,89505,0.21729321777820587,0.0,0.0
TDS,1989-02-20 19:00:00-05:00,0.0,16.08929443359375,15.794617652893066,16.030359268188477,123017,0.21890270709991455,0.0,0.0
TDS,1989-02-21 19:00:00-05:00,0.0,16.383970260620117,15.91248893737793,16.383970260620117,165224,0.2237313687801361,0.0,0.0
TDS,1989-02-22 19:00:00-05:00,0.0,16.97332191467285,16.32503318786621,16.855451583862305,186434,0.23016972839832306,0.0,0.0
TDS,1989-02-23 19:00:00-05:00,0.0,17.385866165161133,16.61971092224121,17.326932907104492,185161,0.23660817742347717,0.0,0.0
TDS,1989-02-26 19:00:00-05:00,0.0,17.326932907104492,16.737579345703125,17.26799774169922,213158,0.2358032464981079,0.0,0.0
TDS,1989-02-27 19:00:00-05:00,0.0,17.798412322998047,17.26799774169922,17.798412322998047,212946,0.2430463433265686,0.0,0.0
TDS,1989-02-28 19:00:00-05:00,0.0,18.093088150024414,17.798412322998047,18.034154891967773,88020,0.2462654560804367,0.0,0.0
TDS,1989-03-01 19:00:00-05:00,0.0,18.093088150024414,17.798412322998047,17.798412322998047,186222,0.2430463433265686,0.0,0.0
TDS,1989-03-02 19:00:00-05:00,0.0,18.034154891967773,17.798412322998047,17.85734748840332,64478,0.2438512146472931,0.0,0.0
TDS,1989-03-05 19:00:00-05:00,0.0,18.505634307861328,17.798412322998047,18.38776397705078,90141,0.25109437108039856,0.0,0.0
TDS,1989-03-06 19:00:00-05:00,0.0,18.85924530029297,18.446699142456055,18.741374969482422,88657,0.25592300295829773,0.0,0.0
TDS,1989-03-07 19:00:00-05:00,0.0,18.85924530029297,18.034154891967773,18.034154891967773,48995,0.2462654560804367,0.0,0.0
TDS,1989-03-08 19:00:00-05:00,0.0,18.093088150024414,16.855451583862305,17.26799774169922,165012,0.23620465397834778,0.030646,0.0
TDS,1989-03-09 19:00:00-05:00,0.0,17.26799774169922,17.091190338134766,17.26799774169922,65326,0.23620465397834778,0.0,0.0
TDS,1989-03-12 19:00:00-05:00,0.0,17.916282653808594,17.26799774169922,17.916282653808594,52388,0.2450723499059677,0.0,0.0
TDS,1989-03-13 19:00:00-05:00,0.0,17.916282653808594,17.798412322998047,17.85734748840332,39662,0.2442663311958313,0.0,0.0
TDS,1989-03-14 19:00:00-05:00,0.0,17.916282653808594,17.680543899536133,17.680543899536133,49631,0.24184776842594147,0.0,0.0
TDS,1989-03-15 19:00:00-05:00,0.0,17.975217819213867,17.739477157592773,17.975217819213867,79961,0.2458784580230713,0.0,0.0
TDS,1989-03-16 19:00:00-05:00,0.0,17.916282653808594,17.62160873413086,17.62160873413086,31815,0.2410416305065155,0.0,0.0
TDS,1989-03-19 19:00:00-05:00,0.0,17.209062576293945,16.67864418029785,16.79651641845703,111775,0.22975550591945648,0.0,0.0
TDS,1989-03-20 19:00:00-05:00,0.0,16.97332191467285,16.67864418029785,16.914386749267578,65538,0.23136776685714722,0.0,0.0
TDS,1989-03-21 19:00:00-05:00,0.0,16.914386749267578,16.560775756835938,16.737579345703125,23119,0.22894921898841858,0.0,0.0
TDS,1989-03-22 19:00:00-05:00,0.0,16.855451583862305,16.61971092224121,16.737579345703125,73810,0.22894921898841858,0.0,0.0
TDS,1989-03-26 19:00:00-05:00,0.0,16.737579345703125,16.61971092224121,16.737579345703125,39874,0.22894921898841858,0.0,0.0
TDS,1989-03-27 19:00:00-05:00,0.0,17.385866165161133,16.855451583862305,17.385866165161133,113260,0.23781685531139374,0.0,0.0
TDS,1989-03-28 19:00:00-05:00,0.0,17.975217819213867,16.560775756835938,16.914386749267578,341689,0.23136776685714722,0.0,0.0
TDS,1989-03-29 19:00:00-05:00,0.0,16.97332191467285,16.67864418029785,16.67864418029785,115381,0.22814305126667023,0.0,0.0
TDS,1989-03-30 19:00:00-05:00,0.0,16.97332191467285,16.737579345703125,16.97332191467285,73386,0.23217391967773438,0.0,0.0
TDS,1989-04-02 20:00:00-04:00,0.0,17.50373649597168,17.032255172729492,17.444801330566406,83354,0.2386230230331421,0.0,0.0
TDS,1989-04-03 20:00:00-04:00,0.0,17.444801330566406,16.97332191467285,17.091190338134766,47510,0.23378604650497437,0.0,0.0
TDS,1989-04-04 20:00:00-04:00,0.0,17.50373649597168,17.15012550354004,17.50373649597168,60448,0.23942914605140686,0.0,0.0
TDS,1989-04-05 20:00:00-04:00,0.0,17.680543899536133,17.326932907104492,17.680543899536133,37541,0.24184776842594147,0.0,0.0
TDS,1989-04-06 20:00:00-04:00,0.0,18.152023315429688,17.62160873413086,18.093088150024414,77204,0.24749089777469635,0.0,0.0
TDS,1989-04-09 20:00:00-04:00,0.0,18.269893646240234,18.034154891967773,18.152023315429688,49207,0.24829721450805664,0.0,0.0
TDS,1989-04-10 20:00:00-04:00,0.0,18.505634307861328,18.152023315429688,18.446699142456055,34148,0.2523277997970581,0.0,0.0
TDS,1989-04-11 20:00:00-04:00,0.0,18.5645694732666,18.38776397705078,18.38776397705078,1085303,0.2515217661857605,0.0,0.0
TDS,1989-04-12 20:00:00-04:00,0.0,18.38776397705078,18.38776397705078,18.38776397705078,438406,0.2515217661857605,0.0,0.0
TDS,1989-04-13 20:00:00-04:00,0.0,18.446699142456055,18.38776397705078,18.38776397705078,251548,0.2515217661857605,0.0,0.0
TDS,1989-04-16 20:00:00-04:00,0.0,18.446699142456055,18.38776397705078,18.38776397705078,70204,0.2515217661857605,0.0,0.0
TDS,1989-04-17 20:00:00-04:00,0.0,18.68243980407715,18.38776397705078,18.623504638671875,201493,0.2547464072704315,0.0,0.0
TDS,1989-04-18 20:00:00-04:00,0.0,18.800310134887695,18.68243980407715,18.68243980407715,174556,0.2555524706840515,0.0,0.0
TDS,1989-04-19 20:00:00-04:00,0.0,18.800310134887695,18.68243980407715,18.741374969482422,181131,0.2563587427139282,0.0,0.0
TDS,1989-04-20 20:00:00-04:00,0.0,18.918180465698242,18.800310134887695,18.800310134887695,48782,0.25716471672058105,0.0,0.0
TDS,1989-04-23 20:00:00-04:00,0.0,18.85924530029297,18.623504638671875,18.68243980407715,135318,0.2555524706840515,0.0,0.0
TDS,1989-04-24 20:00:00-04:00,0.0,18.741374969482422,18.505634307861328,18.741374969482422,72325,0.2563587427139282,0.0,0.0
TDS,1989-04-25 20:00:00-04:00,0.0,18.741374969482422,18.38776397705078,18.38776397705078,88233,0.2515217661857605,0.0,0.0
TDS,1989-04-26 20:00:00-04:00,0.0,18.623504638671875,18.446699142456055,18.623504638671875,98837,0.2547464072704315,0.0,0.0
TDS,1989-04-27 20:00:00-04:00,0.0,18.977115631103516,18.505634307861328,18.977115631103516,341265,0.2595832645893097,0.0,0.0
TDS,1989-04-30 20:00:00-04:00,0.0,20.155818939208984,18.85924530029297,19.74327278137207,179859,0.2700633704662323,0.0,0.0
TDS,1989-05-01 20:00:00-04:00,0.0,20.155818939208984,19.56646728515625,19.56646728515625,113472,0.2676447629928589,0.0,0.0
TDS,1989-05-02 20:00:00-04:00,0.0,20.037948608398438,19.56646728515625,19.802207946777344,76991,0.2708697021007538,0.0,0.0
TDS,1989-05-03 20:00:00-04:00,0.0,20.155818939208984,19.684337615966797,20.037948608398438,290574,0.2740940451622009,0.0,0.0
TDS,1989-05-04 20:00:00-04:00,0.0,20.155818939208984,19.38966178894043,20.155818939208984,224823,0.27570641040802,0.0,0.0
TDS,1989-05-07 20:00:00-04:00,0.0,20.214754104614258,19.802207946777344,19.979013442993164,76779,0.2732880115509033,0.0,0.0
TDS,1989-05-08 20:00:00-04:00,0.0,19.92007827758789,19.56646728515625,19.684337615966797,41783,0.26925715804100037,0.0,0.0
TDS,1989-05-09 20:00:00-04:00,0.0,19.861143112182617,19.271791458129883,19.330726623535156,94596,0.26442021131515503,0.0,0.0
TDS,1989-05-10 20:00:00-04:00,0.0,19.448596954345703,19.094985961914062,19.448596954345703,61508,0.2660324275493622,0.0,0.0
TDS,1989-05-11 20:00:00-04:00,0.0,19.802207946777344,19.448596954345703,19.802207946777344,119623,0.2708697021007538,0.0,0.0
TDS,1989-05-14 20:00:00-04:00,0.0,20.037948608398438,19.684337615966797,20.037948608398438,159073,0.2740940451622009,0.0,0.0
TDS,1989-05-15 20:00:00-04:00,0.0,19.92007827758789,19.74327278137207,19.802207946777344,128955,0.2708697021007538,0.0,0.0
TDS,1989-05-16 20:00:00-04:00,0.0,19.979013442993164,19.684337615966797,19.684337615966797,121320,0.26925715804100037,0.0,0.0
TDS,1989-05-17 20:00:00-04:00,0.0,19.684337615966797,19.094985961914062,19.271791458129883,211673,0.2636139690876007,0.0,0.0
TDS,1989-05-18 20:00:00-04:00,0.0,19.625402450561523,19.38966178894043,19.625402450561523,184949,0.2684509754180908,0.0,0.0
TDS,1989-05-21 20:00:00-04:00,0.0,19.507532119750977,19.21285629272461,19.38966178894043,44753,0.2652265429496765,0.0,0.0
TDS,1989-05-22 20:00:00-04:00,0.0,19.21285629272461,18.85924530029297,19.094985961914062,92899,0.2611956000328064,0.0,0.0
TDS,1989-05-23 20:00:00-04:00,0.0,18.977115631103516,18.85924530029297,18.85924530029297,65326,0.2579708695411682,0.0,0.0
TDS,1989-05-24 20:00:00-04:00,0.0,19.03605079650879,18.918180465698242,18.977115631103516,94171,0.2595832645893097,0.0,0.0
TDS,1989-05-25 20:00:00-04:00,0.0,19.448596954345703,18.977115631103516,19.448596954345703,62569,0.2660324275493622,0.0,0.0
TDS,1989-05-29 20:00:00-04:00,0.0,19.74327278137207,19.507532119750977,19.625402450561523,59387,0.2684509754180908,0.0,0.0
TDS,1989-05-30 20:00:00-04:00,0.0,19.802207946777344,19.330726623535156,19.625402450561523,107321,0.2684509754180908,0.0,0.0
TDS,1989-05-31 20:00:00-04:00,0.0,19.802207946777344,19.507532119750977,19.74327278137207,74870,0.2700633704662323,0.0,0.0
TDS,1989-06-01 20:00:00-04:00,0.0,20.214754104614258,19.802207946777344,19.979013442993164,130228,0.2732880115509033,0.0,0.0
TDS,1989-06-04 20:00:00-04:00,0.0,20.214754104614258,20.037948608398438,20.214754104614258,57691,0.27651259303092957,0.0,0.0
TDS,1989-06-05 20:00:00-04:00,0.0,20.45049476623535,20.155818939208984,20.214754104614258,204886,0.27651259303092957,0.0,0.0
TDS,1989-06-06 20:00:00-04:00,0.0,21.157716751098633,20.5683650970459,20.980911254882812,329388,0.2869926393032074,0.0,0.0
TDS,1989-06-07 20:00:00-04:00,0.0,21.157716751098633,20.627300262451172,21.039846420288086,237125,0.2877989709377289,0.0,0.0
TDS,1989-06-08 20:00:00-04:00,0.0,20.980911254882812,20.214754104614258,20.214754104614258,289301,0.276915967464447,0.030646,0.0
TDS,1989-06-11 20:00:00-04:00,0.0,20.27368927001953,20.037948608398438,20.037948608398438,102443,0.2744937539100647,0.0,0.0
TDS,1989-06-12 20:00:00-04:00,0.0,20.037948608398438,19.507532119750977,19.56646728515625,59812,0.268035352230072,0.0,0.0
TDS,1989-06-13 20:00:00-04:00,0.0,19.448596954345703,18.38776397705078,18.741374969482422,156952,0.2567327618598938,0.0,0.0
TDS,1989-06-14 20:00:00-04:00,0.0,18.741374969482422,18.269893646240234,18.623504638671875,319207,0.25511789321899414,0.0,0.0
TDS,1989-06-15 20:00:00-04:00,0.0,18.741374969482422,18.505634307861328,18.741374969482422,104352,0.2567327618598938,0.0,0.0
TDS,1989-06-18 20:00:00-04:00,0.0,18.977115631103516,18.623504638671875,18.85924530029297,181980,0.25834715366363525,0.0,0.0
TDS,1989-06-19 20:00:00-04:00,0.0,19.38966178894043,18.85924530029297,19.330726623535156,206159,0.2648058533668518,0.0,0.0
TDS,1989-06-20 20:00:00-04:00,0.0,19.448596954345703,19.153921127319336,19.271791458129883,117714,0.2639985978603363,0.0,0.0
TDS,1989-06-21 20:00:00-04:00,0.0,19.38966178894043,19.094985961914062,19.094985961914062,133834,0.2615765631198883,0.0,0.0
TDS,1989-06-22 20:00:00-04:00,0.0,19.56646728515625,19.03605079650879,19.56646728515625,127259,0.268035352230072,0.0,0.0
TDS,1989-06-25 20:00:00-04:00,0.0,19.861143112182617,19.625402450561523,19.684337615966797,137227,0.2696499228477478,0.0,0.0
TDS,1989-06-26 20:00:00-04:00,0.0,20.214754104614258,19.74327278137207,20.155818939208984,154195,0.27610865235328674,0.0,0.0
TDS,1989-06-27 20:00:00-04:00,0.0,20.037948608398438,19.448596954345703,19.625402450561523,61932,0.26884251832962036,0.0,0.0
TDS,1989-06-28 20:00:00-04:00,0.0,19.56646728515625,18.505634307861328,18.505634307861328,59599,0.25350314378738403,0.0,0.0
TDS,1989-06-29 20:00:00-04:00,0.0,18.741374969482422,17.85734748840332,18.505634307861328,175193,0.25350314378738403,0.0,0.0
TDS,1989-07-02 20:00:00-04:00,0.0,18.505634307861328,18.38776397705078,18.505634307861328,26724,0.25350314378738403,0.0,0.0
TDS,1989-07-04 20:00:00-04:00,0.0,18.5645694732666,18.093088150024414,18.446699142456055,44328,0.2526959776878357,0.0,0.0
TDS,1989-07-05 20:00:00-04:00,0.0,19.03605079650879,18.505634307861328,18.977115631103516,75083,0.25996193289756775,0.0,0.0
TDS,1989-07-06 20:00:00-04:00,0.0,19.094985961914062,18.85924530029297,19.03605079650879,39450,0.2607692778110504,0.0,0.0
TDS,1989-07-09 20:00:00-04:00,0.0,18.918180465698242,18.623504638671875,18.741374969482422,14211,0.2567327618598938,0.0,0.0
TDS,1989-07-10 20:00:00-04:00,0.0,18.741374969482422,18.505634307861328,18.68243980407715,119835,0.2559252977371216,0.0,0.0
TDS,1989-07-11 20:00:00-04:00,0.0,18.977115631103516,18.623504638671875,18.800310134887695,79749,0.25753992795944214,0.0,0.0
TDS,1989-07-12 20:00:00-04:00,0.0,19.03605079650879,18.800310134887695,18.85924530029297,49843,0.25834715366363525,0.0,0.0
TDS,1989-07-13 20:00:00-04:00,0.0,18.85924530029297,18.800310134887695,18.800310134887695,22058,0.25753992795944214,0.0,0.0
TDS,1989-07-16 20:00:00-04:00,0.0,18.800310134887695,18.446699142456055,18.623504638671875,93959,0.25511789321899414,0.0,0.0
TDS,1989-07-17 20:00:00-04:00,0.0,18.800310134887695,18.623504638671875,18.68243980407715,23967,0.2559252977371216,0.0,0.0
TDS,1989-07-18 20:00:00-04:00,0.0,18.623504638671875,18.38776397705078,18.38776397705078,107321,0.251888632774353,0.0,0.0
TDS,1989-07-19 20:00:00-04:00,0.0,18.505634307861328,17.680543899536133,17.975217819213867,411045,0.24623727798461914,0.0,0.0
TDS,1989-07-20 20:00:00-04:00,0.0,17.916282653808594,17.444801330566406,17.916282653808594,207007,0.24542973935604095,0.0,0.0
TDS,1989-07-23 20:00:00-04:00,0.0,17.85734748840332,16.737579345703125,16.855451583862305,169042,0.23089784383773804,0.0,0.0
TDS,1989-07-24 20:00:00-04:00,0.0,17.385866165161133,16.855451583862305,17.209062576293945,74022,0.23574192821979523,0.0,0.0
TDS,1989-07-25 20:00:00-04:00,0.0,17.562671661376953,17.15012550354004,17.50373649597168,129380,0.23977844417095184,0.0,0.0
TDS,1989-07-26 20:00:00-04:00,0.0,17.85734748840332,17.62160873413086,17.62160873413086,54721,0.24139317870140076,0.0,0.0
TDS,1989-07-27 20:00:00-04:00,0.0,17.62160873413086,17.326932907104492,17.444801330566406,77840,0.23897118866443634,0.0,0.0
TDS,1989-07-30 20:00:00-04:00,0.0,17.62160873413086,17.209062576293945,17.326932907104492,38602,0.23735670745372772,0.0,0.0
TDS,1989-07-31 20:00:00-04:00,0.0,17.798412322998047,17.091190338134766,17.62160873413086,125986,0.24139317870140076,0.0,0.0
TDS,1989-08-01 20:00:00-04:00,0.0,17.85734748840332,17.680543899536133,17.798412322998047,92687,0.24381521344184875,0.0,0.0
TDS,1989-08-02 20:00:00-04:00,0.0,17.739477157592773,17.562671661376953,17.680543899536133,62993,0.24220047891139984,0.0,0.0
TDS,1989-08-03 20:00:00-04:00,0.0,17.680543899536133,17.091190338134766,17.091190338134766,63629,0.2341272085905075,0.0,0.0
TDS,1989-08-06 20:00:00-04:00,0.0,17.385866165161133,16.383970260620117,17.326932907104492,151650,0.23735670745372772,0.0,0.0
TDS,1989-08-07 20:00:00-04:00,0.0,18.152023315429688,17.26799774169922,17.739477157592773,218885,0.24300788342952728,0.0,0.0
TDS,1989-08-08 20:00:00-04:00,0.0,17.680543899536133,17.326932907104492,17.444801330566406,73598,0.23897118866443634,0.0,0.0
TDS,1989-08-09 20:00:00-04:00,0.0,18.152023315429688,17.326932907104492,18.152023315429688,208492,0.24865925312042236,0.0,0.0
TDS,1989-08-10 20:00:00-04:00,0.0,18.446699142456055,18.152023315429688,18.269893646240234,346992,0.25027382373809814,0.0,0.0
TDS,1989-08-13 20:00:00-04:00,0.0,18.21095848083496,18.093088150024414,18.093088150024414,71477,0.2478519082069397,0.0,0.0
TDS,1989-08-14 20:00:00-04:00,0.0,18.21095848083496,18.034154891967773,18.152023315429688,68932,0.24865925312042236,0.0,0.0
TDS,1989-08-15 20:00:00-04:00,0.0,18.21095848083496,17.975217819213867,18.152023315429688,90141,0.24865925312042236,0.0,0.0
TDS,1989-08-16 20:00:00-04:00,0.0,18.21095848083496,18.034154891967773,18.21095848083496,27573,0.24946661293506622,0.0,0.0
TDS,1989-08-17 20:00:00-04:00,0.0,18.269893646240234,18.152023315429688,18.269893646240234,67235,0.25027382373809814,0.0,0.0
TDS,1989-08-20 20:00:00-04:00,0.0,18.21095848083496,18.093088150024414,18.152023315429688,29906,0.24865925312042236,0.0,0.0
TDS,1989-08-21 20:00:00-04:00,0.0,18.093088150024414,17.975217819213867,18.034154891967773,45389,0.24704450368881226,0.0,0.0
TDS,1989-08-22 20:00:00-04:00,0.0,18.446699142456055,18.034154891967773,18.269893646240234,252396,0.25027382373809814,0.0,0.0
TDS,1989-08-23 20:00:00-04:00,0.0,18.446699142456055,18.21095848083496,18.446699142456055,280817,0.2526959776878357,0.0,0.0
TDS,1989-08-24 20:00:00-04:00,0.0,18.800310134887695,18.446699142456055,18.800310134887695,135742,0.25753992795944214,0.0,0.0
TDS,1989-08-27 20:00:00-04:00,0.0,18.741374969482422,18.505634307861328,18.505634307861328,106685,0.25350314378738403,0.0,0.0
TDS,1989-08-28 20:00:00-04:00,0.0,18.977115631103516,18.5645694732666,18.800310134887695,145711,0.25753992795944214,0.0,0.0
TDS,1989-08-29 20:00:00-04:00,0.0,19.448596954345703,18.800310134887695,19.330726623535156,113048,0.2648058533668518,0.0,0.0
TDS,1989-08-30 20:00:00-04:00,0.0,19.448596954345703,19.271791458129883,19.271791458129883,37541,0.2639985978603363,0.0,0.0
TDS,1989-08-31 20:00:00-04:00,0.0,19.38966178894043,19.153921127319336,19.330726623535156,96929,0.2648058533668518,0.0,0.0
TDS,1989-09-04 20:00:00-04:00,0.0,19.271791458129883,19.153921127319336,19.153921127319336,78900,0.2623838782310486,0.0,0.0
TDS,1989-09-05 20:00:00-04:00,0.0,19.094985961914062,18.741374969482422,18.85924530029297,37753,0.25834715366363525,0.0,0.0
TDS,1989-09-06 20:00:00-04:00,0.0,18.977115631103516,18.741374969482422,18.800310134887695,146772,0.25753992795944214,0.0,0.0
TDS,1989-09-07 20:00:00-04:00,0.0,18.800310134887695,18.5645694732666,18.741374969482422,54085,0.2567327618598938,0.0,0.0
TDS,1989-09-10 20:00:00-04:00,0.0,18.977115631103516,18.68243980407715,18.977115631103516,33724,0.26038768887519836,0.030646,0.0
TDS,1989-09-11 20:00:00-04:00,0.0,19.271791458129883,18.977115631103516,19.271791458129883,156740,0.26443082094192505,0.0,0.0
TDS,1989-09-12 20:00:00-04:00,0.0,19.330726623535156,18.977115631103516,18.977115631103516,87808,0.26038768887519836,0.0,0.0
TDS,1989-09-13 20:00:00-04:00,0.0,19.094985961914062,18.918180465698242,19.03605079650879,187070,0.26119643449783325,0.0,0.0
TDS,1989-09-14 20:00:00-04:00,0.0,19.153921127319336,18.918180465698242,18.918180465698242,74022,0.2595791220664978,0.0,0.0
TDS,1989-09-17 20:00:00-04:00,0.0,19.094985961914062,18.85924530029297,18.977115631103516,49419,0.26038768887519836,0.0,0.0
TDS,1989-09-18 20:00:00-04:00,0.0,19.153921127319336,19.094985961914062,19.094985961914062,66599,0.26200518012046814,0.0,0.0
TDS,1989-09-19 20:00:00-04:00,0.0,19.094985961914062,18.977115631103516,18.977115631103516,48570,0.26038768887519836,0.0,0.0
TDS,1989-09-20 20:00:00-04:00,0.0,19.03605079650879,18.85924530029297,19.03605079650879,18240,0.26119643449783325,0.0,0.0
TDS,1989-09-21 20:00:00-04:00,0.0,19.271791458129883,18.977115631103516,19.271791458129883,85900,0.26443082094192505,0.0,0.0
TDS,1989-09-24 20:00:00-04:00,0.0,19.330726623535156,18.85924530029297,18.85924530029297,58115,0.25877028703689575,0.0,0.0
TDS,1989-09-25 20:00:00-04:00,0.0,19.03605079650879,18.85924530029297,18.977115631103516,31603,0.26038768887519836,0.0,0.0
TDS,1989-09-26 20:00:00-04:00,0.0,19.03605079650879,18.741374969482422,18.741374969482422,127895,0.25715312361717224,0.0,0.0
TDS,1989-09-27 20:00:00-04:00,0.0,19.21285629272461,18.800310134887695,19.153921127319336,106049,0.26281362771987915,0.0,0.0
TDS,1989-09-28 20:00:00-04:00,0.0,19.92007827758789,19.094985961914062,19.802207946777344,122168,0.27170902490615845,0.0,0.0
TDS,1989-10-01 20:00:00-04:00,0.0,20.627300262451172,19.684337615966797,20.509429931640625,113260,0.28141283988952637,0.0,0.0
TDS,1989-10-02 20:00:00-04:00,0.0,20.863040924072266,20.509429931640625,20.804105758666992,86112,0.285456120967865,0.0,0.0
TDS,1989-10-03 20:00:00-04:00,0.0,21.629196166992188,20.804105758666992,21.216651916503906,91838,0.2911168038845062,0.0,0.0
TDS,1989-10-04 20:00:00-04:00,0.0,21.275585174560547,21.157716751098633,21.157716751098633,60448,0.2903081178665161,0.0,0.0
TDS,1989-10-05 20:00:00-04:00,0.0,21.393457412719727,21.09878158569336,21.275585174560547,74446,0.2919252812862396,0.0,0.0
TDS,1989-10-08 20:00:00-04:00,0.0,21.275585174560547,21.157716751098633,21.157716751098633,85687,0.2903081178665161,0.0,0.0
TDS,1989-10-09 20:00:00-04:00,0.0,21.68813133239746,21.216651916503906,21.68813133239746,120471,0.29758593440055847,0.0,0.0
TDS,1989-10-10 20:00:00-04:00,0.0,21.864938735961914,21.393457412719727,21.747068405151367,130440,0.2983947694301605,0.0,0.0
TDS,1989-10-11 20:00:00-04:00,0.0,21.923873901367188,21.68813133239746,21.80600357055664,39026,0.2992032766342163,0.0,0.0
TDS,1989-10-12 20:00:00-04:00,0.0,21.923873901367188,20.037948608398438,20.627300262451172,213794,0.28303003311157227,0.0,0.0
TDS,1989-10-15 20:00:00-04:00,0.0,19.802207946777344,19.330726623535156,19.507532119750977,271061,0.2676655948162079,0.0,0.0
TDS,1989-10-16 20:00:00-04:00,0.0,19.802207946777344,19.38966178894043,19.56646728515625,257274,0.268474280834198,0.0,0.0
TDS,1989-10-17 20:00:00-04:00,0.0,19.802207946777344,19.507532119750977,19.802207946777344,201493,0.27170902490615845,0.0,0.0
TDS,1989-10-18 20:00:00-04:00,0.0,20.45049476623535,19.979013442993164,20.155818939208984,93959,0.2765609323978424,0.0,0.0
TDS,1989-10-19 20:00:00-04:00,0.0,20.627300262451172,20.27368927001953,20.45049476623535,70841,0.2806040942668915,0.0,0.0
TDS,1989-10-22 20:00:00-04:00,0.0,20.391559600830078,20.214754104614258,20.332624435424805,64902,0.27898675203323364,0.0,0.0
TDS,1989-10-23 20:00:00-04:00,0.0,20.27368927001953,19.74327278137207,19.92007827758789,85051,0.27332618832588196,0.0,0.0
TDS,1989-10-24 20:00:00-04:00,0.0,19.92007827758789,19.507532119750977,19.56646728515625,42632,0.268474280834198,0.0,0.0
TDS,1989-10-25 20:00:00-04:00,0.0,19.56646728515625,18.85924530029297,18.85924530029297,34784,0.25877028703689575,0.0,0.0
TDS,1989-10-26 20:00:00-04:00,0.0,19.094985961914062,18.68243980407715,18.85924530029297,78264,0.25877028703689575,0.0,0.0
TDS,1989-10-29 19:00:00-05:00,0.0,18.977115631103516,18.623504638671875,18.623504638671875,72749,0.2555358409881592,0.0,0.0
TDS,1989-10-30 19:00:00-05:00,0.0,18.977115631103516,18.446699142456055,18.85924530029297,126834,0.25877028703689575,0.0,0.0
TDS,1989-10-31 19:00:00-05:00,0.0,18.85924530029297,18.68243980407715,18.68243980407715,35844,0.2563444972038269,0.0,0.0
TDS,1989-11-01 19:00:00-05:00,0.0,18.68243980407715,18.505634307861328,18.505634307861328,28845,0.25391849875450134,0.0,0.0
TDS,1989-11-02 19:00:00-05:00,0.0,18.446699142456055,18.269893646240234,18.38776397705078,67447,0.2523012161254883,0.0,0.0
TDS,1989-11-05 19:00:00-05:00,0.0,18.269893646240234,18.093088150024414,18.093088150024414,12302,0.2482578307390213,0.0,0.0
TDS,1989-11-06 19:00:00-05:00,0.0,17.975217819213867,17.680543899536133,17.739477157592773,387502,0.24340581893920898,0.0,0.0
TDS,1989-11-07 19:00:00-05:00,0.0,18.152023315429688,17.739477157592773,17.739477157592773,181768,0.24340581893920898,0.0,0.0
TDS,1989-11-08 19:00:00-05:00,0.0,18.093088150024414,17.85734748840332,17.975217819213867,58539,0.24664047360420227,0.0,0.0
TDS,1989-11-09 19:00:00-05:00,0.0,18.269893646240234,17.975217819213867,18.269893646240234,81445,0.2506839334964752,0.0,0.0
TDS,1989-11-12 19:00:00-05:00,0.0,18.505634307861328,18.21095848083496,18.505634307861328,64690,0.25391849875450134,0.0,0.0
TDS,1989-11-13 19:00:00-05:00,0.0,18.68243980407715,18.505634307861328,18.68243980407715,79112,0.2563444972038269,0.0,0.0
TDS,1989-11-14 19:00:00-05:00,0.0,18.623504638671875,18.152023315429688,18.328828811645508,220794,0.2514925003051758,0.0,0.0
TDS,1989-11-15 19:00:00-05:00,0.0,18.21095848083496,17.975217819213867,18.093088150024414,121108,0.2482578307390213,0.0,0.0
TDS,1989-11-16 19:00:00-05:00,0.0,18.21095848083496,17.975217819213867,18.21095848083496,89293,0.24987517297267914,0.0,0.0
TDS,1989-11-19 19:00:00-05:00,0.0,18.152023315429688,18.152023315429688,18.152023315429688,47722,0.24906659126281738,0.0,0.0
TDS,1989-11-20 19:00:00-05:00,0.0,18.269893646240234,18.093088150024414,18.152023315429688,129167,0.24906659126281738,0.0,0.0
TDS,1989-11-21 19:00:00-05:00,0.0,18.21095848083496,17.916282653808594,17.916282653808594,220794,0.24583178758621216,0.0,0.0
TDS,1989-11-23 19:00:00-05:00,0.0,17.916282653808594,17.798412322998047,17.916282653808594,109018,0.24583178758621216,0.0,0.0
TDS,1989-11-26 19:00:00-05:00,0.0,18.328828811645508,17.85734748840332,18.093088150024414,368626,0.2482578307390213,0.0,0.0
TDS,1989-11-27 19:00:00-05:00,0.0,18.328828811645508,17.916282653808594,18.328828811645508,147196,0.2514925003051758,0.0,0.0
TDS,1989-11-28 19:00:00-05:00,0.0,18.446699142456055,18.269893646240234,18.328828811645508,88869,0.2514925003051758,0.0,0.0
TDS,1989-11-29 19:00:00-05:00,0.0,19.153921127319336,18.269893646240234,18.68243980407715,200220,0.2563444972038269,0.0,0.0
TDS,1989-11-30 19:00:00-05:00,0.0,19.802207946777344,18.800310134887695,19.56646728515625,197675,0.268474280834198,0.0,0.0
TDS,1989-12-03 19:00:00-05:00,0.0,20.037948608398438,19.56646728515625,20.037948608398438,138500,0.27494338154792786,0.0,0.0
TDS,1989-12-04 19:00:00-05:00,0.0,20.214754104614258,19.92007827758789,20.09688377380371,37965,0.2757522463798523,0.0,0.0
TDS,1989-12-05 19:00:00-05:00,0.0,20.155818939208984,20.037948608398438,20.155818939208984,65114,0.2765609323978424,0.0,0.0
TDS,1989-12-06 19:00:00-05:00,0.0,20.214754104614258,20.037948608398438,20.09688377380371,63629,0.2757522463798523,0.0,0.0
TDS,1989-12-07 19:00:00-05:00,0.0,20.155818939208984,20.09688377380371,20.09688377380371,31603,0.2757522463798523,0.0,0.0
TDS,1989-12-10 19:00:00-05:00,0.0,20.155818939208984,19.802207946777344,19.861143112182617,146135,0.2729337513446808,0.030646,0.0
TDS,1989-12-11 19:00:00-05:00,0.0,19.979013442993164,19.684337615966797,19.802207946777344,43692,0.27212396264076233,0.0,0.0
TDS,1989-12-12 19:00:00-05:00,0.0,19.74327278137207,19.625402450561523,19.684337615966797,16544,0.27050408720970154,0.0,0.0
TDS,1989-12-13 19:00:00-05:00,0.0,19.625402450561523,19.448596954345703,19.56646728515625,35208,0.26888445019721985,0.0,0.0
TDS,1989-12-14 19:00:00-05:00,0.0,19.56646728515625,19.21285629272461,19.56646728515625,110927,0.26888445019721985,0.0,0.0
TDS,1989-12-17 19:00:00-05:00,0.0,19.684337615966797,19.153921127319336,19.38966178894043,83779,0.26645466685295105,0.0,0.0
TDS,1989-12-18 19:00:00-05:00,0.0,19.330726623535156,19.153921127319336,19.330726623535156,123441,0.2656446695327759,0.0,0.0
TDS,1989-12-19 19:00:00-05:00,0.0,19.330726623535156,19.21285629272461,19.330726623535156,43692,0.2656446695327759,0.0,0.0
TDS,1989-12-20 19:00:00-05:00,0.0,19.330726623535156,18.85924530029297,19.330726623535156,90354,0.2656446695327759,0.0,0.0
TDS,1989-12-21 19:00:00-05:00,0.0,20.09688377380371,19.21285629272461,20.09688377380371,127895,0.2761732041835785,0.0,0.0
TDS,1989-12-25 19:00:00-05:00,0.0,20.037948608398438,19.684337615966797,19.802207946777344,69992,0.27212396264076233,0.0,0.0
TDS,1989-12-26 19:00:00-05:00,0.0,20.09688377380371,19.802207946777344,20.09688377380371,218248,0.2761732041835785,0.0,0.0
TDS,1989-12-27 19:00:00-05:00,0.0,20.74517059326172,20.45049476623535,20.627300262451172,149741,0.283462256193161,0.0,0.0
TDS,1989-12-28 19:00:00-05:00,0.0,21.864938735961914,20.686235427856445,21.864938735961914,216976,0.30047011375427246,0.0,0.0
TDS,1990-01-01 19:00:00-05:00,0.0,22.63109588623047,21.275585174560547,22.15961456298828,179222,0.3045197129249573,0.0,0.0
TDS,1990-01-02 19:00:00-05:00,0.0,22.33641815185547,21.80600357055664,22.100677490234375,310935,0.3037096858024597,0.0,0.0
TDS,1990-01-03 19:00:00-05:00,0.0,21.982807159423828,21.393457412719727,21.80600357055664,40511,0.2996602952480316,0.0,0.0
TDS,1990-01-04 19:00:00-05:00,0.0,21.747068405151367,21.452392578125,21.570262908935547,42632,0.2964206337928772,0.0,0.0
TDS,1990-01-07 19:00:00-05:00,0.0,21.68813133239746,21.393457412719727,21.68813133239746,84627,0.29804033041000366,0.0,0.0
TDS,1990-01-08 19:00:00-05:00,0.0,21.629196166992188,21.393457412719727,21.452392578125,76779,0.2948007583618164,0.0,0.0
TDS,1990-01-09 19:00:00-05:00,0.0,21.452392578125,21.216651916503906,21.216651916503906,58751,0.2915613651275635,0.0,0.0
TDS,1990-01-10 19:00:00-05:00,0.0,21.157716751098633,20.391559600830078,20.391559600830078,34572,0.2802227735519409,0.0,0.0
TDS,1990-01-11 19:00:00-05:00,0.0,19.92007827758789,19.625402450561523,19.625402450561523,97565,0.26969411969184875,0.0,0.0
TDS,1990-01-14 19:00:00-05:00,0.0,19.448596954345703,18.741374969482422,18.741374969482422,89717,0.25754591822624207,0.0,0.0
TDS,1990-01-15 19:00:00-05:00,0.0,19.448596954345703,18.269893646240234,19.448596954345703,216976,0.2672645151615143,0.0,0.0
TDS,1990-01-16 19:00:00-05:00,0.0,19.448596954345703,18.918180465698242,18.977115631103516,99686,0.26078537106513977,0.0,0.0
TDS,1990-01-17 19:00:00-05:00,0.0,18.977115631103516,18.741374969482422,18.85924530029297,132561,0.2591654062271118,0.0,0.0
TDS,1990-01-18 19:00:00-05:00,0.0,18.977115631103516,18.85924530029297,18.918180465698242,39238,0.25997552275657654,0.0,0.0
TDS,1990-01-21 19:00:00-05:00,0.0,18.85924530029297,18.269893646240234,18.269893646240234,27997,0.2510666847229004,0.0,0.0
TDS,1990-01-22 19:00:00-05:00,0.0,18.38776397705078,18.093088150024414,18.269893646240234,109230,0.2510666847229004,0.0,0.0
TDS,1990-01-23 19:00:00-05:00,0.0,18.328828811645508,17.209062576293945,18.21095848083496,232247,0.25025683641433716,0.0,0.0
TDS,1990-01-24 19:00:00-05:00,0.0,18.505634307861328,18.269893646240234,18.328828811645508,53661,0.25187674164772034,0.0,0.0
TDS,1990-01-25 19:00:00-05:00,0.0,18.328828811645508,17.798412322998047,17.798412322998047,260880,0.24458758533000946,0.0,0.0
TDS,1990-01-28 19:00:00-05:00,0.0,17.975217819213867,17.739477157592773,17.975217819213867,66387,0.2470172494649887,0.0,0.0
TDS,1990-01-29 19:00:00-05:00,0.0,17.85734748840332,16.855451583862305,17.15012550354004,258759,0.23567870259284973,0.0,0.0
TDS,1990-01-30 19:00:00-05:00,0.0,17.916282653808594,17.091190338134766,17.916282653808594,316874,0.24620720744132996,0.0,0.0
TDS,1990-01-31 19:00:00-05:00,0.0,17.975217819213867,17.62160873413086,17.85734748840332,56630,0.24539747834205627,0.0,0.0
TDS,1990-02-01 19:00:00-05:00,0.0,18.5645694732666,17.916282653808594,18.38776397705078,75931,0.2526867389678955,0.0,0.0
TDS,1990-02-04 19:00:00-05:00,0.0,18.918180465698242,18.328828811645508,18.741374969482422,38602,0.25754591822624207,0.0,0.0
TDS,1990-02-05 19:00:00-05:00,0.0,18.68243980407715,18.38776397705078,18.38776397705078,87384,0.2526867389678955,0.0,0.0
TDS,1990-02-06 19:00:00-05:00,0.0,18.328828811645508,18.152023315429688,18.269893646240234,10817,0.2510666847229004,0.0,0.0
TDS,1990-02-07 19:00:00-05:00,0.0,18.741374969482422,18.21095848083496,18.68243980407715,69568,0.2567359507083893,0.0,0.0
TDS,1990-02-08 19:00:00-05:00,0.0,18.800310134887695,18.623504638671875,18.800310134887695,13362,0.2583557367324829,0.0,0.0
TDS,1990-02-11 19:00:00-05:00,0.0,19.03605079650879,18.152023315429688,18.152023315429688,41783,0.24944692850112915,0.0,0.0
TDS,1990-02-12 19:00:00-05:00,0.0,18.328828811645508,17.975217819213867,18.328828811645508,33299,0.25187674164772034,0.0,0.0
TDS,1990-02-13 19:00:00-05:00,0.0,18.741374969482422,18.38776397705078,18.505634307861328,75083,0.2543061673641205,0.0,0.0
TDS,1990-02-14 19:00:00-05:00,0.0,18.5645694732666,18.38776397705078,18.38776397705078,51752,0.2526867389678955,0.0,0.0
TDS,1990-02-15 19:00:00-05:00,0.0,18.38776397705078,18.152023315429688,18.152023315429688,18452,0.24944692850112915,0.0,0.0
TDS,1990-02-19 19:00:00-05:00,0.0,17.975217819213867,17.444801330566406,17.444801330566406,49419,0.239728182554245,0.0,0.0
TDS,1990-02-20 19:00:00-05:00,0.0,17.326932907104492,16.97332191467285,17.032255172729492,139560,0.23405896127223969,0.0,0.0
TDS,1990-02-21 19:00:00-05:00,0.0,17.326932907104492,16.97332191467285,16.97332191467285,149105,0.2332489937543869,0.0,0.0
TDS,1990-02-22 19:00:00-05:00,0.0,16.97332191467285,16.501840591430664,16.61971092224121,145499,0.22838975489139557,0.0,0.0
TDS,1990-02-25 19:00:00-05:00,0.0,16.61971092224121,16.148229598999023,16.207164764404297,103504,0.2227204591035843,0.0,0.0
TDS,1990-02-26 19:00:00-05:00,0.0,17.091190338134766,16.26609992980957,17.091190338134766,300754,0.23486891388893127,0.0,0.0
TDS,1990-02-27 19:00:00-05:00,0.0,17.562671661376953,17.091190338134766,17.326932907104492,96504,0.23810835182666779,0.0,0.0
TDS,1990-02-28 19:00:00-05:00,0.0,17.916282653808594,17.209062576293945,17.916282653808594,76143,0.24620720744132996,0.0,0.0
TDS,1990-03-01 19:00:00-05:00,0.0,18.800310134887695,17.916282653808594,18.152023315429688,189403,0.24944692850112915,0.0,0.0
TDS,1990-03-04 19:00:00-05:00,0.0,18.034154891967773,17.798412322998047,17.798412322998047,36057,0.24458758533000946,0.0,0.0
TDS,1990-03-05 19:00:00-05:00,0.0,18.034154891967773,17.680543899536133,18.034154891967773,30542,0.24782706797122955,0.0,0.0
TDS,1990-03-06 19:00:00-05:00,0.0,18.446699142456055,18.034154891967773,18.152023315429688,167769,0.24944692850112915,0.0,0.0
TDS,1990-03-07 19:00:00-05:00,0.0,18.741374969482422,18.269893646240234,18.446699142456055,57266,0.2534964084625244,0.0,0.0
TDS,1990-03-08 19:00:00-05:00,0.0,18.38776397705078,17.975217819213867,17.975217819213867,95020,0.2470172494649887,0.0,0.0
TDS,1990-03-11 19:00:00-05:00,0.0,17.916282653808594,17.680543899536133,17.798412322998047,78052,0.24503739178180695,0.033004,0.0
TDS,1990-03-12 19:00:00-05:00,0.0,17.85734748840332,17.739477157592773,17.798412322998047,89293,0.24503739178180695,0.0,0.0
TDS,1990-03-13 19:00:00-05:00,0.0,18.328828811645508,17.85734748840332,18.152023315429688,60872,0.2499057650566101,0.0,0.0
TDS,1990-03-14 19:00:00-05:00,0.0,18.21095848083496,18.093088150024414,18.21095848083496,30330,0.2507171928882599,0.0,0.0
TDS,1990-03-15 19:00:00-05:00,0.0,18.328828811645508,18.21095848083496,18.21095848083496,44116,0.2507171928882599,0.0,0.0
TDS,1990-03-18 19:00:00-05:00,0.0,18.269893646240234,17.798412322998047,17.798412322998047,126834,0.24503739178180695,0.0,0.0
TDS,1990-03-19 19:00:00-05:00,0.0,17.975217819213867,17.680543899536133,17.916282653808594,107746,0.24665997922420502,0.0,0.0
TDS,1990-03-20 19:00:00-05:00,0.0,18.269893646240234,17.739477157592773,17.916282653808594,46025,0.24665997922420502,0.0,0.0
TDS,1990-03-21 19:00:00-05:00,0.0,17.85734748840332,16.97332191467285,17.385866165161133,49631,0.23935766518115997,0.0,0.0
TDS,1990-03-22 19:00:00-05:00,0.0,17.50373649597168,17.209062576293945,17.385866165161133,34572,0.23935766518115997,0.0,0.0
TDS,1990-03-25 19:00:00-05:00,0.0,17.680543899536133,17.50373649597168,17.62160873413086,38602,0.24260321259498596,0.0,0.0
TDS,1990-03-26 19:00:00-05:00,0.0,17.85734748840332,17.562671661376953,17.739477157592773,27148,0.2442260980606079,0.0,0.0
TDS,1990-03-27 19:00:00-05:00,0.0,17.85734748840332,17.62160873413086,17.62160873413086,38178,0.24260321259498596,0.0,0.0
TDS,1990-03-28 19:00:00-05:00,0.0,17.50373649597168,16.914386749267578,16.914386749267578,47934,0.23286671936511993,0.0,0.0
TDS,1990-03-29 19:00:00-05:00,0.0,16.79651641845703,16.61971092224121,16.737579345703125,88020,0.23043249547481537,0.0,0.0
TDS,1990-04-01 20:00:00-04:00,0.0,16.61971092224121,16.383970260620117,16.61971092224121,52600,0.22880981862545013,0.0,0.0
TDS,1990-04-02 20:00:00-04:00,0.0,17.091190338134766,16.61971092224121,16.79651641845703,200432,0.2312440425157547,0.0,0.0
TDS,1990-04-03 20:00:00-04:00,0.0,17.032255172729492,16.79651641845703,16.97332191467285,109867,0.23367798328399658,0.0,0.0
TDS,1990-04-04 20:00:00-04:00,0.0,16.97332191467285,16.737579345703125,16.855451583862305,65962,0.23205532133579254,0.0,0.0
TDS,1990-04-05 20:00:00-04:00,0.0,16.97332191467285,16.79651641845703,16.97332191467285,42420,0.23367798328399658,0.0,0.0
TDS,1990-04-08 20:00:00-04:00,0.0,16.914386749267578,16.79651641845703,16.79651641845703,15695,0.2312440425157547,0.0,0.0
TDS,1990-04-09 20:00:00-04:00,0.0,16.79651641845703,16.560775756835938,16.67864418029785,22907,0.22962117195129395,0.0,0.0
TDS,1990-04-10 20:00:00-04:00,0.0,16.501840591430664,16.26609992980957,16.501840591430664,129804,0.22718702256679535,0.0,0.0
TDS,1990-04-11 20:00:00-04:00,0.0,16.61971092224121,16.26609992980957,16.61971092224121,738736,0.22880981862545013,0.0,0.0
TDS,1990-04-15 20:00:00-04:00,0.0,16.855451583862305,16.67864418029785,16.67864418029785,69144,0.22962117195129395,0.0,0.0
TDS,1990-04-16 20:00:00-04:00,0.0,16.79651641845703,16.501840591430664,16.79651641845703,65962,0.2312440425157547,0.0,0.0
TDS,1990-04-17 20:00:00-04:00,0.0,16.914386749267578,16.79651641845703,16.855451583862305,19937,0.23205532133579254,0.0,0.0
TDS,1990-04-18 20:00:00-04:00,0.0,16.79651641845703,16.383970260620117,16.44290542602539,142530,0.22637559473514557,0.0,0.0
TDS,1990-04-19 20:00:00-04:00,0.0,16.44290542602539,15.73568344116211,15.73568344116211,140196,0.21663905680179596,0.0,0.0
TDS,1990-04-22 20:00:00-04:00,0.0,15.73568344116211,15.323137283325195,15.323137283325195,107533,0.21095937490463257,0.0,0.0
TDS,1990-04-23 20:00:00-04:00,0.0,15.323137283325195,15.087396621704102,15.205266952514648,88445,0.20933662354946136,0.0,0.0
TDS,1990-04-24 20:00:00-04:00,0.0,15.558877944946289,15.087396621704102,15.558877944946289,107533,0.21420492231845856,0.0,0.0
TDS,1990-04-25 20:00:00-04:00,0.0,15.73568344116211,15.558877944946289,15.73568344116211,108594,0.21663905680179596,0.0,0.0
TDS,1990-04-26 20:00:00-04:00,0.0,15.85355281829834,15.558877944946289,15.558877944946289,111988,0.21420492231845856,0.0,0.0
TDS,1990-04-29 20:00:00-04:00,0.0,16.148229598999023,15.617813110351562,16.148229598999023,81445,0.22231867909431458,0.0,0.0
TDS,1990-04-30 20:00:00-04:00,0.0,16.737579345703125,16.148229598999023,16.44290542602539,135318,0.22637559473514557,0.0,0.0
TDS,1990-05-01 20:00:00-04:00,0.0,16.501840591430664,16.383970260620117,16.44290542602539,112836,0.22637559473514557,0.0,0.0
TDS,1990-05-02 20:00:00-04:00,0.0,16.560775756835938,16.32503318786621,16.32503318786621,41359,0.22475294768810272,0.0,0.0
TDS,1990-05-03 20:00:00-04:00,0.0,16.26609992980957,15.971424102783203,16.08929443359375,101807,0.22150732576847076,0.0,0.0
TDS,1990-05-06 20:00:00-04:00,0.0,16.207164764404297,16.030359268188477,16.030359268188477,143166,0.22069594264030457,0.0,0.0
TDS,1990-05-07 20:00:00-04:00,0.0,16.08929443359375,16.030359268188477,16.030359268188477,49843,0.22069594264030457,0.0,0.0
TDS,1990-05-08 20:00:00-04:00,0.0,16.08929443359375,15.85355281829834,15.85355281829834,56206,0.21826182305812836,0.0,0.0
TDS,1990-05-09 20:00:00-04:00,0.0,16.383970260620117,16.030359268188477,16.08929443359375,205735,0.22150732576847076,0.0,0.0
TDS,1990-05-10 20:00:00-04:00,0.0,16.855451583862305,16.32503318786621,16.855451583862305,110291,0.23205532133579254,0.0,0.0
TDS,1990-05-13 20:00:00-04:00,0.0,18.269893646240234,17.091190338134766,17.798412322998047,186434,0.24503739178180695,0.0,0.0
TDS,1990-05-14 20:00:00-04:00,0.0,17.798412322998047,17.562671661376953,17.62160873413086,80173,0.24260321259498596,0.0,0.0
TDS,1990-05-15 20:00:00-04:00,0.0,17.62160873413086,17.50373649597168,17.62160873413086,6787,0.24260321259498596,0.0,0.0
TDS,1990-05-16 20:00:00-04:00,0.0,17.85734748840332,17.680543899536133,17.739477157592773,16332,0.2442260980606079,0.0,0.0
TDS,1990-05-17 20:00:00-04:00,0.0,17.62160873413086,17.385866165161133,17.444801330566406,57478,0.24016915261745453,0.0,0.0
TDS,1990-05-20 20:00:00-04:00,0.0,18.034154891967773,17.26799774169922,18.034154891967773,147620,0.24828296899795532,0.0,0.0
TDS,1990-05-21 20:00:00-04:00,0.0,18.152023315429688,17.916282653808594,18.152023315429688,111563,0.2499057650566101,0.0,0.0
TDS,1990-05-22 20:00:00-04:00,0.0,18.328828811645508,18.152023315429688,18.269893646240234,54933,0.2515285313129425,0.0,0.0
TDS,1990-05-23 20:00:00-04:00,0.0,18.623504638671875,18.38776397705078,18.505634307861328,105412,0.2547740042209625,0.0,0.0
TDS,1990-05-24 20:00:00-04:00,0.0,18.5645694732666,18.152023315429688,18.269893646240234,72749,0.2515285313129425,0.0,0.0
TDS,1990-05-28 20:00:00-04:00,0.0,18.38776397705078,18.093088150024414,18.328828811645508,50479,0.2523399591445923,0.0,0.0
TDS,1990-05-29 20:00:00-04:00,0.0,18.38776397705078,18.269893646240234,18.269893646240234,45389,0.2515285313129425,0.0,0.0
TDS,1990-05-30 20:00:00-04:00,0.0,18.328828811645508,18.093088150024414,18.093088150024414,57691,0.24909432232379913,0.0,0.0
TDS,1990-05-31 20:00:00-04:00,0.0,18.505634307861328,18.152023315429688,18.38776397705078,97353,0.253151535987854,0.0,0.0
TDS,1990-06-03 20:00:00-04:00,0.0,18.68243980407715,18.38776397705078,18.68243980407715,17392,0.25720807909965515,0.0,0.0
TDS,1990-06-04 20:00:00-04:00,0.0,18.741374969482422,18.5645694732666,18.5645694732666,23967,0.2555854022502899,0.0,0.0
TDS,1990-06-05 20:00:00-04:00,0.0,18.85924530029297,18.446699142456055,18.800310134887695,21422,0.25883084535598755,0.0,0.0
TDS,1990-06-06 20:00:00-04:00,0.0,18.800310134887695,18.505634307861328,18.505634307861328,53236,0.2547740042209625,0.0,0.0
TDS,1990-06-07 20:00:00-04:00,0.0,18.446699142456055,18.269893646240234,18.38776397705078,17816,0.253151535987854,0.0,0.0
TDS,1990-06-10 20:00:00-04:00,0.0,18.623504638671875,18.21095848083496,18.5645694732666,15271,0.25604483485221863,0.033004,0.0
TDS,1990-06-11 20:00:00-04:00,0.0,18.741374969482422,18.505634307861328,18.68243980407715,38602,0.25767070055007935,0.0,0.0
TDS,1990-06-12 20:00:00-04:00,0.0,19.094985961914062,18.800310134887695,19.03605079650879,132349,0.26254773139953613,0.0,0.0
TDS,1990-06-13 20:00:00-04:00,0.0,19.03605079650879,18.800310134887695,18.800310134887695,35844,0.2592962980270386,0.0,0.0
TDS,1990-06-14 20:00:00-04:00,0.0,18.800310134887695,18.5645694732666,18.5645694732666,16544,0.25604483485221863,0.0,0.0
TDS,1990-06-17 20:00:00-04:00,0.0,18.5645694732666,17.975217819213867,17.975217819213867,36481,0.24791646003723145,0.0,0.0
TDS,1990-06-18 20:00:00-04:00,0.0,18.093088150024414,17.85734748840332,17.916282653808594,50479,0.2471034824848175,0.0,0.0
TDS,1990-06-19 20:00:00-04:00,0.0,17.798412322998047,17.62160873413086,17.62160873413086,82082,0.24303945899009705,0.0,0.0
TDS,1990-06-20 20:00:00-04:00,0.0,17.798412322998047,17.50373649597168,17.562671661376953,36057,0.24222664535045624,0.0,0.0
TDS,1990-06-21 20:00:00-04:00,0.0,17.50373649597168,17.444801330566406,17.444801330566406,42420,0.24060101807117462,0.0,0.0
TDS,1990-06-24 20:00:00-04:00,0.0,17.62160873413086,17.326932907104492,17.326932907104492,72962,0.23897536098957062,0.0,0.0
TDS,1990-06-25 20:00:00-04:00,0.0,17.326932907104492,16.855451583862305,17.032255172729492,80385,0.23491115868091583,0.0,0.0
TDS,1990-06-26 20:00:00-04:00,0.0,16.97332191467285,16.914386749267578,16.97332191467285,24815,0.23409830033779144,0.0,0.0
TDS,1990-06-27 20:00:00-04:00,0.0,17.15012550354004,16.914386749267578,17.15012550354004,47934,0.2365369200706482,0.0,0.0
TDS,1990-06-28 20:00:00-04:00,0.0,17.26799774169922,17.209062576293945,17.209062576293945,22482,0.23734967410564423,0.0,0.0
TDS,1990-07-01 20:00:00-04:00,0.0,17.209062576293945,17.032255172729492,17.091190338134766,31178,0.23572394251823425,0.0,0.0
TDS,1990-07-02 20:00:00-04:00,0.0,17.562671661376953,17.15012550354004,17.562671661376953,31815,0.24222664535045624,0.0,0.0
TDS,1990-07-04 20:00:00-04:00,0.0,17.680543899536133,17.562671661376953,17.62160873413086,31815,0.24303945899009705,0.0,0.0
TDS,1990-07-05 20:00:00-04:00,0.0,17.50373649597168,17.209062576293945,17.385866165161133,26088,0.23978808522224426,0.0,0.0
TDS,1990-07-08 20:00:00-04:00,0.0,17.50373649597168,17.385866165161133,17.444801330566406,22694,0.24060101807117462,0.0,0.0
TDS,1990-07-09 20:00:00-04:00,0.0,17.50373649597168,17.26799774169922,17.26799774169922,19513,0.23816245794296265,0.0,0.0
TDS,1990-07-10 20:00:00-04:00,0.0,17.209062576293945,17.032255172729492,17.15012550354004,159922,0.2365369200706482,0.0,0.0
TDS,1990-07-11 20:00:00-04:00,0.0,18.741374969482422,17.26799774169922,18.034154891967773,338508,0.2487293779850006,0.0,0.0
TDS,1990-07-12 20:00:00-04:00,0.0,18.38776397705078,18.152023315429688,18.152023315429688,131713,0.25035515427589417,0.0,0.0
TDS,1990-07-15 20:00:00-04:00,0.0,18.328828811645508,17.85734748840332,17.85734748840332,117290,0.24629083275794983,0.0,0.0
TDS,1990-07-16 20:00:00-04:00,0.0,17.798412322998047,17.562671661376953,17.62160873413086,23119,0.24303945899009705,0.0,0.0
TDS,1990-07-17 20:00:00-04:00,0.0,17.50373649597168,16.67864418029785,16.67864418029785,120896,0.23003405332565308,0.0,0.0
TDS,1990-07-18 20:00:00-04:00,0.0,16.79651641845703,16.61971092224121,16.67864418029785,157164,0.23003405332565308,0.0,0.0
TDS,1990-07-19 20:00:00-04:00,0.0,16.61971092224121,16.32503318786621,16.560775756835938,106897,0.22840838134288788,0.0,0.0
TDS,1990-07-22 20:00:00-04:00,0.0,16.26609992980957,15.73568344116211,15.971424102783203,116654,0.22028003633022308,0.0,0.0
TDS,1990-07-23 20:00:00-04:00,0.0,16.030359268188477,15.794617652893066,15.794617652893066,38814,0.21784141659736633,0.0,0.0
TDS,1990-07-24 20:00:00-04:00,0.0,16.030359268188477,15.91248893737793,16.030359268188477,31815,0.22109286487102509,0.0,0.0
TDS,1990-07-25 20:00:00-04:00,0.0,16.207164764404297,15.971424102783203,16.08929443359375,117714,0.2219056785106659,0.0,0.0
TDS,1990-07-26 20:00:00-04:00,0.0,16.207164764404297,15.91248893737793,15.91248893737793,15907,0.2194671630859375,0.0,0.0
TDS,1990-07-29 20:00:00-04:00,0.0,15.971424102783203,15.205266952514648,15.205266952514648,168618,0.2097131460905075,0.0,0.0
TDS,1990-07-30 20:00:00-04:00,0.0,15.087396621704102,14.615915298461914,14.910591125488281,123441,0.20564880967140198,0.0,0.0
TDS,1990-07-31 20:00:00-04:00,0.0,15.087396621704102,14.851655960083008,14.969526290893555,282938,0.20646166801452637,0.0,0.0
TDS,1990-08-01 20:00:00-04:00,0.0,14.851655960083008,14.615915298461914,14.674851417541504,58963,0.20239752531051636,0.0,0.0
TDS,1990-08-02 20:00:00-04:00,0.0,14.674851417541504,14.26230525970459,14.38017463684082,136803,0.1983332484960556,0.0,0.0
TDS,1990-08-05 20:00:00-04:00,0.0,14.144433975219727,13.201472282409668,13.437212944030762,130228,0.18532778322696686,0.0,0.0
TDS,1990-08-06 20:00:00-04:00,0.0,13.849759101867676,13.319341659545898,13.437212944030762,318358,0.18532778322696686,0.0,0.0
TDS,1990-08-07 20:00:00-04:00,0.0,13.496148109436035,13.319341659545898,13.437212944030762,68295,0.18532778322696686,0.0,0.0
TDS,1990-08-08 20:00:00-04:00,0.0,13.437212944030762,13.378276824951172,13.437212944030762,51752,0.18532778322696686,0.0,0.0
TDS,1990-08-09 20:00:00-04:00,0.0,13.378276824951172,13.201472282409668,13.260407447814941,18452,0.18288913369178772,0.0,0.0
TDS,1990-08-12 20:00:00-04:00,0.0,13.201472282409668,12.965730667114258,13.142537117004395,32027,0.18126355111598969,0.0,0.0
TDS,1990-08-13 20:00:00-04:00,0.0,13.201472282409668,12.965730667114258,13.201472282409668,104564,0.18207646906375885,0.0,0.0
TDS,1990-08-14 20:00:00-04:00,0.0,13.90869426727295,13.437212944030762,13.731887817382812,78900,0.1893920600414276,0.0,0.0
TDS,1990-08-15 20:00:00-04:00,0.0,13.967629432678223,13.790822982788086,13.790822982788086,249003,0.19020481407642365,0.0,0.0
TDS,1990-08-16 20:00:00-04:00,0.0,13.672952651977539,13.142537117004395,13.201472282409668,93111,0.18207646906375885,0.0,0.0
TDS,1990-08-19 20:00:00-04:00,0.0,13.378276824951172,12.72999095916748,12.788926124572754,84839,0.17638662457466125,0.0,0.0
TDS,1990-08-20 20:00:00-04:00,0.0,12.612120628356934,12.081704139709473,12.258509635925293,91838,0.16907097399234772,0.0,0.0
TDS,1990-08-21 20:00:00-04:00,0.0,12.37637996673584,11.492353439331055,11.669157981872559,107746,0.16094262897968292,0.0,0.0
TDS,1990-08-22 20:00:00-04:00,0.0,11.256611824035645,10.54939079284668,10.54939079284668,144014,0.1454986184835434,0.0,0.0
TDS,1990-08-23 20:00:00-04:00,0.0,10.961936950683594,10.37258529663086,10.37258529663086,250487,0.14306005835533142,0.0,0.0
TDS,1990-08-26 20:00:00-04:00,0.0,12.37637996673584,10.7261962890625,12.37637996673584,113896,0.1706966757774353,0.0,0.0
TDS,1990-08-27 20:00:00-04:00,0.0,12.494250297546387,12.199575424194336,12.37637996673584,61720,0.1706966757774353,0.0,0.0
TDS,1990-08-28 20:00:00-04:00,0.0,12.9067964553833,12.37637996673584,12.671055793762207,61084,0.1747608333826065,0.0,0.0
TDS,1990-08-29 20:00:00-04:00,0.0,12.847861289978027,12.55318546295166,12.612120628356934,26300,0.17394794523715973,0.0,0.0
TDS,1990-08-30 20:00:00-04:00,0.0,12.55318546295166,12.435315132141113,12.494250297546387,30542,0.17232230305671692,0.0,0.0
TDS,1990-09-03 20:00:00-04:00,0.0,12.494250297546387,12.199575424194336,12.37637996673584,47298,0.1706966757774353,0.0,0.0
TDS,1990-09-04 20:00:00-04:00,0.0,13.319341659545898,12.55318546295166,12.847861289978027,40086,0.17719939351081848,0.0,0.0
TDS,1990-09-05 20:00:00-04:00,0.0,13.083601951599121,12.55318546295166,12.612120628356934,51752,0.17394794523715973,0.0,0.0
TDS,1990-09-06 20:00:00-04:00,0.0,12.612120628356934,12.37637996673584,12.37637996673584,8908,0.1706966757774353,0.0,0.0
TDS,1990-09-09 20:00:00-04:00,0.0,12.72999095916748,12.317444801330566,12.72999095916748,19937,0.17604318261146545,0.033004,0.0
TDS,1990-09-10 20:00:00-04:00,0.0,12.788926124572754,12.671055793762207,12.72999095916748,22482,0.17604318261146545,0.0,0.0
TDS,1990-09-11 20:00:00-04:00,0.0,12.965730667114258,12.494250297546387,12.494250297546387,27785,0.17278307676315308,0.0,0.0
TDS,1990-09-12 20:00:00-04:00,0.0,12.612120628356934,12.435315132141113,12.435315132141113,23967,0.17196804285049438,0.0,0.0
TDS,1990-09-13 20:00:00-04:00,0.0,12.55318546295166,12.140639305114746,12.258509635925293,31390,0.1695229709148407,0.0,0.0
TDS,1990-09-16 20:00:00-04:00,0.0,12.140639305114746,11.787029266357422,11.904898643493652,59599,0.1646328866481781,0.0,0.0
TDS,1990-09-17 20:00:00-04:00,0.0,11.904898643493652,11.374483108520508,11.551287651062012,54297,0.15974293649196625,0.0,0.0
TDS,1990-09-18 20:00:00-04:00,0.0,11.610222816467285,11.433418273925781,11.551287651062012,22058,0.15974293649196625,0.0,0.0
TDS,1990-09-19 20:00:00-04:00,0.0,11.551287651062012,11.138742446899414,11.138742446899414,42420,0.15403766930103302,0.0,0.0
TDS,1990-09-20 20:00:00-04:00,0.0,11.138742446899414,10.608325958251953,10.608325958251953,72749,0.14670266211032867,0.0,0.0
TDS,1990-09-23 20:00:00-04:00,0.0,10.608325958251953,10.37258529663086,10.37258529663086,58751,0.1434425562620163,0.0,0.0
TDS,1990-09-24 20:00:00-04:00,0.0,10.903000831604004,10.254714965820312,10.84406566619873,565452,0.1499626785516739,0.0,0.0
TDS,1990-09-25 20:00:00-04:00,0.0,10.961936950683594,10.608325958251953,10.608325958251953,96292,0.14670266211032867,0.0,0.0
TDS,1990-09-26 20:00:00-04:00,0.0,10.903000831604004,10.49045467376709,10.7261962890625,63841,0.14833271503448486,0.0,0.0
TDS,1990-09-27 20:00:00-04:00,0.0,10.84406566619873,10.431520462036133,10.431520462036133,114533,0.1442575603723526,0.0,0.0
TDS,1990-09-30 20:00:00-04:00,0.0,11.669157981872559,10.608325958251953,11.610222816467285,162467,0.16055788099765778,0.0,0.0
TDS,1990-10-01 20:00:00-04:00,0.0,12.612120628356934,11.669157981872559,12.0227689743042,118775,0.16626301407814026,0.0,0.0
TDS,1990-10-02 20:00:00-04:00,0.0,12.671055793762207,11.904898643493652,12.140639305114746,102019,0.16789303719997406,0.0,0.0
TDS,1990-10-03 20:00:00-04:00,0.0,12.612120628356934,12.199575424194336,12.612120628356934,13998,0.17441312968730927,0.0,0.0
TDS,1990-10-04 20:00:00-04:00,0.0,12.671055793762207,12.081704139709473,12.081704139709473,21210,0.16707803308963776,0.0,0.0
TDS,1990-10-07 20:00:00-04:00,0.0,12.435315132141113,12.081704139709473,12.37637996673584,44965,0.17115306854248047,0.0,0.0
TDS,1990-10-08 20:00:00-04:00,0.0,12.435315132141113,12.258509635925293,12.37637996673584,8696,0.17115306854248047,0.0,0.0
TDS,1990-10-09 20:00:00-04:00,0.0,12.317444801330566,11.904898643493652,11.904898643493652,65750,0.1646328866481781,0.0,0.0
TDS,1990-10-10 20:00:00-04:00,0.0,11.963833808898926,11.492353439331055,11.669157981872559,63205,0.16137288510799408,0.0,0.0
TDS,1990-10-11 20:00:00-04:00,0.0,11.433418273925781,11.07980728149414,11.256611824035645,65962,0.1556677371263504,0.0,0.0
TDS,1990-10-14 20:00:00-04:00,0.0,11.433418273925781,10.84406566619873,10.961936950683594,42632,0.15159273147583008,0.0,0.0
TDS,1990-10-15 20:00:00-04:00,0.0,11.315546989440918,10.7261962890625,11.07980728149414,34148,0.15322278439998627,0.0,0.0
TDS,1990-10-16 20:00:00-04:00,0.0,11.138742446899414,10.961936950683594,11.07980728149414,43480,0.15322278439998627,0.0,0.0
TDS,1990-10-17 20:00:00-04:00,0.0,11.845964431762695,11.020872116088867,11.787029266357422,40723,0.16300296783447266,0.0,0.0
TDS,1990-10-18 20:00:00-04:00,0.0,12.140639305114746,11.845964431762695,11.963833808898926,21422,0.16544795036315918,0.0,0.0
TDS,1990-10-21 20:00:00-04:00,0.0,12.37637996673584,12.081704139709473,12.199575424194336,22694,0.16870807111263275,0.0,0.0
TDS,1990-10-22 20:00:00-04:00,0.0,12.258509635925293,12.081704139709473,12.081704139709473,22482,0.16707803308963776,0.0,0.0
TDS,1990-10-23 20:00:00-04:00,0.0,12.081704139709473,11.904898643493652,12.081704139709473,41783,0.16707803308963776,0.0,0.0
TDS,1990-10-24 20:00:00-04:00,0.0,12.199575424194336,11.845964431762695,11.904898643493652,57903,0.1646328866481781,0.0,0.0
TDS,1990-10-25 20:00:00-04:00,0.0,11.963833808898926,11.433418273925781,11.551287651062012,31815,0.15974293649196625,0.0,0.0
TDS,1990-10-28 19:00:00-05:00,0.0,11.492353439331055,11.256611824035645,11.315546989440918,7211,0.15648283064365387,0.0,0.0
TDS,1990-10-29 19:00:00-05:00,0.0,11.07980728149414,10.7261962890625,11.020872116088867,25664,0.15240783989429474,0.0,0.0
TDS,1990-10-30 19:00:00-05:00,0.0,11.138742446899414,10.84406566619873,10.903000831604004,77628,0.1507776975631714,0.0,0.0
TDS,1990-10-31 19:00:00-05:00,0.0,10.961936950683594,10.7261962890625,10.7261962890625,61296,0.14833271503448486,0.0,0.0
TDS,1990-11-01 19:00:00-05:00,0.0,11.138742446899414,10.785131454467773,11.138742446899414,60024,0.15403766930103302,0.0,0.0
TDS,1990-11-04 19:00:00-05:00,0.0,11.669157981872559,11.256611824035645,11.669157981872559,18452,0.16137288510799408,0.0,0.0
TDS,1990-11-05 19:00:00-05:00,0.0,12.258509635925293,11.728093147277832,12.081704139709473,47722,0.16707803308963776,0.0,0.0
TDS,1990-11-06 19:00:00-05:00,0.0,12.081704139709473,11.787029266357422,11.787029266357422,42420,0.16300296783447266,0.0,0.0
TDS,1990-11-07 19:00:00-05:00,0.0,12.55318546295166,11.845964431762695,12.37637996673584,220369,0.17115306854248047,0.0,0.0
TDS,1990-11-08 19:00:00-05:00,0.0,12.847861289978027,12.258509635925293,12.788926124572754,113684,0.17685821652412415,0.0,0.0
TDS,1990-11-11 19:00:00-05:00,0.0,13.555083274841309,12.847861289978027,13.378276824951172,118350,0.18500827252864838,0.0,0.0
TDS,1990-11-12 19:00:00-05:00,0.0,13.672952651977539,13.319341659545898,13.672952651977539,80809,0.189083531498909,0.0,0.0
TDS,1990-11-13 19:00:00-05:00,0.0,13.790822982788086,13.614018440246582,13.614018440246582,146135,0.18826834857463837,0.0,0.0
TDS,1990-11-14 19:00:00-05:00,0.0,13.614018440246582,13.142537117004395,13.201472282409668,51752,0.18256331980228424,0.0,0.0
TDS,1990-11-15 19:00:00-05:00,0.0,13.142537117004395,12.72999095916748,12.847861289978027,69992,0.17767322063446045,0.0,0.0
TDS,1990-11-18 19:00:00-05:00,0.0,12.671055793762207,12.081704139709473,12.494250297546387,181556,0.17278307676315308,0.0,0.0
TDS,1990-11-19 19:00:00-05:00,0.0,12.671055793762207,12.37637996673584,12.435315132141113,40723,0.17196804285049438,0.0,0.0
TDS,1990-11-20 19:00:00-05:00,0.0,12.72999095916748,12.37637996673584,12.72999095916748,78052,0.17604318261146545,0.0,0.0
TDS,1990-11-22 19:00:00-05:00,0.0,12.847861289978027,12.612120628356934,12.788926124572754,12514,0.17685821652412415,0.0,0.0
TDS,1990-11-25 19:00:00-05:00,0.0,12.72999095916748,12.612120628356934,12.72999095916748,52600,0.17604318261146545,0.0,0.0
TDS,1990-11-26 19:00:00-05:00,0.0,12.847861289978027,12.612120628356934,12.72999095916748,174556,0.17604318261146545,0.0,0.0
TDS,1990-11-27 19:00:00-05:00,0.0,13.437212944030762,12.847861289978027,13.260407447814941,72749,0.18337824940681458,0.0,0.0
TDS,1990-11-28 19:00:00-05:00,0.0,13.378276824951172,13.142537117004395,13.378276824951172,62145,0.18500827252864838,0.0,0.0
TDS,1990-11-29 19:00:00-05:00,0.0,13.614018440246582,13.142537117004395,13.614018440246582,150377,0.18826834857463837,0.0,0.0
TDS,1990-12-02 19:00:00-05:00,0.0,14.144433975219727,13.90869426727295,13.967629432678223,36269,0.19315852224826813,0.0,0.0
TDS,1990-12-03 19:00:00-05:00,0.0,13.731887817382812,13.496148109436035,13.555083274841309,109018,0.18745332956314087,0.0,0.0
TDS,1990-12-04 19:00:00-05:00,0.0,14.02656364440918,13.437212944030762,13.967629432678223,85051,0.19315852224826813,0.0,0.0
TDS,1990-12-05 19:00:00-05:00,0.0,14.085498809814453,13.555083274841309,13.555083274841309,35632,0.18745332956314087,0.0,0.0
TDS,1990-12-06 19:00:00-05:00,0.0,13.672952651977539,13.437212944030762,13.672952651977539,69992,0.189083531498909,0.0,0.0
TDS,1990-12-09 19:00:00-05:00,0.0,13.790822982788086,13.496148109436035,13.614018440246582,106261,0.1887238770723343,0.033004,0.0
TDS,1990-12-10 19:00:00-05:00,0.0,13.90869426727295,13.614018440246582,13.790822982788086,35632,0.19117483496665955,0.0,0.0
TDS,1990-12-11 19:00:00-05:00,0.0,14.38017463684082,13.790822982788086,14.321240425109863,35844,0.19852787256240845,0.0,0.0
TDS,1990-12-12 19:00:00-05:00,0.0,14.674851417541504,14.38017463684082,14.615915298461914,56630,0.20261262357234955,0.0,0.0
TDS,1990-12-13 19:00:00-05:00,0.0,14.615915298461914,14.02656364440918,14.26230525970459,29269,0.1977108269929886,0.0,0.0
TDS,1990-12-16 19:00:00-05:00,0.0,14.321240425109863,14.203369140625,14.321240425109863,31390,0.19852787256240845,0.0,0.0
TDS,1990-12-17 19:00:00-05:00,0.0,15.087396621704102,14.203369140625,14.969526290893555,82082,0.20751459896564484,0.0,0.0
TDS,1990-12-18 19:00:00-05:00,0.0,15.558877944946289,14.969526290893555,15.382072448730469,114108,0.2132335603237152,0.0,0.0
TDS,1990-12-19 19:00:00-05:00,0.0,15.971424102783203,15.323137283325195,15.676748275756836,225884,0.2173183709383011,0.0,0.0
TDS,1990-12-20 19:00:00-05:00,0.0,15.73568344116211,15.382072448730469,15.441006660461426,216764,0.2140505015850067,0.0,0.0
TDS,1990-12-23 19:00:00-05:00,0.0,15.558877944946289,15.441006660461426,15.558877944946289,13786,0.21568448841571808,0.0,0.0
TDS,1990-12-25 19:00:00-05:00,0.0,15.794617652893066,15.499942779541016,15.676748275756836,113260,0.2173183709383011,0.0,0.0
TDS,1990-12-26 19:00:00-05:00,0.0,15.73568344116211,15.617813110351562,15.73568344116211,27785,0.21813538670539856,0.0,0.0
TDS,1990-12-27 19:00:00-05:00,0.0,16.030359268188477,15.73568344116211,16.030359268188477,224611,0.22222036123275757,0.0,0.0
TDS,1990-12-30 19:00:00-05:00,0.0,16.148229598999023,15.499942779541016,16.148229598999023,72749,0.22385433316230774,0.0,0.0
TDS,1991-01-01 19:00:00-05:00,0.0,16.148229598999023,15.91248893737793,16.08929443359375,123865,0.22303733229637146,0.0,0.0
TDS,1991-01-02 19:00:00-05:00,0.0,16.148229598999023,15.558877944946289,15.617813110351562,226096,0.21650153398513794,0.0,0.0
TDS,1991-01-03 19:00:00-05:00,0.0,15.499942779541016,14.851655960083008,15.028461456298828,72113,0.20833157002925873,0.0,0.0
TDS,1991-01-06 19:00:00-05:00,0.0,14.851655960083008,14.26230525970459,14.498044967651367,101595,0.20097875595092773,0.0,0.0
TDS,1991-01-07 19:00:00-05:00,0.0,14.26230525970459,14.085498809814453,14.085498809814453,84415,0.19525980949401855,0.0,0.0
TDS,1991-01-08 19:00:00-05:00,0.0,14.321240425109863,13.849759101867676,13.90869426727295,77840,0.19280889630317688,0.0,0.0
TDS,1991-01-09 19:00:00-05:00,0.0,14.26230525970459,13.672952651977539,14.26230525970459,235852,0.1977108269929886,0.0,0.0
TDS,1991-01-10 19:00:00-05:00,0.0,14.498044967651367,14.203369140625,14.38017463684082,17392,0.19934476912021637,0.0,0.0
TDS,1991-01-13 19:00:00-05:00,0.0,13.90869426727295,13.555083274841309,13.614018440246582,94808,0.1887238770723343,0.0,0.0
TDS,1991-01-14 19:00:00-05:00,0.0,13.790822982788086,13.437212944030762,13.790822982788086,158225,0.19117483496665955,0.0,0.0
TDS,1991-01-15 19:00:00-05:00,0.0,14.085498809814453,13.614018440246582,14.02656364440918,82294,0.1944427639245987,0.0,0.0
TDS,1991-01-16 19:00:00-05:00,0.0,15.028461456298828,14.38017463684082,15.028461456298828,82294,0.20833157002925873,0.0,0.0
TDS,1991-01-17 19:00:00-05:00,0.0,14.910591125488281,14.615915298461914,14.733785629272461,28209,0.2042466551065445,0.0,0.0
TDS,1991-01-20 19:00:00-05:00,0.0,14.615915298461914,13.967629432678223,14.615915298461914,79112,0.20261262357234955,0.0,0.0
TDS,1991-01-21 19:00:00-05:00,0.0,14.851655960083008,14.55698013305664,14.733785629272461,76991,0.2042466551065445,0.0,0.0
TDS,1991-01-22 19:00:00-05:00,0.0,14.733785629272461,14.498044967651367,14.674851417541504,42844,0.203429713845253,0.0,0.0
TDS,1991-01-23 19:00:00-05:00,0.0,14.969526290893555,14.498044967651367,14.792720794677734,80597,0.20506352186203003,0.0,0.0
TDS,1991-01-24 19:00:00-05:00,0.0,14.969526290893555,14.792720794677734,14.910591125488281,114108,0.20669759809970856,0.0,0.0
TDS,1991-01-27 19:00:00-05:00,0.0,14.851655960083008,14.733785629272461,14.851655960083008,19301,0.20588062703609467,0.0,0.0
TDS,1991-01-28 19:00:00-05:00,0.0,14.910591125488281,14.851655960083008,14.851655960083008,38390,0.20588062703609467,0.0,0.0
TDS,1991-01-29 19:00:00-05:00,0.0,14.910591125488281,14.792720794677734,14.910591125488281,27785,0.20669759809970856,0.0,0.0
TDS,1991-01-30 19:00:00-05:00,0.0,15.028461456298828,14.851655960083008,14.851655960083008,75083,0.20588062703609467,0.0,0.0
TDS,1991-01-31 19:00:00-05:00,0.0,14.910591125488281,14.674851417541504,14.792720794677734,153559,0.20506352186203003,0.0,0.0
TDS,1991-02-03 19:00:00-05:00,0.0,14.910591125488281,14.674851417541504,14.674851417541504,55994,0.203429713845253,0.0,0.0
TDS,1991-02-04 19:00:00-05:00,0.0,15.323137283325195,14.733785629272461,15.323137283325195,135742,0.21241648495197296,0.0,0.0
TDS,1991-02-05 19:00:00-05:00,0.0,15.85355281829834,15.264202117919922,15.85355281829834,130228,0.2197694182395935,0.0,0.0
TDS,1991-02-06 19:00:00-05:00,0.0,16.383970260620117,15.91248893737793,16.030359268188477,95656,0.22222036123275757,0.0,0.0
TDS,1991-02-07 19:00:00-05:00,0.0,16.08929443359375,15.91248893737793,15.971424102783203,24179,0.2214033007621765,0.0,0.0
TDS,1991-02-10 19:00:00-05:00,0.0,16.148229598999023,15.85355281829834,15.91248893737793,48146,0.22058643400669098,0.0,0.0
TDS,1991-02-11 19:00:00-05:00,0.0,16.030359268188477,15.676748275756836,15.91248893737793,58327,0.22058643400669098,0.0,0.0
TDS,1991-02-12 19:00:00-05:00,0.0,16.08929443359375,15.794617652893066,15.85355281829834,35208,0.2197694182395935,0.0,0.0
TDS,1991-02-13 19:00:00-05:00,0.0,15.85355281829834,15.441006660461426,15.617813110351562,72325,0.21650153398513794,0.0,0.0
TDS,1991-02-14 19:00:00-05:00,0.0,15.558877944946289,15.441006660461426,15.558877944946289,3394,0.21568448841571808,0.0,0.0
TDS,1991-02-18 19:00:00-05:00,0.0,16.030359268188477,15.676748275756836,16.030359268188477,29482,0.22222036123275757,0.0,0.0
TDS,1991-02-19 19:00:00-05:00,0.0,15.971424102783203,15.558877944946289,15.794617652893066,31815,0.21895238757133484,0.0,0.0
TDS,1991-02-20 19:00:00-05:00,0.0,15.794617652893066,15.617813110351562,15.73568344116211,45601,0.21813538670539856,0.0,0.0
TDS,1991-02-21 19:00:00-05:00,0.0,15.794617652893066,15.441006660461426,15.441006660461426,104564,0.2140505015850067,0.0,0.0
TDS,1991-02-24 19:00:00-05:00,0.0,15.73568344116211,15.323137283325195,15.617813110351562,152922,0.21650153398513794,0.0,0.0
TDS,1991-02-25 19:00:00-05:00,0.0,15.558877944946289,15.323137283325195,15.558877944946289,21422,0.21568448841571808,0.0,0.0
TDS,1991-02-26 19:00:00-05:00,0.0,15.676748275756836,15.499942779541016,15.676748275756836,177101,0.2173183709383011,0.0,0.0
TDS,1991-02-27 19:00:00-05:00,0.0,15.85355281829834,15.558877944946289,15.85355281829834,64902,0.2197694182395935,0.0,0.0
TDS,1991-02-28 19:00:00-05:00,0.0,15.91248893737793,15.382072448730469,15.73568344116211,120047,0.21813538670539856,0.0,0.0
TDS,1991-03-03 19:00:00-05:00,0.0,16.030359268188477,15.794617652893066,16.030359268188477,90141,0.22222036123275757,0.0,0.0
TDS,1991-03-04 19:00:00-05:00,0.0,16.501840591430664,15.971424102783203,16.44290542602539,218673,0.22793929278850555,0.0,0.0
TDS,1991-03-05 19:00:00-05:00,0.0,16.560775756835938,16.207164764404297,16.32503318786621,110715,0.2263052761554718,0.0,0.0
TDS,1991-03-06 19:00:00-05:00,0.0,16.501840591430664,15.971424102783203,16.501840591430664,32663,0.22875620424747467,0.0,0.0
TDS,1991-03-07 19:00:00-05:00,0.0,16.61971092224121,16.383970260620117,16.44290542602539,42207,0.22793929278850555,0.0,0.0
TDS,1991-03-10 19:00:00-05:00,0.0,16.44290542602539,16.26609992980957,16.383970260620117,32239,0.22761183977127075,0.035361,0.0
TDS,1991-03-11 19:00:00-05:00,0.0,16.26609992980957,16.08929443359375,16.08929443359375,18877,0.2235180139541626,0.0,0.0
TDS,1991-03-12 19:00:00-05:00,0.0,16.207164764404297,15.73568344116211,15.91248893737793,61084,0.2210618257522583,0.0,0.0
TDS,1991-03-13 19:00:00-05:00,0.0,15.91248893737793,15.794617652893066,15.794617652893066,30754,0.2194242626428604,0.0,0.0
TDS,1991-03-14 19:00:00-05:00,0.0,15.85355281829834,15.676748275756836,15.73568344116211,19301,0.21860551834106445,0.0,0.0
TDS,1991-03-17 19:00:00-05:00,0.0,15.794617652893066,15.617813110351562,15.617813110351562,46237,0.2169681340456009,0.0,0.0
TDS,1991-03-18 19:00:00-05:00,0.0,15.558877944946289,15.323137283325195,15.382072448730469,56418,0.21369311213493347,0.0,0.0
TDS,1991-03-19 19:00:00-05:00,0.0,15.676748275756836,15.441006660461426,15.441006660461426,24603,0.21451181173324585,0.0,0.0
TDS,1991-03-20 19:00:00-05:00,0.0,15.441006660461426,15.087396621704102,15.441006660461426,43692,0.21451181173324585,0.0,0.0
TDS,1991-03-21 19:00:00-05:00,0.0,15.91248893737793,15.558877944946289,15.73568344116211,71901,0.21860551834106445,0.0,0.0
TDS,1991-03-24 19:00:00-05:00,0.0,15.73568344116211,15.499942779541016,15.73568344116211,32027,0.21860551834106445,0.0,0.0
TDS,1991-03-25 19:00:00-05:00,0.0,16.148229598999023,15.617813110351562,16.148229598999023,36693,0.22433677315711975,0.0,0.0
TDS,1991-03-26 19:00:00-05:00,0.0,16.501840591430664,16.148229598999023,16.501840591430664,118350,0.22924920916557312,0.0,0.0
TDS,1991-03-27 19:00:00-05:00,0.0,16.501840591430664,16.207164764404297,16.501840591430664,58539,0.22924920916557312,0.0,0.0
TDS,1991-03-31 19:00:00-05:00,0.0,16.501840591430664,16.32503318786621,16.501840591430664,44540,0.22924920916557312,0.0,0.0
TDS,1991-04-01 19:00:00-05:00,0.0,16.501840591430664,16.26609992980957,16.383970260620117,63205,0.22761183977127075,0.0,0.0
TDS,1991-04-02 19:00:00-05:00,0.0,17.15012550354004,16.501840591430664,17.15012550354004,196614,0.2382555454969406,0.0,0.0
TDS,1991-04-03 19:00:00-05:00,0.0,17.680543899536133,17.032255172729492,17.562671661376953,77840,0.24398674070835114,0.0,0.0
TDS,1991-04-04 19:00:00-05:00,0.0,17.916282653808594,17.50373649597168,17.680543899536133,244761,0.24562431871891022,0.0,0.0
TDS,1991-04-07 20:00:00-04:00,0.0,18.034154891967773,17.562671661376953,17.916282653808594,122168,0.24889899790287018,0.0,0.0
TDS,1991-04-08 20:00:00-04:00,0.0,18.152023315429688,17.916282653808594,18.093088150024414,111988,0.25135537981987,0.0,0.0
TDS,1991-04-09 20:00:00-04:00,0.0,18.505634307861328,18.034154891967773,18.328828811645508,196402,0.254630446434021,0.0,0.0
TDS,1991-04-10 20:00:00-04:00,0.0,18.741374969482422,18.38776397705078,18.5645694732666,313480,0.2579054534435272,0.0,0.0
TDS,1991-04-11 20:00:00-04:00,0.0,18.68243980407715,18.269893646240234,18.68243980407715,33724,0.25954297184944153,0.0,0.0
TDS,1991-04-14 20:00:00-04:00,0.0,18.741374969482422,18.623504638671875,18.623504638671875,75719,0.25872424244880676,0.0,0.0
TDS,1991-04-15 20:00:00-04:00,0.0,18.68243980407715,18.505634307861328,18.623504638671875,30118,0.25872424244880676,0.0,0.0
TDS,1991-04-16 20:00:00-04:00,0.0,19.03605079650879,18.68243980407715,18.85924530029297,160134,0.26199910044670105,0.0,0.0
TDS,1991-04-17 20:00:00-04:00,0.0,18.977115631103516,18.741374969482422,18.741374969482422,121532,0.26036185026168823,0.0,0.0
TDS,1991-04-18 20:00:00-04:00,0.0,18.68243980407715,18.505634307861328,18.505634307861328,33511,0.2570866346359253,0.0,0.0
TDS,1991-04-21 20:00:00-04:00,0.0,18.623504638671875,17.798412322998047,17.916282653808594,181343,0.24889899790287018,0.0,0.0
TDS,1991-04-22 20:00:00-04:00,0.0,18.152023315429688,17.562671661376953,17.916282653808594,33936,0.24889899790287018,0.0,0.0
TDS,1991-04-23 20:00:00-04:00,0.0,17.798412322998047,17.444801330566406,17.680543899536133,87384,0.24562431871891022,0.0,0.0
TDS,1991-04-24 20:00:00-04:00,0.0,17.798412322998047,17.444801330566406,17.444801330566406,224399,0.2423492968082428,0.0,0.0
TDS,1991-04-25 20:00:00-04:00,0.0,17.50373649597168,17.326932907104492,17.444801330566406,98625,0.2423492968082428,0.0,0.0
TDS,1991-04-28 20:00:00-04:00,0.0,17.385866165161133,17.091190338134766,17.15012550354004,39450,0.2382555454969406,0.0,0.0
TDS,1991-04-29 20:00:00-04:00,0.0,17.209062576293945,16.501840591430664,16.855451583862305,40299,0.23416174948215485,0.0,0.0
TDS,1991-04-30 20:00:00-04:00,0.0,16.79651641845703,16.501840591430664,16.737579345703125,169678,0.23252429068088531,0.0,0.0
TDS,1991-05-01 20:00:00-04:00,0.0,17.032255172729492,16.737579345703125,16.914386749267578,82082,0.23498055338859558,0.0,0.0
TDS,1991-05-02 20:00:00-04:00,0.0,17.15012550354004,16.79651641845703,17.032255172729492,146347,0.23661799728870392,0.0,0.0
TDS,1991-05-05 20:00:00-04:00,0.0,17.444801330566406,17.091190338134766,17.326932907104492,168405,0.24071180820465088,0.0,0.0
TDS,1991-05-06 20:00:00-04:00,0.0,17.680543899536133,17.326932907104492,17.385866165161133,122592,0.24153047800064087,0.0,0.0
TDS,1991-05-07 20:00:00-04:00,0.0,17.209062576293945,17.091190338134766,17.091190338134766,28421,0.23743680119514465,0.0,0.0
TDS,1991-05-08 20:00:00-04:00,0.0,17.326932907104492,17.15012550354004,17.209062576293945,40299,0.239074245095253,0.0,0.0
TDS,1991-05-09 20:00:00-04:00,0.0,17.15012550354004,16.737579345703125,16.737579345703125,18452,0.23252429068088531,0.0,0.0
TDS,1991-05-12 20:00:00-04:00,0.0,16.737579345703125,16.030359268188477,16.32503318786621,67235,0.22679297626018524,0.0,0.0
TDS,1991-05-13 20:00:00-04:00,0.0,16.383970260620117,16.207164764404297,16.26609992980957,19513,0.22597436606884003,0.0,0.0
TDS,1991-05-14 20:00:00-04:00,0.0,16.148229598999023,15.85355281829834,15.85355281829834,22482,0.22024305164813995,0.0,0.0
TDS,1991-05-15 20:00:00-04:00,0.0,16.08929443359375,15.91248893737793,15.971424102783203,11029,0.2218804657459259,0.0,0.0
TDS,1991-05-16 20:00:00-04:00,0.0,15.971424102783203,15.794617652893066,15.91248893737793,34996,0.2210618257522583,0.0,0.0
TDS,1991-05-19 20:00:00-04:00,0.0,16.030359268188477,15.85355281829834,16.030359268188477,12726,0.22269928455352783,0.0,0.0
TDS,1991-05-20 20:00:00-04:00,0.0,16.08929443359375,15.794617652893066,15.91248893737793,68932,0.2210618257522583,0.0,0.0
TDS,1991-05-21 20:00:00-04:00,0.0,15.971424102783203,15.617813110351562,15.617813110351562,14211,0.2169681340456009,0.0,0.0
TDS,1991-05-22 20:00:00-04:00,0.0,15.558877944946289,15.087396621704102,15.264202117919922,655381,0.21205563843250275,0.0,0.0
TDS,1991-05-23 20:00:00-04:00,0.0,15.382072448730469,15.087396621704102,15.264202117919922,57266,0.21205563843250275,0.0,0.0
TDS,1991-05-27 20:00:00-04:00,0.0,15.558877944946289,15.205266952514648,15.558877944946289,76567,0.21614933013916016,0.0,0.0
TDS,1991-05-28 20:00:00-04:00,0.0,15.85355281829834,15.676748275756836,15.85355281829834,100322,0.22024305164813995,0.0,0.0
TDS,1991-05-29 20:00:00-04:00,0.0,16.501840591430664,15.971424102783203,16.501840591430664,159922,0.22924920916557312,0.0,0.0
TDS,1991-05-30 20:00:00-04:00,0.0,16.79651641845703,16.030359268188477,16.501840591430664,75507,0.22924920916557312,0.0,0.0
TDS,1991-06-02 20:00:00-04:00,0.0,16.737579345703125,16.26609992980957,16.32503318786621,42207,0.22679297626018524,0.0,0.0
TDS,1991-06-03 20:00:00-04:00,0.0,16.32503318786621,15.499942779541016,15.85355281829834,82718,0.22024305164813995,0.0,0.0
TDS,1991-06-04 20:00:00-04:00,0.0,15.85355281829834,15.676748275756836,15.73568344116211,47510,0.21860551834106445,0.0,0.0
TDS,1991-06-05 20:00:00-04:00,0.0,15.971424102783203,15.73568344116211,15.794617652893066,31603,0.2194242626428604,0.0,0.0
TDS,1991-06-06 20:00:00-04:00,0.0,15.794617652893066,15.558877944946289,15.558877944946289,19725,0.21614933013916016,0.0,0.0
TDS,1991-06-09 20:00:00-04:00,0.0,15.441006660461426,14.969526290893555,14.969526290893555,58115,0.20843558013439178,0.035361,0.0
TDS,1991-06-10 20:00:00-04:00,0.0,15.205266952514648,14.969526290893555,15.028461456298828,502671,0.209256112575531,0.0,0.0
TDS,1991-06-11 20:00:00-04:00,0.0,15.087396621704102,14.851655960083008,14.910591125488281,112200,0.207614928483963,0.0,0.0
TDS,1991-06-12 20:00:00-04:00,0.0,14.969526290893555,14.674851417541504,14.851655960083008,85900,0.20679432153701782,0.0,0.0
TDS,1991-06-13 20:00:00-04:00,0.0,15.028461456298828,14.733785629272461,14.969526290893555,761218,0.20843558013439178,0.0,0.0
TDS,1991-06-16 20:00:00-04:00,0.0,15.028461456298828,14.792720794677734,14.969526290893555,345507,0.20843558013439178,0.0,0.0
TDS,1991-06-17 20:00:00-04:00,0.0,15.205266952514648,14.910591125488281,15.087396621704102,51116,0.2100767195224762,0.0,0.0
TDS,1991-06-18 20:00:00-04:00,0.0,15.028461456298828,14.851655960083008,14.851655960083008,69356,0.20679432153701782,0.0,0.0
TDS,1991-06-19 20:00:00-04:00,0.0,14.733785629272461,14.498044967651367,14.615915298461914,136167,0.20351189374923706,0.0,0.0
TDS,1991-06-20 20:00:00-04:00,0.0,14.615915298461914,14.38017463684082,14.55698013305664,148044,0.2026912122964859,0.0,0.0
TDS,1991-06-23 20:00:00-04:00,0.0,14.674851417541504,14.498044967651367,14.615915298461914,113048,0.20351189374923706,0.0,0.0
TDS,1991-06-24 20:00:00-04:00,0.0,14.55698013305664,14.38017463684082,14.439109802246094,92899,0.20105010271072388,0.0,0.0
TDS,1991-06-25 20:00:00-04:00,0.0,14.55698013305664,13.90869426727295,14.02656364440918,686348,0.19530579447746277,0.0,0.0
TDS,1991-06-26 20:00:00-04:00,0.0,14.144433975219727,13.90869426727295,13.967629432678223,297785,0.19448518753051758,0.0,0.0
TDS,1991-06-27 20:00:00-04:00,0.0,14.144433975219727,13.967629432678223,14.085498809814453,137015,0.1961262822151184,0.0,0.0
TDS,1991-06-30 20:00:00-04:00,0.0,14.144433975219727,13.967629432678223,14.02656364440918,214643,0.19530579447746277,0.0,0.0
TDS,1991-07-01 20:00:00-04:00,0.0,14.321240425109863,13.90869426727295,14.26230525970459,68083,0.19858816266059875,0.0,0.0
TDS,1991-07-02 20:00:00-04:00,0.0,14.144433975219727,14.02656364440918,14.02656364440918,42420,0.19530579447746277,0.0,0.0
TDS,1991-07-04 20:00:00-04:00,0.0,13.967629432678223,13.90869426727295,13.967629432678223,2121,0.19448518753051758,0.0,0.0
TDS,1991-07-07 20:00:00-04:00,0.0,14.085498809814453,13.790822982788086,14.085498809814453,25876,0.1961262822151184,0.0,0.0
TDS,1991-07-08 20:00:00-04:00,0.0,14.38017463684082,13.967629432678223,14.26230525970459,184949,0.19858816266059875,0.0,0.0
TDS,1991-07-09 20:00:00-04:00,0.0,14.498044967651367,14.321240425109863,14.321240425109863,86536,0.19940884411334991,0.0,0.0
TDS,1991-07-10 20:00:00-04:00,0.0,14.55698013305664,14.321240425109863,14.498044967651367,332781,0.20187067985534668,0.0,0.0
TDS,1991-07-11 20:00:00-04:00,0.0,15.087396621704102,14.615915298461914,14.969526290893555,138076,0.20843558013439178,0.0,0.0
TDS,1991-07-14 20:00:00-04:00,0.0,14.969526290893555,14.851655960083008,14.910591125488281,88445,0.207614928483963,0.0,0.0
TDS,1991-07-15 20:00:00-04:00,0.0,15.146331787109375,14.969526290893555,15.146331787109375,62357,0.21089741587638855,0.0,0.0
TDS,1991-07-16 20:00:00-04:00,0.0,15.146331787109375,14.969526290893555,14.969526290893555,142105,0.20843558013439178,0.0,0.0
TDS,1991-07-17 20:00:00-04:00,0.0,15.382072448730469,15.087396621704102,15.323137283325195,57903,0.21335916221141815,0.0,0.0
TDS,1991-07-18 20:00:00-04:00,0.0,16.030359268188477,15.323137283325195,15.971424102783203,96716,0.22238607704639435,0.0,0.0
TDS,1991-07-21 20:00:00-04:00,0.0,15.971424102783203,15.794617652893066,15.91248893737793,114533,0.2215653657913208,0.0,0.0
TDS,1991-07-22 20:00:00-04:00,0.0,15.91248893737793,15.73568344116211,15.794617652893066,65114,0.21992403268814087,0.0,0.0
TDS,1991-07-23 20:00:00-04:00,0.0,15.85355281829834,15.558877944946289,15.558877944946289,118563,0.21664170920848846,0.0,0.0
TDS,1991-07-24 20:00:00-04:00,0.0,15.558877944946289,15.323137283325195,15.323137283325195,63417,0.21335916221141815,0.0,0.0
TDS,1991-07-25 20:00:00-04:00,0.0,15.558877944946289,15.323137283325195,15.441006660461426,25452,0.2150004655122757,0.0,0.0
TDS,1991-07-28 20:00:00-04:00,0.0,15.676748275756836,15.382072448730469,15.558877944946289,124289,0.21664170920848846,0.0,0.0
TDS,1991-07-29 20:00:00-04:00,0.0,15.794617652893066,15.558877944946289,15.676748275756836,170739,0.21828292310237885,0.0,0.0
TDS,1991-07-30 20:00:00-04:00,0.0,15.794617652893066,15.617813110351562,15.676748275756836,55357,0.21828292310237885,0.0,0.0
TDS,1991-07-31 20:00:00-04:00,0.0,15.794617652893066,15.617813110351562,15.794617652893066,737039,0.21992403268814087,0.0,0.0
TDS,1991-08-01 20:00:00-04:00,0.0,16.207164764404297,15.91248893737793,15.91248893737793,104776,0.2215653657913208,0.0,0.0
TDS,1991-08-04 20:00:00-04:00,0.0,15.794617652893066,15.676748275756836,15.676748275756836,25240,0.21828292310237885,0.0,0.0
TDS,1991-08-05 20:00:00-04:00,0.0,15.676748275756836,15.499942779541016,15.499942779541016,48782,0.2158210426568985,0.0,0.0
TDS,1991-08-06 20:00:00-04:00,0.0,15.73568344116211,15.499942779541016,15.73568344116211,83991,0.21910353004932404,0.0,0.0
TDS,1991-08-07 20:00:00-04:00,0.0,15.971424102783203,15.617813110351562,15.85355281829834,55782,0.2207448035478592,0.0,0.0
TDS,1991-08-08 20:00:00-04:00,0.0,16.148229598999023,15.91248893737793,16.030359268188477,60024,0.22320649027824402,0.0,0.0
TDS,1991-08-11 20:00:00-04:00,0.0,16.030359268188477,15.794617652893066,15.91248893737793,23543,0.2215653657913208,0.0,0.0
TDS,1991-08-12 20:00:00-04:00,0.0,15.971424102783203,15.73568344116211,15.794617652893066,51116,0.21992403268814087,0.0,0.0
TDS,1991-08-13 20:00:00-04:00,0.0,15.91248893737793,15.73568344116211,15.794617652893066,29906,0.21992403268814087,0.0,0.0
TDS,1991-08-14 20:00:00-04:00,0.0,15.794617652893066,15.558877944946289,15.617813110351562,79324,0.21746233105659485,0.0,0.0
TDS,1991-08-15 20:00:00-04:00,0.0,15.676748275756836,15.441006660461426,15.558877944946289,173284,0.21664170920848846,0.0,0.0
TDS,1991-08-18 20:00:00-04:00,0.0,15.264202117919922,14.851655960083008,15.028461456298828,67871,0.209256112575531,0.0,0.0
TDS,1991-08-19 20:00:00-04:00,0.0,15.499942779541016,15.087396621704102,15.499942779541016,21210,0.2158210426568985,0.0,0.0
TDS,1991-08-20 20:00:00-04:00,0.0,16.148229598999023,15.617813110351562,16.08929443359375,74234,0.22402718663215637,0.0,0.0
TDS,1991-08-21 20:00:00-04:00,0.0,16.26609992980957,16.030359268188477,16.148229598999023,31815,0.22484780848026276,0.0,0.0
TDS,1991-08-22 20:00:00-04:00,0.0,16.501840591430664,16.207164764404297,16.501840591430664,101595,0.2297714352607727,0.0,0.0
TDS,1991-08-25 20:00:00-04:00,0.0,16.737579345703125,16.501840591430664,16.560775756835938,53449,0.23059198260307312,0.0,0.0
TDS,1991-08-26 20:00:00-04:00,0.0,16.383970260620117,16.08929443359375,16.32503318786621,92475,0.22730965912342072,0.0,0.0
TDS,1991-08-27 20:00:00-04:00,0.0,16.32503318786621,16.08929443359375,16.32503318786621,110927,0.22730965912342072,0.0,0.0
TDS,1991-08-28 20:00:00-04:00,0.0,16.383970260620117,16.26609992980957,16.32503318786621,85475,0.22730965912342072,0.0,0.0
TDS,1991-08-29 20:00:00-04:00,0.0,16.61971092224121,16.26609992980957,16.61971092224121,248790,0.2314128279685974,0.0,0.0
TDS,1991-09-02 20:00:00-04:00,0.0,16.67864418029785,16.501840591430664,16.61971092224121,35844,0.2314128279685974,0.0,0.0
TDS,1991-09-03 20:00:00-04:00,0.0,16.61971092224121,16.501840591430664,16.61971092224121,36905,0.2314128279685974,0.0,0.0
TDS,1991-09-04 20:00:00-04:00,0.0,16.560775756835938,16.44290542602539,16.501840591430664,47722,0.2297714352607727,0.0,0.0
TDS,1991-09-05 20:00:00-04:00,0.0,16.501840591430664,16.26609992980957,16.44290542602539,23967,0.22895090281963348,0.0,0.0
TDS,1991-09-08 20:00:00-04:00,0.0,16.44290542602539,16.148229598999023,16.148229598999023,36905,0.2253323793411255,0.035361,0.0
TDS,1991-09-09 20:00:00-04:00,0.0,16.030359268188477,15.499942779541016,15.617813110351562,82930,0.21793100237846375,0.0,0.0
TDS,1991-09-10 20:00:00-04:00,0.0,15.794617652893066,15.087396621704102,15.205266952514648,56842,0.21217434108257294,0.0,0.0
TDS,1991-09-11 20:00:00-04:00,0.0,15.499942779541016,15.264202117919922,15.323137283325195,150377,0.2138190120458603,0.0,0.0
TDS,1991-09-12 20:00:00-04:00,0.0,15.441006660461426,15.146331787109375,15.146331787109375,21634,0.2113519310951233,0.0,0.0
TDS,1991-09-15 20:00:00-04:00,0.0,15.264202117919922,14.910591125488281,15.087396621704102,125986,0.21052955090999603,0.0,0.0
TDS,1991-09-16 20:00:00-04:00,0.0,14.969526290893555,14.733785629272461,14.733785629272461,195342,0.20559528470039368,0.0,0.0
TDS,1991-09-17 20:00:00-04:00,14.733785629272461,14.733785629272461,14.55698013305664,14.615915298461914,144438,0.20395047962665558,0.0,0.0
TDS,1991-09-18 20:00:00-04:00,14.733785629272461,14.733785629272461,14.498044967651367,14.615915298461914,110503,0.20395047962665558,0.0,0.0
TDS,1991-09-19 20:00:00-04:00,14.733785629272461,14.733785629272461,14.26230525970459,14.26230525970459,222915,0.19901610910892487,0.0,0.0
TDS,1991-09-22 20:00:00-04:00,14.38017463684082,14.498044967651367,14.26230525970459,14.38017463684082,119835,0.20066094398498535,0.0,0.0
TDS,1991-09-23 20:00:00-04:00,14.969526290893555,15.441006660461426,14.969526290893555,15.264202117919922,357596,0.21299664676189423,0.0,0.0
TDS,1991-09-24 20:00:00-04:00,15.264202117919922,15.794617652893066,15.264202117919922,15.676748275756836,427589,0.21875335276126862,0.0,0.0
TDS,1991-09-25 20:00:00-04:00,15.617813110351562,15.794617652893066,15.382072448730469,15.676748275756836,99050,0.21875335276126862,0.0,0.0
TDS,1991-09-26 20:00:00-04:00,15.558877944946289,15.73568344116211,15.558877944946289,15.676748275756836,35632,0.21875335276126862,0.0,0.0
TDS,1991-09-29 20:00:00-04:00,15.499942779541016,15.676748275756836,15.441006660461426,15.676748275756836,72537,0.21875335276126862,0.0,0.0
TDS,1991-09-30 20:00:00-04:00,15.499942779541016,15.617813110351562,15.323137283325195,15.617813110351562,47934,0.21793100237846375,0.0,0.0
TDS,1991-10-01 20:00:00-04:00,15.558877944946289,15.676748275756836,15.087396621704102,15.441006660461426,870024,0.21546384692192078,0.0,0.0
TDS,1991-10-02 20:00:00-04:00,15.382072448730469,15.441006660461426,15.264202117919922,15.382072448730469,92687,0.21464145183563232,0.0,0.0
TDS,1991-10-03 20:00:00-04:00,15.323137283325195,15.323137283325195,15.205266952514648,15.264202117919922,132349,0.21299664676189423,0.0,0.0
TDS,1991-10-06 20:00:00-04:00,15.264202117919922,15.264202117919922,15.028461456298828,15.087396621704102,137015,0.21052955090999603,0.0,0.0
TDS,1991-10-07 20:00:00-04:00,15.087396621704102,15.264202117919922,15.087396621704102,15.146331787109375,50479,0.2113519310951233,0.0,0.0
TDS,1991-10-08 20:00:00-04:00,15.146331787109375,15.323137283325195,15.087396621704102,15.087396621704102,62357,0.21052955090999603,0.0,0.0
TDS,1991-10-09 20:00:00-04:00,15.087396621704102,15.205266952514648,14.969526290893555,15.087396621704102,71053,0.21052955090999603,0.0,0.0
TDS,1991-10-10 20:00:00-04:00,15.146331787109375,15.146331787109375,14.910591125488281,14.969526290893555,135318,0.20888476073741913,0.0,0.0
TDS,1991-10-13 20:00:00-04:00,15.087396621704102,15.205266952514648,15.028461456298828,15.205266952514648,22482,0.21217434108257294,0.0,0.0
TDS,1991-10-14 20:00:00-04:00,15.205266952514648,15.85355281829834,15.205266952514648,15.794617652893066,221642,0.22039802372455597,0.0,0.0
TDS,1991-10-15 20:00:00-04:00,15.73568344116211,15.971424102783203,15.676748275756836,15.971424102783203,61932,0.22286543250083923,0.0,0.0
TDS,1991-10-16 20:00:00-04:00,16.030359268188477,16.08929443359375,15.85355281829834,16.030359268188477,60236,0.2236875742673874,0.0,0.0
TDS,1991-10-17 20:00:00-04:00,15.91248893737793,15.971424102783203,15.85355281829834,15.91248893737793,16119,0.22204279899597168,0.0,0.0
TDS,1991-10-20 20:00:00-04:00,15.971424102783203,15.971424102783203,15.794617652893066,15.794617652893066,28633,0.22039802372455597,0.0,0.0
TDS,1991-10-21 20:00:00-04:00,15.676748275756836,15.85355281829834,15.558877944946289,15.558877944946289,162255,0.21710866689682007,0.0,0.0
TDS,1991-10-22 20:00:00-04:00,15.499942779541016,15.558877944946289,15.323137283325195,15.441006660461426,155468,0.21546384692192078,0.0,0.0
TDS,1991-10-23 20:00:00-04:00,15.499942779541016,15.558877944946289,15.146331787109375,15.205266952514648,27573,0.21217434108257294,0.0,0.0
TDS,1991-10-24 20:00:00-04:00,15.264202117919922,15.264202117919922,14.969526290893555,14.969526290893555,12726,0.20888476073741913,0.0,0.0
TDS,1991-10-27 19:00:00-05:00,14.969526290893555,15.087396621704102,14.851655960083008,14.851655960083008,33299,0.207240030169487,0.0,0.0
TDS,1991-10-28 19:00:00-05:00,14.969526290893555,15.499942779541016,14.969526290893555,15.499942779541016,123017,0.21628618240356445,0.0,0.0
TDS,1991-10-29 19:00:00-05:00,15.558877944946289,15.617813110351562,15.382072448730469,15.617813110351562,53449,0.21793100237846375,0.0,0.0
TDS,1991-10-30 19:00:00-05:00,15.558877944946289,16.26609992980957,15.558877944946289,16.26609992980957,58539,0.22697708010673523,0.0,0.0
TDS,1991-10-31 19:00:00-05:00,16.26609992980957,16.26609992980957,16.030359268188477,16.030359268188477,18452,0.2236875742673874,0.0,0.0
TDS,1991-11-03 19:00:00-05:00,15.91248893737793,15.91248893737793,15.441006660461426,15.676748275756836,58327,0.21875335276126862,0.0,0.0
TDS,1991-11-04 19:00:00-05:00,15.73568344116211,16.08929443359375,15.73568344116211,16.08929443359375,72113,0.22450996935367584,0.0,0.0
TDS,1991-11-05 19:00:00-05:00,16.207164764404297,16.207164764404297,15.794617652893066,15.91248893737793,73598,0.22204279899597168,0.0,0.0
TDS,1991-11-06 19:00:00-05:00,15.794617652893066,15.971424102783203,15.676748275756836,15.971424102783203,72537,0.22286543250083923,0.0,0.0
TDS,1991-11-07 19:00:00-05:00,15.971424102783203,16.030359268188477,15.91248893737793,16.030359268188477,123017,0.2236875742673874,0.0,0.0
TDS,1991-11-10 19:00:00-05:00,15.91248893737793,15.971424102783203,15.73568344116211,15.971424102783203,19937,0.22286543250083923,0.0,0.0
TDS,1991-11-11 19:00:00-05:00,15.85355281829834,16.148229598999023,15.85355281829834,16.030359268188477,106685,0.2236875742673874,0.0,0.0
TDS,1991-11-12 19:00:00-05:00,16.030359268188477,16.148229598999023,15.794617652893066,16.08929443359375,85263,0.22450996935367584,0.0,0.0
TDS,1991-11-13 19:00:00-05:00,16.148229598999023,16.44290542602539,16.08929443359375,16.26609992980957,65538,0.22697708010673523,0.0,0.0
TDS,1991-11-14 19:00:00-05:00,16.207164764404297,16.32503318786621,15.73568344116211,16.030359268188477,46661,0.2236875742673874,0.0,0.0
TDS,1991-11-17 19:00:00-05:00,15.91248893737793,15.971424102783203,15.087396621704102,15.087396621704102,92262,0.21052955090999603,0.0,0.0
TDS,1991-11-18 19:00:00-05:00,15.323137283325195,15.382072448730469,15.087396621704102,15.382072448730469,69356,0.21464145183563232,0.0,0.0
TDS,1991-11-19 19:00:00-05:00,15.441006660461426,15.617813110351562,15.323137283325195,15.441006660461426,87172,0.21546384692192078,0.0,0.0
TDS,1991-11-20 19:00:00-05:00,15.323137283325195,15.499942779541016,15.205266952514648,15.323137283325195,51752,0.2138190120458603,0.0,0.0
TDS,1991-11-21 19:00:00-05:00,15.382072448730469,15.441006660461426,15.264202117919922,15.382072448730469,65750,0.21464145183563232,0.0,0.0
TDS,1991-11-24 19:00:00-05:00,15.205266952514648,15.205266952514648,14.851655960083008,15.028461456298828,81021,0.20970702171325684,0.0,0.0
TDS,1991-11-25 19:00:00-05:00,14.910591125488281,14.910591125488281,14.733785629272461,14.910591125488281,238186,0.20806236565113068,0.0,0.0
TDS,1991-11-26 19:00:00-05:00,14.969526290893555,15.323137283325195,14.969526290893555,15.028461456298828,78052,0.20970702171325684,0.0,0.0
TDS,1991-11-28 19:00:00-05:00,14.910591125488281,14.910591125488281,14.674851417541504,14.851655960083008,31390,0.207240030169487,0.0,0.0
TDS,1991-12-01 19:00:00-05:00,14.792720794677734,14.792720794677734,14.38017463684082,14.733785629272461,118775,0.20559528470039368,0.0,0.0
TDS,1991-12-02 19:00:00-05:00,14.733785629272461,14.733785629272461,14.615915298461914,14.733785629272461,43904,0.20559528470039368,0.0,0.0
TDS,1991-12-03 19:00:00-05:00,14.615915298461914,14.674851417541504,14.498044967651367,14.55698013305664,44753,0.20312806963920593,0.0,0.0
TDS,1991-12-04 19:00:00-05:00,14.674851417541504,14.792720794677734,14.615915298461914,14.733785629272461,60236,0.20559528470039368,0.0,0.0
TDS,1991-12-05 19:00:00-05:00,14.615915298461914,14.733785629272461,14.439109802246094,14.55698013305664,124501,0.20312806963920593,0.0,0.0
TDS,1991-12-08 19:00:00-05:00,14.615915298461914,14.615915298461914,14.26230525970459,14.321240425109863,301391,0.2003251612186432,0.035361,0.0
TDS,1991-12-09 19:00:00-05:00,14.203369140625,14.321240425109863,14.02656364440918,14.144433975219727,778610,0.1978519856929779,0.0,0.0
TDS,1991-12-10 19:00:00-05:00,14.144433975219727,14.615915298461914,14.085498809814453,14.26230525970459,386654,0.19950078427791595,0.0,0.0
TDS,1991-12-11 19:00:00-05:00,14.38017463684082,14.910591125488281,14.26230525970459,14.851655960083008,98413,0.20774464309215546,0.0,0.0
TDS,1991-12-12 19:00:00-05:00,14.910591125488281,15.205266952514648,14.910591125488281,15.028461456298828,72537,0.21021777391433716,0.0,0.0
TDS,1991-12-15 19:00:00-05:00,15.087396621704102,15.205266952514648,14.969526290893555,14.969526290893555,101807,0.20939338207244873,0.0,0.0
TDS,1991-12-16 19:00:00-05:00,15.087396621704102,15.73568344116211,15.087396621704102,15.558877944946289,116442,0.217637300491333,0.0,0.0
TDS,1991-12-17 19:00:00-05:00,15.558877944946289,15.794617652893066,15.441006660461426,15.794617652893066,114533,0.22093479335308075,0.0,0.0
TDS,1991-12-18 19:00:00-05:00,15.617813110351562,15.676748275756836,15.441006660461426,15.676748275756836,70841,0.2192859947681427,0.0,0.0
TDS,1991-12-19 19:00:00-05:00,15.617813110351562,15.85355281829834,15.558877944946289,15.617813110351562,66811,0.21846164762973785,0.0,0.0
TDS,1991-12-22 19:00:00-05:00,15.558877944946289,15.794617652893066,15.558877944946289,15.73568344116211,258547,0.2201104313135147,0.0,0.0
TDS,1991-12-23 19:00:00-05:00,15.73568344116211,16.08929443359375,15.73568344116211,15.971424102783203,71265,0.223408043384552,0.0,0.0
TDS,1991-12-25 19:00:00-05:00,15.794617652893066,16.030359268188477,15.558877944946289,15.91248893737793,290574,0.22258354723453522,0.0,0.0
TDS,1991-12-26 19:00:00-05:00,16.030359268188477,16.08929443359375,15.794617652893066,15.794617652893066,168830,0.22093479335308075,0.0,0.0
TDS,1991-12-29 19:00:00-05:00,15.794617652893066,16.148229598999023,15.617813110351562,16.148229598999023,312844,0.22588098049163818,0.0,0.0
TDS,1991-12-30 19:00:00-05:00,16.030359268188477,17.15012550354004,15.971424102783203,16.737579345703125,691226,0.23412492871284485,0.0,0.0
TDS,1992-01-01 19:00:00-05:00,16.855451583862305,16.855451583862305,16.383970260620117,16.560775756835938,121956,0.2316516637802124,0.0,0.0
TDS,1992-01-02 19:00:00-05:00,16.501840591430664,16.79651641845703,16.383970260620117,16.79651641845703,130652,0.23494936525821686,0.0,0.0
TDS,1992-01-05 19:00:00-05:00,16.737579345703125,16.914386749267578,16.737579345703125,16.855451583862305,107746,0.23577365279197693,0.0,0.0
TDS,1992-01-06 19:00:00-05:00,16.61971092224121,17.209062576293945,16.32503318786621,17.15012550354004,177738,0.23989558219909668,0.0,0.0
TDS,1992-01-07 19:00:00-05:00,16.914386749267578,17.15012550354004,16.855451583862305,17.15012550354004,137863,0.23989558219909668,0.0,0.0
TDS,1992-01-08 19:00:00-05:00,17.15012550354004,17.15012550354004,16.855451583862305,16.97332191467285,96716,0.2374223917722702,0.0,0.0
TDS,1992-01-09 19:00:00-05:00,16.97332191467285,17.091190338134766,16.855451583862305,17.032255172729492,55994,0.23824681341648102,0.0,0.0
TDS,1992-01-12 19:00:00-05:00,16.97332191467285,17.50373649597168,16.914386749267578,17.444801330566406,131500,0.24401746690273285,0.0,0.0
TDS,1992-01-13 19:00:00-05:00,17.26799774169922,18.152023315429688,17.209062576293945,18.152023315429688,477220,0.2539101839065552,0.0,0.0
TDS,1992-01-14 19:00:00-05:00,18.152023315429688,18.741374969482422,18.034154891967773,18.741374969482422,570542,0.2621539533138275,0.0,0.0
TDS,1992-01-15 19:00:00-05:00,18.623504638671875,18.623504638671875,18.269893646240234,18.38776397705078,542121,0.2572076916694641,0.0,0.0
TDS,1992-01-16 19:00:00-05:00,18.269893646240234,18.5645694732666,18.152023315429688,18.446699142456055,68932,0.2580321431159973,0.0,0.0
TDS,1992-01-19 19:00:00-05:00,18.328828811645508,18.446699142456055,17.975217819213867,18.269893646240234,99050,0.25555872917175293,0.0,0.0
TDS,1992-01-20 19:00:00-05:00,18.152023315429688,18.328828811645508,18.152023315429688,18.269893646240234,101807,0.25555872917175293,0.0,0.0
TDS,1992-01-21 19:00:00-05:00,18.152023315429688,18.269893646240234,18.152023315429688,18.269893646240234,75719,0.25555872917175293,0.0,0.0
TDS,1992-01-22 19:00:00-05:00,18.505634307861328,19.448596954345703,18.505634307861328,18.977115631103516,438194,0.26545146107673645,0.0,0.0
TDS,1992-01-23 19:00:00-05:00,18.977115631103516,18.977115631103516,18.505634307861328,18.623504638671875,344234,0.2605050206184387,0.0,0.0
TDS,1992-01-26 19:00:00-05:00,18.505634307861328,18.505634307861328,18.034154891967773,18.328828811645508,185373,0.2563832402229309,0.0,0.0
TDS,1992-01-27 19:00:00-05:00,18.328828811645508,18.328828811645508,17.916282653808594,18.152023315429688,513276,0.2539101839065552,0.0,0.0
TDS,1992-01-28 19:00:00-05:00,18.269893646240234,18.85924530029297,18.152023315429688,18.328828811645508,405531,0.2563832402229309,0.0,0.0
TDS,1992-01-29 19:00:00-05:00,18.21095848083496,18.85924530029297,18.21095848083496,18.741374969482422,70204,0.2621539533138275,0.0,0.0
TDS,1992-01-30 19:00:00-05:00,18.741374969482422,19.21285629272461,18.741374969482422,18.85924530029297,90566,0.2638028860092163,0.0,0.0
TDS,1992-02-02 19:00:00-05:00,18.800310134887695,19.094985961914062,18.68243980407715,18.68243980407715,117926,0.2613295614719391,0.0,0.0
TDS,1992-02-03 19:00:00-05:00,18.800310134887695,19.094985961914062,18.5645694732666,19.03605079650879,178162,0.26627591252326965,0.0,0.0
TDS,1992-02-04 19:00:00-05:00,19.094985961914062,19.094985961914062,18.741374969482422,19.03605079650879,80385,0.26627591252326965,0.0,0.0
TDS,1992-02-05 19:00:00-05:00,18.85924530029297,19.03605079650879,18.21095848083496,19.03605079650879,348052,0.26627591252326965,0.0,0.0
TDS,1992-02-06 19:00:00-05:00,19.03605079650879,19.03605079650879,18.741374969482422,18.85924530029297,113684,0.2638028860092163,0.0,0.0
TDS,1992-02-09 19:00:00-05:00,18.800310134887695,18.977115631103516,18.741374969482422,18.977115631103516,77628,0.26545146107673645,0.0,0.0
TDS,1992-02-10 19:00:00-05:00,18.977115631103516,18.977115631103516,18.623504638671875,18.741374969482422,54085,0.2621539533138275,0.0,0.0
TDS,1992-02-11 19:00:00-05:00,18.741374969482422,18.85924530029297,18.68243980407715,18.85924530029297,134682,0.2638028860092163,0.0,0.0
TDS,1992-02-12 19:00:00-05:00,18.85924530029297,18.977115631103516,18.800310134887695,18.800310134887695,147196,0.26297837495803833,0.0,0.0
TDS,1992-02-13 19:00:00-05:00,18.85924530029297,18.85924530029297,18.5645694732666,18.68243980407715,34996,0.2613295614719391,0.0,0.0
TDS,1992-02-17 19:00:00-05:00,18.68243980407715,18.977115631103516,18.68243980407715,18.918180465698242,46025,0.26462703943252563,0.0,0.0
TDS,1992-02-18 19:00:00-05:00,18.977115631103516,18.977115631103516,18.800310134887695,18.800310134887695,25240,0.26297837495803833,0.0,0.0
TDS,1992-02-19 19:00:00-05:00,18.85924530029297,18.977115631103516,18.741374969482422,18.85924530029297,48146,0.2638028860092163,0.0,0.0
TDS,1992-02-20 19:00:00-05:00,18.68243980407715,18.741374969482422,18.328828811645508,18.741374969482422,125986,0.2621539533138275,0.0,0.0
TDS,1992-02-23 19:00:00-05:00,18.5645694732666,18.623504638671875,18.093088150024414,18.623504638671875,106261,0.2605050206184387,0.0,0.0
TDS,1992-02-24 19:00:00-05:00,18.505634307861328,18.505634307861328,18.093088150024414,18.269893646240234,95656,0.25555872917175293,0.0,0.0
TDS,1992-02-25 19:00:00-05:00,18.328828811645508,18.328828811645508,18.034154891967773,18.093088150024414,59812,0.25308576226234436,0.0,0.0
TDS,1992-02-26 19:00:00-05:00,18.034154891967773,18.269893646240234,17.975217819213867,18.152023315429688,88657,0.2539101839065552,0.0,0.0
TDS,1992-02-27 19:00:00-05:00,18.152023315429688,18.21095848083496,17.916282653808594,18.152023315429688,36905,0.2539101839065552,0.0,0.0
TDS,1992-03-01 19:00:00-05:00,18.034154891967773,18.093088150024414,17.562671661376953,17.739477157592773,439466,0.24813929200172424,0.0,0.0
TDS,1992-03-02 19:00:00-05:00,17.62160873413086,17.798412322998047,17.562671661376953,17.798412322998047,40723,0.248963862657547,0.0,0.0
TDS,1992-03-03 19:00:00-05:00,17.798412322998047,17.975217819213867,17.62160873413086,17.975217819213867,61296,0.2514369785785675,0.0,0.0
TDS,1992-03-04 19:00:00-05:00,17.85734748840332,17.916282653808594,17.739477157592773,17.739477157592773,28421,0.24813929200172424,0.0,0.0
TDS,1992-03-05 19:00:00-05:00,17.680543899536133,17.798412322998047,17.385866165161133,17.444801330566406,55782,0.24401746690273285,0.0,0.0
TDS,1992-03-08 19:00:00-05:00,17.326932907104492,17.326932907104492,16.737579345703125,16.97332191467285,74446,0.237936869263649,0.037718,0.0
TDS,1992-03-09 19:00:00-05:00,16.97332191467285,16.97332191467285,16.855451583862305,16.97332191467285,134682,0.237936869263649,0.0,0.0
TDS,1992-03-10 19:00:00-05:00,17.091190338134766,17.091190338134766,16.501840591430664,16.61971092224121,48995,0.2329798936843872,0.0,0.0
TDS,1992-03-11 19:00:00-05:00,16.501840591430664,16.61971092224121,16.32503318786621,16.501840591430664,135955,0.2313275933265686,0.0,0.0
TDS,1992-03-12 19:00:00-05:00,16.560775756835938,16.914386749267578,16.560775756835938,16.914386749267578,17180,0.23711082339286804,0.0,0.0
TDS,1992-03-15 19:00:00-05:00,17.032255172729492,17.326932907104492,17.032255172729492,17.209062576293945,41571,0.24124158918857574,0.0,0.0
TDS,1992-03-16 19:00:00-05:00,17.15012550354004,17.562671661376953,17.15012550354004,17.444801330566406,71477,0.24454623460769653,0.0,0.0
TDS,1992-03-17 19:00:00-05:00,17.444801330566406,17.444801330566406,17.091190338134766,17.26799774169922,79961,0.24206770956516266,0.0,0.0
TDS,1992-03-18 19:00:00-05:00,17.26799774169922,17.444801330566406,17.15012550354004,17.15012550354004,106049,0.24041539430618286,0.0,0.0
TDS,1992-03-19 19:00:00-05:00,17.15012550354004,17.209062576293945,16.97332191467285,16.97332191467285,53449,0.237936869263649,0.0,0.0
TDS,1992-03-22 19:00:00-05:00,16.855451583862305,17.032255172729492,16.855451583862305,17.032255172729492,21846,0.23876306414604187,0.0,0.0
TDS,1992-03-23 19:00:00-05:00,16.97332191467285,16.97332191467285,16.79651641845703,16.855451583862305,69356,0.236284539103508,0.0,0.0
TDS,1992-03-24 19:00:00-05:00,16.737579345703125,16.855451583862305,16.560775756835938,16.737579345703125,95232,0.2346322387456894,0.0,0.0
TDS,1992-03-25 19:00:00-05:00,16.67864418029785,16.855451583862305,16.61971092224121,16.737579345703125,134894,0.2346322387456894,0.0,0.0
TDS,1992-03-26 19:00:00-05:00,16.501840591430664,16.61971092224121,16.501840591430664,16.501840591430664,1716930,0.2313275933265686,0.0,0.0
TDS,1992-03-29 19:00:00-05:00,16.501840591430664,16.501840591430664,15.85355281829834,15.91248893737793,372019,0.22306585311889648,0.0,0.0
TDS,1992-03-30 19:00:00-05:00,15.91248893737793,16.08929443359375,15.73568344116211,15.91248893737793,263849,0.22306585311889648,0.0,0.0
TDS,1992-03-31 19:00:00-05:00,15.794617652893066,16.148229598999023,15.558877944946289,15.794617652893066,210189,0.2214134931564331,0.0,0.0
TDS,1992-04-01 19:00:00-05:00,15.85355281829834,16.383970260620117,15.85355281829834,16.030359268188477,213794,0.22471819818019867,0.0,0.0
TDS,1992-04-02 19:00:00-05:00,16.030359268188477,16.030359268188477,15.85355281829834,15.85355281829834,138924,0.2222396731376648,0.0,0.0
TDS,1992-04-05 20:00:00-04:00,15.971424102783203,16.08929443359375,15.91248893737793,15.971424102783203,179647,0.22389213740825653,0.0,0.0
TDS,1992-04-06 20:00:00-04:00,16.08929443359375,16.148229598999023,15.794617652893066,15.85355281829834,163315,0.2222396731376648,0.0,0.0
TDS,1992-04-07 20:00:00-04:00,15.85355281829834,15.85355281829834,15.323137283325195,15.441006660461426,93747,0.21645650267601013,0.0,0.0
TDS,1992-04-08 20:00:00-04:00,15.382072448730469,15.558877944946289,15.382072448730469,15.558877944946289,172011,0.2181088924407959,0.0,0.0
TDS,1992-04-09 20:00:00-04:00,15.617813110351562,15.676748275756836,15.441006660461426,15.441006660461426,166072,0.21645650267601013,0.0,0.0
TDS,1992-04-12 20:00:00-04:00,15.441006660461426,15.558877944946289,15.382072448730469,15.499942779541016,188979,0.2172827422618866,0.0,0.0
TDS,1992-04-13 20:00:00-04:00,15.499942779541016,15.73568344116211,15.499942779541016,15.558877944946289,100958,0.2181088924407959,0.0,0.0
TDS,1992-04-14 20:00:00-04:00,15.676748275756836,15.676748275756836,15.499942779541016,15.676748275756836,329175,0.21976114809513092,0.0,0.0
TDS,1992-04-15 20:00:00-04:00,15.85355281829834,16.148229598999023,15.794617652893066,16.148229598999023,104988,0.2263704538345337,0.0,0.0
TDS,1992-04-19 20:00:00-04:00,16.08929443359375,16.148229598999023,15.85355281829834,16.030359268188477,60448,0.22471819818019867,0.0,0.0
TDS,1992-04-20 20:00:00-04:00,15.91248893737793,16.148229598999023,15.85355281829834,16.08929443359375,69356,0.22554431855678558,0.0,0.0
TDS,1992-04-21 20:00:00-04:00,16.148229598999023,16.383970260620117,16.08929443359375,16.383970260620117,43904,0.22967517375946045,0.0,0.0
TDS,1992-04-22 20:00:00-04:00,16.383970260620117,16.383970260620117,16.08929443359375,16.26609992980957,75295,0.22802287340164185,0.0,0.0
TDS,1992-04-23 20:00:00-04:00,16.26609992980957,16.560775756835938,16.26609992980957,16.501840591430664,91202,0.2313275933265686,0.0,0.0
TDS,1992-04-26 20:00:00-04:00,16.501840591430664,16.67864418029785,16.501840591430664,16.67864418029785,98837,0.2338060587644577,0.0,0.0
TDS,1992-04-27 20:00:00-04:00,16.560775756835938,16.67864418029785,16.32503318786621,16.501840591430664,275303,0.2313275933265686,0.0,0.0
TDS,1992-04-28 20:00:00-04:00,16.44290542602539,16.501840591430664,16.207164764404297,16.26609992980957,34360,0.22802287340164185,0.0,0.0
TDS,1992-04-29 20:00:00-04:00,16.26609992980957,16.26609992980957,16.148229598999023,16.207164764404297,121956,0.22719666361808777,0.0,0.0
TDS,1992-04-30 20:00:00-04:00,16.26609992980957,16.32503318786621,15.971424102783203,16.030359268188477,41995,0.22471819818019867,0.0,0.0
TDS,1992-05-03 20:00:00-04:00,15.971424102783203,16.560775756835938,15.971424102783203,16.560775756835938,151226,0.23215359449386597,0.0,0.0
TDS,1992-05-04 20:00:00-04:00,16.501840591430664,16.79651641845703,16.44290542602539,16.61971092224121,173072,0.2329798936843872,0.0,0.0
TDS,1992-05-05 20:00:00-04:00,16.737579345703125,16.914386749267578,16.560775756835938,16.855451583862305,177526,0.236284539103508,0.0,0.0
TDS,1992-05-06 20:00:00-04:00,16.855451583862305,17.15012550354004,16.560775756835938,16.67864418029785,71265,0.2338060587644577,0.0,0.0
TDS,1992-05-07 20:00:00-04:00,16.737579345703125,16.855451583862305,16.67864418029785,16.79651641845703,148892,0.23545846343040466,0.0,0.0
TDS,1992-05-10 20:00:00-04:00,16.79651641845703,16.855451583862305,16.560775756835938,16.67864418029785,77204,0.2338060587644577,0.0,0.0
TDS,1992-05-11 20:00:00-04:00,16.61971092224121,16.79651641845703,16.61971092224121,16.61971092224121,83991,0.2329798936843872,0.0,0.0
TDS,1992-05-12 20:00:00-04:00,16.560775756835938,16.79651641845703,16.501840591430664,16.737579345703125,110079,0.2346322387456894,0.0,0.0
TDS,1992-05-13 20:00:00-04:00,16.737579345703125,16.855451583862305,16.61971092224121,16.855451583862305,215703,0.236284539103508,0.0,0.0
TDS,1992-05-14 20:00:00-04:00,16.914386749267578,16.914386749267578,16.560775756835938,16.61971092224121,110715,0.2329798936843872,0.0,0.0
TDS,1992-05-17 20:00:00-04:00,16.61971092224121,16.855451583862305,16.61971092224121,16.79651641845703,62569,0.23545846343040466,0.0,0.0
TDS,1992-05-18 20:00:00-04:00,16.855451583862305,16.914386749267578,16.737579345703125,16.914386749267578,95656,0.23711082339286804,0.0,0.0
TDS,1992-05-19 20:00:00-04:00,16.914386749267578,16.914386749267578,16.560775756835938,16.560775756835938,131288,0.23215359449386597,0.0,0.0
TDS,1992-05-20 20:00:00-04:00,16.501840591430664,16.501840591430664,16.207164764404297,16.383970260620117,74658,0.22967517375946045,0.0,0.0
TDS,1992-05-21 20:00:00-04:00,16.26609992980957,16.383970260620117,16.207164764404297,16.32503318786621,82082,0.2288491129875183,0.0,0.0
TDS,1992-05-25 20:00:00-04:00,16.32503318786621,16.383970260620117,16.148229598999023,16.32503318786621,33299,0.2288491129875183,0.0,0.0
TDS,1992-05-26 20:00:00-04:00,16.148229598999023,16.383970260620117,16.148229598999023,16.383970260620117,86748,0.22967517375946045,0.0,0.0
TDS,1992-05-27 20:00:00-04:00,15.323137283325195,15.382072448730469,14.439109802246094,14.55698013305664,1312036,0.20406396687030792,0.0,0.0
TDS,1992-05-28 20:00:00-04:00,14.733785629272461,15.441006660461426,14.733785629272461,15.323137283325195,565876,0.21480412781238556,0.0,0.0
TDS,1992-05-31 20:00:00-04:00,15.323137283325195,15.382072448730469,15.205266952514648,15.382072448730469,115169,0.21563032269477844,0.0,0.0
TDS,1992-06-01 20:00:00-04:00,15.441006660461426,15.558877944946289,15.382072448730469,15.499942779541016,161618,0.2172827422618866,0.0,0.0
TDS,1992-06-02 20:00:00-04:00,15.382072448730469,15.441006660461426,15.205266952514648,15.441006660461426,41147,0.21645650267601013,0.0,0.0
TDS,1992-06-03 20:00:00-04:00,15.441006660461426,15.499942779541016,15.205266952514648,15.499942779541016,44753,0.2172827422618866,0.0,0.0
TDS,1992-06-04 20:00:00-04:00,15.558877944946289,15.73568344116211,15.441006660461426,15.617813110351562,52600,0.2189350426197052,0.0,0.0
TDS,1992-06-07 20:00:00-04:00,15.558877944946289,15.558877944946289,15.205266952514648,15.264202117919922,51328,0.21449600160121918,0.037718,0.0
TDS,1992-06-08 20:00:00-04:00,15.146331787109375,15.323137283325195,15.146331787109375,15.323137283325195,62569,0.21532417833805084,0.0,0.0
TDS,1992-06-09 20:00:00-04:00,15.323137283325195,15.382072448730469,14.851655960083008,14.910591125488281,105200,0.20952700078487396,0.0,0.0
TDS,1992-06-10 20:00:00-04:00,14.792720794677734,14.792720794677734,14.203369140625,14.321240425109863,383684,0.20124536752700806,0.0,0.0
TDS,1992-06-11 20:00:00-04:00,14.321240425109863,14.38017463684082,14.26230525970459,14.38017463684082,236277,0.20207345485687256,0.0,0.0
TDS,1992-06-14 20:00:00-04:00,14.38017463684082,14.55698013305664,14.38017463684082,14.498044967651367,58751,0.2037298083305359,0.0,0.0
TDS,1992-06-15 20:00:00-04:00,14.615915298461914,14.615915298461914,14.321240425109863,14.55698013305664,108594,0.20455795526504517,0.0,0.0
TDS,1992-06-16 20:00:00-04:00,14.498044967651367,14.615915298461914,14.439109802246094,14.615915298461914,45813,0.20538613200187683,0.0,0.0
TDS,1992-06-17 20:00:00-04:00,14.674851417541504,15.028461456298828,14.615915298461914,15.028461456298828,66599,0.21118324995040894,0.0,0.0
TDS,1992-06-18 20:00:00-04:00,15.205266952514648,15.264202117919922,14.969526290893555,15.087396621704102,91626,0.21201157569885254,0.0,0.0
TDS,1992-06-21 20:00:00-04:00,14.969526290893555,15.087396621704102,14.733785629272461,15.028461456298828,116442,0.21118324995040894,0.0,0.0
TDS,1992-06-22 20:00:00-04:00,15.028461456298828,15.087396621704102,15.028461456298828,15.087396621704102,38178,0.21201157569885254,0.0,0.0
TDS,1992-06-23 20:00:00-04:00,15.205266952514648,15.264202117919922,14.674851417541504,14.733785629272461,91202,0.20704247057437897,0.0,0.0
TDS,1992-06-24 20:00:00-04:00,14.792720794677734,14.851655960083008,14.615915298461914,14.615915298461914,69356,0.20538613200187683,0.0,0.0
TDS,1992-06-25 20:00:00-04:00,14.615915298461914,14.733785629272461,14.55698013305664,14.733785629272461,26936,0.20704247057437897,0.0,0.0
TDS,1992-06-28 20:00:00-04:00,14.851655960083008,15.028461456298828,14.615915298461914,14.674851417541504,107321,0.20621426403522491,0.0,0.0
TDS,1992-06-29 20:00:00-04:00,14.792720794677734,14.792720794677734,14.615915298461914,14.792720794677734,129592,0.20787063241004944,0.0,0.0
TDS,1992-06-30 20:00:00-04:00,14.615915298461914,15.323137283325195,14.615915298461914,15.323137283325195,73386,0.21532417833805084,0.0,0.0
TDS,1992-07-01 20:00:00-04:00,15.441006660461426,15.558877944946289,15.087396621704102,15.382072448730469,155892,0.21615229547023773,0.0,0.0
TDS,1992-07-05 20:00:00-04:00,15.323137283325195,15.617813110351562,15.323137283325195,15.441006660461426,48782,0.21698053181171417,0.0,0.0
TDS,1992-07-06 20:00:00-04:00,15.441006660461426,15.676748275756836,15.441006660461426,15.558877944946289,74658,0.2186369001865387,0.0,0.0
TDS,1992-07-07 20:00:00-04:00,15.441006660461426,15.85355281829834,15.441006660461426,15.85355281829834,46025,0.22277764976024628,0.0,0.0
TDS,1992-07-08 20:00:00-04:00,15.85355281829834,16.08929443359375,15.85355281829834,15.971424102783203,145287,0.2244340181350708,0.0,0.0
TDS,1992-07-09 20:00:00-04:00,16.030359268188477,16.030359268188477,15.91248893737793,16.030359268188477,30118,0.22526220977306366,0.0,0.0
TDS,1992-07-12 20:00:00-04:00,15.91248893737793,16.030359268188477,15.73568344116211,15.794617652893066,30542,0.221949502825737,0.0,0.0
TDS,1992-07-13 20:00:00-04:00,15.794617652893066,15.971424102783203,15.558877944946289,15.794617652893066,51540,0.221949502825737,0.0,0.0
TDS,1992-07-14 20:00:00-04:00,15.73568344116211,15.794617652893066,15.617813110351562,15.676748275756836,62145,0.22029320895671844,0.0,0.0
TDS,1992-07-15 20:00:00-04:00,15.676748275756836,15.676748275756836,15.558877944946289,15.617813110351562,26936,0.21946507692337036,0.0,0.0
TDS,1992-07-16 20:00:00-04:00,15.617813110351562,15.617813110351562,15.441006660461426,15.441006660461426,50267,0.21698053181171417,0.0,0.0
TDS,1992-07-19 20:00:00-04:00,15.264202117919922,15.323137283325195,15.028461456298828,15.323137283325195,70628,0.21532417833805084,0.0,0.0
TDS,1992-07-20 20:00:00-04:00,15.323137283325195,15.617813110351562,15.323137283325195,15.617813110351562,43268,0.21946507692337036,0.0,0.0
TDS,1992-07-21 20:00:00-04:00,15.558877944946289,15.558877944946289,15.146331787109375,15.323137283325195,45601,0.21532417833805084,0.0,0.0
TDS,1992-07-22 20:00:00-04:00,15.441006660461426,15.558877944946289,15.205266952514648,15.323137283325195,36057,0.21532417833805084,0.0,0.0
TDS,1992-07-23 20:00:00-04:00,15.323137283325195,15.558877944946289,15.205266952514648,15.441006660461426,51116,0.21698053181171417,0.0,0.0
TDS,1992-07-26 20:00:00-04:00,15.499942779541016,15.73568344116211,15.499942779541016,15.617813110351562,72113,0.21946507692337036,0.0,0.0
TDS,1992-07-27 20:00:00-04:00,15.676748275756836,15.794617652893066,15.617813110351562,15.73568344116211,76355,0.22112134099006653,0.0,0.0
TDS,1992-07-28 20:00:00-04:00,15.794617652893066,15.794617652893066,15.73568344116211,15.794617652893066,66174,0.221949502825737,0.0,0.0
TDS,1992-07-29 20:00:00-04:00,15.676748275756836,15.971424102783203,15.676748275756836,15.971424102783203,104988,0.2244340181350708,0.0,0.0
TDS,1992-07-30 20:00:00-04:00,15.971424102783203,15.971424102783203,15.794617652893066,15.85355281829834,259183,0.22277764976024628,0.0,0.0
TDS,1992-08-02 20:00:00-04:00,15.73568344116211,15.85355281829834,15.73568344116211,15.73568344116211,577330,0.22112134099006653,0.0,0.0
TDS,1992-08-03 20:00:00-04:00,15.617813110351562,15.794617652893066,15.617813110351562,15.794617652893066,100534,0.221949502825737,0.0,0.0
TDS,1992-08-04 20:00:00-04:00,15.971424102783203,16.08929443359375,15.794617652893066,16.030359268188477,173284,0.22526220977306366,0.0,0.0
TDS,1992-08-05 20:00:00-04:00,16.030359268188477,16.44290542602539,16.030359268188477,16.26609992980957,141045,0.2285749316215515,0.0,0.0
TDS,1992-08-06 20:00:00-04:00,16.207164764404297,16.32503318786621,16.207164764404297,16.32503318786621,447526,0.22940301895141602,0.0,0.0
TDS,1992-08-09 20:00:00-04:00,16.32503318786621,16.44290542602539,16.26609992980957,16.26609992980957,166709,0.2285749316215515,0.0,0.0
TDS,1992-08-10 20:00:00-04:00,16.383970260620117,16.383970260620117,16.26609992980957,16.26609992980957,94596,0.2285749316215515,0.0,0.0
TDS,1992-08-11 20:00:00-04:00,16.32503318786621,16.383970260620117,16.207164764404297,16.383970260620117,53236,0.2302311658859253,0.0,0.0
TDS,1992-08-12 20:00:00-04:00,16.383970260620117,16.383970260620117,16.26609992980957,16.32503318786621,12514,0.22940301895141602,0.0,0.0
TDS,1992-08-13 20:00:00-04:00,16.32503318786621,16.383970260620117,16.26609992980957,16.383970260620117,110291,0.2302311658859253,0.0,0.0
TDS,1992-08-16 20:00:00-04:00,16.44290542602539,16.67864418029785,16.44290542602539,16.67864418029785,190039,0.2343720644712448,0.0,0.0
TDS,1992-08-17 20:00:00-04:00,16.560775756835938,16.855451583862305,16.560775756835938,16.855451583862305,244336,0.23685652017593384,0.0,0.0
TDS,1992-08-18 20:00:00-04:00,16.855451583862305,16.97332191467285,16.79651641845703,16.914386749267578,209340,0.23768474161624908,0.0,0.0
TDS,1992-08-19 20:00:00-04:00,16.855451583862305,16.855451583862305,16.560775756835938,16.737579345703125,154407,0.23520013689994812,0.0,0.0
TDS,1992-08-20 20:00:00-04:00,16.737579345703125,16.737579345703125,16.501840591430664,16.67864418029785,85263,0.2343720644712448,0.0,0.0
TDS,1992-08-23 20:00:00-04:00,16.61971092224121,16.737579345703125,16.560775756835938,16.67864418029785,117502,0.2343720644712448,0.0,0.0
TDS,1992-08-24 20:00:00-04:00,16.560775756835938,16.737579345703125,16.44290542602539,16.737579345703125,127895,0.23520013689994812,0.0,0.0
TDS,1992-08-25 20:00:00-04:00,16.79651641845703,16.79651641845703,16.67864418029785,16.79651641845703,176253,0.2360285073518753,0.0,0.0
TDS,1992-08-26 20:00:00-04:00,16.67864418029785,16.79651641845703,16.61971092224121,16.737579345703125,95444,0.23520013689994812,0.0,0.0
TDS,1992-08-27 20:00:00-04:00,16.61971092224121,16.67864418029785,16.560775756835938,16.61971092224121,151226,0.23354393243789673,0.0,0.0
TDS,1992-08-30 20:00:00-04:00,16.560775756835938,16.67864418029785,16.560775756835938,16.560775756835938,128743,0.23271572589874268,0.0,0.0
TDS,1992-08-31 20:00:00-04:00,16.560775756835938,16.855451583862305,16.560775756835938,16.855451583862305,108806,0.23685652017593384,0.0,0.0
TDS,1992-09-01 20:00:00-04:00,16.79651641845703,16.914386749267578,16.79651641845703,16.79651641845703,93111,0.2360285073518753,0.0,0.0
TDS,1992-09-02 20:00:00-04:00,16.855451583862305,16.855451583862305,16.737579345703125,16.737579345703125,438830,0.23520013689994812,0.0,0.0
TDS,1992-09-03 20:00:00-04:00,16.61971092224121,16.737579345703125,16.61971092224121,16.67864418029785,5939,0.23490148782730103,0.037718,0.0
TDS,1992-09-07 20:00:00-04:00,16.61971092224121,16.79651641845703,16.560775756835938,16.67864418029785,32451,0.23490148782730103,0.0,0.0
TDS,1992-09-08 20:00:00-04:00,16.67864418029785,16.737579345703125,16.61971092224121,16.737579345703125,137015,0.2357313632965088,0.0,0.0
TDS,1992-09-09 20:00:00-04:00,16.67864418029785,16.737579345703125,16.61971092224121,16.737579345703125,104140,0.2357313632965088,0.0,0.0
TDS,1992-09-10 20:00:00-04:00,16.737579345703125,16.79651641845703,16.61971092224121,16.61971092224121,62145,0.23407140374183655,0.0,0.0
TDS,1992-09-13 20:00:00-04:00,16.737579345703125,16.737579345703125,16.560775756835938,16.61971092224121,285483,0.23407140374183655,0.0,0.0
TDS,1992-09-14 20:00:00-04:00,16.560775756835938,16.61971092224121,16.501840591430664,16.501840591430664,17604,0.23241133987903595,0.0,0.0
TDS,1992-09-15 20:00:00-04:00,16.44290542602539,16.560775756835938,16.383970260620117,16.44290542602539,15271,0.23158130049705505,0.0,0.0
TDS,1992-09-16 20:00:00-04:00,16.501840591430664,16.501840591430664,16.32503318786621,16.383970260620117,54297,0.2307511270046234,0.0,0.0
TDS,1992-09-17 20:00:00-04:00,16.26609992980957,16.32503318786621,16.08929443359375,16.26609992980957,99050,0.22909116744995117,0.0,0.0
TDS,1992-09-20 20:00:00-04:00,16.148229598999023,16.207164764404297,15.91248893737793,16.030359268188477,49631,0.22577105462551117,0.0,0.0
TDS,1992-09-21 20:00:00-04:00,16.08929443359375,16.148229598999023,15.91248893737793,16.030359268188477,27148,0.22577105462551117,0.0,0.0
TDS,1992-09-22 20:00:00-04:00,16.030359268188477,16.207164764404297,15.971424102783203,16.148229598999023,17180,0.227431058883667,0.0,0.0
TDS,1992-09-23 20:00:00-04:00,16.207164764404297,16.501840591430664,16.030359268188477,16.501840591430664,450707,0.23241133987903595,0.0,0.0
TDS,1992-09-24 20:00:00-04:00,16.501840591430664,16.501840591430664,16.26609992980957,16.26609992980957,105412,0.22909116744995117,0.0,0.0
TDS,1992-09-27 20:00:00-04:00,16.32503318786621,16.383970260620117,16.148229598999023,16.148229598999023,27573,0.227431058883667,0.0,0.0
TDS,1992-09-28 20:00:00-04:00,16.030359268188477,16.148229598999023,15.971424102783203,16.148229598999023,56206,0.227431058883667,0.0,0.0
TDS,1992-09-29 20:00:00-04:00,16.148229598999023,16.383970260620117,16.148229598999023,16.383970260620117,333629,0.2307511270046234,0.0,0.0
TDS,1992-09-30 20:00:00-04:00,16.26609992980957,16.32503318786621,16.08929443359375,16.08929443359375,94596,0.22660104930400848,0.0,0.0
TDS,1992-10-01 20:00:00-04:00,16.08929443359375,16.148229598999023,15.73568344116211,15.794617652893066,107958,0.2224508374929428,0.0,0.0
TDS,1992-10-04 20:00:00-04:00,15.73568344116211,15.73568344116211,15.264202117919922,15.323137283325195,92899,0.21581055223941803,0.0,0.0
TDS,1992-10-05 20:00:00-04:00,15.323137283325195,15.441006660461426,15.264202117919922,15.382072448730469,361202,0.21664060652256012,0.0,0.0
TDS,1992-10-06 20:00:00-04:00,15.499942779541016,15.73568344116211,15.499942779541016,15.558877944946289,74658,0.21913056075572968,0.0,0.0
TDS,1992-10-07 20:00:00-04:00,15.499942779541016,15.676748275756836,15.499942779541016,15.676748275756836,18028,0.22079074382781982,0.0,0.0
TDS,1992-10-08 20:00:00-04:00,15.617813110351562,15.73568344116211,15.617813110351562,15.617813110351562,46661,0.21996064484119415,0.0,0.0
TDS,1992-10-11 20:00:00-04:00,15.558877944946289,15.676748275756836,15.558877944946289,15.676748275756836,14847,0.22079074382781982,0.0,0.0
TDS,1992-10-12 20:00:00-04:00,15.617813110351562,15.73568344116211,15.558877944946289,15.617813110351562,48995,0.21996064484119415,0.0,0.0
TDS,1992-10-13 20:00:00-04:00,15.558877944946289,15.617813110351562,15.499942779541016,15.499942779541016,44965,0.21830064058303833,0.0,0.0
TDS,1992-10-14 20:00:00-04:00,15.382072448730469,15.558877944946289,15.382072448730469,15.558877944946289,37965,0.21913056075572968,0.0,0.0
TDS,1992-10-15 20:00:00-04:00,15.441006660461426,15.617813110351562,15.382072448730469,15.441006660461426,44753,0.21747057139873505,0.0,0.0
TDS,1992-10-18 20:00:00-04:00,15.382072448730469,15.558877944946289,15.323137283325195,15.499942779541016,259183,0.21830064058303833,0.0,0.0
TDS,1992-10-19 20:00:00-04:00,15.558877944946289,15.85355281829834,15.558877944946289,15.73568344116211,122592,0.22162069380283356,0.0,0.0
TDS,1992-10-20 20:00:00-04:00,15.676748275756836,15.85355281829834,15.676748275756836,15.73568344116211,60660,0.22162069380283356,0.0,0.0
TDS,1992-10-21 20:00:00-04:00,15.676748275756836,16.61971092224121,15.617813110351562,16.501840591430664,292695,0.23241133987903595,0.0,0.0
TDS,1992-10-22 20:00:00-04:00,16.560775756835938,16.61971092224121,16.207164764404297,16.26609992980957,292907,0.22909116744995117,0.0,0.0
TDS,1992-10-25 19:00:00-05:00,16.26609992980957,16.26609992980957,16.148229598999023,16.26609992980957,40935,0.22909116744995117,0.0,0.0
TDS,1992-10-26 19:00:00-05:00,16.148229598999023,16.148229598999023,15.85355281829834,15.91248893737793,47722,0.2241109311580658,0.0,0.0
TDS,1992-10-27 19:00:00-05:00,15.971424102783203,16.26609992980957,15.91248893737793,16.207164764404297,106897,0.22826118767261505,0.0,0.0
TDS,1992-10-28 19:00:00-05:00,16.26609992980957,16.383970260620117,16.26609992980957,16.32503318786621,244548,0.2299211621284485,0.0,0.0
TDS,1992-10-29 19:00:00-05:00,16.383970260620117,16.737579345703125,16.383970260620117,16.67864418029785,396622,0.23490148782730103,0.0,0.0
TDS,1992-11-01 19:00:00-05:00,16.61971092224121,16.67864418029785,16.501840591430664,16.61971092224121,164588,0.23407140374183655,0.0,0.0
TDS,1992-11-02 19:00:00-05:00,16.61971092224121,16.61971092224121,16.501840591430664,16.560775756835938,78900,0.23324134945869446,0.0,0.0
TDS,1992-11-03 19:00:00-05:00,16.560775756835938,17.326932907104492,16.44290542602539,17.326932907104492,276363,0.2440318912267685,0.0,0.0
TDS,1992-11-04 19:00:00-05:00,17.680543899536133,17.739477157592773,17.50373649597168,17.680543899536133,951258,0.2490120679140091,0.0,0.0
TDS,1992-11-05 19:00:00-05:00,17.562671661376953,17.916282653808594,17.562671661376953,17.798412322998047,417832,0.2506721317768097,0.0,0.0
TDS,1992-11-08 19:00:00-05:00,17.798412322998047,17.798412322998047,17.50373649597168,17.798412322998047,147196,0.2506721317768097,0.0,0.0
TDS,1992-11-09 19:00:00-05:00,17.562671661376953,17.85734748840332,17.15012550354004,17.85734748840332,282090,0.25150230526924133,0.0,0.0
TDS,1992-11-10 19:00:00-05:00,17.975217819213867,18.328828811645508,17.798412322998047,18.21095848083496,231398,0.2564825415611267,0.0,0.0
TDS,1992-11-11 19:00:00-05:00,18.152023315429688,18.152023315429688,17.916282653808594,17.975217819213867,93959,0.25316229462623596,0.0,0.0
TDS,1992-11-12 19:00:00-05:00,18.093088150024414,18.152023315429688,17.975217819213867,18.093088150024414,89505,0.25482237339019775,0.0,0.0
TDS,1992-11-15 19:00:00-05:00,18.034154891967773,18.093088150024414,17.85734748840332,17.916282653808594,109018,0.25233232975006104,0.0,0.0
TDS,1992-11-16 19:00:00-05:00,17.85734748840332,17.916282653808594,17.562671661376953,17.562671661376953,98413,0.24735207855701447,0.0,0.0
TDS,1992-11-17 19:00:00-05:00,17.62160873413086,17.85734748840332,17.50373649597168,17.739477157592773,89717,0.24984213709831238,0.0,0.0
TDS,1992-11-18 19:00:00-05:00,17.798412322998047,17.916282653808594,17.739477157592773,17.85734748840332,94171,0.25150230526924133,0.0,0.0
TDS,1992-11-19 19:00:00-05:00,17.916282653808594,17.975217819213867,17.85734748840332,17.85734748840332,60024,0.25150230526924133,0.0,0.0
TDS,1992-11-22 19:00:00-05:00,17.916282653808594,17.916282653808594,17.739477157592773,17.85734748840332,44753,0.25150230526924133,0.0,0.0
TDS,1992-11-23 19:00:00-05:00,17.680543899536133,18.152023315429688,17.680543899536133,18.152023315429688,166921,0.25565242767333984,0.0,0.0
TDS,1992-11-24 19:00:00-05:00,18.034154891967773,18.152023315429688,17.975217819213867,18.152023315429688,46237,0.25565242767333984,0.0,0.0
TDS,1992-11-26 19:00:00-05:00,18.21095848083496,18.21095848083496,17.975217819213867,18.034154891967773,39662,0.25399234890937805,0.0,0.0
TDS,1992-11-29 19:00:00-05:00,17.916282653808594,17.975217819213867,17.739477157592773,17.85734748840332,74870,0.25150230526924133,0.0,0.0
TDS,1992-11-30 19:00:00-05:00,17.85734748840332,17.85734748840332,17.798412322998047,17.85734748840332,37753,0.25150230526924133,0.0,0.0
TDS,1992-12-01 19:00:00-05:00,17.739477157592773,17.739477157592773,17.26799774169922,17.50373649597168,167345,0.24652206897735596,0.0,0.0
TDS,1992-12-02 19:00:00-05:00,17.50373649597168,17.562671661376953,17.326932907104492,17.50373649597168,48358,0.24652206897735596,0.0,0.0
TDS,1992-12-03 19:00:00-05:00,17.385866165161133,17.444801330566406,17.26799774169922,17.385866165161133,57266,0.24486179649829865,0.0,0.0
TDS,1992-12-06 19:00:00-05:00,17.26799774169922,17.62160873413086,17.26799774169922,17.562671661376953,188131,0.24735207855701447,0.0,0.0
TDS,1992-12-07 19:00:00-05:00,17.50373649597168,17.739477157592773,17.444801330566406,17.680543899536133,74870,0.2490120679140091,0.0,0.0
TDS,1992-12-08 19:00:00-05:00,17.562671661376953,17.85734748840332,17.50373649597168,17.85734748840332,172223,0.2520398795604706,0.037718,0.0
TDS,1992-12-09 19:00:00-05:00,17.85734748840332,18.034154891967773,17.85734748840332,17.975217819213867,163315,0.2537034749984741,0.0,0.0
TDS,1992-12-10 19:00:00-05:00,18.034154891967773,18.269893646240234,18.034154891967773,18.269893646240234,113260,0.25786271691322327,0.0,0.0
TDS,1992-12-13 19:00:00-05:00,18.328828811645508,18.505634307861328,18.328828811645508,18.38776397705078,114108,0.2595263123512268,0.0,0.0
TDS,1992-12-14 19:00:00-05:00,18.38776397705078,18.800310134887695,18.328828811645508,18.741374969482422,144014,0.2645171582698822,0.0,0.0
TDS,1992-12-15 19:00:00-05:00,18.741374969482422,18.741374969482422,18.5645694732666,18.741374969482422,103504,0.2645171582698822,0.0,0.0
TDS,1992-12-16 19:00:00-05:00,18.68243980407715,18.741374969482422,18.623504638671875,18.741374969482422,73174,0.2645171582698822,0.0,0.0
TDS,1992-12-17 19:00:00-05:00,18.85924530029297,18.85924530029297,18.5645694732666,18.5645694732666,159709,0.2620217800140381,0.0,0.0
TDS,1992-12-20 19:00:00-05:00,18.5645694732666,18.5645694732666,18.093088150024414,18.269893646240234,193433,0.25786271691322327,0.0,0.0
TDS,1992-12-21 19:00:00-05:00,18.152023315429688,18.85924530029297,18.152023315429688,18.85924530029297,150165,0.26618075370788574,0.0,0.0
TDS,1992-12-22 19:00:00-05:00,18.741374969482422,18.85924530029297,18.623504638671875,18.85924530029297,332145,0.26618075370788574,0.0,0.0
TDS,1992-12-23 19:00:00-05:00,18.741374969482422,18.741374969482422,18.269893646240234,18.38776397705078,173496,0.2595263123512268,0.0,0.0
TDS,1992-12-27 19:00:00-05:00,18.38776397705078,18.446699142456055,18.269893646240234,18.38776397705078,42207,0.2595263123512268,0.0,0.0
TDS,1992-12-28 19:00:00-05:00,18.446699142456055,18.68243980407715,18.328828811645508,18.68243980407715,123229,0.2636854350566864,0.0,0.0
TDS,1992-12-29 19:00:00-05:00,18.5645694732666,18.741374969482422,18.505634307861328,18.741374969482422,120047,0.2645171582698822,0.0,0.0
TDS,1992-12-30 19:00:00-05:00,18.741374969482422,19.21285629272461,18.68243980407715,19.153921127319336,469372,0.27033981680870056,0.0,0.0
TDS,1993-01-03 19:00:00-05:00,19.094985961914062,19.094985961914062,18.152023315429688,18.21095848083496,760158,0.2570309042930603,0.0,0.0
TDS,1993-01-04 19:00:00-05:00,18.21095848083496,18.21095848083496,17.85734748840332,17.916282653808594,232883,0.25287172198295593,0.0,0.0
TDS,1993-01-05 19:00:00-05:00,17.916282653808594,18.034154891967773,17.85734748840332,17.85734748840332,197039,0.2520398795604706,0.0,0.0
TDS,1993-01-06 19:00:00-05:00,17.85734748840332,17.916282653808594,17.50373649597168,17.562671661376953,232459,0.2478809356689453,0.0,0.0
TDS,1993-01-07 19:00:00-05:00,17.385866165161133,17.385866165161133,17.209062576293945,17.326932907104492,348052,0.24455364048480988,0.0,0.0
TDS,1993-01-10 19:00:00-05:00,17.209062576293945,17.50373649597168,17.091190338134766,17.50373649597168,283150,0.24704912304878235,0.0,0.0
TDS,1993-01-11 19:00:00-05:00,17.50373649597168,17.680543899536133,17.444801330566406,17.62160873413086,274454,0.24871274828910828,0.0,0.0
TDS,1993-01-12 19:00:00-05:00,17.562671661376953,17.562671661376953,17.385866165161133,17.444801330566406,318571,0.24621719121932983,0.0,0.0
TDS,1993-01-13 19:00:00-05:00,17.385866165161133,17.562671661376953,17.326932907104492,17.562671661376953,352082,0.2478809356689453,0.0,0.0
TDS,1993-01-14 19:00:00-05:00,17.562671661376953,17.85734748840332,17.562671661376953,17.798412322998047,446890,0.25120803713798523,0.0,0.0
TDS,1993-01-17 19:00:00-05:00,17.739477157592773,18.328828811645508,17.739477157592773,18.269893646240234,378806,0.25786271691322327,0.0,0.0
TDS,1993-01-18 19:00:00-05:00,18.21095848083496,18.623504638671875,18.152023315429688,18.505634307861328,215915,0.26118984818458557,0.0,0.0
TDS,1993-01-19 19:00:00-05:00,18.505634307861328,18.505634307861328,18.269893646240234,18.38776397705078,198523,0.2595263123512268,0.0,0.0
TDS,1993-01-20 19:00:00-05:00,18.38776397705078,18.38776397705078,18.21095848083496,18.269893646240234,156528,0.25786271691322327,0.0,0.0
TDS,1993-01-21 19:00:00-05:00,18.328828811645508,18.328828811645508,17.798412322998047,17.85734748840332,663865,0.2520398795604706,0.0,0.0
TDS,1993-01-24 19:00:00-05:00,17.85734748840332,17.85734748840332,17.739477157592773,17.85734748840332,144226,0.2520398795604706,0.0,0.0
TDS,1993-01-25 19:00:00-05:00,17.798412322998047,17.85734748840332,17.739477157592773,17.739477157592773,88445,0.25037628412246704,0.0,0.0
TDS,1993-01-26 19:00:00-05:00,17.680543899536133,17.798412322998047,17.562671661376953,17.680543899536133,115805,0.2495443969964981,0.0,0.0
TDS,1993-01-27 19:00:00-05:00,17.62160873413086,17.62160873413086,17.15012550354004,17.15012550354004,331508,0.24205830693244934,0.0,0.0
TDS,1993-01-28 19:00:00-05:00,17.091190338134766,17.091190338134766,15.676748275756836,15.971424102783203,489945,0.22542187571525574,0.0,0.0
TDS,1993-01-31 19:00:00-05:00,16.148229598999023,16.383970260620117,16.030359268188477,16.383970260620117,305845,0.23124441504478455,0.0,0.0
TDS,1993-02-01 19:00:00-05:00,16.383970260620117,17.091190338134766,16.383970260620117,16.79651641845703,460888,0.237067312002182,0.0,0.0
TDS,1993-02-02 19:00:00-05:00,16.79651641845703,16.79651641845703,16.501840591430664,16.501840591430664,67659,0.232908234000206,0.0,0.0
TDS,1993-02-03 19:00:00-05:00,16.67864418029785,16.914386749267578,16.67864418029785,16.737579345703125,169254,0.23623530566692352,0.0,0.0
TDS,1993-02-04 19:00:00-05:00,16.855451583862305,16.855451583862305,16.501840591430664,16.67864418029785,70204,0.23540373146533966,0.0,0.0
TDS,1993-02-07 19:00:00-05:00,16.61971092224121,16.67864418029785,16.383970260620117,16.67864418029785,57266,0.23540373146533966,0.0,0.0
TDS,1993-02-08 19:00:00-05:00,16.560775756835938,16.79651641845703,16.560775756835938,16.737579345703125,59599,0.23623530566692352,0.0,0.0
TDS,1993-02-09 19:00:00-05:00,16.61971092224121,16.79651641845703,16.61971092224121,16.79651641845703,60448,0.237067312002182,0.0,0.0
TDS,1993-02-10 19:00:00-05:00,16.79651641845703,17.209062576293945,16.79651641845703,17.032255172729492,58327,0.2403945028781891,0.0,0.0
TDS,1993-02-11 19:00:00-05:00,16.97332191467285,17.032255172729492,16.855451583862305,16.855451583862305,59175,0.2378990650177002,0.0,0.0
TDS,1993-02-15 19:00:00-05:00,16.79651641845703,16.855451583862305,16.207164764404297,16.207164764404297,71689,0.2287490963935852,0.0,0.0
TDS,1993-02-16 19:00:00-05:00,16.030359268188477,16.148229598999023,15.971424102783203,16.030359268188477,77628,0.2262536734342575,0.0,0.0
TDS,1993-02-17 19:00:00-05:00,16.148229598999023,16.383970260620117,16.030359268188477,16.148229598999023,109230,0.22791719436645508,0.0,0.0
TDS,1993-02-18 19:00:00-05:00,16.207164764404297,16.560775756835938,16.207164764404297,16.560775756835938,71901,0.2337399423122406,0.0,0.0
TDS,1993-02-21 19:00:00-05:00,16.501840591430664,17.444801330566406,16.501840591430664,17.26799774169922,125350,0.24372173845767975,0.0,0.0
TDS,1993-02-22 19:00:00-05:00,17.326932907104492,17.680543899536133,17.326932907104492,17.562671661376953,212734,0.2478809356689453,0.0,0.0
TDS,1993-02-23 19:00:00-05:00,17.62160873413086,17.85734748840332,17.62160873413086,17.798412322998047,217824,0.25120803713798523,0.0,0.0
TDS,1993-02-24 19:00:00-05:00,17.680543899536133,17.739477157592773,17.444801330566406,17.739477157592773,125774,0.25037628412246704,0.0,0.0
TDS,1993-02-25 19:00:00-05:00,17.62160873413086,17.62160873413086,17.50373649597168,17.562671661376953,112200,0.2478809356689453,0.0,0.0
TDS,1993-02-28 19:00:00-05:00,17.739477157592773,17.798412322998047,17.444801330566406,17.444801330566406,145287,0.24621719121932983,0.0,0.0
TDS,1993-03-01 19:00:00-05:00,17.444801330566406,17.444801330566406,17.15012550354004,17.26799774169922,131076,0.24372173845767975,0.0,0.0
TDS,1993-03-02 19:00:00-05:00,17.385866165161133,17.562671661376953,17.26799774169922,17.385866165161133,69992,0.24538539350032806,0.0,0.0
TDS,1993-03-03 19:00:00-05:00,17.385866165161133,17.444801330566406,17.26799774169922,17.444801330566406,36905,0.24621719121932983,0.0,0.0
TDS,1993-03-04 19:00:00-05:00,17.385866165161133,17.562671661376953,17.326932907104492,17.562671661376953,58539,0.2478809356689453,0.0,0.0
TDS,1993-03-07 19:00:00-05:00,17.562671661376953,17.798412322998047,17.444801330566406,17.739477157592773,91202,0.25037628412246704,0.0,0.0
TDS,1993-03-08 19:00:00-05:00,17.62160873413086,17.739477157592773,17.562671661376953,17.62160873413086,105200,0.24871274828910828,0.0,0.0
TDS,1993-03-09 19:00:00-05:00,17.562671661376953,17.798412322998047,17.562671661376953,17.739477157592773,17180,0.25037628412246704,0.0,0.0
TDS,1993-03-10 19:00:00-05:00,17.739477157592773,17.798412322998047,17.62160873413086,17.739477157592773,41995,0.25094321370124817,0.040076,0.0
TDS,1993-03-11 19:00:00-05:00,17.739477157592773,17.739477157592773,17.444801330566406,17.562671661376953,547000,0.24844209849834442,0.0,0.0
TDS,1993-03-14 19:00:00-05:00,17.680543899536133,17.85734748840332,17.62160873413086,17.739477157592773,64690,0.25094321370124817,0.0,0.0
TDS,1993-03-15 19:00:00-05:00,17.680543899536133,17.739477157592773,17.62160873413086,17.680543899536133,36905,0.2501095235347748,0.0,0.0
TDS,1993-03-16 19:00:00-05:00,17.680543899536133,17.85734748840332,17.680543899536133,17.739477157592773,65750,0.25094321370124817,0.0,0.0
TDS,1993-03-17 19:00:00-05:00,17.680543899536133,17.798412322998047,17.680543899536133,17.798412322998047,37965,0.2517769932746887,0.0,0.0
TDS,1993-03-18 19:00:00-05:00,17.680543899536133,17.916282653808594,17.680543899536133,17.85734748840332,167769,0.25261062383651733,0.0,0.0
TDS,1993-03-21 19:00:00-05:00,17.798412322998047,17.916282653808594,17.680543899536133,17.680543899536133,58751,0.2501095235347748,0.0,0.0
TDS,1993-03-22 19:00:00-05:00,17.739477157592773,17.798412322998047,17.680543899536133,17.739477157592773,47934,0.25094321370124817,0.0,0.0
TDS,1993-03-23 19:00:00-05:00,17.798412322998047,17.798412322998047,17.680543899536133,17.739477157592773,47510,0.25094321370124817,0.0,0.0
TDS,1993-03-24 19:00:00-05:00,17.680543899536133,17.85734748840332,17.680543899536133,17.85734748840332,351021,0.25261062383651733,0.0,0.0
TDS,1993-03-25 19:00:00-05:00,17.85734748840332,17.85734748840332,17.739477157592773,17.85734748840332,63205,0.25261062383651733,0.0,0.0
TDS,1993-03-28 19:00:00-05:00,17.798412322998047,17.85734748840332,17.739477157592773,17.739477157592773,41995,0.25094321370124817,0.0,0.0
TDS,1993-03-29 19:00:00-05:00,17.739477157592773,17.85734748840332,17.739477157592773,17.798412322998047,104140,0.2517769932746887,0.0,0.0
TDS,1993-03-30 19:00:00-05:00,17.916282653808594,18.034154891967773,17.85734748840332,18.034154891967773,126410,0.2551116943359375,0.0,0.0
TDS,1993-03-31 19:00:00-05:00,18.034154891967773,18.034154891967773,17.798412322998047,17.916282653808594,60024,0.2534443140029907,0.0,0.0
TDS,1993-04-01 19:00:00-05:00,17.798412322998047,17.916282653808594,17.739477157592773,17.85734748840332,54721,0.25261062383651733,0.0,0.0
TDS,1993-04-04 20:00:00-04:00,18.034154891967773,18.034154891967773,17.916282653808594,17.916282653808594,67023,0.2534443140029907,0.0,0.0
TDS,1993-04-05 20:00:00-04:00,17.85734748840332,17.85734748840332,17.680543899536133,17.739477157592773,226520,0.25094321370124817,0.0,0.0
TDS,1993-04-06 20:00:00-04:00,17.739477157592773,19.03605079650879,17.680543899536133,18.918180465698242,430346,0.2676171660423279,0.0,0.0
TDS,1993-04-07 20:00:00-04:00,19.094985961914062,19.271791458129883,18.38776397705078,18.505634307861328,235852,0.261781245470047,0.0,0.0
TDS,1993-04-11 20:00:00-04:00,18.623504638671875,18.623504638671875,17.798412322998047,18.034154891967773,261940,0.2551116943359375,0.0,0.0
TDS,1993-04-12 20:00:00-04:00,18.093088150024414,18.269893646240234,18.093088150024414,18.093088150024414,44965,0.2559453248977661,0.0,0.0
TDS,1993-04-13 20:00:00-04:00,18.21095848083496,18.269893646240234,17.975217819213867,18.034154891967773,58539,0.2551116943359375,0.0,0.0
TDS,1993-04-14 20:00:00-04:00,18.034154891967773,18.269893646240234,17.975217819213867,18.269893646240234,97989,0.2584463655948639,0.0,0.0
TDS,1993-04-15 20:00:00-04:00,18.21095848083496,18.21095848083496,17.916282653808594,17.975217819213867,24603,0.25427791476249695,0.0,0.0
TDS,1993-04-18 20:00:00-04:00,17.916282653808594,18.269893646240234,17.798412322998047,17.798412322998047,244124,0.2517769932746887,0.0,0.0
TDS,1993-04-19 20:00:00-04:00,17.916282653808594,17.975217819213867,17.680543899536133,17.975217819213867,69144,0.25427791476249695,0.0,0.0
TDS,1993-04-20 20:00:00-04:00,18.034154891967773,18.152023315429688,17.739477157592773,17.916282653808594,27148,0.2534443140029907,0.0,0.0
TDS,1993-04-21 20:00:00-04:00,17.85734748840332,18.269893646240234,17.85734748840332,18.269893646240234,179222,0.2584463655948639,0.0,0.0
TDS,1993-04-22 20:00:00-04:00,18.152023315429688,18.328828811645508,18.034154891967773,18.21095848083496,149953,0.25761279463768005,0.0,0.0
TDS,1993-04-25 20:00:00-04:00,18.269893646240234,18.269893646240234,17.916282653808594,17.916282653808594,211037,0.2534443140029907,0.0,0.0
TDS,1993-04-26 20:00:00-04:00,17.798412322998047,17.798412322998047,17.62160873413086,17.680543899536133,349325,0.2501095235347748,0.0,0.0
TDS,1993-04-27 20:00:00-04:00,17.680543899536133,17.916282653808594,17.62160873413086,17.62160873413086,136591,0.24927587807178497,0.0,0.0
TDS,1993-04-28 20:00:00-04:00,17.680543899536133,17.916282653808594,17.680543899536133,17.916282653808594,129380,0.2534443140029907,0.0,0.0
TDS,1993-04-29 20:00:00-04:00,18.034154891967773,18.269893646240234,18.034154891967773,18.152023315429688,123865,0.25677913427352905,0.0,0.0
TDS,1993-05-02 20:00:00-04:00,18.152023315429688,18.505634307861328,18.093088150024414,18.505634307861328,274878,0.261781245470047,0.0,0.0
TDS,1993-05-03 20:00:00-04:00,18.505634307861328,19.094985961914062,18.505634307861328,18.85924530029297,344234,0.2667834162712097,0.0,0.0
TDS,1993-05-04 20:00:00-04:00,18.800310134887695,19.094985961914062,18.68243980407715,19.094985961914062,178374,0.27011826634407043,0.0,0.0
TDS,1993-05-05 20:00:00-04:00,19.03605079650879,19.153921127319336,18.918180465698242,18.918180465698242,349537,0.2676171660423279,0.0,0.0
TDS,1993-05-06 20:00:00-04:00,18.977115631103516,19.03605079650879,18.85924530029297,18.85924530029297,564816,0.2667834162712097,0.0,0.0
TDS,1993-05-09 20:00:00-04:00,18.85924530029297,18.977115631103516,18.68243980407715,18.977115631103516,172860,0.26845094561576843,0.0,0.0
TDS,1993-05-10 20:00:00-04:00,18.918180465698242,19.094985961914062,18.800310134887695,19.094985961914062,169890,0.27011826634407043,0.0,0.0
TDS,1993-05-11 20:00:00-04:00,18.977115631103516,19.03605079650879,18.85924530029297,18.918180465698242,121532,0.2676171660423279,0.0,0.0
TDS,1993-05-12 20:00:00-04:00,18.918180465698242,19.153921127319336,18.918180465698242,18.918180465698242,71053,0.2676171660423279,0.0,0.0
TDS,1993-05-13 20:00:00-04:00,18.977115631103516,18.977115631103516,18.446699142456055,18.623504638671875,71265,0.26344865560531616,0.0,0.0
TDS,1993-05-16 20:00:00-04:00,18.68243980407715,18.741374969482422,18.446699142456055,18.446699142456055,83566,0.26094740629196167,0.0,0.0
TDS,1993-05-17 20:00:00-04:00,18.328828811645508,18.505634307861328,18.328828811645508,18.446699142456055,96716,0.26094740629196167,0.0,0.0
TDS,1993-05-18 20:00:00-04:00,18.38776397705078,18.505634307861328,18.38776397705078,18.446699142456055,88869,0.26094740629196167,0.0,0.0
TDS,1993-05-19 20:00:00-04:00,18.505634307861328,18.918180465698242,18.505634307861328,18.918180465698242,133409,0.2676171660423279,0.0,0.0
TDS,1993-05-20 20:00:00-04:00,19.03605079650879,19.448596954345703,19.03605079650879,19.271791458129883,268303,0.2726193070411682,0.0,0.0
TDS,1993-05-23 20:00:00-04:00,19.271791458129883,19.330726623535156,18.918180465698242,19.03605079650879,135955,0.26928460597991943,0.0,0.0
TDS,1993-05-24 20:00:00-04:00,19.094985961914062,19.094985961914062,18.977115631103516,19.094985961914062,81445,0.27011826634407043,0.0,0.0
TDS,1993-05-25 20:00:00-04:00,19.03605079650879,19.38966178894043,18.918180465698242,19.330726623535156,397471,0.2734529376029968,0.0,0.0
TDS,1993-05-26 20:00:00-04:00,19.38966178894043,19.861143112182617,19.330726623535156,19.74327278137207,133197,0.27928897738456726,0.0,0.0
TDS,1993-05-27 20:00:00-04:00,19.625402450561523,19.802207946777344,19.507532119750977,19.802207946777344,95232,0.2801225781440735,0.0,0.0
TDS,1993-05-31 20:00:00-04:00,19.802207946777344,20.74517059326172,19.802207946777344,20.74517059326172,275091,0.2934618890285492,0.0,0.0
TDS,1993-06-01 20:00:00-04:00,20.627300262451172,21.157716751098633,20.627300262451172,21.157716751098633,373716,0.2992977499961853,0.0,0.0
TDS,1993-06-02 20:00:00-04:00,21.157716751098633,21.452392578125,21.039846420288086,21.452392578125,257274,0.3034663200378418,0.0,0.0
TDS,1993-06-03 20:00:00-04:00,21.334522247314453,21.452392578125,21.216651916503906,21.275585174560547,299694,0.3009651005268097,0.0,0.0
TDS,1993-06-06 20:00:00-04:00,21.09878158569336,21.216651916503906,20.863040924072266,21.216651916503906,170526,0.30013135075569153,0.0,0.0
TDS,1993-06-07 20:00:00-04:00,21.09878158569336,21.216651916503906,20.686235427856445,20.686235427856445,207431,0.29262813925743103,0.0,0.0
TDS,1993-06-08 20:00:00-04:00,20.686235427856445,20.686235427856445,20.155818939208984,20.27368927001953,130016,0.2867922782897949,0.0,0.0
TDS,1993-06-09 20:00:00-04:00,20.332624435424805,20.391559600830078,20.214754104614258,20.214754104614258,77204,0.2859586179256439,0.0,0.0
TDS,1993-06-10 20:00:00-04:00,20.332624435424805,20.332624435424805,20.214754104614258,20.214754104614258,166497,0.2859586179256439,0.0,0.0
TDS,1993-06-13 20:00:00-04:00,20.27368927001953,20.45049476623535,20.27368927001953,20.332624435424805,104140,0.2881973087787628,0.040076,0.0
TDS,1993-06-14 20:00:00-04:00,20.45049476623535,20.627300262451172,20.391559600830078,20.5683650970459,151862,0.29153868556022644,0.0,0.0
TDS,1993-06-15 20:00:00-04:00,20.509429931640625,20.509429931640625,20.214754104614258,20.332624435424805,343174,0.2881973087787628,0.0,0.0
TDS,1993-06-16 20:00:00-04:00,20.391559600830078,20.391559600830078,20.27368927001953,20.332624435424805,36905,0.2881973087787628,0.0,0.0
TDS,1993-06-17 20:00:00-04:00,20.509429931640625,20.686235427856445,20.27368927001953,20.686235427856445,167769,0.2932092845439911,0.0,0.0
TDS,1993-06-20 20:00:00-04:00,20.686235427856445,21.334522247314453,20.627300262451172,21.334522247314453,111775,0.3023982644081116,0.0,0.0
TDS,1993-06-21 20:00:00-04:00,21.334522247314453,21.334522247314453,20.92197608947754,20.980911254882812,207219,0.297386109828949,0.0,0.0
TDS,1993-06-22 20:00:00-04:00,20.980911254882812,21.039846420288086,20.627300262451172,20.804105758666992,95232,0.29488009214401245,0.0,0.0
TDS,1993-06-23 20:00:00-04:00,20.74517059326172,21.275585174560547,20.686235427856445,20.980911254882812,129167,0.297386109828949,0.0,0.0
TDS,1993-06-24 20:00:00-04:00,20.980911254882812,20.980911254882812,20.509429931640625,20.804105758666992,152286,0.29488009214401245,0.0,0.0
TDS,1993-06-27 20:00:00-04:00,20.74517059326172,20.804105758666992,20.391559600830078,20.509429931640625,350385,0.2907031774520874,0.0,0.0
TDS,1993-06-28 20:00:00-04:00,20.509429931640625,20.509429931640625,20.27368927001953,20.509429931640625,178162,0.2907031774520874,0.0,0.0
TDS,1993-06-29 20:00:00-04:00,20.5683650970459,20.863040924072266,20.27368927001953,20.863040924072266,308814,0.29571548104286194,0.0,0.0
TDS,1993-06-30 20:00:00-04:00,20.92197608947754,20.92197608947754,20.45049476623535,20.45049476623535,302663,0.2898680865764618,0.0,0.0
TDS,1993-07-01 20:00:00-04:00,20.45049476623535,20.74517059326172,20.45049476623535,20.74517059326172,59387,0.2940448224544525,0.0,0.0
TDS,1993-07-05 20:00:00-04:00,20.92197608947754,21.157716751098633,20.92197608947754,21.039846420288086,186646,0.29822155833244324,0.0,0.0
TDS,1993-07-06 20:00:00-04:00,20.92197608947754,20.980911254882812,20.74517059326172,20.92197608947754,56630,0.29655084013938904,0.0,0.0
TDS,1993-07-07 20:00:00-04:00,20.92197608947754,20.92197608947754,20.686235427856445,20.92197608947754,125774,0.29655084013938904,0.0,0.0
TDS,1993-07-08 20:00:00-04:00,20.92197608947754,20.92197608947754,20.74517059326172,20.92197608947754,9120,0.29655084013938904,0.0,0.0
TDS,1993-07-11 20:00:00-04:00,20.92197608947754,20.92197608947754,20.686235427856445,20.74517059326172,77840,0.2940448224544525,0.0,0.0
TDS,1993-07-12 20:00:00-04:00,20.686235427856445,20.74517059326172,20.509429931640625,20.627300262451172,146984,0.2923741042613983,0.0,0.0
TDS,1993-07-13 20:00:00-04:00,20.627300262451172,20.74517059326172,20.5683650970459,20.74517059326172,41995,0.2940448224544525,0.0,0.0
TDS,1993-07-14 20:00:00-04:00,20.74517059326172,21.039846420288086,20.74517059326172,21.039846420288086,102443,0.29822155833244324,0.0,0.0
TDS,1993-07-15 20:00:00-04:00,21.039846420288086,21.157716751098633,20.92197608947754,21.157716751098633,26936,0.2998924255371094,0.0,0.0
TDS,1993-07-18 20:00:00-04:00,21.09878158569336,21.275585174560547,21.039846420288086,21.275585174560547,61508,0.3015628159046173,0.0,0.0
TDS,1993-07-19 20:00:00-04:00,21.216651916503906,21.570262908935547,21.216651916503906,21.570262908935547,73174,0.3057398498058319,0.0,0.0
TDS,1993-07-20 20:00:00-04:00,21.570262908935547,21.80600357055664,21.570262908935547,21.80600357055664,142742,0.3090810775756836,0.0,0.0
TDS,1993-07-21 20:00:00-04:00,21.747068405151367,21.80600357055664,21.570262908935547,21.68813133239746,47510,0.3074102997779846,0.0,0.0
TDS,1993-07-22 20:00:00-04:00,21.629196166992188,21.68813133239746,21.452392578125,21.68813133239746,58115,0.3074102997779846,0.0,0.0
TDS,1993-07-25 20:00:00-04:00,21.629196166992188,21.68813133239746,21.216651916503906,21.334522247314453,41995,0.3023982644081116,0.0,0.0
TDS,1993-07-26 20:00:00-04:00,21.334522247314453,21.452392578125,21.275585174560547,21.452392578125,74446,0.30406901240348816,0.0,0.0
TDS,1993-07-27 20:00:00-04:00,21.452392578125,21.923873901367188,21.393457412719727,21.923873901367188,174344,0.3107517659664154,0.0,0.0
TDS,1993-07-28 20:00:00-04:00,21.923873901367188,22.0417423248291,21.864938735961914,21.982807159423828,384533,0.31158730387687683,0.0,0.0
TDS,1993-07-29 20:00:00-04:00,21.982807159423828,21.982807159423828,21.629196166992188,21.80600357055664,85900,0.3090810775756836,0.0,0.0
TDS,1993-08-01 20:00:00-04:00,21.80600357055664,21.982807159423828,21.80600357055664,21.982807159423828,331508,0.31158730387687683,0.0,0.0
TDS,1993-08-02 20:00:00-04:00,21.982807159423828,21.982807159423828,21.80600357055664,21.864938735961914,247942,0.3099164068698883,0.0,0.0
TDS,1993-08-03 20:00:00-04:00,21.80600357055664,21.864938735961914,21.747068405151367,21.864938735961914,43480,0.3099164068698883,0.0,0.0
TDS,1993-08-04 20:00:00-04:00,21.923873901367188,21.982807159423828,21.864938735961914,21.923873901367188,129804,0.3107517659664154,0.0,0.0
TDS,1993-08-05 20:00:00-04:00,21.864938735961914,21.923873901367188,21.864938735961914,21.923873901367188,166709,0.3107517659664154,0.0,0.0
TDS,1993-08-08 20:00:00-04:00,21.80600357055664,21.80600357055664,21.511327743530273,21.570262908935547,123017,0.3057398498058319,0.0,0.0
TDS,1993-08-09 20:00:00-04:00,21.511327743530273,21.511327743530273,21.452392578125,21.511327743530273,77628,0.3049042224884033,0.0,0.0
TDS,1993-08-10 20:00:00-04:00,21.452392578125,21.747068405151367,21.393457412719727,21.747068405151367,111351,0.3082456588745117,0.0,0.0
TDS,1993-08-11 20:00:00-04:00,21.68813133239746,21.747068405151367,21.629196166992188,21.68813133239746,44753,0.3074102997779846,0.0,0.0
TDS,1993-08-12 20:00:00-04:00,21.747068405151367,21.80600357055664,21.68813133239746,21.747068405151367,45389,0.3082456588745117,0.0,0.0
TDS,1993-08-15 20:00:00-04:00,21.982807159423828,22.69002914428711,21.982807159423828,22.572160720825195,563119,0.3199406564235687,0.0,0.0
TDS,1993-08-16 20:00:00-04:00,22.572160720825195,22.98470687866211,22.51322364807129,22.807899475097656,1074486,0.3232823312282562,0.0,0.0
TDS,1993-08-17 20:00:00-04:00,22.807899475097656,22.807899475097656,22.51322364807129,22.807899475097656,227369,0.3232823312282562,0.0,0.0
TDS,1993-08-18 20:00:00-04:00,22.807899475097656,22.807899475097656,22.63109588623047,22.748964309692383,142317,0.32244670391082764,0.0,0.0
TDS,1993-08-19 20:00:00-04:00,22.63109588623047,22.748964309692383,22.572160720825195,22.748964309692383,46874,0.32244670391082764,0.0,0.0
TDS,1993-08-22 20:00:00-04:00,22.748964309692383,22.925769805908203,22.63109588623047,22.86683464050293,64478,0.3241174817085266,0.0,0.0
TDS,1993-08-23 20:00:00-04:00,22.86683464050293,22.98470687866211,22.807899475097656,22.86683464050293,269576,0.3241174817085266,0.0,0.0
TDS,1993-08-24 20:00:00-04:00,22.925769805908203,23.102575302124023,22.748964309692383,22.86683464050293,243700,0.3241174817085266,0.0,0.0
TDS,1993-08-25 20:00:00-04:00,22.86683464050293,22.86683464050293,22.63109588623047,22.86683464050293,76991,0.3241174817085266,0.0,0.0
TDS,1993-08-26 20:00:00-04:00,22.86683464050293,22.86683464050293,22.51322364807129,22.748964309692383,242215,0.32244670391082764,0.0,0.0
TDS,1993-08-29 20:00:00-04:00,23.161510467529297,23.57405662536621,23.161510467529297,23.22044563293457,467039,0.3291296362876892,0.0,0.0
TDS,1993-08-30 20:00:00-04:00,23.22044563293457,23.868732452392578,23.22044563293457,23.632991790771484,354415,0.33497726917266846,0.0,0.0
TDS,1993-08-31 20:00:00-04:00,23.691926956176758,23.809797286987305,23.515121459960938,23.809797286987305,636717,0.33748313784599304,0.0,0.0
TDS,1993-09-01 20:00:00-04:00,23.809797286987305,23.92766761779785,23.632991790771484,23.75086212158203,854117,0.3366478681564331,0.0,0.0
TDS,1993-09-02 20:00:00-04:00,23.809797286987305,24.281278610229492,23.75086212158203,24.281278610229492,205735,0.3441660404205322,0.0,0.0
TDS,1993-09-06 20:00:00-04:00,24.281278610229492,24.281278610229492,24.0455379486084,24.163408279418945,164588,0.34249526262283325,0.0,0.0
TDS,1993-09-07 20:00:00-04:00,24.0455379486084,24.104473114013672,23.57405662536621,23.57405662536621,533425,0.3341417610645294,0.0,0.0
TDS,1993-09-08 20:00:00-04:00,23.57405662536621,23.57405662536621,23.102575302124023,23.279380798339844,240519,0.3299650251865387,0.0,0.0
TDS,1993-09-09 20:00:00-04:00,23.279380798339844,23.57405662536621,23.22044563293457,23.57405662536621,70204,0.3341417610645294,0.0,0.0
TDS,1993-09-12 20:00:00-04:00,23.57405662536621,23.92766761779785,23.515121459960938,23.691926956176758,332569,0.3363843560218811,0.040076,0.0
TDS,1993-09-13 20:00:00-04:00,23.691926956176758,23.75086212158203,23.632991790771484,23.691926956176758,262153,0.3363843560218811,0.0,0.0
TDS,1993-09-14 20:00:00-04:00,23.75086212158203,23.75086212158203,23.22044563293457,23.515121459960938,376897,0.33387401700019836,0.0,0.0
TDS,1993-09-15 20:00:00-04:00,23.57405662536621,23.632991790771484,23.456186294555664,23.57405662536621,114321,0.3347108066082001,0.0,0.0
TDS,1993-09-16 20:00:00-04:00,23.456186294555664,23.515121459960938,23.338315963745117,23.456186294555664,101383,0.33303728699684143,0.0,0.0
TDS,1993-09-19 20:00:00-04:00,23.39725112915039,23.456186294555664,23.102575302124023,23.279380798339844,139136,0.3305268883705139,0.0,0.0
TDS,1993-09-20 20:00:00-04:00,23.279380798339844,23.279380798339844,22.86683464050293,22.98470687866211,158861,0.3263430893421173,0.0,0.0
TDS,1993-09-21 20:00:00-04:00,22.98470687866211,23.75086212158203,22.98470687866211,23.75086212158203,402561,0.3372212052345276,0.0,0.0
TDS,1993-09-22 20:00:00-04:00,23.75086212158203,24.104473114013672,23.515121459960938,24.104473114013672,258335,0.3422417938709259,0.0,0.0
TDS,1993-09-23 20:00:00-04:00,24.104473114013672,24.458084106445312,24.104473114013672,24.458084106445312,340629,0.34726232290267944,0.0,0.0
TDS,1993-09-26 20:00:00-04:00,24.458084106445312,24.870630264282227,24.458084106445312,24.811695098876953,100746,0.3522830307483673,0.0,0.0
TDS,1993-09-27 20:00:00-04:00,24.870630264282227,25.401046752929688,24.870630264282227,25.28317642211914,302451,0.35897737741470337,0.0,0.0
TDS,1993-09-28 20:00:00-04:00,25.28317642211914,25.28317642211914,24.9295654296875,25.224241256713867,108806,0.35814037919044495,0.0,0.0
TDS,1993-09-29 20:00:00-04:00,25.165306091308594,25.165306091308594,24.517019271850586,24.870630264282227,189403,0.35311996936798096,0.0,0.0
TDS,1993-09-30 20:00:00-04:00,24.870630264282227,25.047435760498047,24.75275993347168,24.811695098876953,510519,0.3522830307483673,0.0,0.0
TDS,1993-10-03 20:00:00-04:00,24.811695098876953,24.9295654296875,24.634889602661133,24.811695098876953,134470,0.3522830307483673,0.0,0.0
TDS,1993-10-04 20:00:00-04:00,24.811695098876953,24.9295654296875,24.75275993347168,24.9295654296875,93959,0.3539567291736603,0.0,0.0
TDS,1993-10-05 20:00:00-04:00,24.9295654296875,25.28317642211914,24.870630264282227,24.988500595092773,158225,0.354793518781662,0.0,0.0
TDS,1993-10-06 20:00:00-04:00,25.047435760498047,25.401046752929688,24.988500595092773,25.28317642211914,190676,0.35897737741470337,0.0,0.0
TDS,1993-10-07 20:00:00-04:00,25.224241256713867,25.28317642211914,25.047435760498047,25.224241256713867,97141,0.35814037919044495,0.0,0.0
TDS,1993-10-10 20:00:00-04:00,25.224241256713867,25.342111587524414,25.165306091308594,25.342111587524414,91838,0.3598141372203827,0.0,0.0
TDS,1993-10-11 20:00:00-04:00,25.28317642211914,25.401046752929688,25.224241256713867,25.401046752929688,157164,0.36065101623535156,0.0,0.0
TDS,1993-10-12 20:00:00-04:00,25.45998191833496,26.10826873779297,25.45998191833496,26.049333572387695,248790,0.3698555529117584,0.0,0.0
TDS,1993-10-13 20:00:00-04:00,26.226137161254883,26.874425888061523,26.226137161254883,26.697620391845703,254305,0.3790600597858429,0.0,0.0
TDS,1993-10-14 20:00:00-04:00,26.638683319091797,26.697620391845703,26.28507423400879,26.520814895629883,282938,0.37654969096183777,0.0,0.0
TDS,1993-10-17 20:00:00-04:00,26.402944564819336,26.402944564819336,25.8135929107666,26.28507423400879,164588,0.373202383518219,0.0,0.0
TDS,1993-10-18 20:00:00-04:00,26.167203903198242,26.344009399414062,26.10826873779297,26.226137161254883,176889,0.3723658323287964,0.0,0.0
TDS,1993-10-19 20:00:00-04:00,26.226137161254883,26.226137161254883,25.63678741455078,25.754657745361328,139560,0.3656715154647827,0.0,0.0
TDS,1993-10-20 20:00:00-04:00,25.8135929107666,25.8135929107666,25.577852249145508,25.695722579956055,60024,0.3648349642753601,0.0,0.0
TDS,1993-10-21 20:00:00-04:00,25.695722579956055,25.754657745361328,25.047435760498047,25.165306091308594,366505,0.35730379819869995,0.0,0.0
TDS,1993-10-24 20:00:00-04:00,25.10637092590332,25.165306091308594,24.870630264282227,24.870630264282227,147620,0.35311996936798096,0.0,0.0
TDS,1993-10-25 20:00:00-04:00,24.870630264282227,24.870630264282227,24.693824768066406,24.811695098876953,137863,0.3522830307483673,0.0,0.0
TDS,1993-10-26 20:00:00-04:00,24.811695098876953,25.165306091308594,24.57595443725586,25.10637092590332,126834,0.35646697878837585,0.0,0.0
TDS,1993-10-27 20:00:00-04:00,25.10637092590332,25.63678741455078,25.10637092590332,25.518917083740234,444344,0.3623243570327759,0.0,0.0
TDS,1993-10-28 20:00:00-04:00,25.401046752929688,25.754657745361328,25.401046752929688,25.754657745361328,104776,0.3656715154647827,0.0,0.0
TDS,1993-10-31 19:00:00-05:00,25.63678741455078,25.872528076171875,25.63678741455078,25.8135929107666,316237,0.3665083944797516,0.0,0.0
TDS,1993-11-01 19:00:00-05:00,25.8135929107666,25.8135929107666,25.518917083740234,25.518917083740234,118987,0.3623243570327759,0.0,0.0
TDS,1993-11-02 19:00:00-05:00,25.401046752929688,25.45998191833496,25.224241256713867,25.28317642211914,239458,0.35897737741470337,0.0,0.0
TDS,1993-11-03 19:00:00-05:00,25.401046752929688,25.401046752929688,24.75275993347168,24.870630264282227,233732,0.35311996936798096,0.0,0.0
TDS,1993-11-04 19:00:00-05:00,24.634889602661133,24.75275993347168,24.458084106445312,24.75275993347168,207219,0.3514462113380432,0.0,0.0
TDS,1993-11-07 19:00:00-05:00,24.811695098876953,24.988500595092773,24.75275993347168,24.988500595092773,160770,0.354793518781662,0.0,0.0
TDS,1993-11-08 19:00:00-05:00,24.9295654296875,25.28317642211914,24.9295654296875,25.28317642211914,124289,0.35897737741470337,0.0,0.0
TDS,1993-11-09 19:00:00-05:00,25.224241256713867,25.28317642211914,24.9295654296875,25.165306091308594,60872,0.35730379819869995,0.0,0.0
TDS,1993-11-10 19:00:00-05:00,25.165306091308594,25.28317642211914,25.047435760498047,25.28317642211914,96292,0.35897737741470337,0.0,0.0
TDS,1993-11-11 19:00:00-05:00,25.28317642211914,25.342111587524414,25.047435760498047,25.342111587524414,106473,0.3598141372203827,0.0,0.0
TDS,1993-11-14 19:00:00-05:00,25.342111587524414,25.342111587524414,24.988500595092773,25.10637092590332,96929,0.35646697878837585,0.0,0.0
TDS,1993-11-15 19:00:00-05:00,24.988500595092773,25.10637092590332,24.870630264282227,25.047435760498047,89081,0.355630099773407,0.0,0.0
TDS,1993-11-16 19:00:00-05:00,24.988500595092773,24.988500595092773,24.517019271850586,24.634889602661133,224611,0.34977269172668457,0.0,0.0
TDS,1993-11-17 19:00:00-05:00,24.634889602661133,24.811695098876953,24.57595443725586,24.75275993347168,252820,0.3514462113380432,0.0,0.0
TDS,1993-11-18 19:00:00-05:00,24.870630264282227,24.870630264282227,23.868732452392578,23.868732452392578,314329,0.3388948440551758,0.0,0.0
TDS,1993-11-21 19:00:00-05:00,23.809797286987305,23.809797286987305,22.86683464050293,23.102575302124023,257062,0.3280165493488312,0.0,0.0
TDS,1993-11-22 19:00:00-05:00,22.98470687866211,22.98470687866211,22.0417423248291,22.33641815185547,942774,0.3171384632587433,0.0,0.0
TDS,1993-11-23 19:00:00-05:00,22.395353317260742,22.807899475097656,21.864938735961914,22.15961456298828,400440,0.31462815403938293,0.0,0.0
TDS,1993-11-25 19:00:00-05:00,22.277484893798828,22.277484893798828,22.0417423248291,22.15961456298828,130228,0.31462815403938293,0.0,0.0
TDS,1993-11-28 19:00:00-05:00,22.218549728393555,22.395353317260742,22.100677490234375,22.33641815185547,313692,0.3171384632587433,0.0,0.0
TDS,1993-11-29 19:00:00-05:00,22.277484893798828,22.277484893798828,21.982807159423828,22.15961456298828,312208,0.31462815403938293,0.0,0.0
TDS,1993-11-30 19:00:00-05:00,22.100677490234375,22.15961456298828,21.982807159423828,22.15961456298828,170951,0.31462815403938293,0.0,0.0
TDS,1993-12-01 19:00:00-05:00,22.100677490234375,22.15961456298828,22.100677490234375,22.15961456298828,291634,0.31462815403938293,0.0,0.0
TDS,1993-12-02 19:00:00-05:00,22.277484893798828,22.277484893798828,22.0417423248291,22.218549728393555,109018,0.3154650032520294,0.0,0.0
TDS,1993-12-05 19:00:00-05:00,22.277484893798828,22.33641815185547,22.0417423248291,22.218549728393555,121108,0.3154650032520294,0.0,0.0
TDS,1993-12-06 19:00:00-05:00,22.218549728393555,22.218549728393555,21.982807159423828,22.15961456298828,54297,0.31462815403938293,0.0,0.0
TDS,1993-12-07 19:00:00-05:00,22.15961456298828,22.15961456298828,21.80600357055664,22.0417423248291,135530,0.3129546642303467,0.0,0.0
TDS,1993-12-08 19:00:00-05:00,21.982807159423828,22.100677490234375,21.80600357055664,21.923873901367188,154831,0.3112809658050537,0.0,0.0
TDS,1993-12-09 19:00:00-05:00,21.80600357055664,21.923873901367188,21.68813133239746,21.923873901367188,136803,0.3112809658050537,0.0,0.0
TDS,1993-12-12 19:00:00-05:00,21.864938735961914,22.0417423248291,21.80600357055664,22.0417423248291,58327,0.3135276734828949,0.040076,0.0
TDS,1993-12-13 19:00:00-05:00,21.923873901367188,22.395353317260742,21.923873901367188,22.277484893798828,165436,0.3168809413909912,0.0,0.0
TDS,1993-12-14 19:00:00-05:00,22.33641815185547,22.33641815185547,22.0417423248291,22.15961456298828,365444,0.3152042329311371,0.0,0.0
TDS,1993-12-15 19:00:00-05:00,22.0417423248291,22.454288482666016,22.0417423248291,22.454288482666016,214219,0.31939566135406494,0.0,0.0
TDS,1993-12-16 19:00:00-05:00,22.454288482666016,23.515121459960938,22.454288482666016,22.98470687866211,292695,0.326940655708313,0.0,0.0
TDS,1993-12-19 19:00:00-05:00,22.925769805908203,23.279380798339844,22.925769805908203,23.102575302124023,142530,0.3286171853542328,0.0,0.0
TDS,1993-12-20 19:00:00-05:00,23.102575302124023,23.338315963745117,23.04364013671875,23.338315963745117,122592,0.3319703936576843,0.0,0.0
TDS,1993-12-21 19:00:00-05:00,23.338315963745117,23.456186294555664,22.98470687866211,23.04364013671875,101383,0.3277788460254669,0.0,0.0
TDS,1993-12-22 19:00:00-05:00,23.04364013671875,23.22044563293457,22.86683464050293,23.161510467529297,165012,0.32945555448532104,0.0,0.0
TDS,1993-12-26 19:00:00-05:00,23.161510467529297,23.57405662536621,23.102575302124023,23.515121459960938,93111,0.33448556065559387,0.0,0.0
TDS,1993-12-27 19:00:00-05:00,23.456186294555664,23.92766761779785,23.456186294555664,23.868732452392578,100110,0.3395155072212219,0.0,0.0
TDS,1993-12-28 19:00:00-05:00,23.809797286987305,24.104473114013672,23.57405662536621,23.57405662536621,81658,0.3353238105773926,0.0,0.0
TDS,1993-12-29 19:00:00-05:00,23.57405662536621,23.92766761779785,23.57405662536621,23.92766761779785,124289,0.34035351872444153,0.0,0.0
TDS,1993-12-30 19:00:00-05:00,23.809797286987305,24.693824768066406,23.809797286987305,24.57595443725586,88657,0.34957483410835266,0.0,0.0
TDS,1994-01-02 19:00:00-05:00,24.281278610229492,24.281278610229492,23.632991790771484,23.809797286987305,367777,0.3386770486831665,0.0,0.0
TDS,1994-01-03 19:00:00-05:00,23.809797286987305,23.809797286987305,22.807899475097656,23.04364013671875,209128,0.3277788460254669,0.0,0.0
TDS,1994-01-04 19:00:00-05:00,23.04364013671875,23.04364013671875,22.395353317260742,23.04364013671875,194281,0.3277788460254669,0.0,0.0
TDS,1994-01-05 19:00:00-05:00,23.04364013671875,23.39725112915039,22.63109588623047,22.748964309692383,191312,0.3235872685909271,0.0,0.0
TDS,1994-01-06 19:00:00-05:00,22.748964309692383,22.748964309692383,22.51322364807129,22.63109588623047,135742,0.3219107389450073,0.0,0.0
TDS,1994-01-09 19:00:00-05:00,22.63109588623047,22.63109588623047,22.395353317260742,22.63109588623047,798972,0.3219107389450073,0.0,0.0
TDS,1994-01-10 19:00:00-05:00,22.63109588623047,23.102575302124023,22.63109588623047,23.04364013671875,168193,0.3277788460254669,0.0,0.0
TDS,1994-01-11 19:00:00-05:00,23.102575302124023,23.456186294555664,23.102575302124023,23.456186294555664,205098,0.33364713191986084,0.0,0.0
TDS,1994-01-12 19:00:00-05:00,23.338315963745117,23.456186294555664,23.22044563293457,23.456186294555664,123229,0.33364713191986084,0.0,0.0
TDS,1994-01-13 19:00:00-05:00,23.456186294555664,23.515121459960938,23.22044563293457,23.338315963745117,165224,0.3319703936576843,0.0,0.0
TDS,1994-01-16 19:00:00-05:00,23.22044563293457,23.456186294555664,23.22044563293457,23.456186294555664,24815,0.33364713191986084,0.0,0.0
TDS,1994-01-17 19:00:00-05:00,23.338315963745117,23.515121459960938,22.98470687866211,23.04364013671875,118775,0.3277788460254669,0.0,0.0
TDS,1994-01-18 19:00:00-05:00,22.925769805908203,23.04364013671875,22.572160720825195,22.925769805908203,122380,0.3261023461818695,0.0,0.0
TDS,1994-01-19 19:00:00-05:00,22.925769805908203,22.925769805908203,22.69002914428711,22.807899475097656,45601,0.3244258761405945,0.0,0.0
TDS,1994-01-20 19:00:00-05:00,22.925769805908203,23.04364013671875,22.748964309692383,22.807899475097656,94596,0.3244258761405945,0.0,0.0
TDS,1994-01-23 19:00:00-05:00,22.807899475097656,23.161510467529297,22.748964309692383,22.86683464050293,121320,0.3252641260623932,0.0,0.0
TDS,1994-01-24 19:00:00-05:00,22.748964309692383,22.807899475097656,22.277484893798828,22.395353317260742,173708,0.3185575306415558,0.0,0.0
TDS,1994-01-25 19:00:00-05:00,22.15961456298828,22.15961456298828,21.923873901367188,22.15961456298828,214431,0.3152042329311371,0.0,0.0
TDS,1994-01-26 19:00:00-05:00,22.0417423248291,22.395353317260742,21.864938735961914,22.277484893798828,372019,0.3168809413909912,0.0,0.0
TDS,1994-01-27 19:00:00-05:00,22.395353317260742,22.63109588623047,22.395353317260742,22.51322364807129,196614,0.3202340602874756,0.0,0.0
TDS,1994-01-30 19:00:00-05:00,22.748964309692383,23.279380798339844,22.748964309692383,23.279380798339844,367989,0.331132173538208,0.0,0.0
TDS,1994-01-31 19:00:00-05:00,23.39725112915039,23.57405662536621,22.925769805908203,23.04364013671875,162255,0.3277788460254669,0.0,0.0
TDS,1994-02-01 19:00:00-05:00,22.98470687866211,23.04364013671875,22.86683464050293,22.86683464050293,84839,0.3252641260623932,0.0,0.0
TDS,1994-02-02 19:00:00-05:00,22.807899475097656,22.807899475097656,22.51322364807129,22.63109588623047,109442,0.3219107389450073,0.0,0.0
TDS,1994-02-03 19:00:00-05:00,22.51322364807129,22.63109588623047,22.218549728393555,22.395353317260742,119835,0.3185575306415558,0.0,0.0
TDS,1994-02-06 19:00:00-05:00,22.277484893798828,23.279380798339844,22.277484893798828,23.279380798339844,148892,0.331132173538208,0.0,0.0
TDS,1994-02-07 19:00:00-05:00,23.338315963745117,23.456186294555664,22.925769805908203,23.338315963745117,151862,0.3319703936576843,0.0,0.0
TDS,1994-02-08 19:00:00-05:00,23.22044563293457,23.456186294555664,22.395353317260742,23.456186294555664,470432,0.33364713191986084,0.0,0.0
TDS,1994-02-09 19:00:00-05:00,23.456186294555664,23.456186294555664,22.51322364807129,22.572160720825195,195342,0.3210722506046295,0.0,0.0
TDS,1994-02-10 19:00:00-05:00,22.572160720825195,22.572160720825195,21.80600357055664,22.0417423248291,318783,0.3135276734828949,0.0,0.0
TDS,1994-02-13 19:00:00-05:00,21.80600357055664,21.923873901367188,20.863040924072266,21.275585174560547,636293,0.3026295304298401,0.0,0.0
TDS,1994-02-14 19:00:00-05:00,21.334522247314453,21.923873901367188,21.334522247314453,21.80600357055664,377746,0.3101744055747986,0.0,0.0
TDS,1994-02-15 19:00:00-05:00,22.0417423248291,22.0417423248291,21.747068405151367,21.923873901367188,162891,0.3118509352207184,0.0,0.0
TDS,1994-02-16 19:00:00-05:00,21.923873901367188,21.923873901367188,21.570262908935547,21.629196166992188,202341,0.3076595962047577,0.0,0.0
TDS,1994-02-17 19:00:00-05:00,21.570262908935547,21.629196166992188,21.275585174560547,21.629196166992188,184313,0.3076595962047577,0.0,0.0
TDS,1994-02-21 19:00:00-05:00,21.511327743530273,21.80600357055664,21.511327743530273,21.80600357055664,122804,0.3101744055747986,0.0,0.0
TDS,1994-02-22 19:00:00-05:00,21.80600357055664,21.864938735961914,21.570262908935547,21.68813133239746,111988,0.30849772691726685,0.0,0.0
TDS,1994-02-23 19:00:00-05:00,21.570262908935547,21.629196166992188,20.980911254882812,21.09878158569336,245821,0.3001147210597992,0.0,0.0
TDS,1994-02-24 19:00:00-05:00,21.039846420288086,21.039846420288086,20.804105758666992,20.863040924072266,664714,0.2967616021633148,0.0,0.0
TDS,1994-02-27 19:00:00-05:00,20.980911254882812,21.393457412719727,20.863040924072266,21.393457412719727,162467,0.30430635809898376,0.0,0.0
TDS,1994-02-28 19:00:00-05:00,21.452392578125,21.80600357055664,21.157716751098633,21.452392578125,209552,0.3051447868347168,0.0,0.0
TDS,1994-03-01 19:00:00-05:00,21.216651916503906,21.511327743530273,21.039846420288086,21.334522247314453,138924,0.3034679591655731,0.0,0.0
TDS,1994-03-02 19:00:00-05:00,21.216651916503906,21.334522247314453,21.039846420288086,21.039846420288086,97989,0.2992764413356781,0.0,0.0
TDS,1994-03-03 19:00:00-05:00,21.09878158569336,21.157716751098633,20.863040924072266,20.863040924072266,276151,0.2967616021633148,0.0,0.0
TDS,1994-03-06 19:00:00-05:00,20.863040924072266,21.216651916503906,20.863040924072266,21.039846420288086,202977,0.2992764413356781,0.0,0.0
TDS,1994-03-07 19:00:00-05:00,21.039846420288086,21.09878158569336,20.45049476623535,20.627300262451172,198735,0.29340824484825134,0.0,0.0
TDS,1994-03-08 19:00:00-05:00,20.627300262451172,20.627300262451172,20.09688377380371,20.155818939208984,287604,0.28670191764831543,0.0,0.0
TDS,1994-03-09 19:00:00-05:00,20.037948608398438,20.27368927001953,19.094985961914062,20.155818939208984,773308,0.28670191764831543,0.0,0.0
TDS,1994-03-10 19:00:00-05:00,20.09688377380371,20.863040924072266,19.979013442993164,20.627300262451172,298209,0.29402726888656616,0.042433,0.0
TDS,1994-03-13 19:00:00-05:00,20.509429931640625,20.509429931640625,20.332624435424805,20.45049476623535,196190,0.2915070056915283,0.0,0.0
TDS,1994-03-14 19:00:00-05:00,20.332624435424805,20.332624435424805,19.684337615966797,20.27368927001953,185161,0.2889869213104248,0.0,0.0
TDS,1994-03-15 19:00:00-05:00,20.27368927001953,20.509429931640625,20.155818939208984,20.45049476623535,222702,0.2915070056915283,0.0,0.0
TDS,1994-03-16 19:00:00-05:00,20.5683650970459,20.804105758666992,20.391559600830078,20.74517059326172,160982,0.29570749402046204,0.0,0.0
TDS,1994-03-17 19:00:00-05:00,20.74517059326172,20.74517059326172,20.391559600830078,20.509429931640625,186434,0.29234710335731506,0.0,0.0
TDS,1994-03-20 19:00:00-05:00,20.509429931640625,20.509429931640625,19.92007827758789,20.214754104614258,117078,0.2881466746330261,0.0,0.0
TDS,1994-03-21 19:00:00-05:00,20.09688377380371,20.09688377380371,19.56646728515625,19.802207946777344,126622,0.28226616978645325,0.0,0.0
TDS,1994-03-22 19:00:00-05:00,19.625402450561523,19.979013442993164,19.625402450561523,19.802207946777344,51328,0.28226616978645325,0.0,0.0
TDS,1994-03-23 19:00:00-05:00,19.625402450561523,19.684337615966797,19.094985961914062,19.448596954345703,195130,0.27722570300102234,0.0,0.0
TDS,1994-03-24 19:00:00-05:00,19.625402450561523,19.625402450561523,19.21285629272461,19.330726623535156,1106513,0.27554571628570557,0.0,0.0
TDS,1994-03-27 19:00:00-05:00,19.21285629272461,19.21285629272461,18.623504638671875,18.800310134887695,593661,0.2679848074913025,0.0,0.0
TDS,1994-03-28 19:00:00-05:00,18.85924530029297,18.918180465698242,18.38776397705078,18.5645694732666,378170,0.2646245062351227,0.0,0.0
TDS,1994-03-29 19:00:00-05:00,18.446699142456055,18.5645694732666,17.916282653808594,18.269893646240234,447526,0.2604241371154785,0.0,0.0
TDS,1994-03-30 19:00:00-05:00,18.093088150024414,18.328828811645508,17.326932907104492,17.798412322998047,500550,0.2537034749984741,0.0,0.0
TDS,1994-04-03 20:00:00-04:00,17.562671661376953,17.739477157592773,17.26799774169922,17.50373649597168,244761,0.24950313568115234,0.0,0.0
TDS,1994-04-04 20:00:00-04:00,17.680543899536133,17.739477157592773,17.385866165161133,17.62160873413086,338296,0.2511832118034363,0.0,0.0
TDS,1994-04-05 20:00:00-04:00,17.739477157592773,17.798412322998047,17.385866165161133,17.562671661376953,107533,0.2503432035446167,0.0,0.0
TDS,1994-04-06 20:00:00-04:00,17.562671661376953,17.680543899536133,16.97332191467285,17.444801330566406,269788,0.24866312742233276,0.0,0.0
TDS,1994-04-07 20:00:00-04:00,17.444801330566406,18.446699142456055,17.444801330566406,18.269893646240234,340629,0.2604241371154785,0.0,0.0
TDS,1994-04-10 20:00:00-04:00,18.269893646240234,18.623504638671875,18.269893646240234,18.38776397705078,365656,0.26210442185401917,0.0,0.0
TDS,1994-04-11 20:00:00-04:00,18.328828811645508,18.505634307861328,18.328828811645508,18.38776397705078,54509,0.26210442185401917,0.0,0.0
TDS,1994-04-12 20:00:00-04:00,18.446699142456055,18.800310134887695,18.328828811645508,18.446699142456055,449435,0.2629442512989044,0.0,0.0
TDS,1994-04-13 20:00:00-04:00,18.328828811645508,18.328828811645508,18.034154891967773,18.034154891967773,45389,0.25706398487091064,0.0,0.0
TDS,1994-04-14 20:00:00-04:00,17.975217819213867,18.152023315429688,17.444801330566406,17.798412322998047,240519,0.2537034749984741,0.0,0.0
TDS,1994-04-17 20:00:00-04:00,17.680543899536133,17.680543899536133,17.15012550354004,17.385866165161133,159073,0.2478230893611908,0.0,0.0
TDS,1994-04-18 20:00:00-04:00,17.385866165161133,17.62160873413086,17.26799774169922,17.562671661376953,113260,0.2503432035446167,0.0,0.0
TDS,1994-04-19 20:00:00-04:00,17.385866165161133,17.680543899536133,17.26799774169922,17.680543899536133,107958,0.25202348828315735,0.0,0.0
TDS,1994-04-20 20:00:00-04:00,17.798412322998047,17.798412322998047,17.562671661376953,17.680543899536133,158225,0.25202348828315735,0.0,0.0
TDS,1994-04-21 20:00:00-04:00,17.739477157592773,17.739477157592773,17.26799774169922,17.50373649597168,108170,0.24950313568115234,0.0,0.0
TDS,1994-04-24 20:00:00-04:00,17.62160873413086,17.739477157592773,17.444801330566406,17.62160873413086,125774,0.2511832118034363,0.0,0.0
TDS,1994-04-25 20:00:00-04:00,17.562671661376953,17.739477157592773,17.444801330566406,17.739477157592773,221218,0.2528636157512665,0.0,0.0
TDS,1994-04-27 20:00:00-04:00,17.62160873413086,17.916282653808594,17.62160873413086,17.798412322998047,265334,0.2537034749984741,0.0,0.0
TDS,1994-04-28 20:00:00-04:00,17.798412322998047,17.916282653808594,17.739477157592773,17.916282653808594,128955,0.25538361072540283,0.0,0.0
TDS,1994-05-01 20:00:00-04:00,17.798412322998047,18.034154891967773,17.798412322998047,17.798412322998047,190464,0.2537034749984741,0.0,0.0
TDS,1994-05-02 20:00:00-04:00,17.680543899536133,17.975217819213867,17.680543899536133,17.916282653808594,139348,0.25538361072540283,0.0,0.0
TDS,1994-05-03 20:00:00-04:00,17.798412322998047,17.916282653808594,17.62160873413086,17.739477157592773,128531,0.2528636157512665,0.0,0.0
TDS,1994-05-04 20:00:00-04:00,17.739477157592773,17.739477157592773,17.385866165161133,17.385866165161133,121744,0.2478230893611908,0.0,0.0
TDS,1994-05-05 20:00:00-04:00,17.562671661376953,17.798412322998047,17.562671661376953,17.562671661376953,171163,0.2503432035446167,0.0,0.0
TDS,1994-05-08 20:00:00-04:00,17.562671661376953,17.680543899536133,17.26799774169922,17.562671661376953,169254,0.2503432035446167,0.0,0.0
TDS,1994-05-09 20:00:00-04:00,17.562671661376953,17.916282653808594,17.562671661376953,17.916282653808594,137227,0.25538361072540283,0.0,0.0
TDS,1994-05-10 20:00:00-04:00,17.975217819213867,18.269893646240234,17.916282653808594,18.152023315429688,182192,0.25874394178390503,0.0,0.0
TDS,1994-05-11 20:00:00-04:00,18.152023315429688,18.269893646240234,17.916282653808594,17.975217819213867,91202,0.2562238574028015,0.0,0.0
TDS,1994-05-12 20:00:00-04:00,17.975217819213867,17.975217819213867,17.85734748840332,17.85734748840332,61508,0.25454360246658325,0.0,0.0
TDS,1994-05-15 20:00:00-04:00,17.975217819213867,18.38776397705078,17.975217819213867,18.21095848083496,122168,0.259583979845047,0.0,0.0
TDS,1994-05-16 20:00:00-04:00,18.21095848083496,18.328828811645508,18.093088150024414,18.269893646240234,90141,0.2604241371154785,0.0,0.0
TDS,1994-05-17 20:00:00-04:00,18.328828811645508,18.446699142456055,18.152023315429688,18.446699142456055,82294,0.2629442512989044,0.0,0.0
TDS,1994-05-18 20:00:00-04:00,18.68243980407715,18.977115631103516,18.68243980407715,18.741374969482422,189827,0.2671447992324829,0.0,0.0
TDS,1994-05-19 20:00:00-04:00,18.85924530029297,18.918180465698242,18.505634307861328,18.623504638671875,83354,0.2654646039009094,0.0,0.0
TDS,1994-05-22 20:00:00-04:00,18.505634307861328,18.741374969482422,18.505634307861328,18.623504638671875,108382,0.2654646039009094,0.0,0.0
TDS,1994-05-23 20:00:00-04:00,18.68243980407715,18.800310134887695,18.5645694732666,18.741374969482422,103928,0.2671447992324829,0.0,0.0
TDS,1994-05-24 20:00:00-04:00,18.741374969482422,18.85924530029297,18.623504638671875,18.85924530029297,68295,0.2688247859477997,0.0,0.0
TDS,1994-05-25 20:00:00-04:00,18.800310134887695,18.977115631103516,18.68243980407715,18.918180465698242,187282,0.26966503262519836,0.0,0.0
TDS,1994-05-26 20:00:00-04:00,18.918180465698242,19.21285629272461,18.85924530029297,19.03605079650879,61720,0.27134522795677185,0.0,0.0
TDS,1994-05-30 20:00:00-04:00,19.03605079650879,19.507532119750977,19.03605079650879,19.330726623535156,113684,0.27554571628570557,0.0,0.0
TDS,1994-05-31 20:00:00-04:00,19.271791458129883,19.74327278137207,19.094985961914062,19.56646728515625,92050,0.2789060175418854,0.0,0.0
TDS,1994-06-01 20:00:00-04:00,19.507532119750977,19.625402450561523,19.448596954345703,19.56646728515625,120471,0.2789060175418854,0.0,0.0
TDS,1994-06-02 20:00:00-04:00,19.448596954345703,19.684337615966797,19.38966178894043,19.684337615966797,205310,0.2805860638618469,0.0,0.0
TDS,1994-06-05 20:00:00-04:00,19.92007827758789,19.92007827758789,19.684337615966797,19.92007827758789,107109,0.28394633531570435,0.0,0.0
TDS,1994-06-06 20:00:00-04:00,20.09688377380371,20.214754104614258,19.861143112182617,20.09688377380371,72113,0.28646665811538696,0.0,0.0
TDS,1994-06-07 20:00:00-04:00,19.979013442993164,20.155818939208984,19.74327278137207,19.74327278137207,177738,0.2814261019229889,0.0,0.0
TDS,1994-06-08 20:00:00-04:00,19.802207946777344,19.802207946777344,19.507532119750977,19.684337615966797,102019,0.2805860638618469,0.0,0.0
TDS,1994-06-09 20:00:00-04:00,19.684337615966797,19.802207946777344,19.507532119750977,19.507532119750977,82718,0.27806583046913147,0.0,0.0
TDS,1994-06-12 20:00:00-04:00,19.507532119750977,19.74327278137207,19.448596954345703,19.56646728515625,106897,0.2795140743255615,0.042433,0.0
TDS,1994-06-13 20:00:00-04:00,19.56646728515625,19.74327278137207,19.330726623535156,19.330726623535156,51964,0.2761462926864624,0.0,0.0
TDS,1994-06-14 20:00:00-04:00,19.507532119750977,19.684337615966797,19.448596954345703,19.448596954345703,51328,0.2778301537036896,0.0,0.0
TDS,1994-06-15 20:00:00-04:00,19.271791458129883,19.507532119750977,19.153921127319336,19.271791458129883,71477,0.2753044664859772,0.0,0.0
TDS,1994-06-16 20:00:00-04:00,19.271791458129883,19.56646728515625,19.271791458129883,19.507532119750977,114533,0.2786720395088196,0.0,0.0
TDS,1994-06-19 20:00:00-04:00,19.507532119750977,19.507532119750977,18.800310134887695,19.03605079650879,113260,0.2719365358352661,0.0,0.0
TDS,1994-06-20 20:00:00-04:00,18.918180465698242,18.918180465698242,18.505634307861328,18.741374969482422,344234,0.26772716641426086,0.0,0.0
TDS,1994-06-21 20:00:00-04:00,18.918180465698242,18.918180465698242,18.38776397705078,18.446699142456055,312420,0.2635175585746765,0.0,0.0
TDS,1994-06-22 20:00:00-04:00,18.505634307861328,18.85924530029297,18.505634307861328,18.623504638671875,240307,0.2660432755947113,0.0,0.0
TDS,1994-06-23 20:00:00-04:00,18.5645694732666,18.623504638671875,18.093088150024414,18.152023315429688,174980,0.25930798053741455,0.0,0.0
TDS,1994-06-26 20:00:00-04:00,18.093088150024414,18.269893646240234,17.680543899536133,18.269893646240234,172647,0.26099181175231934,0.0,0.0
TDS,1994-06-27 20:00:00-04:00,18.21095848083496,18.38776397705078,17.798412322998047,17.798412322998047,84415,0.25425654649734497,0.0,0.0
TDS,1994-06-28 20:00:00-04:00,17.798412322998047,17.85734748840332,17.444801330566406,17.62160873413086,372019,0.251730740070343,0.0,0.0
TDS,1994-06-29 20:00:00-04:00,17.85734748840332,17.85734748840332,17.326932907104492,17.444801330566406,450495,0.24920500814914703,0.0,0.0
TDS,1994-06-30 20:00:00-04:00,17.562671661376953,17.562671661376953,17.091190338134766,17.444801330566406,213794,0.24920500814914703,0.0,0.0
TDS,1994-07-04 20:00:00-04:00,17.562671661376953,17.62160873413086,17.385866165161133,17.50373649597168,270636,0.2500469982624054,0.0,0.0
TDS,1994-07-05 20:00:00-04:00,17.385866165161133,17.444801330566406,17.26799774169922,17.26799774169922,145287,0.24667948484420776,0.0,0.0
TDS,1994-07-06 20:00:00-04:00,17.385866165161133,17.562671661376953,17.209062576293945,17.385866165161133,469372,0.24836327135562897,0.0,0.0
TDS,1994-07-07 20:00:00-04:00,17.326932907104492,17.444801330566406,17.15012550354004,17.209062576293945,154407,0.24583737552165985,0.0,0.0
TDS,1994-07-10 20:00:00-04:00,17.209062576293945,17.209062576293945,16.737579345703125,16.914386749267578,330660,0.24162797629833221,0.0,0.0
TDS,1994-07-11 20:00:00-04:00,16.97332191467285,17.15012550354004,16.97332191467285,17.091190338134766,245185,0.24415351450443268,0.0,0.0
TDS,1994-07-12 20:00:00-04:00,17.26799774169922,17.26799774169922,17.15012550354004,17.15012550354004,91202,0.24499544501304626,0.0,0.0
TDS,1994-07-13 20:00:00-04:00,17.26799774169922,17.680543899536133,17.091190338134766,17.444801330566406,338508,0.24920500814914703,0.0,0.0
TDS,1994-07-14 20:00:00-04:00,17.444801330566406,17.444801330566406,17.26799774169922,17.385866165161133,107109,0.24836327135562897,0.0,0.0
TDS,1994-07-17 20:00:00-04:00,17.50373649597168,17.680543899536133,17.326932907104492,17.62160873413086,215703,0.251730740070343,0.0,0.0
TDS,1994-07-18 20:00:00-04:00,17.562671661376953,17.975217819213867,17.562671661376953,17.916282653808594,318783,0.25594043731689453,0.0,0.0
TDS,1994-07-19 20:00:00-04:00,17.916282653808594,17.975217819213867,17.680543899536133,17.739477157592773,267031,0.2534148395061493,0.0,0.0
TDS,1994-07-20 20:00:00-04:00,17.680543899536133,17.975217819213867,17.680543899536133,17.798412322998047,636505,0.25425654649734497,0.0,0.0
TDS,1994-07-21 20:00:00-04:00,17.916282653808594,18.38776397705078,17.916282653808594,18.328828811645508,303300,0.26183369755744934,0.0,0.0
TDS,1994-07-24 20:00:00-04:00,18.269893646240234,18.68243980407715,18.269893646240234,18.5645694732666,221006,0.2652014195919037,0.0,0.0
TDS,1994-07-25 20:00:00-04:00,18.68243980407715,19.21285629272461,18.68243980407715,18.977115631103516,166497,0.2710948884487152,0.0,0.0
TDS,1994-07-26 20:00:00-04:00,18.977115631103516,18.977115631103516,18.623504638671875,18.68243980407715,95656,0.26688510179519653,0.0,0.0
TDS,1994-07-27 20:00:00-04:00,18.68243980407715,18.977115631103516,18.68243980407715,18.85924530029297,222066,0.2694108784198761,0.0,0.0
TDS,1994-07-28 20:00:00-04:00,18.977115631103516,19.330726623535156,18.977115631103516,19.21285629272461,226096,0.27446237206459045,0.0,0.0
TDS,1994-07-31 20:00:00-04:00,19.21285629272461,19.56646728515625,19.153921127319336,19.56646728515625,209977,0.2795140743255615,0.0,0.0
TDS,1994-08-01 20:00:00-04:00,19.56646728515625,19.625402450561523,19.38966178894043,19.448596954345703,272333,0.2778301537036896,0.0,0.0
TDS,1994-08-02 20:00:00-04:00,19.448596954345703,19.448596954345703,19.21285629272461,19.271791458129883,222278,0.2753044664859772,0.0,0.0
TDS,1994-08-03 20:00:00-04:00,19.271791458129883,19.507532119750977,19.271791458129883,19.507532119750977,209552,0.2786720395088196,0.0,0.0
TDS,1994-08-04 20:00:00-04:00,19.330726623535156,19.38966178894043,19.271791458129883,19.38966178894043,216976,0.27698811888694763,0.0,0.0
TDS,1994-08-07 20:00:00-04:00,19.38966178894043,19.507532119750977,19.330726623535156,19.507532119750977,273182,0.2786720395088196,0.0,0.0
TDS,1994-08-08 20:00:00-04:00,19.507532119750977,19.92007827758789,19.448596954345703,19.861143112182617,409772,0.28372326493263245,0.0,0.0
TDS,1994-08-09 20:00:00-04:00,20.155818939208984,20.214754104614258,19.979013442993164,20.214754104614258,286120,0.28877493739128113,0.0,0.0
TDS,1994-08-10 20:00:00-04:00,20.155818939208984,20.155818939208984,19.92007827758789,19.92007827758789,252184,0.2845652997493744,0.0,0.0
TDS,1994-08-11 20:00:00-04:00,20.037948608398438,20.09688377380371,19.92007827758789,20.09688377380371,47934,0.2870911657810211,0.0,0.0
TDS,1994-08-14 20:00:00-04:00,20.09688377380371,20.09688377380371,19.802207946777344,19.802207946777344,109442,0.2828814387321472,0.0,0.0
TDS,1994-08-15 20:00:00-04:00,19.802207946777344,19.861143112182617,19.448596954345703,19.625402450561523,88657,0.280355840921402,0.0,0.0
TDS,1994-08-16 20:00:00-04:00,19.684337615966797,19.74327278137207,19.625402450561523,19.684337615966797,40299,0.2811979055404663,0.0,0.0
TDS,1994-08-17 20:00:00-04:00,19.74327278137207,19.861143112182617,19.56646728515625,19.56646728515625,119411,0.2795140743255615,0.0,0.0
TDS,1994-08-18 20:00:00-04:00,19.507532119750977,19.684337615966797,19.330726623535156,19.684337615966797,79537,0.2811979055404663,0.0,0.0
TDS,1994-08-21 20:00:00-04:00,19.684337615966797,19.861143112182617,19.56646728515625,19.861143112182617,183889,0.28372326493263245,0.0,0.0
TDS,1994-08-22 20:00:00-04:00,19.92007827758789,20.09688377380371,19.92007827758789,20.037948608398438,322388,0.28624922037124634,0.0,0.0
TDS,1994-08-23 20:00:00-04:00,19.92007827758789,20.037948608398438,19.861143112182617,19.979013442993164,25876,0.2854071259498596,0.0,0.0
TDS,1994-08-24 20:00:00-04:00,19.861143112182617,20.037948608398438,19.802207946777344,20.037948608398438,226944,0.28624922037124634,0.0,0.0
TDS,1994-08-25 20:00:00-04:00,20.09688377380371,20.214754104614258,19.92007827758789,20.037948608398438,180707,0.28624922037124634,0.0,0.0
TDS,1994-08-28 20:00:00-04:00,20.155818939208984,20.332624435424805,20.155818939208984,20.214754104614258,156740,0.28877493739128113,0.0,0.0
TDS,1994-08-29 20:00:00-04:00,20.27368927001953,20.509429931640625,20.27368927001953,20.27368927001953,136167,0.2896169424057007,0.0,0.0
TDS,1994-08-30 20:00:00-04:00,20.332624435424805,20.5683650970459,20.332624435424805,20.509429931640625,117290,0.2929842472076416,0.0,0.0
TDS,1994-08-31 20:00:00-04:00,20.509429931640625,20.804105758666992,20.45049476623535,20.74517059326172,527062,0.2963521480560303,0.0,0.0
TDS,1994-09-01 20:00:00-04:00,20.804105758666992,20.980911254882812,20.804105758666992,20.863040924072266,431619,0.2980358600616455,0.0,0.0
TDS,1994-09-05 20:00:00-04:00,20.92197608947754,21.157716751098633,20.92197608947754,21.157716751098633,238398,0.30224552750587463,0.0,0.0
TDS,1994-09-06 20:00:00-04:00,21.216651916503906,21.334522247314453,21.039846420288086,21.09878158569336,270849,0.3014034628868103,0.0,0.0
TDS,1994-09-07 20:00:00-04:00,21.09878158569336,21.334522247314453,21.09878158569336,21.216651916503906,169254,0.30308735370635986,0.0,0.0
TDS,1994-09-08 20:00:00-04:00,21.09878158569336,21.393457412719727,21.09878158569336,21.334522247314453,149953,0.3047710657119751,0.0,0.0
TDS,1994-09-11 20:00:00-04:00,21.216651916503906,21.334522247314453,21.216651916503906,21.275585174560547,209128,0.3045348823070526,0.042433,0.0
TDS,1994-09-12 20:00:00-04:00,21.275585174560547,21.452392578125,21.275585174560547,21.452392578125,211037,0.3070656657218933,0.0,0.0
TDS,1994-09-13 20:00:00-04:00,21.393457412719727,21.747068405151367,21.216651916503906,21.747068405151367,409985,0.31128355860710144,0.0,0.0
TDS,1994-09-14 20:00:00-04:00,21.80600357055664,21.982807159423828,21.80600357055664,21.982807159423828,143802,0.3146580159664154,0.0,0.0
TDS,1994-09-15 20:00:00-04:00,22.277484893798828,22.277484893798828,21.864938735961914,22.100677490234375,284635,0.3163452446460724,0.0,0.0
TDS,1994-09-18 20:00:00-04:00,22.0417423248291,22.454288482666016,21.864938735961914,22.277484893798828,228217,0.31887590885162354,0.0,0.0
TDS,1994-09-19 20:00:00-04:00,22.218549728393555,22.218549728393555,21.334522247314453,21.334522247314453,103716,0.3053783178329468,0.0,0.0
TDS,1994-09-20 20:00:00-04:00,21.393457412719727,21.570262908935547,21.275585174560547,21.452392578125,114321,0.3070656657218933,0.0,0.0
TDS,1994-09-21 20:00:00-04:00,21.511327743530273,21.80600357055664,21.511327743530273,21.747068405151367,87172,0.31128355860710144,0.0,0.0
TDS,1994-09-22 20:00:00-04:00,21.747068405151367,22.15961456298828,21.747068405151367,21.80600357055664,311359,0.31212711334228516,0.0,0.0
TDS,1994-09-25 20:00:00-04:00,21.80600357055664,21.80600357055664,21.334522247314453,21.511327743530273,53449,0.30790916085243225,0.0,0.0
TDS,1994-09-26 20:00:00-04:00,21.275585174560547,21.629196166992188,21.275585174560547,21.629196166992188,279969,0.309596449136734,0.0,0.0
TDS,1994-09-27 20:00:00-04:00,21.629196166992188,21.68813133239746,21.570262908935547,21.629196166992188,114957,0.309596449136734,0.0,0.0
TDS,1994-09-28 20:00:00-04:00,21.629196166992188,21.629196166992188,21.334522247314453,21.452392578125,73386,0.3070656657218933,0.0,0.0
TDS,1994-09-29 20:00:00-04:00,21.511327743530273,21.68813133239746,21.452392578125,21.68813133239746,339780,0.3104397654533386,0.0,0.0
TDS,1994-10-02 20:00:00-04:00,21.747068405151367,21.80600357055664,21.570262908935547,21.68813133239746,202977,0.3104397654533386,0.0,0.0
TDS,1994-10-03 20:00:00-04:00,21.68813133239746,21.68813133239746,21.452392578125,21.452392578125,260880,0.3070656657218933,0.0,0.0
TDS,1994-10-04 20:00:00-04:00,21.511327743530273,21.511327743530273,21.09878158569336,21.275585174560547,140621,0.3045348823070526,0.0,0.0
TDS,1994-10-05 20:00:00-04:00,21.393457412719727,21.511327743530273,21.275585174560547,21.275585174560547,208704,0.3045348823070526,0.0,0.0
TDS,1994-10-06 20:00:00-04:00,21.393457412719727,21.393457412719727,21.275585174560547,21.393457412719727,255578,0.30622223019599915,0.0,0.0
TDS,1994-10-09 20:00:00-04:00,21.393457412719727,21.511327743530273,21.334522247314453,21.393457412719727,27785,0.30622223019599915,0.0,0.0
TDS,1994-10-10 20:00:00-04:00,21.511327743530273,21.923873901367188,21.452392578125,21.923873901367188,97565,0.31381434202194214,0.0,0.0
TDS,1994-10-11 20:00:00-04:00,22.100677490234375,22.100677490234375,21.629196166992188,21.629196166992188,282938,0.309596449136734,0.0,0.0
TDS,1994-10-12 20:00:00-04:00,21.629196166992188,21.982807159423828,21.629196166992188,21.982807159423828,209977,0.3146580159664154,0.0,0.0
TDS,1994-10-13 20:00:00-04:00,21.982807159423828,22.0417423248291,21.864938735961914,22.0417423248291,84415,0.3155016601085663,0.0,0.0
TDS,1994-10-16 20:00:00-04:00,22.0417423248291,22.0417423248291,21.923873901367188,21.982807159423828,21422,0.3146580159664154,0.0,0.0
TDS,1994-10-17 20:00:00-04:00,22.15961456298828,22.277484893798828,21.864938735961914,22.15961456298828,355688,0.31718870997428894,0.0,0.0
TDS,1994-10-18 20:00:00-04:00,22.15961456298828,23.04364013671875,22.100677490234375,22.925769805908203,470432,0.3281553089618683,0.0,0.0
TDS,1994-10-19 20:00:00-04:00,22.98470687866211,23.22044563293457,22.925769805908203,23.04364013671875,377534,0.32984259724617004,0.0,0.0
TDS,1994-10-20 20:00:00-04:00,22.925769805908203,22.925769805908203,22.454288482666016,22.86683464050293,211673,0.3273119032382965,0.0,0.0
TDS,1994-10-23 20:00:00-04:00,22.807899475097656,22.807899475097656,22.51322364807129,22.51322364807129,102867,0.32225027680397034,0.0,0.0
TDS,1994-10-24 20:00:00-04:00,22.395353317260742,22.51322364807129,22.33641815185547,22.51322364807129,363323,0.32225027680397034,0.0,0.0
TDS,1994-10-25 20:00:00-04:00,22.454288482666016,22.86683464050293,22.454288482666016,22.86683464050293,86324,0.3273119032382965,0.0,0.0
TDS,1994-10-26 20:00:00-04:00,22.748964309692383,22.98470687866211,22.69002914428711,22.925769805908203,228429,0.3281553089618683,0.0,0.0
TDS,1994-10-27 20:00:00-04:00,22.98470687866211,23.338315963745117,22.98470687866211,23.279380798339844,127046,0.3332167863845825,0.0,0.0
TDS,1994-10-30 19:00:00-05:00,23.279380798339844,23.515121459960938,22.98470687866211,23.338315963745117,113896,0.3340604901313782,0.0,0.0
TDS,1994-10-31 19:00:00-05:00,22.86683464050293,23.161510467529297,22.748964309692383,23.102575302124023,225460,0.330686092376709,0.0,0.0
TDS,1994-11-01 19:00:00-05:00,23.102575302124023,23.132043838500977,22.454288482666016,22.572160720825195,460464,0.3230937421321869,0.0,0.0
TDS,1994-11-02 19:00:00-05:00,22.63109588623047,22.63109588623047,22.218549728393555,22.33641815185547,110715,0.319719523191452,0.0,0.0
TDS,1994-11-03 19:00:00-05:00,22.218549728393555,22.395353317260742,22.100677490234375,22.100677490234375,310299,0.3163452446460724,0.0,0.0
TDS,1994-11-06 19:00:00-05:00,21.864938735961914,22.100677490234375,21.747068405151367,21.923873901367188,81658,0.31381434202194214,0.0,0.0
TDS,1994-11-07 19:00:00-05:00,22.0417423248291,22.100677490234375,21.747068405151367,21.80600357055664,186434,0.31212711334228516,0.0,0.0
TDS,1994-11-08 19:00:00-05:00,21.80600357055664,21.80600357055664,21.629196166992188,21.629196166992188,484219,0.309596449136734,0.0,0.0
TDS,1994-11-09 19:00:00-05:00,21.68813133239746,21.68813133239746,21.334522247314453,21.393457412719727,236065,0.30622223019599915,0.0,0.0
TDS,1994-11-10 19:00:00-05:00,21.334522247314453,21.570262908935547,21.334522247314453,21.452392578125,34148,0.3070656657218933,0.0,0.0
TDS,1994-11-13 19:00:00-05:00,21.511327743530273,21.747068405151367,21.452392578125,21.68813133239746,90990,0.3104397654533386,0.0,0.0
TDS,1994-11-14 19:00:00-05:00,21.68813133239746,21.747068405151367,21.570262908935547,21.68813133239746,169254,0.3104397654533386,0.0,0.0
TDS,1994-11-15 19:00:00-05:00,21.68813133239746,21.68813133239746,21.452392578125,21.511327743530273,153771,0.30790916085243225,0.0,0.0
TDS,1994-11-16 19:00:00-05:00,21.570262908935547,21.80600357055664,21.511327743530273,21.80600357055664,245821,0.31212711334228516,0.0,0.0
TDS,1994-11-17 19:00:00-05:00,21.80600357055664,21.923873901367188,21.68813133239746,21.747068405151367,198948,0.31128355860710144,0.0,0.0
TDS,1994-11-20 19:00:00-05:00,21.747068405151367,21.982807159423828,21.68813133239746,21.80600357055664,55357,0.31212711334228516,0.0,0.0
TDS,1994-11-21 19:00:00-05:00,21.923873901367188,22.0417423248291,21.747068405151367,21.747068405151367,507974,0.31128355860710144,0.0,0.0
TDS,1994-11-22 19:00:00-05:00,21.629196166992188,21.629196166992188,20.627300262451172,20.627300262451172,380291,0.29525551199913025,0.0,0.0
TDS,1994-11-24 19:00:00-05:00,20.74517059326172,20.74517059326172,20.45049476623535,20.74517059326172,20786,0.29694271087646484,0.0,0.0
TDS,1994-11-27 19:00:00-05:00,20.863040924072266,20.980911254882812,20.74517059326172,20.804105758666992,162255,0.29778626561164856,0.0,0.0
TDS,1994-11-28 19:00:00-05:00,20.686235427856445,20.804105758666992,20.45049476623535,20.45049476623535,40935,0.2927247881889343,0.0,0.0
TDS,1994-11-29 19:00:00-05:00,20.509429931640625,20.627300262451172,20.45049476623535,20.45049476623535,90990,0.2927247881889343,0.0,0.0
TDS,1994-11-30 19:00:00-05:00,20.391559600830078,20.391559600830078,19.979013442993164,19.979013442993164,76355,0.2859759032726288,0.0,0.0
TDS,1994-12-01 19:00:00-05:00,20.037948608398438,20.037948608398438,19.625402450561523,20.037948608398438,196402,0.28681954741477966,0.0,0.0
TDS,1994-12-04 19:00:00-05:00,19.979013442993164,20.155818939208984,19.74327278137207,19.92007827758789,144014,0.28513243794441223,0.0,0.0
TDS,1994-12-05 19:00:00-05:00,19.92007827758789,19.92007827758789,19.56646728515625,19.74327278137207,130016,0.2826017141342163,0.0,0.0
TDS,1994-12-06 19:00:00-05:00,19.56646728515625,19.56646728515625,19.330726623535156,19.38966178894043,118138,0.2775401473045349,0.0,0.0
TDS,1994-12-07 19:00:00-05:00,19.330726623535156,19.448596954345703,19.03605079650879,19.03605079650879,191312,0.27247869968414307,0.0,0.0
TDS,1994-12-08 19:00:00-05:00,19.03605079650879,19.03605079650879,18.68243980407715,18.85924530029297,268940,0.2699478268623352,0.0,0.0
TDS,1994-12-11 19:00:00-05:00,18.68243980407715,18.918180465698242,18.623504638671875,18.918180465698242,140409,0.2714020311832428,0.042433,0.0
TDS,1994-12-12 19:00:00-05:00,18.800310134887695,19.094985961914062,18.741374969482422,19.094985961914062,127046,0.2739383280277252,0.0,0.0
TDS,1994-12-13 19:00:00-05:00,18.977115631103516,20.214754104614258,18.918180465698242,20.214754104614258,1287856,0.2900029122829437,0.0,0.0
TDS,1994-12-14 19:00:00-05:00,20.214754104614258,20.391559600830078,20.037948608398438,20.214754104614258,114108,0.2900029122829437,0.0,0.0
TDS,1994-12-15 19:00:00-05:00,20.45049476623535,20.627300262451172,20.214754104614258,20.332624435424805,203189,0.2916938066482544,0.0,0.0
TDS,1994-12-18 19:00:00-05:00,20.27368927001953,20.509429931640625,20.037948608398438,20.509429931640625,119199,0.29423028230667114,0.0,0.0
TDS,1994-12-19 19:00:00-05:00,20.45049476623535,20.45049476623535,19.92007827758789,20.09688377380371,274454,0.2883119583129883,0.0,0.0
TDS,1994-12-20 19:00:00-05:00,20.155818939208984,20.5683650970459,20.155818939208984,20.5683650970459,211249,0.29507580399513245,0.0,0.0
TDS,1994-12-21 19:00:00-05:00,20.509429931640625,20.686235427856445,20.332624435424805,20.509429931640625,208068,0.29423028230667114,0.0,0.0
TDS,1994-12-22 19:00:00-05:00,20.5683650970459,20.627300262451172,20.155818939208984,20.5683650970459,97141,0.29507580399513245,0.0,0.0
TDS,1994-12-26 19:00:00-05:00,20.5683650970459,20.92197608947754,20.5683650970459,20.804105758666992,59812,0.2984578609466553,0.0,0.0
TDS,1994-12-27 19:00:00-05:00,20.863040924072266,21.68813133239746,20.686235427856445,21.68813133239746,180283,0.31114012002944946,0.0,0.0
TDS,1994-12-28 19:00:00-05:00,21.68813133239746,22.0417423248291,21.570262908935547,22.0417423248291,464282,0.31621313095092773,0.0,0.0
TDS,1994-12-29 19:00:00-05:00,22.0417423248291,22.0417423248291,21.629196166992188,21.747068405151367,547212,0.3119853734970093,0.0,0.0
TDS,1995-01-02 19:00:00-05:00,21.452392578125,21.747068405151367,21.039846420288086,21.09878158569336,253032,0.30268511176109314,0.0,0.0
TDS,1995-01-03 19:00:00-05:00,21.09878158569336,21.452392578125,20.980911254882812,21.039846420288086,129380,0.3018398880958557,0.0,0.0
TDS,1995-01-04 19:00:00-05:00,21.039846420288086,21.09878158569336,20.74517059326172,20.804105758666992,102655,0.2984578609466553,0.0,0.0
TDS,1995-01-05 19:00:00-05:00,20.804105758666992,20.804105758666992,20.509429931640625,20.627300262451172,56418,0.2959212064743042,0.0,0.0
TDS,1995-01-08 19:00:00-05:00,20.627300262451172,21.09878158569336,20.627300262451172,21.09878158569336,72537,0.30268511176109314,0.0,0.0
TDS,1995-01-09 19:00:00-05:00,21.09878158569336,21.393457412719727,20.980911254882812,21.09878158569336,131500,0.30268511176109314,0.0,0.0
TDS,1995-01-10 19:00:00-05:00,21.039846420288086,21.216651916503906,20.980911254882812,21.157716751098633,204462,0.30353066325187683,0.0,0.0
TDS,1995-01-11 19:00:00-05:00,21.09878158569336,21.452392578125,20.980911254882812,21.393457412719727,154407,0.30691277980804443,0.0,0.0
TDS,1995-01-12 19:00:00-05:00,21.334522247314453,21.393457412719727,21.275585174560547,21.275585174560547,13362,0.30522164702415466,0.0,0.0
TDS,1995-01-15 19:00:00-05:00,21.275585174560547,21.511327743530273,21.157716751098633,21.334522247314453,365020,0.3060671389102936,0.0,0.0
TDS,1995-01-16 19:00:00-05:00,21.393457412719727,21.393457412719727,21.216651916503906,21.275585174560547,419529,0.30522164702415466,0.0,0.0
TDS,1995-01-17 19:00:00-05:00,21.275585174560547,21.747068405151367,21.275585174560547,21.68813133239746,687408,0.31114012002944946,0.0,0.0
TDS,1995-01-18 19:00:00-05:00,21.68813133239746,21.864938735961914,21.68813133239746,21.80600357055664,112412,0.3128310441970825,0.0,0.0
TDS,1995-01-19 19:00:00-05:00,21.68813133239746,21.68813133239746,21.452392578125,21.629196166992188,119199,0.31029459834098816,0.0,0.0
TDS,1995-01-22 19:00:00-05:00,21.629196166992188,21.68813133239746,21.334522247314453,21.452392578125,52812,0.3077582120895386,0.0,0.0
TDS,1995-01-23 19:00:00-05:00,21.393457412719727,21.629196166992188,21.275585174560547,21.275585174560547,472341,0.30522164702415466,0.0,0.0
TDS,1995-01-24 19:00:00-05:00,21.334522247314453,21.334522247314453,21.09878158569336,21.275585174560547,23119,0.30522164702415466,0.0,0.0
TDS,1995-01-25 19:00:00-05:00,21.275585174560547,21.334522247314453,21.09878158569336,21.157716751098633,124289,0.30353066325187683,0.0,0.0
TDS,1995-01-26 19:00:00-05:00,21.09878158569336,21.09878158569336,20.627300262451172,20.627300262451172,303512,0.2959212064743042,0.0,0.0
TDS,1995-01-29 19:00:00-05:00,20.74517059326172,20.74517059326172,20.509429931640625,20.627300262451172,37541,0.2959212064743042,0.0,0.0
TDS,1995-01-30 19:00:00-05:00,20.627300262451172,20.804105758666992,20.627300262451172,20.627300262451172,369686,0.2959212064743042,0.0,0.0
TDS,1995-01-31 19:00:00-05:00,20.5683650970459,20.627300262451172,20.332624435424805,20.332624435424805,139772,0.2916938066482544,0.0,0.0
TDS,1995-02-01 19:00:00-05:00,20.27368927001953,20.391559600830078,20.155818939208984,20.27368927001953,95020,0.2908484637737274,0.0,0.0
TDS,1995-02-02 19:00:00-05:00,20.27368927001953,20.627300262451172,20.27368927001953,20.5683650970459,151650,0.29507580399513245,0.0,0.0
TDS,1995-02-05 19:00:00-05:00,20.45049476623535,20.627300262451172,20.45049476623535,20.509429931640625,191736,0.29423028230667114,0.0,0.0
TDS,1995-02-06 19:00:00-05:00,20.5683650970459,20.863040924072266,20.509429931640625,20.686235427856445,220794,0.2967667281627655,0.0,0.0
TDS,1995-02-07 19:00:00-05:00,20.863040924072266,21.393457412719727,20.863040924072266,21.09878158569336,406379,0.30268511176109314,0.0,0.0
TDS,1995-02-08 19:00:00-05:00,21.334522247314453,21.511327743530273,21.157716751098633,21.511327743530273,247730,0.308603435754776,0.0,0.0
TDS,1995-02-09 19:00:00-05:00,21.393457412719727,21.511327743530273,21.334522247314453,21.511327743530273,112200,0.308603435754776,0.0,0.0
TDS,1995-02-12 19:00:00-05:00,21.452392578125,21.511327743530273,20.980911254882812,21.039846420288086,120684,0.3018398880958557,0.0,0.0
TDS,1995-02-13 19:00:00-05:00,20.980911254882812,21.334522247314453,20.980911254882812,21.216651916503906,742978,0.30437618494033813,0.0,0.0
TDS,1995-02-14 19:00:00-05:00,21.157716751098633,21.68813133239746,21.157716751098633,21.629196166992188,305845,0.31029459834098816,0.0,0.0
TDS,1995-02-15 19:00:00-05:00,21.511327743530273,21.570262908935547,21.157716751098633,21.452392578125,135530,0.3077582120895386,0.0,0.0
TDS,1995-02-16 19:00:00-05:00,21.334522247314453,21.80600357055664,21.334522247314453,21.393457412719727,227156,0.30691277980804443,0.0,0.0
TDS,1995-02-20 19:00:00-05:00,21.393457412719727,21.452392578125,21.275585174560547,21.393457412719727,193645,0.30691277980804443,0.0,0.0
TDS,1995-02-21 19:00:00-05:00,21.334522247314453,21.452392578125,21.216651916503906,21.275585174560547,46874,0.30522164702415466,0.0,0.0
TDS,1995-02-22 19:00:00-05:00,21.275585174560547,21.393457412719727,21.157716751098633,21.216651916503906,150377,0.30437618494033813,0.0,0.0
TDS,1995-02-23 19:00:00-05:00,21.334522247314453,21.393457412719727,21.157716751098633,21.393457412719727,125986,0.30691277980804443,0.0,0.0
TDS,1995-02-26 19:00:00-05:00,21.393457412719727,21.393457412719727,21.157716751098633,21.216651916503906,72537,0.30437618494033813,0.0,0.0
TDS,1995-02-27 19:00:00-05:00,21.334522247314453,21.511327743530273,21.157716751098633,21.511327743530273,97565,0.308603435754776,0.0,0.0
TDS,1995-02-28 19:00:00-05:00,21.452392578125,21.629196166992188,21.275585174560547,21.511327743530273,95656,0.308603435754776,0.0,0.0
TDS,1995-03-01 19:00:00-05:00,21.393457412719727,21.393457412719727,21.216651916503906,21.334522247314453,28421,0.3060671389102936,0.0,0.0
TDS,1995-03-02 19:00:00-05:00,21.216651916503906,21.393457412719727,21.216651916503906,21.216651916503906,38814,0.30437618494033813,0.0,0.0
TDS,1995-03-05 19:00:00-05:00,21.157716751098633,21.216651916503906,20.686235427856445,20.863040924072266,96292,0.29930317401885986,0.0,0.0
TDS,1995-03-06 19:00:00-05:00,20.92197608947754,20.92197608947754,20.332624435424805,20.5683650970459,52600,0.29507580399513245,0.0,0.0
TDS,1995-03-07 19:00:00-05:00,20.45049476623535,20.509429931640625,20.09688377380371,20.155818939208984,421438,0.2891573905944824,0.0,0.0
TDS,1995-03-08 19:00:00-05:00,20.09688377380371,20.27368927001953,20.037948608398438,20.214754104614258,322812,0.2900029122829437,0.0,0.0
TDS,1995-03-09 19:00:00-05:00,20.214754104614258,20.214754104614258,19.330726623535156,19.330726623535156,680409,0.27732059359550476,0.0,0.0
TDS,1995-03-12 19:00:00-05:00,19.448596954345703,19.625402450561523,18.918180465698242,18.918180465698242,399168,0.27203238010406494,0.044791,0.0
TDS,1995-03-13 19:00:00-05:00,18.68243980407715,18.68243980407715,17.032255172729492,17.975217819213867,4743350,0.25847315788269043,0.0,0.0
TDS,1995-03-14 19:00:00-05:00,17.916282653808594,18.328828811645508,17.562671661376953,18.328828811645508,1404510,0.26355791091918945,0.0,0.0
TDS,1995-03-15 19:00:00-05:00,18.38776397705078,18.5645694732666,18.269893646240234,18.446699142456055,365656,0.2652527987957001,0.0,0.0
TDS,1995-03-16 19:00:00-05:00,18.328828811645508,18.446699142456055,18.034154891967773,18.152023315429688,291210,0.261015385389328,0.0,0.0
TDS,1995-03-19 19:00:00-05:00,18.152023315429688,18.152023315429688,17.739477157592773,17.739477157592773,305420,0.25508344173431396,0.0,0.0
TDS,1995-03-20 19:00:00-05:00,17.62160873413086,18.152023315429688,17.50373649597168,17.798412322998047,1137267,0.25593069195747375,0.0,0.0
TDS,1995-03-21 19:00:00-05:00,17.85734748840332,18.21095848083496,17.85734748840332,18.093088150024414,349537,0.26016807556152344,0.0,0.0
TDS,1995-03-22 19:00:00-05:00,18.093088150024414,18.741374969482422,18.093088150024414,18.5645694732666,931108,0.2669476568698883,0.0,0.0
TDS,1995-03-23 19:00:00-05:00,19.094985961914062,19.094985961914062,18.623504638671875,18.800310134887695,1256678,0.2703374922275543,0.0,0.0
TDS,1995-03-26 19:00:00-05:00,18.85924530029297,18.918180465698242,18.5645694732666,18.800310134887695,1594125,0.2703374922275543,0.0,0.0
TDS,1995-03-27 19:00:00-05:00,18.741374969482422,18.800310134887695,18.446699142456055,18.446699142456055,1149145,0.2652527987957001,0.0,0.0
TDS,1995-03-28 19:00:00-05:00,18.446699142456055,18.505634307861328,18.38776397705078,18.38776397705078,598115,0.2644052803516388,0.0,0.0
TDS,1995-03-29 19:00:00-05:00,18.446699142456055,18.5645694732666,18.269893646240234,18.505634307861328,308390,0.2661001980304718,0.0,0.0
TDS,1995-03-30 19:00:00-05:00,18.446699142456055,18.800310134887695,18.269893646240234,18.623504638671875,321752,0.2677950859069824,0.0,0.0
TDS,1995-04-02 20:00:00-04:00,18.505634307861328,18.5645694732666,18.38776397705078,18.38776397705078,218248,0.2644052803516388,0.0,0.0
TDS,1995-04-03 20:00:00-04:00,18.505634307861328,18.5645694732666,18.269893646240234,18.38776397705078,196827,0.2644052803516388,0.0,0.0
TDS,1995-04-04 20:00:00-04:00,18.269893646240234,18.269893646240234,18.034154891967773,18.21095848083496,246033,0.26186293363571167,0.0,0.0
TDS,1995-04-05 20:00:00-04:00,18.269893646240234,18.446699142456055,18.152023315429688,18.152023315429688,255790,0.261015385389328,0.0,0.0
TDS,1995-04-06 20:00:00-04:00,18.034154891967773,18.152023315429688,17.916282653808594,18.034154891967773,229702,0.25932061672210693,0.0,0.0
TDS,1995-04-09 20:00:00-04:00,18.034154891967773,18.269893646240234,18.034154891967773,18.152023315429688,184313,0.261015385389328,0.0,0.0
TDS,1995-04-10 20:00:00-04:00,18.269893646240234,18.269893646240234,17.975217819213867,18.034154891967773,136167,0.25932061672210693,0.0,0.0
TDS,1995-04-11 20:00:00-04:00,18.093088150024414,18.269893646240234,17.975217819213867,18.21095848083496,335963,0.26186293363571167,0.0,0.0
TDS,1995-04-12 20:00:00-04:00,18.152023315429688,18.21095848083496,18.034154891967773,18.034154891967773,82930,0.25932061672210693,0.0,0.0
TDS,1995-04-16 20:00:00-04:00,18.093088150024414,18.152023315429688,17.798412322998047,17.798412322998047,504156,0.25593069195747375,0.0,0.0
TDS,1995-04-17 20:00:00-04:00,17.916282653808594,18.152023315429688,17.85734748840332,17.975217819213867,475523,0.25847315788269043,0.0,0.0
TDS,1995-04-18 20:00:00-04:00,18.093088150024414,18.093088150024414,17.85734748840332,17.916282653808594,104352,0.2576256990432739,0.0,0.0
TDS,1995-04-19 20:00:00-04:00,17.85734748840332,17.916282653808594,17.680543899536133,17.916282653808594,160770,0.2576256990432739,0.0,0.0
TDS,1995-04-20 20:00:00-04:00,17.916282653808594,18.152023315429688,17.739477157592773,17.798412322998047,527911,0.25593069195747375,0.0,0.0
TDS,1995-04-23 20:00:00-04:00,17.85734748840332,17.85734748840332,17.562671661376953,17.798412322998047,155255,0.25593069195747375,0.0,0.0
TDS,1995-04-24 20:00:00-04:00,17.739477157592773,17.798412322998047,17.562671661376953,17.680543899536133,74658,0.25423598289489746,0.0,0.0
TDS,1995-04-25 20:00:00-04:00,17.680543899536133,17.680543899536133,16.97332191467285,17.209062576293945,930684,0.24745634198188782,0.0,0.0
TDS,1995-04-26 20:00:00-04:00,17.326932907104492,17.62160873413086,17.326932907104492,17.562671661376953,127046,0.2525410056114197,0.0,0.0
TDS,1995-04-27 20:00:00-04:00,17.680543899536133,17.798412322998047,17.385866165161133,17.562671661376953,118563,0.2525410056114197,0.0,0.0
TDS,1995-04-30 20:00:00-04:00,17.562671661376953,17.562671661376953,17.326932907104492,17.50373649597168,95020,0.2516934871673584,0.0,0.0
TDS,1995-05-01 20:00:00-04:00,17.562671661376953,17.562671661376953,17.385866165161133,17.444801330566406,152710,0.25084614753723145,0.0,0.0
TDS,1995-05-02 20:00:00-04:00,17.444801330566406,17.562671661376953,17.385866165161133,17.444801330566406,214855,0.25084614753723145,0.0,0.0
TDS,1995-05-03 20:00:00-04:00,17.562671661376953,17.62160873413086,17.326932907104492,17.385866165161133,197251,0.24999864399433136,0.0,0.0
TDS,1995-05-04 20:00:00-04:00,17.326932907104492,17.385866165161133,17.032255172729492,17.209062576293945,166921,0.24745634198188782,0.0,0.0
TDS,1995-05-07 20:00:00-04:00,17.209062576293945,17.26799774169922,17.15012550354004,17.209062576293945,119411,0.24745634198188782,0.0,0.0
TDS,1995-05-08 20:00:00-04:00,17.326932907104492,17.562671661376953,17.26799774169922,17.444801330566406,152286,0.25084614753723145,0.0,0.0
TDS,1995-05-09 20:00:00-04:00,17.562671661376953,17.680543899536133,17.50373649597168,17.50373649597168,76143,0.2516934871673584,0.0,0.0
TDS,1995-05-10 20:00:00-04:00,17.62160873413086,18.269893646240234,17.62160873413086,18.269893646240234,261516,0.2627103924751282,0.0,0.0
TDS,1995-05-11 20:00:00-04:00,18.21095848083496,18.21095848083496,17.975217819213867,18.093088150024414,83566,0.26016807556152344,0.0,0.0
TDS,1995-05-14 20:00:00-04:00,18.21095848083496,18.21095848083496,18.093088150024414,18.093088150024414,94171,0.26016807556152344,0.0,0.0
TDS,1995-05-15 20:00:00-04:00,17.975217819213867,18.328828811645508,17.975217819213867,18.328828811645508,76991,0.26355791091918945,0.0,0.0
TDS,1995-05-16 20:00:00-04:00,18.21095848083496,18.269893646240234,17.680543899536133,17.798412322998047,191312,0.25593069195747375,0.0,0.0
TDS,1995-05-17 20:00:00-04:00,17.739477157592773,17.916282653808594,17.680543899536133,17.916282653808594,286332,0.2576256990432739,0.0,0.0
TDS,1995-05-18 20:00:00-04:00,17.85734748840332,17.85734748840332,17.739477157592773,17.798412322998047,93323,0.25593069195747375,0.0,0.0
TDS,1995-05-21 20:00:00-04:00,17.85734748840332,17.975217819213867,17.798412322998047,17.916282653808594,327691,0.2576256990432739,0.0,0.0
TDS,1995-05-22 20:00:00-04:00,17.916282653808594,17.975217819213867,17.739477157592773,17.916282653808594,234792,0.2576256990432739,0.0,0.0
TDS,1995-05-23 20:00:00-04:00,17.916282653808594,17.975217819213867,17.739477157592773,17.85734748840332,268728,0.25677838921546936,0.0,0.0
TDS,1995-05-24 20:00:00-04:00,17.85734748840332,17.85734748840332,17.680543899536133,17.798412322998047,294604,0.25593069195747375,0.0,0.0
TDS,1995-05-25 20:00:00-04:00,17.85734748840332,17.85734748840332,17.562671661376953,17.62160873413086,109654,0.253388375043869,0.0,0.0
TDS,1995-05-29 20:00:00-04:00,17.739477157592773,17.798412322998047,17.50373649597168,17.798412322998047,121532,0.25593069195747375,0.0,0.0
TDS,1995-05-30 20:00:00-04:00,17.798412322998047,17.975217819213867,17.562671661376953,17.798412322998047,74658,0.25593069195747375,0.0,0.0
TDS,1995-05-31 20:00:00-04:00,17.916282653808594,17.916282653808594,17.680543899536133,17.916282653808594,163951,0.2576256990432739,0.0,0.0
TDS,1995-06-01 20:00:00-04:00,17.798412322998047,17.798412322998047,17.739477157592773,17.739477157592773,157376,0.25508344173431396,0.0,0.0
TDS,1995-06-04 20:00:00-04:00,17.798412322998047,17.798412322998047,17.62160873413086,17.739477157592773,1994141,0.25508344173431396,0.0,0.0
TDS,1995-06-05 20:00:00-04:00,17.680543899536133,17.798412322998047,17.680543899536133,17.739477157592773,430346,0.25508344173431396,0.0,0.0
TDS,1995-06-06 20:00:00-04:00,17.562671661376953,17.62160873413086,17.444801330566406,17.562671661376953,137227,0.2525410056114197,0.0,0.0
TDS,1995-06-07 20:00:00-04:00,17.50373649597168,17.562671661376953,17.444801330566406,17.562671661376953,107958,0.2525410056114197,0.0,0.0
TDS,1995-06-08 20:00:00-04:00,17.562671661376953,17.680543899536133,17.444801330566406,17.50373649597168,99050,0.2516934871673584,0.0,0.0
TDS,1995-06-11 20:00:00-04:00,17.562671661376953,17.562671661376953,17.326932907104492,17.50373649597168,71901,0.2516934871673584,0.0,0.0
TDS,1995-06-12 20:00:00-04:00,17.50373649597168,17.50373649597168,17.326932907104492,17.326932907104492,78264,0.24915114045143127,0.0,0.0
TDS,1995-06-13 20:00:00-04:00,17.326932907104492,17.680543899536133,17.26799774169922,17.50373649597168,353355,0.2523458003997803,0.044791,0.0
TDS,1995-06-14 20:00:00-04:00,17.562671661376953,17.562671661376953,17.444801330566406,17.50373649597168,95020,0.2523458003997803,0.0,0.0
TDS,1995-06-15 20:00:00-04:00,17.444801330566406,17.444801330566406,17.326932907104492,17.385866165161133,81658,0.25064656138420105,0.0,0.0
TDS,1995-06-18 20:00:00-04:00,17.26799774169922,17.85734748840332,17.209062576293945,17.680543899536133,748068,0.2548949122428894,0.0,0.0
TDS,1995-06-19 20:00:00-04:00,17.562671661376953,17.62160873413086,17.326932907104492,17.562671661376953,1193685,0.25319552421569824,0.0,0.0
TDS,1995-06-20 20:00:00-04:00,17.50373649597168,17.562671661376953,17.326932907104492,17.50373649597168,1180959,0.2523458003997803,0.0,0.0
TDS,1995-06-21 20:00:00-04:00,17.444801330566406,17.50373649597168,17.326932907104492,17.444801330566406,313056,0.25149625539779663,0.0,0.0
TDS,1995-06-22 20:00:00-04:00,17.444801330566406,17.444801330566406,17.326932907104492,17.326932907104492,635868,0.24979688227176666,0.0,0.0
TDS,1995-06-25 20:00:00-04:00,17.26799774169922,17.385866165161133,17.209062576293945,17.26799774169922,150801,0.24894729256629944,0.0,0.0
TDS,1995-06-26 20:00:00-04:00,17.26799774169922,17.385866165161133,17.15012550354004,17.209062576293945,764612,0.24809768795967102,0.0,0.0
TDS,1995-06-27 20:00:00-04:00,17.26799774169922,17.326932907104492,17.15012550354004,17.209062576293945,363111,0.24809768795967102,0.0,0.0
TDS,1995-06-28 20:00:00-04:00,17.209062576293945,17.326932907104492,17.209062576293945,17.26799774169922,81870,0.24894729256629944,0.0,0.0
TDS,1995-06-29 20:00:00-04:00,17.326932907104492,17.326932907104492,17.15012550354004,17.15012550354004,436073,0.24724794924259186,0.0,0.0
TDS,1995-07-02 20:00:00-04:00,17.209062576293945,17.326932907104492,17.209062576293945,17.26799774169922,92899,0.24894729256629944,0.0,0.0
TDS,1995-07-04 20:00:00-04:00,17.326932907104492,17.444801330566406,17.209062576293945,17.209062576293945,418256,0.24809768795967102,0.0,0.0
TDS,1995-07-05 20:00:00-04:00,17.15012550354004,17.385866165161133,17.15012550354004,17.385866165161133,189191,0.25064656138420105,0.0,0.0
TDS,1995-07-06 20:00:00-04:00,17.385866165161133,17.50373649597168,17.26799774169922,17.385866165161133,292695,0.25064656138420105,0.0,0.0
TDS,1995-07-09 20:00:00-04:00,17.50373649597168,17.50373649597168,17.26799774169922,17.326932907104492,227369,0.24979688227176666,0.0,0.0
TDS,1995-07-10 20:00:00-04:00,17.326932907104492,17.62160873413086,17.209062576293945,17.62160873413086,981163,0.2540450990200043,0.0,0.0
TDS,1995-07-11 20:00:00-04:00,17.680543899536133,17.798412322998047,17.444801330566406,17.798412322998047,565876,0.2565940320491791,0.0,0.0
TDS,1995-07-12 20:00:00-04:00,17.739477157592773,17.916282653808594,17.62160873413086,17.798412322998047,781367,0.2565940320491791,0.0,0.0
TDS,1995-07-13 20:00:00-04:00,17.680543899536133,17.798412322998047,17.680543899536133,17.798412322998047,452192,0.2565940320491791,0.0,0.0
TDS,1995-07-16 20:00:00-04:00,17.798412322998047,18.034154891967773,17.680543899536133,17.85734748840332,125774,0.257443904876709,0.0,0.0
TDS,1995-07-17 20:00:00-04:00,17.85734748840332,18.152023315429688,17.680543899536133,17.916282653808594,283999,0.25829342007637024,0.0,0.0
TDS,1995-07-18 20:00:00-04:00,17.798412322998047,17.85734748840332,17.562671661376953,17.680543899536133,98837,0.2548949122428894,0.0,0.0
TDS,1995-07-19 20:00:00-04:00,17.798412322998047,17.975217819213867,17.739477157592773,17.916282653808594,214006,0.25829342007637024,0.0,0.0
TDS,1995-07-20 20:00:00-04:00,17.85734748840332,17.916282653808594,17.739477157592773,17.85734748840332,192797,0.257443904876709,0.0,0.0
TDS,1995-07-23 20:00:00-04:00,17.916282653808594,17.975217819213867,17.798412322998047,17.85734748840332,541909,0.257443904876709,0.0,0.0
TDS,1995-07-24 20:00:00-04:00,17.916282653808594,17.975217819213867,17.798412322998047,17.798412322998047,132985,0.2565940320491791,0.0,0.0
TDS,1995-07-25 20:00:00-04:00,17.916282653808594,18.093088150024414,17.85734748840332,18.034154891967773,577330,0.25999271869659424,0.0,0.0
TDS,1995-07-26 20:00:00-04:00,17.916282653808594,18.152023315429688,17.798412322998047,17.85734748840332,806183,0.257443904876709,0.0,0.0
TDS,1995-07-27 20:00:00-04:00,17.85734748840332,17.975217819213867,17.798412322998047,17.85734748840332,131288,0.257443904876709,0.0,0.0
TDS,1995-07-30 20:00:00-04:00,17.975217819213867,18.269893646240234,17.916282653808594,18.269893646240234,267667,0.26339131593704224,0.0,0.0
TDS,1995-07-31 20:00:00-04:00,18.38776397705078,18.505634307861328,18.152023315429688,18.38776397705078,320904,0.26509058475494385,0.0,0.0
TDS,1995-08-01 20:00:00-04:00,18.5645694732666,19.21285629272461,18.5645694732666,19.094985961914062,398531,0.27528613805770874,0.0,0.0
TDS,1995-08-02 20:00:00-04:00,19.094985961914062,19.271791458129883,18.918180465698242,19.094985961914062,165224,0.27528613805770874,0.0,0.0
TDS,1995-08-03 20:00:00-04:00,19.094985961914062,19.38966178894043,19.094985961914062,19.271791458129883,336599,0.277835488319397,0.0,0.0
TDS,1995-08-06 20:00:00-04:00,19.153921127319336,19.271791458129883,19.03605079650879,19.271791458129883,159285,0.277835488319397,0.0,0.0
TDS,1995-08-07 20:00:00-04:00,19.21285629272461,19.507532119750977,19.21285629272461,19.330726623535156,322812,0.278685063123703,0.0,0.0
TDS,1995-08-08 20:00:00-04:00,19.448596954345703,19.448596954345703,19.094985961914062,19.271791458129883,130652,0.277835488319397,0.0,0.0
TDS,1995-08-09 20:00:00-04:00,19.271791458129883,19.330726623535156,19.153921127319336,19.21285629272461,97141,0.2769857943058014,0.0,0.0
TDS,1995-08-10 20:00:00-04:00,19.271791458129883,19.271791458129883,19.153921127319336,19.21285629272461,183464,0.2769857943058014,0.0,0.0
TDS,1995-08-13 20:00:00-04:00,19.330726623535156,19.684337615966797,19.271791458129883,19.625402450561523,201493,0.28293320536613464,0.0,0.0
TDS,1995-08-14 20:00:00-04:00,19.56646728515625,19.56646728515625,19.21285629272461,19.330726623535156,58327,0.278685063123703,0.0,0.0
TDS,1995-08-15 20:00:00-04:00,19.330726623535156,19.507532119750977,19.21285629272461,19.330726623535156,303512,0.278685063123703,0.0,0.0
TDS,1995-08-16 20:00:00-04:00,19.38966178894043,19.507532119750977,19.21285629272461,19.448596954345703,323237,0.2803843915462494,0.0,0.0
TDS,1995-08-17 20:00:00-04:00,19.38966178894043,19.38966178894043,18.918180465698242,18.977115631103516,1700174,0.2735869884490967,0.0,0.0
TDS,1995-08-20 20:00:00-04:00,18.977115631103516,19.271791458129883,18.918180465698242,19.153921127319336,258547,0.2761361598968506,0.0,0.0
TDS,1995-08-21 20:00:00-04:00,19.153921127319336,19.153921127319336,18.977115631103516,19.03605079650879,286120,0.2744366526603699,0.0,0.0
TDS,1995-08-22 20:00:00-04:00,18.977115631103516,19.094985961914062,18.977115631103516,19.03605079650879,147620,0.2744366526603699,0.0,0.0
TDS,1995-08-23 20:00:00-04:00,19.094985961914062,19.094985961914062,18.977115631103516,19.03605079650879,95232,0.2744366526603699,0.0,0.0
TDS,1995-08-24 20:00:00-04:00,19.094985961914062,19.21285629272461,19.03605079650879,19.21285629272461,97989,0.2769857943058014,0.0,0.0
TDS,1995-08-27 20:00:00-04:00,19.330726623535156,19.330726623535156,19.094985961914062,19.21285629272461,211461,0.2769857943058014,0.0,0.0
TDS,1995-08-28 20:00:00-04:00,19.153921127319336,19.153921127319336,18.918180465698242,19.153921127319336,97141,0.2761361598968506,0.0,0.0
TDS,1995-08-29 20:00:00-04:00,19.21285629272461,19.271791458129883,19.153921127319336,19.271791458129883,192585,0.277835488319397,0.0,0.0
TDS,1995-08-30 20:00:00-04:00,19.330726623535156,19.38966178894043,19.271791458129883,19.330726623535156,110079,0.278685063123703,0.0,0.0
TDS,1995-08-31 20:00:00-04:00,19.330726623535156,19.448596954345703,19.21285629272461,19.330726623535156,173708,0.278685063123703,0.0,0.0
TDS,1995-09-04 20:00:00-04:00,19.448596954345703,19.625402450561523,19.448596954345703,19.507532119750977,276787,0.28123411536216736,0.0,0.0
TDS,1995-09-05 20:00:00-04:00,19.684337615966797,19.74327278137207,19.625402450561523,19.684337615966797,228005,0.28378286957740784,0.0,0.0
TDS,1995-09-06 20:00:00-04:00,19.684337615966797,19.979013442993164,19.684337615966797,19.861143112182617,505216,0.2863317131996155,0.0,0.0
TDS,1995-09-07 20:00:00-04:00,19.92007827758789,19.92007827758789,19.802207946777344,19.92007827758789,139348,0.28718146681785583,0.0,0.0
TDS,1995-09-10 20:00:00-04:00,20.155818939208984,20.214754104614258,20.037948608398438,20.037948608398438,168830,0.28888070583343506,0.0,0.0
TDS,1995-09-11 20:00:00-04:00,19.979013442993164,20.037948608398438,19.802207946777344,19.802207946777344,53236,0.2854820191860199,0.0,0.0
TDS,1995-09-12 20:00:00-04:00,19.802207946777344,20.09688377380371,19.448596954345703,19.448596954345703,193857,0.28101998567581177,0.044791,0.0
TDS,1995-09-13 20:00:00-04:00,19.448596954345703,19.684337615966797,19.153921127319336,19.625402450561523,472553,0.283574640750885,0.0,0.0
TDS,1995-09-14 20:00:00-04:00,20.037948608398438,20.09688377380371,19.861143112182617,19.979013442993164,129592,0.28868404030799866,0.0,0.0
TDS,1995-09-17 20:00:00-04:00,19.979013442993164,19.979013442993164,19.56646728515625,19.684337615966797,66599,0.2844263017177582,0.0,0.0
TDS,1995-09-18 20:00:00-04:00,19.625402450561523,19.684337615966797,19.625402450561523,19.625402450561523,47086,0.283574640750885,0.0,0.0
TDS,1995-09-19 20:00:00-04:00,19.625402450561523,19.802207946777344,19.625402450561523,19.802207946777344,122380,0.2861294448375702,0.0,0.0
TDS,1995-09-20 20:00:00-04:00,19.802207946777344,19.92007827758789,19.625402450561523,19.92007827758789,166709,0.287832647562027,0.0,0.0
TDS,1995-09-21 20:00:00-04:00,19.802207946777344,19.979013442993164,19.625402450561523,19.74327278137207,40935,0.2852780222892761,0.0,0.0
TDS,1995-09-24 20:00:00-04:00,19.684337615966797,19.74327278137207,19.56646728515625,19.625402450561523,31178,0.283574640750885,0.0,0.0
TDS,1995-09-25 20:00:00-04:00,19.625402450561523,20.037948608398438,19.625402450561523,20.037948608398438,162043,0.2895357608795166,0.0,0.0
TDS,1995-09-26 20:00:00-04:00,19.92007827758789,19.92007827758789,19.56646728515625,19.74327278137207,239458,0.2852780222892761,0.0,0.0
TDS,1995-09-27 20:00:00-04:00,19.74327278137207,19.802207946777344,19.684337615966797,19.802207946777344,145711,0.2861294448375702,0.0,0.0
TDS,1995-09-28 20:00:00-04:00,19.74327278137207,19.802207946777344,19.684337615966797,19.802207946777344,163951,0.2861294448375702,0.0,0.0
TDS,1995-10-01 20:00:00-04:00,19.74327278137207,19.802207946777344,19.684337615966797,19.74327278137207,267879,0.2852780222892761,0.0,0.0
TDS,1995-10-02 20:00:00-04:00,19.684337615966797,19.684337615966797,19.271791458129883,19.448596954345703,93959,0.28101998567581177,0.0,0.0
TDS,1995-10-03 20:00:00-04:00,19.448596954345703,19.448596954345703,19.271791458129883,19.330726623535156,175405,0.279316782951355,0.0,0.0
TDS,1995-10-04 20:00:00-04:00,19.330726623535156,19.330726623535156,18.918180465698242,18.918180465698242,267455,0.27335575222969055,0.0,0.0
TDS,1995-10-05 20:00:00-04:00,18.977115631103516,19.153921127319336,18.85924530029297,19.094985961914062,139348,0.2759103775024414,0.0,0.0
TDS,1995-10-08 20:00:00-04:00,19.03605079650879,19.21285629272461,18.918180465698242,19.03605079650879,138500,0.2750590145587921,0.0,0.0
TDS,1995-10-09 20:00:00-04:00,18.918180465698242,18.918180465698242,18.741374969482422,18.85924530029297,187070,0.2725042998790741,0.0,0.0
TDS,1995-10-10 20:00:00-04:00,18.977115631103516,19.21285629272461,18.918180465698242,19.03605079650879,137863,0.2750590145587921,0.0,0.0
TDS,1995-10-11 20:00:00-04:00,19.03605079650879,19.330726623535156,19.03605079650879,19.21285629272461,36057,0.27761372923851013,0.0,0.0
TDS,1995-10-12 20:00:00-04:00,19.271791458129883,19.38966178894043,19.153921127319336,19.330726623535156,139772,0.279316782951355,0.0,0.0
TDS,1995-10-15 20:00:00-04:00,19.448596954345703,19.56646728515625,19.21285629272461,19.21285629272461,115169,0.27761372923851013,0.0,0.0
TDS,1995-10-16 20:00:00-04:00,19.21285629272461,19.861143112182617,19.153921127319336,19.802207946777344,338720,0.2861294448375702,0.0,0.0
TDS,1995-10-17 20:00:00-04:00,19.861143112182617,20.037948608398438,19.861143112182617,20.037948608398438,208280,0.2895357608795166,0.0,0.0
TDS,1995-10-18 20:00:00-04:00,19.979013442993164,20.037948608398438,19.92007827758789,19.92007827758789,88020,0.287832647562027,0.0,0.0
TDS,1995-10-19 20:00:00-04:00,20.037948608398438,20.391559600830078,19.979013442993164,20.27368927001953,376897,0.2929418981075287,0.0,0.0
TDS,1995-10-22 20:00:00-04:00,20.332624435424805,20.332624435424805,20.09688377380371,20.09688377380371,135318,0.2903873324394226,0.0,0.0
TDS,1995-10-23 20:00:00-04:00,20.155818939208984,20.155818939208984,19.92007827758789,19.92007827758789,228641,0.287832647562027,0.0,0.0
TDS,1995-10-24 20:00:00-04:00,19.979013442993164,19.979013442993164,19.448596954345703,19.507532119750977,201068,0.2818715572357178,0.0,0.0
TDS,1995-10-25 20:00:00-04:00,19.507532119750977,19.507532119750977,18.68243980407715,18.741374969482422,796426,0.2708011567592621,0.0,0.0
TDS,1995-10-26 20:00:00-04:00,18.623504638671875,18.85924530029297,18.623504638671875,18.741374969482422,695892,0.2708011567592621,0.0,0.0
TDS,1995-10-29 19:00:00-05:00,18.623504638671875,18.918180465698242,18.623504638671875,18.85924530029297,304148,0.2725042998790741,0.0,0.0
TDS,1995-10-30 19:00:00-05:00,18.918180465698242,18.918180465698242,18.741374969482422,18.85924530029297,267031,0.2725042998790741,0.0,0.0
TDS,1995-10-31 19:00:00-05:00,18.85924530029297,18.918180465698242,18.741374969482422,18.85924530029297,274878,0.2725042998790741,0.0,0.0
TDS,1995-11-01 19:00:00-05:00,18.85924530029297,19.56646728515625,18.85924530029297,19.507532119750977,282726,0.2818715572357178,0.0,0.0
TDS,1995-11-02 19:00:00-05:00,19.448596954345703,19.448596954345703,19.271791458129883,19.330726623535156,65962,0.279316782951355,0.0,0.0
TDS,1995-11-05 19:00:00-05:00,19.21285629272461,19.21285629272461,18.918180465698242,18.918180465698242,153559,0.27335575222969055,0.0,0.0
TDS,1995-11-06 19:00:00-05:00,19.03605079650879,19.03605079650879,18.68243980407715,18.85924530029297,160982,0.2725042998790741,0.0,0.0
TDS,1995-11-07 19:00:00-05:00,18.85924530029297,18.918180465698242,18.741374969482422,18.800310134887695,323025,0.2716526389122009,0.0,0.0
TDS,1995-11-08 19:00:00-05:00,18.85924530029297,18.85924530029297,18.68243980407715,18.800310134887695,161618,0.2716526389122009,0.0,0.0
TDS,1995-11-09 19:00:00-05:00,18.85924530029297,18.918180465698242,18.800310134887695,18.918180465698242,435860,0.27335575222969055,0.0,0.0
TDS,1995-11-12 19:00:00-05:00,18.918180465698242,18.918180465698242,18.68243980407715,18.800310134887695,190039,0.2716526389122009,0.0,0.0
TDS,1995-11-13 19:00:00-05:00,18.741374969482422,18.741374969482422,18.5645694732666,18.5645694732666,51540,0.2682463228702545,0.0,0.0
TDS,1995-11-14 19:00:00-05:00,18.5645694732666,18.85924530029297,18.5645694732666,18.800310134887695,128955,0.2716526389122009,0.0,0.0
TDS,1995-11-15 19:00:00-05:00,18.5645694732666,18.68243980407715,18.446699142456055,18.5645694732666,532153,0.2682463228702545,0.0,0.0
TDS,1995-11-16 19:00:00-05:00,18.505634307861328,18.5645694732666,18.38776397705078,18.446699142456055,793881,0.26654312014579773,0.0,0.0
TDS,1995-11-19 19:00:00-05:00,18.505634307861328,18.505634307861328,18.093088150024414,18.269893646240234,166709,0.26398858428001404,0.0,0.0
TDS,1995-11-20 19:00:00-05:00,18.328828811645508,18.328828811645508,17.562671661376953,17.739477157592773,1628909,0.25632432103157043,0.0,0.0
TDS,1995-11-21 19:00:00-05:00,17.85734748840332,17.975217819213867,17.798412322998047,17.85734748840332,204886,0.2580273449420929,0.0,0.0
TDS,1995-11-23 19:00:00-05:00,17.916282653808594,17.916282653808594,17.798412322998047,17.916282653808594,68932,0.2588788866996765,0.0,0.0
TDS,1995-11-26 19:00:00-05:00,17.85734748840332,17.916282653808594,17.798412322998047,17.916282653808594,232883,0.2588788866996765,0.0,0.0
TDS,1995-11-27 19:00:00-05:00,17.798412322998047,17.916282653808594,17.739477157592773,17.916282653808594,257062,0.2588788866996765,0.0,0.0
TDS,1995-11-28 19:00:00-05:00,18.034154891967773,18.093088150024414,17.916282653808594,18.034154891967773,188343,0.2605821192264557,0.0,0.0
TDS,1995-11-29 19:00:00-05:00,18.034154891967773,18.093088150024414,17.916282653808594,17.975217819213867,246669,0.25973042845726013,0.0,0.0
TDS,1995-11-30 19:00:00-05:00,17.975217819213867,18.034154891967773,17.85734748840332,17.975217819213867,254517,0.25973042845726013,0.0,0.0
TDS,1995-12-03 19:00:00-05:00,18.034154891967773,18.034154891967773,17.916282653808594,18.034154891967773,492915,0.2605821192264557,0.0,0.0
TDS,1995-12-04 19:00:00-05:00,18.093088150024414,18.093088150024414,17.798412322998047,17.798412322998047,874054,0.2571757435798645,0.0,0.0
TDS,1995-12-05 19:00:00-05:00,17.798412322998047,17.798412322998047,17.326932907104492,17.562671661376953,458343,0.25376948714256287,0.0,0.0
TDS,1995-12-06 19:00:00-05:00,17.562671661376953,17.562671661376953,17.444801330566406,17.50373649597168,306905,0.25291794538497925,0.0,0.0
TDS,1995-12-07 19:00:00-05:00,17.444801330566406,17.50373649597168,17.15012550354004,17.50373649597168,213794,0.25291794538497925,0.0,0.0
TDS,1995-12-10 19:00:00-05:00,17.562671661376953,17.562671661376953,17.326932907104492,17.444801330566406,177738,0.25206634402275085,0.0,0.0
TDS,1995-12-11 19:00:00-05:00,17.444801330566406,17.562671661376953,17.385866165161133,17.444801330566406,305633,0.25206634402275085,0.0,0.0
TDS,1995-12-12 19:00:00-05:00,17.385866165161133,17.385866165161133,17.091190338134766,17.26799774169922,726858,0.2501539885997772,0.044791,0.0
TDS,1995-12-13 19:00:00-05:00,17.326932907104492,17.444801330566406,16.97332191467285,17.15012550354004,357809,0.24844637513160706,0.0,0.0
TDS,1995-12-14 19:00:00-05:00,17.091190338134766,17.15012550354004,16.79651641845703,16.914386749267578,1263253,0.24503135681152344,0.0,0.0
TDS,1995-12-17 19:00:00-05:00,16.855451583862305,17.209062576293945,16.855451583862305,17.209062576293945,398956,0.24930021166801453,0.0,0.0
TDS,1995-12-18 19:00:00-05:00,17.091190338134766,17.385866165161133,17.091190338134766,17.26799774169922,199160,0.2501539885997772,0.0,0.0
TDS,1995-12-19 19:00:00-05:00,17.209062576293945,18.152023315429688,17.209062576293945,18.034154891967773,578814,0.2612529695034027,0.0,0.0
TDS,1995-12-20 19:00:00-05:00,17.916282653808594,17.916282653808594,17.739477157592773,17.798412322998047,381776,0.2578379511833191,0.0,0.0
TDS,1995-12-21 19:00:00-05:00,17.975217819213867,18.034154891967773,17.798412322998047,18.034154891967773,86536,0.2612529695034027,0.0,0.0
TDS,1995-12-25 19:00:00-05:00,18.152023315429688,18.328828811645508,18.152023315429688,18.269893646240234,276575,0.2646680176258087,0.0,0.0
TDS,1995-12-26 19:00:00-05:00,18.328828811645508,18.623504638671875,18.328828811645508,18.5645694732666,207431,0.26893702149391174,0.0,0.0
TDS,1995-12-27 19:00:00-05:00,18.5645694732666,18.623504638671875,18.38776397705078,18.505634307861328,299482,0.26808303594589233,0.0,0.0
TDS,1995-12-28 19:00:00-05:00,18.446699142456055,18.741374969482422,18.446699142456055,18.623504638671875,230762,0.2697906196117401,0.0,0.0
TDS,1996-01-01 19:00:00-05:00,18.623504638671875,18.800310134887695,18.446699142456055,18.741374969482422,130228,0.2714981734752655,0.0,0.0
TDS,1996-01-02 19:00:00-05:00,18.68243980407715,18.918180465698242,18.623504638671875,18.800310134887695,222702,0.2723519504070282,0.0,0.0
TDS,1996-01-03 19:00:00-05:00,18.85924530029297,18.85924530029297,18.623504638671875,18.741374969482422,147408,0.2714981734752655,0.0,0.0
TDS,1996-01-04 19:00:00-05:00,18.68243980407715,19.094985961914062,18.5645694732666,19.094985961914062,90778,0.2766205966472626,0.0,0.0
TDS,1996-01-07 19:00:00-05:00,19.153921127319336,19.153921127319336,18.918180465698242,18.918180465698242,98201,0.27405938506126404,0.0,0.0
TDS,1996-01-08 19:00:00-05:00,19.03605079650879,19.094985961914062,18.741374969482422,18.800310134887695,247518,0.2723519504070282,0.0,0.0
TDS,1996-01-09 19:00:00-05:00,18.68243980407715,18.741374969482422,18.38776397705078,18.505634307861328,551454,0.26808303594589233,0.0,0.0
TDS,1996-01-10 19:00:00-05:00,18.505634307861328,18.85924530029297,18.446699142456055,18.741374969482422,214643,0.2714981734752655,0.0,0.0
TDS,1996-01-11 19:00:00-05:00,18.977115631103516,19.153921127319336,18.800310134887695,19.153921127319336,182404,0.2774744927883148,0.0,0.0
TDS,1996-01-14 19:00:00-05:00,19.153921127319336,19.153921127319336,18.800310134887695,18.85924530029297,100534,0.27320560812950134,0.0,0.0
TDS,1996-01-15 19:00:00-05:00,18.918180465698242,19.153921127319336,18.741374969482422,19.03605079650879,101383,0.2757672369480133,0.0,0.0
TDS,1996-01-16 19:00:00-05:00,19.271791458129883,19.271791458129883,19.094985961914062,19.153921127319336,123441,0.2774744927883148,0.0,0.0
TDS,1996-01-17 19:00:00-05:00,19.153921127319336,19.271791458129883,19.094985961914062,19.21285629272461,140409,0.27832818031311035,0.0,0.0
TDS,1996-01-18 19:00:00-05:00,19.330726623535156,19.330726623535156,18.800310134887695,18.85924530029297,429285,0.27320560812950134,0.0,0.0
TDS,1996-01-21 19:00:00-05:00,18.800310134887695,18.977115631103516,18.68243980407715,18.918180465698242,238822,0.27405938506126404,0.0,0.0
TDS,1996-01-22 19:00:00-05:00,18.918180465698242,18.918180465698242,18.68243980407715,18.85924530029297,192160,0.27320560812950134,0.0,0.0
TDS,1996-01-23 19:00:00-05:00,18.741374969482422,18.977115631103516,18.741374969482422,18.85924530029297,685499,0.27320560812950134,0.0,0.0
TDS,1996-01-24 19:00:00-05:00,18.741374969482422,18.918180465698242,18.741374969482422,18.800310134887695,209977,0.2723519504070282,0.0,0.0
TDS,1996-01-25 19:00:00-05:00,18.741374969482422,18.977115631103516,18.741374969482422,18.918180465698242,127683,0.27405938506126404,0.0,0.0
TDS,1996-01-28 19:00:00-05:00,18.918180465698242,19.153921127319336,18.918180465698242,19.03605079650879,67023,0.2757672369480133,0.0,0.0
TDS,1996-01-29 19:00:00-05:00,18.977115631103516,19.153921127319336,18.741374969482422,18.741374969482422,577330,0.2714981734752655,0.0,0.0
TDS,1996-01-30 19:00:00-05:00,18.85924530029297,19.21285629272461,18.800310134887695,19.153921127319336,307966,0.2774744927883148,0.0,0.0
TDS,1996-01-31 19:00:00-05:00,19.21285629272461,19.684337615966797,19.153921127319336,19.448596954345703,282726,0.2817434072494507,0.0,0.0
TDS,1996-02-01 19:00:00-05:00,19.56646728515625,20.391559600830078,19.507532119750977,20.332624435424805,463221,0.29454994201660156,0.0,0.0
TDS,1996-02-04 19:00:00-05:00,20.27368927001953,20.804105758666992,20.27368927001953,20.686235427856445,442436,0.2996724545955658,0.0,0.0
TDS,1996-02-05 19:00:00-05:00,20.804105758666992,21.157716751098633,20.74517059326172,20.92197608947754,197675,0.30308759212493896,0.0,0.0
TDS,1996-02-06 19:00:00-05:00,20.804105758666992,21.09878158569336,20.804105758666992,20.92197608947754,222066,0.30308759212493896,0.0,0.0
TDS,1996-02-07 19:00:00-05:00,21.039846420288086,21.09878158569336,20.863040924072266,20.92197608947754,145287,0.30308759212493896,0.0,0.0
TDS,1996-02-08 19:00:00-05:00,21.039846420288086,21.039846420288086,20.509429931640625,20.5683650970459,622931,0.297964870929718,0.0,0.0
TDS,1996-02-11 19:00:00-05:00,20.627300262451172,20.686235427856445,20.509429931640625,20.686235427856445,204886,0.2996724545955658,0.0,0.0
TDS,1996-02-12 19:00:00-05:00,20.627300262451172,20.863040924072266,20.627300262451172,20.804105758666992,144438,0.3013801872730255,0.0,0.0
TDS,1996-02-13 19:00:00-05:00,20.804105758666992,20.804105758666992,20.509429931640625,20.509429931640625,48146,0.2971111536026001,0.0,0.0
TDS,1996-02-14 19:00:00-05:00,20.5683650970459,20.5683650970459,20.391559600830078,20.391559600830078,307541,0.29540348052978516,0.0,0.0
TDS,1996-02-15 19:00:00-05:00,20.332624435424805,20.5683650970459,20.27368927001953,20.509429931640625,139348,0.2971111536026001,0.0,0.0
TDS,1996-02-19 19:00:00-05:00,20.391559600830078,20.92197608947754,20.391559600830078,20.627300262451172,225884,0.2988186478614807,0.0,0.0
TDS,1996-02-20 19:00:00-05:00,21.452392578125,22.15961456298828,21.452392578125,22.0417423248291,702679,0.3193091154098511,0.0,0.0
TDS,1996-02-21 19:00:00-05:00,22.0417423248291,22.98470687866211,22.0417423248291,22.925769805908203,1050943,0.3321157395839691,0.0,0.0
TDS,1996-02-22 19:00:00-05:00,22.86683464050293,22.86683464050293,22.100677490234375,22.454288482666016,592176,0.32528552412986755,0.0,0.0
TDS,1996-02-25 19:00:00-05:00,22.395353317260742,22.51322364807129,22.277484893798828,22.51322364807129,108594,0.32613933086395264,0.0,0.0
TDS,1996-02-26 19:00:00-05:00,22.572160720825195,22.572160720825195,22.15961456298828,22.15961456298828,57266,0.32101675868034363,0.0,0.0
TDS,1996-02-27 19:00:00-05:00,22.277484893798828,22.454288482666016,22.218549728393555,22.277484893798828,157588,0.32272428274154663,0.0,0.0
TDS,1996-02-28 19:00:00-05:00,22.15961456298828,22.15961456298828,21.747068405151367,21.747068405151367,130228,0.3150402903556824,0.0,0.0
TDS,1996-02-29 19:00:00-05:00,21.864938735961914,21.923873901367188,21.747068405151367,21.747068405151367,63417,0.3150402903556824,0.0,0.0
TDS,1996-03-03 19:00:00-05:00,21.747068405151367,21.923873901367188,21.68813133239746,21.864938735961914,148256,0.31674790382385254,0.0,0.0
TDS,1996-03-04 19:00:00-05:00,21.923873901367188,22.100677490234375,21.923873901367188,21.982807159423828,66811,0.31845536828041077,0.0,0.0
TDS,1996-03-05 19:00:00-05:00,22.100677490234375,22.15961456298828,21.80600357055664,21.923873901367188,240731,0.31760162115097046,0.0,0.0
TDS,1996-03-06 19:00:00-05:00,21.982807159423828,21.982807159423828,21.629196166992188,21.68813133239746,271485,0.3141865134239197,0.0,0.0
TDS,1996-03-07 19:00:00-05:00,21.747068405151367,21.747068405151367,21.157716751098633,21.452392578125,263001,0.31077146530151367,0.0,0.0
TDS,1996-03-10 19:00:00-05:00,21.334522247314453,21.511327743530273,21.275585174560547,21.511327743530273,331933,0.31162509322166443,0.0,0.0
TDS,1996-03-11 19:00:00-05:00,21.393457412719727,21.747068405151367,21.393457412719727,21.68813133239746,224611,0.3141865134239197,0.0,0.0
TDS,1996-03-12 19:00:00-05:00,21.68813133239746,21.80600357055664,21.570262908935547,21.747068405151367,122592,0.31572672724723816,0.047148,0.0
TDS,1996-03-13 19:00:00-05:00,21.80600357055664,21.864938735961914,21.629196166992188,21.80600357055664,61932,0.316582053899765,0.0,0.0
TDS,1996-03-14 19:00:00-05:00,21.68813133239746,21.923873901367188,21.68813133239746,21.923873901367188,180919,0.3182935118675232,0.0,0.0
TDS,1996-03-17 19:00:00-05:00,21.923873901367188,22.0417423248291,21.864938735961914,22.0417423248291,114108,0.32000482082366943,0.0,0.0
TDS,1996-03-18 19:00:00-05:00,21.982807159423828,22.0417423248291,21.864938735961914,21.982807159423828,128531,0.31914910674095154,0.0,0.0
TDS,1996-03-19 19:00:00-05:00,21.982807159423828,22.100677490234375,21.747068405151367,21.923873901367188,199796,0.3182935118675232,0.0,0.0
TDS,1996-03-20 19:00:00-05:00,21.923873901367188,21.923873901367188,21.68813133239746,21.747068405151367,149953,0.31572672724723816,0.0,0.0
TDS,1996-03-21 19:00:00-05:00,21.68813133239746,21.747068405151367,21.570262908935547,21.629196166992188,148892,0.3140154182910919,0.0,0.0
TDS,1996-03-24 19:00:00-05:00,21.629196166992188,21.80600357055664,21.570262908935547,21.570262908935547,141681,0.3131597638130188,0.0,0.0
TDS,1996-03-25 19:00:00-05:00,21.68813133239746,21.68813133239746,21.511327743530273,21.511327743530273,149317,0.3123040795326233,0.0,0.0
TDS,1996-03-26 19:00:00-05:00,21.629196166992188,21.747068405151367,21.570262908935547,21.570262908935547,83991,0.3131597638130188,0.0,0.0
TDS,1996-03-27 19:00:00-05:00,21.570262908935547,21.629196166992188,21.393457412719727,21.570262908935547,300754,0.3131597638130188,0.0,0.0
TDS,1996-03-28 19:00:00-05:00,21.68813133239746,21.80600357055664,21.629196166992188,21.80600357055664,352718,0.316582053899765,0.0,0.0
TDS,1996-03-31 19:00:00-05:00,21.68813133239746,22.15961456298828,21.570262908935547,21.982807159423828,311571,0.31914910674095154,0.0,0.0
TDS,1996-04-01 19:00:00-05:00,21.80600357055664,22.100677490234375,21.80600357055664,22.0417423248291,149953,0.32000482082366943,0.0,0.0
TDS,1996-04-02 19:00:00-05:00,22.0417423248291,22.748964309692383,22.0417423248291,22.572160720825195,308602,0.32770562171936035,0.0,0.0
TDS,1996-04-03 19:00:00-05:00,22.572160720825195,23.04364013671875,22.572160720825195,22.98470687866211,319843,0.333694726228714,0.0,0.0
TDS,1996-04-07 20:00:00-04:00,22.86683464050293,22.86683464050293,22.15961456298828,22.33641815185547,230762,0.3242829144001007,0.0,0.0
TDS,1996-04-08 20:00:00-04:00,22.454288482666016,22.63109588623047,22.454288482666016,22.63109588623047,142742,0.32856112718582153,0.0,0.0
TDS,1996-04-09 20:00:00-04:00,22.63109588623047,22.807899475097656,22.63109588623047,22.63109588623047,162679,0.32856112718582153,0.0,0.0
TDS,1996-04-10 20:00:00-04:00,22.69002914428711,22.69002914428711,22.454288482666016,22.69002914428711,210613,0.3294166624546051,0.0,0.0
TDS,1996-04-11 20:00:00-04:00,22.69002914428711,22.807899475097656,22.454288482666016,22.63109588623047,109442,0.32856112718582153,0.0,0.0
TDS,1996-04-14 20:00:00-04:00,22.63109588623047,22.63109588623047,22.51322364807129,22.63109588623047,39662,0.32856112718582153,0.0,0.0
TDS,1996-04-15 20:00:00-04:00,22.925769805908203,22.925769805908203,22.69002914428711,22.748964309692383,129804,0.3302723169326782,0.0,0.0
TDS,1996-04-16 20:00:00-04:00,22.69002914428711,22.69002914428711,22.572160720825195,22.69002914428711,57691,0.3294166624546051,0.0,0.0
TDS,1996-04-17 20:00:00-04:00,22.69002914428711,22.86683464050293,22.63109588623047,22.63109588623047,109867,0.32856112718582153,0.0,0.0
TDS,1996-04-18 20:00:00-04:00,22.572160720825195,22.748964309692383,22.572160720825195,22.69002914428711,56630,0.3294166624546051,0.0,0.0
TDS,1996-04-21 20:00:00-04:00,22.748964309692383,22.748964309692383,22.15961456298828,22.277484893798828,204886,0.3234274387359619,0.0,0.0
TDS,1996-04-22 20:00:00-04:00,22.33641815185547,22.395353317260742,22.100677490234375,22.33641815185547,531092,0.3242829144001007,0.0,0.0
TDS,1996-04-23 20:00:00-04:00,22.395353317260742,22.395353317260742,22.15961456298828,22.15961456298828,560574,0.3217160999774933,0.0,0.0
TDS,1996-04-24 20:00:00-04:00,22.277484893798828,22.63109588623047,22.277484893798828,22.51322364807129,302027,0.32684993743896484,0.0,0.0
TDS,1996-04-25 20:00:00-04:00,22.51322364807129,22.51322364807129,22.0417423248291,22.15961456298828,254729,0.3217160999774933,0.0,0.0
TDS,1996-04-28 20:00:00-04:00,22.218549728393555,22.277484893798828,21.864938735961914,22.0417423248291,640959,0.32000482082366943,0.0,0.0
TDS,1996-04-29 20:00:00-04:00,21.982807159423828,22.0417423248291,21.864938735961914,21.923873901367188,165860,0.3182935118675232,0.0,0.0
TDS,1996-04-30 20:00:00-04:00,21.864938735961914,21.923873901367188,21.747068405151367,21.923873901367188,393441,0.3182935118675232,0.0,0.0
TDS,1996-05-01 20:00:00-04:00,21.80600357055664,21.864938735961914,21.570262908935547,21.68813133239746,161406,0.31487101316452026,0.0,0.0
TDS,1996-05-02 20:00:00-04:00,21.68813133239746,21.68813133239746,21.275585174560547,21.393457412719727,240731,0.3105928897857666,0.0,0.0
TDS,1996-05-05 20:00:00-04:00,21.334522247314453,21.334522247314453,20.804105758666992,21.09878158569336,124713,0.3063146471977234,0.0,0.0
TDS,1996-05-06 20:00:00-04:00,21.039846420288086,21.09878158569336,20.863040924072266,20.863040924072266,209977,0.3028923273086548,0.0,0.0
TDS,1996-05-07 20:00:00-04:00,20.863040924072266,20.863040924072266,20.5683650970459,20.686235427856445,206795,0.3003254532814026,0.0,0.0
TDS,1996-05-08 20:00:00-04:00,20.74517059326172,20.863040924072266,20.627300262451172,20.74517059326172,228217,0.3011810779571533,0.0,0.0
TDS,1996-05-09 20:00:00-04:00,20.804105758666992,20.863040924072266,20.627300262451172,20.627300262451172,386442,0.29946964979171753,0.0,0.0
TDS,1996-05-12 20:00:00-04:00,20.627300262451172,20.804105758666992,20.5683650970459,20.686235427856445,227369,0.3003254532814026,0.0,0.0
TDS,1996-05-13 20:00:00-04:00,20.74517059326172,21.09878158569336,20.74517059326172,21.09878158569336,96292,0.3063146471977234,0.0,0.0
TDS,1996-05-14 20:00:00-04:00,20.980911254882812,20.980911254882812,20.804105758666992,20.863040924072266,80173,0.3028923273086548,0.0,0.0
TDS,1996-05-15 20:00:00-04:00,20.804105758666992,21.039846420288086,20.74517059326172,21.039846420288086,161830,0.3054591715335846,0.0,0.0
TDS,1996-05-16 20:00:00-04:00,20.980911254882812,21.157716751098633,20.980911254882812,21.157716751098633,239670,0.30717045068740845,0.0,0.0
TDS,1996-05-19 20:00:00-04:00,21.039846420288086,21.157716751098633,20.980911254882812,21.157716751098633,67235,0.30717045068740845,0.0,0.0
TDS,1996-05-20 20:00:00-04:00,21.039846420288086,21.157716751098633,20.980911254882812,21.09878158569336,83566,0.3063146471977234,0.0,0.0
TDS,1996-05-21 20:00:00-04:00,21.039846420288086,21.216651916503906,20.92197608947754,21.09878158569336,268728,0.3063146471977234,0.0,0.0
TDS,1996-05-22 20:00:00-04:00,21.09878158569336,21.09878158569336,20.804105758666992,20.804105758666992,186222,0.30203673243522644,0.0,0.0
TDS,1996-05-23 20:00:00-04:00,20.92197608947754,21.039846420288086,20.863040924072266,20.980911254882812,48782,0.30460381507873535,0.0,0.0
TDS,1996-05-27 20:00:00-04:00,20.92197608947754,21.157716751098633,20.74517059326172,21.039846420288086,211249,0.3054591715335846,0.0,0.0
TDS,1996-05-28 20:00:00-04:00,20.980911254882812,20.980911254882812,20.863040924072266,20.92197608947754,127895,0.3037479817867279,0.0,0.0
TDS,1996-05-29 20:00:00-04:00,21.039846420288086,21.039846420288086,20.45049476623535,20.627300262451172,667895,0.29946964979171753,0.0,0.0
TDS,1996-05-30 20:00:00-04:00,20.627300262451172,20.627300262451172,20.509429931640625,20.5683650970459,151438,0.2986140251159668,0.0,0.0
TDS,1996-06-02 20:00:00-04:00,20.686235427856445,20.92197608947754,20.5683650970459,20.92197608947754,117078,0.3037479817867279,0.0,0.0
TDS,1996-06-03 20:00:00-04:00,21.09878158569336,21.157716751098633,20.74517059326172,20.863040924072266,451768,0.3028923273086548,0.0,0.0
TDS,1996-06-04 20:00:00-04:00,20.980911254882812,21.157716751098633,20.980911254882812,21.039846420288086,135955,0.3054591715335846,0.0,0.0
TDS,1996-06-05 20:00:00-04:00,21.216651916503906,21.452392578125,21.157716751098633,21.334522247314453,253881,0.3097371459007263,0.0,0.0
TDS,1996-06-06 20:00:00-04:00,21.216651916503906,21.334522247314453,21.039846420288086,21.275585174560547,184525,0.30888161063194275,0.0,0.0
TDS,1996-06-09 20:00:00-04:00,21.275585174560547,21.511327743530273,21.275585174560547,21.452392578125,188131,0.3114485442638397,0.0,0.0
TDS,1996-06-10 20:00:00-04:00,21.452392578125,21.629196166992188,21.452392578125,21.511327743530273,122168,0.3123040795326233,0.0,0.0
TDS,1996-06-11 20:00:00-04:00,21.452392578125,21.864938735961914,21.452392578125,21.864938735961914,114321,0.3181350529193878,0.047148,0.0
TDS,1996-06-12 20:00:00-04:00,21.864938735961914,21.864938735961914,21.68813133239746,21.68813133239746,136591,0.31556254625320435,0.0,0.0
TDS,1996-06-13 20:00:00-04:00,21.629196166992188,21.864938735961914,21.570262908935547,21.864938735961914,155043,0.3181350529193878,0.0,0.0
TDS,1996-06-16 20:00:00-04:00,21.864938735961914,21.864938735961914,21.629196166992188,21.864938735961914,79112,0.3181350529193878,0.0,0.0
TDS,1996-06-17 20:00:00-04:00,21.80600357055664,22.100677490234375,21.68813133239746,21.982807159423828,224187,0.3198501467704773,0.0,0.0
TDS,1996-06-18 20:00:00-04:00,21.864938735961914,21.864938735961914,21.629196166992188,21.747068405151367,427377,0.3164200782775879,0.0,0.0
TDS,1996-06-19 20:00:00-04:00,21.747068405151367,21.747068405151367,21.334522247314453,21.393457412719727,310299,0.311274915933609,0.0,0.0
TDS,1996-06-20 20:00:00-04:00,21.452392578125,21.452392578125,20.980911254882812,21.216651916503906,626960,0.3087027370929718,0.0,0.0
TDS,1996-06-23 20:00:00-04:00,21.334522247314453,21.511327743530273,21.275585174560547,21.452392578125,92475,0.31213265657424927,0.0,0.0
TDS,1996-06-24 20:00:00-04:00,21.511327743530273,21.629196166992188,21.216651916503906,21.334522247314453,51964,0.31041765213012695,0.0,0.0
TDS,1996-06-25 20:00:00-04:00,21.393457412719727,21.511327743530273,21.216651916503906,21.511327743530273,75295,0.3129901587963104,0.0,0.0
TDS,1996-06-26 20:00:00-04:00,21.511327743530273,21.629196166992188,21.393457412719727,21.629196166992188,22694,0.31470513343811035,0.0,0.0
TDS,1996-06-27 20:00:00-04:00,21.629196166992188,21.68813133239746,21.216651916503906,21.216651916503906,116442,0.3087027370929718,0.0,0.0
TDS,1996-06-30 20:00:00-04:00,21.275585174560547,21.511327743530273,21.275585174560547,21.452392578125,66174,0.31213265657424927,0.0,0.0
TDS,1996-07-01 20:00:00-04:00,21.393457412719727,21.511327743530273,21.275585174560547,21.334522247314453,62569,0.31041765213012695,0.0,0.0
TDS,1996-07-02 20:00:00-04:00,21.275585174560547,21.452392578125,21.275585174560547,21.334522247314453,56630,0.31041765213012695,0.0,0.0
TDS,1996-07-04 20:00:00-04:00,21.216651916503906,21.216651916503906,21.09878158569336,21.157716751098633,29906,0.30784520506858826,0.0,0.0
TDS,1996-07-07 20:00:00-04:00,21.039846420288086,21.275585174560547,20.980911254882812,21.039846420288086,96929,0.3061302602291107,0.0,0.0
TDS,1996-07-08 20:00:00-04:00,20.980911254882812,21.216651916503906,20.980911254882812,21.216651916503906,74446,0.3087027370929718,0.0,0.0
TDS,1996-07-09 20:00:00-04:00,21.09878158569336,21.09878158569336,20.863040924072266,20.980911254882812,34360,0.30527257919311523,0.0,0.0
TDS,1996-07-10 20:00:00-04:00,20.92197608947754,20.92197608947754,20.391559600830078,20.45049476623535,597691,0.29755523800849915,0.0,0.0
TDS,1996-07-11 20:00:00-04:00,20.509429931640625,20.509429931640625,20.27368927001953,20.45049476623535,74234,0.29755523800849915,0.0,0.0
TDS,1996-07-14 20:00:00-04:00,20.332624435424805,20.332624435424805,19.684337615966797,19.92007827758789,372655,0.28983739018440247,0.0,0.0
TDS,1996-07-15 20:00:00-04:00,19.74327278137207,19.74327278137207,18.505634307861328,19.56646728515625,297573,0.28469255566596985,0.0,0.0
TDS,1996-07-16 20:00:00-04:00,19.38966178894043,19.448596954345703,19.03605079650879,19.153921127319336,284423,0.2786898910999298,0.0,0.0
TDS,1996-07-17 20:00:00-04:00,19.271791458129883,19.448596954345703,19.21285629272461,19.38966178894043,135742,0.28211987018585205,0.0,0.0
TDS,1996-07-18 20:00:00-04:00,19.271791458129883,19.271791458129883,18.977115631103516,19.03605079650879,177314,0.2769748270511627,0.0,0.0
TDS,1996-07-21 20:00:00-04:00,19.153921127319336,19.153921127319336,18.623504638671875,18.623504638671875,45813,0.27097222208976746,0.0,0.0
TDS,1996-07-22 20:00:00-04:00,18.85924530029297,19.03605079650879,18.446699142456055,18.446699142456055,285483,0.268399715423584,0.0,0.0
TDS,1996-07-23 20:00:00-04:00,18.446699142456055,18.446699142456055,18.093088150024414,18.21095848083496,180919,0.26496970653533936,0.0,0.0
TDS,1996-07-24 20:00:00-04:00,18.21095848083496,18.505634307861328,17.975217819213867,18.093088150024414,246457,0.26325470209121704,0.0,0.0
TDS,1996-07-25 20:00:00-04:00,18.093088150024414,18.328828811645508,18.034154891967773,18.152023315429688,185797,0.26411232352256775,0.0,0.0
TDS,1996-07-28 20:00:00-04:00,18.034154891967773,18.093088150024414,17.85734748840332,17.916282653808594,551029,0.26068225502967834,0.0,0.0
TDS,1996-07-29 20:00:00-04:00,17.975217819213867,17.975217819213867,17.798412322998047,17.916282653808594,74870,0.26068225502967834,0.0,0.0
TDS,1996-07-30 20:00:00-04:00,18.034154891967773,18.269893646240234,18.034154891967773,18.21095848083496,156952,0.26496970653533936,0.0,0.0
TDS,1996-07-31 20:00:00-04:00,18.269893646240234,18.918180465698242,18.21095848083496,18.741374969482422,110715,0.2726873755455017,0.0,0.0
TDS,1996-08-01 20:00:00-04:00,18.85924530029297,19.21285629272461,18.800310134887695,19.03605079650879,263637,0.2769748270511627,0.0,0.0
TDS,1996-08-04 20:00:00-04:00,19.153921127319336,19.21285629272461,19.03605079650879,19.094985961914062,94808,0.27783238887786865,0.0,0.0
TDS,1996-08-05 20:00:00-04:00,19.094985961914062,19.153921127319336,18.977115631103516,18.977115631103516,44965,0.2761174440383911,0.0,0.0
TDS,1996-08-06 20:00:00-04:00,18.977115631103516,19.094985961914062,18.918180465698242,19.094985961914062,32027,0.27783238887786865,0.0,0.0
TDS,1996-08-07 20:00:00-04:00,19.094985961914062,19.094985961914062,18.918180465698242,18.918180465698242,92475,0.2752598226070404,0.0,0.0
TDS,1996-08-08 20:00:00-04:00,18.977115631103516,18.977115631103516,18.68243980407715,18.68243980407715,264274,0.2718297243118286,0.0,0.0
TDS,1996-08-11 20:00:00-04:00,18.5645694732666,18.800310134887695,18.5645694732666,18.741374969482422,42844,0.2726873755455017,0.0,0.0
TDS,1996-08-12 20:00:00-04:00,18.800310134887695,18.800310134887695,18.5645694732666,18.68243980407715,57903,0.2718297243118286,0.0,0.0
TDS,1996-08-13 20:00:00-04:00,18.505634307861328,18.741374969482422,18.38776397705078,18.741374969482422,118138,0.2726873755455017,0.0,0.0
TDS,1996-08-14 20:00:00-04:00,18.800310134887695,19.094985961914062,18.800310134887695,19.094985961914062,124289,0.27783238887786865,0.0,0.0
TDS,1996-08-15 20:00:00-04:00,19.094985961914062,19.507532119750977,19.094985961914062,19.448596954345703,202129,0.28297746181488037,0.0,0.0
TDS,1996-08-18 20:00:00-04:00,19.448596954345703,19.448596954345703,19.38966178894043,19.448596954345703,56630,0.28297746181488037,0.0,0.0
TDS,1996-08-19 20:00:00-04:00,19.448596954345703,19.56646728515625,19.330726623535156,19.330726623535156,50055,0.2812623381614685,0.0,0.0
TDS,1996-08-20 20:00:00-04:00,19.38966178894043,19.56646728515625,19.330726623535156,19.56646728515625,74446,0.28469255566596985,0.0,0.0
TDS,1996-08-21 20:00:00-04:00,19.507532119750977,19.861143112182617,19.448596954345703,19.802207946777344,82506,0.2881225645542145,0.0,0.0
TDS,1996-08-22 20:00:00-04:00,19.684337615966797,19.92007827758789,19.684337615966797,19.861143112182617,33087,0.2889799177646637,0.0,0.0
TDS,1996-08-25 20:00:00-04:00,19.861143112182617,19.861143112182617,19.74327278137207,19.802207946777344,102231,0.2881225645542145,0.0,0.0
TDS,1996-08-26 20:00:00-04:00,19.92007827758789,19.92007827758789,19.74327278137207,19.861143112182617,93111,0.2889799177646637,0.0,0.0
TDS,1996-08-27 20:00:00-04:00,19.802207946777344,20.09688377380371,19.802207946777344,20.09688377380371,20998,0.2924099266529083,0.0,0.0
TDS,1996-08-28 20:00:00-04:00,19.979013442993164,20.155818939208984,19.92007827758789,19.92007827758789,81658,0.28983739018440247,0.0,0.0
TDS,1996-08-29 20:00:00-04:00,19.979013442993164,20.214754104614258,19.92007827758789,20.09688377380371,88233,0.2924099266529083,0.0,0.0
TDS,1996-09-02 20:00:00-04:00,19.979013442993164,20.09688377380371,19.684337615966797,19.861143112182617,121108,0.2889799177646637,0.0,0.0
TDS,1996-09-03 20:00:00-04:00,19.979013442993164,20.037948608398438,19.802207946777344,19.861143112182617,82294,0.2889799177646637,0.0,0.0
TDS,1996-09-04 20:00:00-04:00,19.861143112182617,19.861143112182617,19.448596954345703,19.56646728515625,41783,0.28469255566596985,0.0,0.0
TDS,1996-09-05 20:00:00-04:00,19.56646728515625,19.861143112182617,19.56646728515625,19.74327278137207,271061,0.28726479411125183,0.0,0.0
TDS,1996-09-08 20:00:00-04:00,19.861143112182617,19.861143112182617,19.507532119750977,19.507532119750977,50903,0.28383490443229675,0.0,0.0
TDS,1996-09-09 20:00:00-04:00,19.625402450561523,19.684337615966797,19.448596954345703,19.448596954345703,89505,0.28297746181488037,0.0,0.0
TDS,1996-09-10 20:00:00-04:00,19.38966178894043,19.684337615966797,19.38966178894043,19.684337615966797,34996,0.2871033251285553,0.047148,0.0
TDS,1996-09-11 20:00:00-04:00,19.74327278137207,19.92007827758789,19.625402450561523,19.74327278137207,165648,0.28796303272247314,0.0,0.0
TDS,1996-09-12 20:00:00-04:00,19.802207946777344,19.92007827758789,19.684337615966797,19.92007827758789,130440,0.29054170846939087,0.0,0.0
TDS,1996-09-15 20:00:00-04:00,19.92007827758789,20.09688377380371,19.861143112182617,20.037948608398438,69144,0.292261004447937,0.0,0.0
TDS,1996-09-16 20:00:00-04:00,19.979013442993164,19.979013442993164,19.56646728515625,19.56646728515625,40511,0.28538432717323303,0.0,0.0
TDS,1996-09-17 20:00:00-04:00,19.684337615966797,19.684337615966797,19.448596954345703,19.448596954345703,110927,0.2836652100086212,0.0,0.0
TDS,1996-09-18 20:00:00-04:00,19.448596954345703,19.448596954345703,19.153921127319336,19.271791458129883,71901,0.2810863256454468,0.0,0.0
TDS,1996-09-19 20:00:00-04:00,19.094985961914062,19.38966178894043,18.85924530029297,19.21285629272461,281453,0.2802267372608185,0.0,0.0
TDS,1996-09-22 20:00:00-04:00,19.094985961914062,19.094985961914062,18.85924530029297,18.977115631103516,193221,0.27678823471069336,0.0,0.0
TDS,1996-09-23 20:00:00-04:00,18.85924530029297,18.918180465698242,18.741374969482422,18.85924530029297,138076,0.27506914734840393,0.0,0.0
TDS,1996-09-24 20:00:00-04:00,18.918180465698242,19.094985961914062,18.800310134887695,18.85924530029297,150801,0.27506914734840393,0.0,0.0
TDS,1996-09-25 20:00:00-04:00,18.977115631103516,19.271791458129883,18.800310134887695,18.85924530029297,226096,0.27506914734840393,0.0,0.0
TDS,1996-09-26 20:00:00-04:00,18.918180465698242,19.153921127319336,18.918180465698242,19.094985961914062,170314,0.2785075604915619,0.0,0.0
TDS,1996-09-29 20:00:00-04:00,19.094985961914062,19.153921127319336,18.977115631103516,18.977115631103516,90141,0.27678823471069336,0.0,0.0
TDS,1996-09-30 20:00:00-04:00,19.03605079650879,19.094985961914062,18.741374969482422,18.977115631103516,176041,0.27678823471069336,0.0,0.0
TDS,1996-10-01 20:00:00-04:00,18.977115631103516,19.03605079650879,18.977115631103516,19.03605079650879,356748,0.27764803171157837,0.0,0.0
TDS,1996-10-02 20:00:00-04:00,19.03605079650879,19.03605079650879,18.800310134887695,18.918180465698242,306905,0.27592888474464417,0.0,0.0
TDS,1996-10-03 20:00:00-04:00,18.918180465698242,18.918180465698242,18.741374969482422,18.85924530029297,188343,0.27506914734840393,0.0,0.0
TDS,1996-10-06 20:00:00-04:00,18.741374969482422,18.918180465698242,18.623504638671875,18.918180465698242,221006,0.27592888474464417,0.0,0.0
TDS,1996-10-07 20:00:00-04:00,18.918180465698242,19.094985961914062,18.741374969482422,18.85924530029297,159709,0.27506914734840393,0.0,0.0
TDS,1996-10-08 20:00:00-04:00,18.800310134887695,18.800310134887695,18.5645694732666,18.5645694732666,83779,0.27077120542526245,0.0,0.0
TDS,1996-10-09 20:00:00-04:00,18.269893646240234,18.505634307861328,18.093088150024414,18.21095848083496,960166,0.2656136751174927,0.0,0.0
TDS,1996-10-10 20:00:00-04:00,18.21095848083496,18.446699142456055,18.21095848083496,18.38776397705078,146984,0.26819244027137756,0.0,0.0
TDS,1996-10-13 20:00:00-04:00,18.38776397705078,18.505634307861328,18.328828811645508,18.446699142456055,30330,0.26905202865600586,0.0,0.0
TDS,1996-10-14 20:00:00-04:00,18.269893646240234,18.269893646240234,18.093088150024414,18.152023315429688,139984,0.26475411653518677,0.0,0.0
TDS,1996-10-15 20:00:00-04:00,18.152023315429688,18.269893646240234,18.034154891967773,18.152023315429688,485279,0.26475411653518677,0.0,0.0
TDS,1996-10-16 20:00:00-04:00,18.152023315429688,18.152023315429688,18.034154891967773,18.034154891967773,140833,0.2630349397659302,0.0,0.0
TDS,1996-10-17 20:00:00-04:00,18.034154891967773,18.328828811645508,18.034154891967773,18.328828811645508,114957,0.2673327922821045,0.0,0.0
TDS,1996-10-20 20:00:00-04:00,18.328828811645508,18.328828811645508,18.093088150024414,18.152023315429688,186646,0.26475411653518677,0.0,0.0
TDS,1996-10-21 20:00:00-04:00,18.152023315429688,18.21095848083496,17.916282653808594,17.916282653808594,179435,0.26131564378738403,0.0,0.0
TDS,1996-10-22 20:00:00-04:00,17.975217819213867,17.975217819213867,17.62160873413086,17.680543899536133,68508,0.2578773498535156,0.0,0.0
TDS,1996-10-23 20:00:00-04:00,17.739477157592773,17.827880859375,17.326932907104492,17.385866165161133,112200,0.25357937812805176,0.0,0.0
TDS,1996-10-24 20:00:00-04:00,17.444801330566406,17.444801330566406,17.26799774169922,17.385866165161133,94808,0.25357937812805176,0.0,0.0
TDS,1996-10-27 19:00:00-05:00,17.50373649597168,17.50373649597168,17.326932907104492,17.50373649597168,73174,0.25529852509498596,0.0,0.0
TDS,1996-10-28 19:00:00-05:00,17.385866165161133,17.444801330566406,16.737579345703125,16.79651641845703,154407,0.24498344957828522,0.0,0.0
TDS,1996-10-29 19:00:00-05:00,16.67864418029785,16.79651641845703,16.560775756835938,16.560775756835938,254517,0.24154505133628845,0.0,0.0
TDS,1996-10-30 19:00:00-05:00,16.67864418029785,16.67864418029785,16.383970260620117,16.501840591430664,534274,0.2406855672597885,0.0,0.0
TDS,1996-10-31 19:00:00-05:00,16.501840591430664,16.97332191467285,16.501840591430664,16.97332191467285,187070,0.24756228923797607,0.0,0.0
TDS,1996-11-03 19:00:00-05:00,16.97332191467285,17.798412322998047,16.97332191467285,17.798412322998047,291846,0.2595965266227722,0.0,0.0
TDS,1996-11-04 19:00:00-05:00,17.680543899536133,17.680543899536133,17.562671661376953,17.562671661376953,124077,0.25615814328193665,0.0,0.0
TDS,1996-11-05 19:00:00-05:00,17.444801330566406,17.62160873413086,17.385866165161133,17.444801330566406,119411,0.25443899631500244,0.0,0.0
TDS,1996-11-06 19:00:00-05:00,17.385866165161133,17.444801330566406,17.209062576293945,17.26799774169922,67023,0.25186020135879517,0.0,0.0
TDS,1996-11-07 19:00:00-05:00,17.209062576293945,17.209062576293945,16.855451583862305,16.97332191467285,181980,0.24756228923797607,0.0,0.0
TDS,1996-11-10 19:00:00-05:00,16.97332191467285,17.032255172729492,16.855451583862305,16.855451583862305,95444,0.24584317207336426,0.0,0.0
TDS,1996-11-11 19:00:00-05:00,16.737579345703125,16.855451583862305,16.560775756835938,16.737579345703125,253244,0.24412377178668976,0.0,0.0
TDS,1996-11-12 19:00:00-05:00,16.737579345703125,16.79651641845703,16.61971092224121,16.79651641845703,121956,0.24498344957828522,0.0,0.0
TDS,1996-11-13 19:00:00-05:00,16.79651641845703,17.032255172729492,16.737579345703125,16.914386749267578,146559,0.2467026710510254,0.0,0.0
TDS,1996-11-14 19:00:00-05:00,16.855451583862305,17.032255172729492,16.67864418029785,16.79651641845703,167345,0.24498344957828522,0.0,0.0
TDS,1996-11-17 19:00:00-05:00,16.914386749267578,16.914386749267578,16.79651641845703,16.914386749267578,65962,0.2467026710510254,0.0,0.0
TDS,1996-11-18 19:00:00-05:00,16.914386749267578,17.26799774169922,16.914386749267578,17.209062576293945,168193,0.25100067257881165,0.0,0.0
TDS,1996-11-19 19:00:00-05:00,17.209062576293945,17.680543899536133,17.15012550354004,17.562671661376953,291422,0.25615814328193665,0.0,0.0
TDS,1996-11-20 19:00:00-05:00,17.562671661376953,17.680543899536133,17.562671661376953,17.62160873413086,99474,0.25701773166656494,0.0,0.0
TDS,1996-11-21 19:00:00-05:00,17.680543899536133,17.916282653808594,17.680543899536133,17.916282653808594,127259,0.26131564378738403,0.0,0.0
TDS,1996-11-24 19:00:00-05:00,17.916282653808594,18.269893646240234,17.916282653808594,18.269893646240234,224187,0.26647326350212097,0.0,0.0
TDS,1996-11-25 19:00:00-05:00,18.269893646240234,18.269893646240234,17.975217819213867,17.975217819213867,70204,0.26217520236968994,0.0,0.0
TDS,1996-11-26 19:00:00-05:00,17.85734748840332,17.85734748840332,17.562671661376953,17.62160873413086,232247,0.25701773166656494,0.0,0.0
TDS,1996-11-28 19:00:00-05:00,17.680543899536133,17.798412322998047,17.50373649597168,17.62160873413086,36905,0.25701773166656494,0.0,0.0
TDS,1996-12-01 19:00:00-05:00,17.680543899536133,17.680543899536133,17.385866165161133,17.62160873413086,83991,0.25701773166656494,0.0,0.0
TDS,1996-12-02 19:00:00-05:00,17.680543899536133,17.916282653808594,17.62160873413086,17.798412322998047,71053,0.2595965266227722,0.0,0.0
TDS,1996-12-03 19:00:00-05:00,17.739477157592773,17.916282653808594,17.680543899536133,17.798412322998047,216764,0.2595965266227722,0.0,0.0
TDS,1996-12-04 19:00:00-05:00,17.680543899536133,17.85734748840332,17.680543899536133,17.739477157592773,66174,0.258736789226532,0.0,0.0
TDS,1996-12-05 19:00:00-05:00,17.562671661376953,17.680543899536133,17.444801330566406,17.444801330566406,185797,0.25443899631500244,0.0,0.0
TDS,1996-12-08 19:00:00-05:00,17.444801330566406,17.562671661376953,17.326932907104492,17.385866165161133,121956,0.25357937812805176,0.0,0.0
TDS,1996-12-09 19:00:00-05:00,17.444801330566406,17.50373649597168,17.326932907104492,17.385866165161133,67447,0.25357937812805176,0.0,0.0
TDS,1996-12-10 19:00:00-05:00,17.032255172729492,17.26799774169922,16.914386749267578,16.97332191467285,171587,0.24823525547981262,0.047148,0.0
TDS,1996-12-11 19:00:00-05:00,16.97332191467285,17.032255172729492,16.79651641845703,16.97332191467285,129804,0.24823525547981262,0.0,0.0
TDS,1996-12-12 19:00:00-05:00,16.855451583862305,17.26799774169922,16.79651641845703,17.091190338134766,164376,0.24995917081832886,0.0,0.0
TDS,1996-12-15 19:00:00-05:00,17.26799774169922,17.385866165161133,17.091190338134766,17.15012550354004,254729,0.25082114338874817,0.0,0.0
TDS,1996-12-16 19:00:00-05:00,17.091190338134766,17.091190338134766,16.737579345703125,16.97332191467285,195766,0.24823525547981262,0.0,0.0
TDS,1996-12-17 19:00:00-05:00,16.97332191467285,17.032255172729492,16.79651641845703,16.914386749267578,273182,0.24737359583377838,0.0,0.0
TDS,1996-12-18 19:00:00-05:00,16.914386749267578,16.97332191467285,16.501840591430664,16.61971092224121,289513,0.24306371808052063,0.0,0.0
TDS,1996-12-19 19:00:00-05:00,16.67864418029785,16.737579345703125,16.501840591430664,16.61971092224121,236701,0.24306371808052063,0.0,0.0
TDS,1996-12-22 19:00:00-05:00,16.737579345703125,16.855451583862305,16.67864418029785,16.79651641845703,162467,0.24564960598945618,0.0,0.0
TDS,1996-12-23 19:00:00-05:00,16.79651641845703,17.091190338134766,16.737579345703125,16.97332191467285,110291,0.24823525547981262,0.0,0.0
TDS,1996-12-25 19:00:00-05:00,17.091190338134766,17.15012550354004,16.97332191467285,17.091190338134766,64902,0.24995917081832886,0.0,0.0
TDS,1996-12-26 19:00:00-05:00,17.091190338134766,17.26799774169922,17.032255172729492,17.209062576293945,173072,0.2516832947731018,0.0,0.0
TDS,1996-12-29 19:00:00-05:00,17.209062576293945,17.209062576293945,16.855451583862305,16.914386749267578,280181,0.24737359583377838,0.0,0.0
TDS,1996-12-30 19:00:00-05:00,16.914386749267578,17.209062576293945,16.914386749267578,17.091190338134766,326842,0.24995917081832886,0.0,0.0
TDS,1997-01-01 19:00:00-05:00,17.15012550354004,17.15012550354004,16.855451583862305,16.97332191467285,173072,0.24823525547981262,0.0,0.0
TDS,1997-01-02 19:00:00-05:00,17.091190338134766,17.209062576293945,16.855451583862305,17.032255172729492,242003,0.24909739196300507,0.0,0.0
TDS,1997-01-05 19:00:00-05:00,17.091190338134766,17.209062576293945,16.79651641845703,17.032255172729492,322600,0.24909739196300507,0.0,0.0
TDS,1997-01-06 19:00:00-05:00,16.97332191467285,16.97332191467285,16.560775756835938,16.67864418029785,145923,0.2439257800579071,0.0,0.0
TDS,1997-01-07 19:00:00-05:00,16.67864418029785,16.67864418029785,16.44290542602539,16.44290542602539,404258,0.2404780387878418,0.0,0.0
TDS,1997-01-08 19:00:00-05:00,16.44290542602539,16.61971092224121,16.32503318786621,16.61971092224121,108594,0.24306371808052063,0.0,0.0
TDS,1997-01-09 19:00:00-05:00,16.560775756835938,16.79651641845703,16.560775756835938,16.737579345703125,55994,0.24478760361671448,0.0,0.0
TDS,1997-01-12 19:00:00-05:00,16.737579345703125,16.79651641845703,16.44290542602539,16.501840591430664,94171,0.2413400560617447,0.0,0.0
TDS,1997-01-13 19:00:00-05:00,16.501840591430664,16.560775756835938,16.501840591430664,16.560775756835938,297997,0.2422019988298416,0.0,0.0
TDS,1997-01-14 19:00:00-05:00,16.501840591430664,16.61971092224121,16.32503318786621,16.560775756835938,210401,0.2422019988298416,0.0,0.0
TDS,1997-01-15 19:00:00-05:00,16.560775756835938,16.67864418029785,16.560775756835938,16.61971092224121,127895,0.24306371808052063,0.0,0.0
TDS,1997-01-16 19:00:00-05:00,16.61971092224121,16.855451583862305,16.61971092224121,16.67864418029785,116017,0.2439257800579071,0.0,0.0
TDS,1997-01-19 19:00:00-05:00,16.67864418029785,16.737579345703125,16.32503318786621,16.32503318786621,226520,0.23875416815280914,0.0,0.0
TDS,1997-01-20 19:00:00-05:00,16.32503318786621,16.67864418029785,16.32503318786621,16.44290542602539,321540,0.2404780387878418,0.0,0.0
TDS,1997-01-21 19:00:00-05:00,16.383970260620117,16.501840591430664,16.26609992980957,16.383970260620117,278696,0.2396162450313568,0.0,0.0
TDS,1997-01-22 19:00:00-05:00,16.501840591430664,16.737579345703125,16.501840591430664,16.67864418029785,208916,0.2439257800579071,0.0,0.0
TDS,1997-01-23 19:00:00-05:00,16.560775756835938,16.79651641845703,16.501840591430664,16.737579345703125,178798,0.24478760361671448,0.0,0.0
TDS,1997-01-26 19:00:00-05:00,16.855451583862305,17.209062576293945,16.855451583862305,17.15012550354004,241791,0.25082114338874817,0.0,0.0
TDS,1997-01-27 19:00:00-05:00,17.15012550354004,17.62160873413086,17.15012550354004,17.50373649597168,216976,0.2559927701950073,0.0,0.0
TDS,1997-01-28 19:00:00-05:00,17.385866165161133,17.798412322998047,17.385866165161133,17.562671661376953,337871,0.256854772567749,0.0,0.0
TDS,1997-01-29 19:00:00-05:00,17.562671661376953,17.85734748840332,17.385866165161133,17.739477157592773,294604,0.2594403028488159,0.0,0.0
TDS,1997-01-30 19:00:00-05:00,17.680543899536133,18.034154891967773,17.680543899536133,17.975217819213867,247306,0.26288825273513794,0.0,0.0
TDS,1997-02-02 19:00:00-05:00,18.152023315429688,18.152023315429688,17.798412322998047,17.85734748840332,302027,0.2611643373966217,0.0,0.0
TDS,1997-02-03 19:00:00-05:00,17.85734748840332,17.916282653808594,17.385866165161133,17.50373649597168,340629,0.2559927701950073,0.0,0.0
TDS,1997-02-04 19:00:00-05:00,17.50373649597168,17.680543899536133,17.26799774169922,17.326932907104492,924745,0.2534070611000061,0.0,0.0
TDS,1997-02-05 19:00:00-05:00,17.326932907104492,17.444801330566406,17.209062576293945,17.209062576293945,76355,0.2516832947731018,0.0,0.0
TDS,1997-02-06 19:00:00-05:00,17.26799774169922,17.385866165161133,17.15012550354004,17.15012550354004,621234,0.25082114338874817,0.0,0.0
TDS,1997-02-09 19:00:00-05:00,17.26799774169922,17.326932907104492,17.15012550354004,17.326932907104492,401501,0.2534070611000061,0.0,0.0
TDS,1997-02-10 19:00:00-05:00,17.209062576293945,17.385866165161133,17.091190338134766,17.326932907104492,487188,0.2534070611000061,0.0,0.0
TDS,1997-02-11 19:00:00-05:00,17.444801330566406,17.562671661376953,17.326932907104492,17.385866165161133,610841,0.2542688846588135,0.0,0.0
TDS,1997-02-12 19:00:00-05:00,17.385866165161133,17.444801330566406,17.326932907104492,17.385866165161133,104776,0.2542688846588135,0.0,0.0
TDS,1997-02-13 19:00:00-05:00,17.326932907104492,17.444801330566406,17.29746437072754,17.385866165161133,2742846,0.2542688846588135,0.0,0.0
TDS,1997-02-17 19:00:00-05:00,17.444801330566406,17.562671661376953,17.26799774169922,17.50373649597168,705224,0.2559927701950073,0.0,0.0
TDS,1997-02-18 19:00:00-05:00,17.444801330566406,17.50373649597168,17.326932907104492,17.444801330566406,139984,0.2551308870315552,0.0,0.0
TDS,1997-02-19 19:00:00-05:00,17.385866165161133,17.739477157592773,17.385866165161133,17.680543899536133,245821,0.25857850909233093,0.0,0.0
TDS,1997-02-20 19:00:00-05:00,17.680543899536133,17.798412322998047,17.62160873413086,17.798412322998047,162043,0.26030233502388,0.0,0.0
TDS,1997-02-23 19:00:00-05:00,17.739477157592773,17.85734748840332,17.739477157592773,17.798412322998047,102019,0.26030233502388,0.0,0.0
TDS,1997-02-24 19:00:00-05:00,17.680543899536133,19.802207946777344,17.680543899536133,19.802207946777344,1444172,0.28960803151130676,0.0,0.0
TDS,1997-02-25 19:00:00-05:00,19.684337615966797,19.684337615966797,18.918180465698242,19.094985961914062,1278524,0.2792648375034332,0.0,0.0
TDS,1997-02-26 19:00:00-05:00,19.271791458129883,19.271791458129883,18.623504638671875,18.741374969482422,449859,0.2740933299064636,0.0,0.0
TDS,1997-02-27 19:00:00-05:00,18.800310134887695,18.918180465698242,18.68243980407715,18.85924530029297,618476,0.2758171260356903,0.0,0.0
TDS,1997-03-02 19:00:00-05:00,18.741374969482422,18.977115631103516,18.741374969482422,18.977115631103516,168830,0.277540922164917,0.0,0.0
TDS,1997-03-03 19:00:00-05:00,18.977115631103516,19.03605079650879,18.918180465698242,18.977115631103516,143590,0.277540922164917,0.0,0.0
TDS,1997-03-04 19:00:00-05:00,19.03605079650879,19.153921127319336,18.977115631103516,19.094985961914062,508610,0.2792648375034332,0.0,0.0
TDS,1997-03-05 19:00:00-05:00,19.094985961914062,19.094985961914062,18.800310134887695,18.800310134887695,1464322,0.2749551832675934,0.0,0.0
TDS,1997-03-06 19:00:00-05:00,18.85924530029297,19.094985961914062,18.85924530029297,18.918180465698242,111563,0.27667921781539917,0.0,0.0
TDS,1997-03-09 19:00:00-05:00,18.977115631103516,19.094985961914062,18.918180465698242,18.977115631103516,167557,0.277540922164917,0.0,0.0
TDS,1997-03-10 19:00:00-05:00,18.977115631103516,19.03605079650879,18.918180465698242,18.918180465698242,185585,0.27667921781539917,0.0,0.0
TDS,1997-03-11 19:00:00-05:00,18.85924530029297,18.918180465698242,18.5645694732666,18.5645694732666,296300,0.27221980690956116,0.049506,0.0
TDS,1997-03-12 19:00:00-05:00,18.623504638671875,18.68243980407715,18.505634307861328,18.623504638671875,317934,0.27308398485183716,0.0,0.0
TDS,1997-03-13 19:00:00-05:00,18.68243980407715,18.800310134887695,18.623504638671875,18.68243980407715,353991,0.2739480435848236,0.0,0.0
TDS,1997-03-16 19:00:00-05:00,18.741374969482422,18.800310134887695,18.623504638671875,18.800310134887695,222278,0.27567657828330994,0.0,0.0
TDS,1997-03-17 19:00:00-05:00,18.68243980407715,18.800310134887695,18.68243980407715,18.800310134887695,93323,0.27567657828330994,0.0,0.0
TDS,1997-03-18 19:00:00-05:00,18.741374969482422,19.330726623535156,18.741374969482422,18.85924530029297,841815,0.2765408158302307,0.0,0.0
TDS,1997-03-19 19:00:00-05:00,18.918180465698242,19.153921127319336,18.918180465698242,19.094985961914062,868327,0.2799975574016571,0.0,0.0
TDS,1997-03-20 19:00:00-05:00,19.153921127319336,19.153921127319336,18.85924530029297,18.977115631103516,184949,0.2782691419124603,0.0,0.0
TDS,1997-03-23 19:00:00-05:00,18.85924530029297,18.85924530029297,18.741374969482422,18.800310134887695,439890,0.27567657828330994,0.0,0.0
TDS,1997-03-24 19:00:00-05:00,18.85924530029297,19.094985961914062,18.85924530029297,18.977115631103516,679985,0.2782691419124603,0.0,0.0
TDS,1997-03-25 19:00:00-05:00,18.977115631103516,19.03605079650879,18.918180465698242,19.03605079650879,329812,0.27913349866867065,0.0,0.0
TDS,1997-03-26 19:00:00-05:00,19.03605079650879,19.03605079650879,18.5645694732666,18.5645694732666,223551,0.27221980690956116,0.0,0.0
TDS,1997-03-30 19:00:00-05:00,18.5645694732666,18.5645694732666,18.034154891967773,18.093088150024414,243276,0.2653062343597412,0.0,0.0
TDS,1997-03-31 19:00:00-05:00,18.152023315429688,18.21095848083496,17.62160873413086,17.798412322998047,173496,0.26098525524139404,0.0,0.0
TDS,1997-04-01 19:00:00-05:00,17.798412322998047,17.85734748840332,17.739477157592773,17.85734748840332,138924,0.2618495523929596,0.0,0.0
TDS,1997-04-02 19:00:00-05:00,17.975217819213867,18.093088150024414,17.85734748840332,18.034154891967773,128319,0.26444220542907715,0.0,0.0
TDS,1997-04-03 19:00:00-05:00,18.093088150024414,18.152023315429688,17.85734748840332,18.152023315429688,105625,0.26617056131362915,0.0,0.0
TDS,1997-04-06 20:00:00-04:00,18.152023315429688,18.68243980407715,18.152023315429688,18.328828811645508,189615,0.26876315474510193,0.0,0.0
TDS,1997-04-07 20:00:00-04:00,18.328828811645508,18.328828811645508,18.093088150024414,18.152023315429688,78688,0.26617056131362915,0.0,0.0
TDS,1997-04-08 20:00:00-04:00,18.152023315429688,18.68243980407715,18.152023315429688,18.623504638671875,305420,0.27308398485183716,0.0,0.0
TDS,1997-04-09 20:00:00-04:00,18.5645694732666,18.68243980407715,18.446699142456055,18.623504638671875,88869,0.27308398485183716,0.0,0.0
TDS,1997-04-10 20:00:00-04:00,18.741374969482422,18.741374969482422,18.446699142456055,18.505634307861328,144651,0.27135565876960754,0.0,0.0
TDS,1997-04-13 20:00:00-04:00,18.5645694732666,18.5645694732666,17.975217819213867,17.975217819213867,251124,0.263577938079834,0.0,0.0
TDS,1997-04-14 20:00:00-04:00,18.034154891967773,18.152023315429688,17.916282653808594,17.916282653808594,202765,0.262713760137558,0.0,0.0
TDS,1997-04-15 20:00:00-04:00,18.034154891967773,18.034154891967773,17.739477157592773,17.916282653808594,104564,0.262713760137558,0.0,0.0
TDS,1997-04-16 20:00:00-04:00,17.975217819213867,18.034154891967773,17.680543899536133,17.739477157592773,433103,0.26012104749679565,0.0,0.0
TDS,1997-04-17 20:00:00-04:00,17.85734748840332,17.916282653808594,17.385866165161133,17.385866165161133,311783,0.25493600964546204,0.0,0.0
TDS,1997-04-20 20:00:00-04:00,17.444801330566406,17.444801330566406,17.15012550354004,17.26799774169922,113472,0.25320759415626526,0.0,0.0
TDS,1997-04-21 20:00:00-04:00,17.26799774169922,17.385866165161133,17.15012550354004,17.15012550354004,313692,0.25147920846939087,0.0,0.0
TDS,1997-04-22 20:00:00-04:00,17.326932907104492,17.798412322998047,17.26799774169922,17.385866165161133,829301,0.25493600964546204,0.0,0.0
TDS,1997-04-23 20:00:00-04:00,17.444801330566406,17.50373649597168,17.209062576293945,17.209062576293945,188131,0.2523435950279236,0.0,0.0
TDS,1997-04-24 20:00:00-04:00,17.209062576293945,17.326932907104492,17.091190338134766,17.15012550354004,383048,0.25147920846939087,0.0,0.0
TDS,1997-04-27 20:00:00-04:00,17.326932907104492,17.50373649597168,17.26799774169922,17.385866165161133,202129,0.25493600964546204,0.0,0.0
TDS,1997-04-28 20:00:00-04:00,17.26799774169922,17.85734748840332,17.26799774169922,17.798412322998047,83142,0.26098525524139404,0.0,0.0
TDS,1997-04-29 20:00:00-04:00,17.798412322998047,17.798412322998047,17.385866165161133,17.444801330566406,223763,0.25580033659935,0.0,0.0
TDS,1997-04-30 20:00:00-04:00,17.385866165161133,17.444801330566406,17.26799774169922,17.444801330566406,104564,0.25580033659935,0.0,0.0
TDS,1997-05-01 20:00:00-04:00,17.50373649597168,17.798412322998047,17.50373649597168,17.798412322998047,112200,0.26098525524139404,0.0,0.0
TDS,1997-05-04 20:00:00-04:00,17.680543899536133,17.975217819213867,17.680543899536133,17.975217819213867,153559,0.263577938079834,0.0,0.0
TDS,1997-05-05 20:00:00-04:00,17.916282653808594,18.093088150024414,17.85734748840332,17.85734748840332,130652,0.2618495523929596,0.0,0.0
TDS,1997-05-06 20:00:00-04:00,17.916282653808594,17.916282653808594,17.62160873413086,17.680543899536133,63841,0.2592570185661316,0.0,0.0
TDS,1997-05-07 20:00:00-04:00,17.562671661376953,17.680543899536133,17.444801330566406,17.47426986694336,99262,0.2562323212623596,0.0,0.0
TDS,1997-05-08 20:00:00-04:00,17.385866165161133,17.50373649597168,17.26799774169922,17.415334701538086,131076,0.2553682029247284,0.0,0.0
TDS,1997-05-11 20:00:00-04:00,17.444801330566406,17.62160873413086,17.385866165161133,17.385866165161133,318146,0.25493600964546204,0.0,0.0
TDS,1997-05-12 20:00:00-04:00,17.415334701538086,17.62160873413086,17.385866165161133,17.62160873413086,155680,0.2583928108215332,0.0,0.0
TDS,1997-05-13 20:00:00-04:00,17.562671661376953,17.798412322998047,17.562671661376953,17.739477157592773,191312,0.26012104749679565,0.0,0.0
TDS,1997-05-14 20:00:00-04:00,17.739477157592773,17.85734748840332,17.62160873413086,17.739477157592773,124289,0.26012104749679565,0.0,0.0
TDS,1997-05-15 20:00:00-04:00,17.739477157592773,18.21095848083496,17.680543899536133,17.975217819213867,174556,0.263577938079834,0.0,0.0
TDS,1997-05-18 20:00:00-04:00,17.916282653808594,18.034154891967773,17.680543899536133,17.798412322998047,156740,0.26098525524139404,0.0,0.0
TDS,1997-05-19 20:00:00-04:00,17.62160873413086,17.680543899536133,17.444801330566406,17.62160873413086,123017,0.2583928108215332,0.0,0.0
TDS,1997-05-20 20:00:00-04:00,17.62160873413086,17.798412322998047,17.50373649597168,17.562671661376953,92899,0.2575286328792572,0.0,0.0
TDS,1997-05-21 20:00:00-04:00,17.562671661376953,17.562671661376953,17.326932907104492,17.326932907104492,130652,0.2540719509124756,0.0,0.0
TDS,1997-05-22 20:00:00-04:00,17.326932907104492,17.444801330566406,17.326932907104492,17.444801330566406,211885,0.25580033659935,0.0,0.0
TDS,1997-05-26 20:00:00-04:00,17.562671661376953,17.65107536315918,17.47426986694336,17.562671661376953,192797,0.2575286328792572,0.0,0.0
TDS,1997-05-27 20:00:00-04:00,17.562671661376953,18.152023315429688,17.444801330566406,18.152023315429688,694832,0.26617056131362915,0.0,0.0
TDS,1997-05-28 20:00:00-04:00,18.152023315429688,18.21095848083496,17.916282653808594,18.122556686401367,347840,0.26573845744132996,0.0,0.0
TDS,1997-05-29 20:00:00-04:00,17.739477157592773,18.328828811645508,17.710010528564453,18.299362182617188,292907,0.26833105087280273,0.0,0.0
TDS,1997-06-01 20:00:00-04:00,18.35829734802246,18.53510284423828,18.21095848083496,18.269893646240234,229914,0.2678990364074707,0.0,0.0
TDS,1997-06-02 20:00:00-04:00,18.21095848083496,18.328828811645508,18.093088150024414,18.152023315429688,210189,0.26617056131362915,0.0,0.0
TDS,1997-06-03 20:00:00-04:00,18.063621520996094,18.18149185180664,17.975217819213867,18.034154891967773,126410,0.26444220542907715,0.0,0.0
TDS,1997-06-04 20:00:00-04:00,17.975217819213867,18.328828811645508,17.975217819213867,18.269893646240234,198735,0.2678990364074707,0.0,0.0
TDS,1997-06-05 20:00:00-04:00,18.21095848083496,18.741374969482422,18.21095848083496,18.652973175048828,258547,0.27351611852645874,0.0,0.0
TDS,1997-06-08 20:00:00-04:00,18.623504638671875,18.68243980407715,18.505634307861328,18.594036102294922,207431,0.27265191078186035,0.0,0.0
TDS,1997-06-09 20:00:00-04:00,18.652973175048828,18.68243980407715,18.505634307861328,18.623504638671875,114745,0.27308398485183716,0.0,0.0
TDS,1997-06-10 20:00:00-04:00,18.623504638671875,18.7119083404541,18.505634307861328,18.652973175048828,125774,0.27424517273902893,0.049506,0.0
TDS,1997-06-11 20:00:00-04:00,18.68243980407715,18.770843505859375,18.623504638671875,18.741374969482422,101383,0.27554479241371155,0.0,0.0
TDS,1997-06-12 20:00:00-04:00,18.82977867126465,19.03605079650879,18.800310134887695,18.918180465698242,206371,0.2781444489955902,0.0,0.0
TDS,1997-06-15 20:00:00-04:00,19.03605079650879,19.094985961914062,18.977115631103516,19.03605079650879,263425,0.2798774838447571,0.0,0.0
TDS,1997-06-16 20:00:00-04:00,19.03605079650879,19.094985961914062,18.85924530029297,18.947647094726562,549757,0.27857762575149536,0.0,0.0
TDS,1997-06-17 20:00:00-04:00,18.918180465698242,19.065519332885742,18.85924530029297,19.03605079650879,774156,0.2798774838447571,0.0,0.0
TDS,1997-06-18 20:00:00-04:00,19.03605079650879,19.03605079650879,18.800310134887695,18.888713836669922,507762,0.27771109342575073,0.0,0.0
TDS,1997-06-19 20:00:00-04:00,18.85924530029297,18.918180465698242,18.770843505859375,18.800310134887695,196614,0.27641135454177856,0.0,0.0
TDS,1997-06-22 20:00:00-04:00,18.68243980407715,18.800310134887695,18.594036102294922,18.623504638671875,150165,0.27381187677383423,0.0,0.0
TDS,1997-06-23 20:00:00-04:00,18.505634307861328,18.5645694732666,18.034154891967773,18.18149185180664,625476,0.2673132121562958,0.0,0.0
TDS,1997-06-24 20:00:00-04:00,18.122556686401367,18.446699142456055,18.00468635559082,18.00468635559082,232883,0.2647137939929962,0.0,0.0
TDS,1997-06-25 20:00:00-04:00,17.945751190185547,18.299362182617188,17.916282653808594,17.945751190185547,223763,0.263847291469574,0.0,0.0
TDS,1997-06-26 20:00:00-04:00,17.916282653808594,18.240427017211914,17.916282653808594,18.034154891967773,689953,0.26514703035354614,0.0,0.0
TDS,1997-06-29 20:00:00-04:00,18.034154891967773,18.093088150024414,17.85734748840332,17.886816024780273,259395,0.26298078894615173,0.0,0.0
TDS,1997-06-30 20:00:00-04:00,17.886816024780273,18.034154891967773,17.739477157592773,17.798412322998047,145499,0.26168105006217957,0.0,0.0
TDS,1997-07-01 20:00:00-04:00,17.916282653808594,17.916282653808594,17.26799774169922,17.62160873413086,401076,0.2590814530849457,0.0,0.0
TDS,1997-07-02 20:00:00-04:00,17.592140197753906,17.827880859375,17.592140197753906,17.827880859375,78688,0.26211419701576233,0.0,0.0
TDS,1997-07-06 20:00:00-04:00,17.798412322998047,18.093088150024414,17.798412322998047,18.00468635559082,207007,0.2647137939929962,0.0,0.0
TDS,1997-07-07 20:00:00-04:00,18.063621520996094,18.122556686401367,17.945751190185547,18.034154891967773,69144,0.26514703035354614,0.0,0.0
TDS,1997-07-08 20:00:00-04:00,18.034154891967773,18.063621520996094,17.768945693969727,17.916282653808594,469584,0.2634138762950897,0.0,0.0
TDS,1997-07-09 20:00:00-04:00,18.00468635559082,18.063621520996094,17.768945693969727,18.034154891967773,272970,0.26514703035354614,0.0,0.0
TDS,1997-07-10 20:00:00-04:00,18.093088150024414,18.093088150024414,17.798412322998047,17.916282653808594,366717,0.2634138762950897,0.0,0.0
TDS,1997-07-13 20:00:00-04:00,17.916282653808594,17.975217819213867,17.798412322998047,17.85734748840332,296512,0.26254746317863464,0.0,0.0
TDS,1997-07-14 20:00:00-04:00,17.886816024780273,18.093088150024414,17.739477157592773,17.916282653808594,423983,0.2634138762950897,0.0,0.0
TDS,1997-07-15 20:00:00-04:00,17.916282653808594,17.916282653808594,17.533205032348633,17.62160873413086,348264,0.2590814530849457,0.0,0.0
TDS,1997-07-16 20:00:00-04:00,17.739477157592773,17.916282653808594,17.385866165161133,17.562671661376953,373292,0.2582150995731354,0.0,0.0
TDS,1997-07-17 20:00:00-04:00,17.680543899536133,17.680543899536133,17.444801330566406,17.62160873413086,100534,0.2590814530849457,0.0,0.0
TDS,1997-07-20 20:00:00-04:00,17.562671661376953,17.562671661376953,17.26799774169922,17.26799774169922,134046,0.2538825273513794,0.0,0.0
TDS,1997-07-21 20:00:00-04:00,17.26799774169922,17.47426986694336,17.26799774169922,17.444801330566406,343810,0.2564820349216461,0.0,0.0
TDS,1997-07-22 20:00:00-04:00,17.444801330566406,17.50373649597168,17.26799774169922,17.415334701538086,254305,0.25604885816574097,0.0,0.0
TDS,1997-07-23 20:00:00-04:00,17.415334701538086,17.50373649597168,17.238529205322266,17.50373649597168,168618,0.2573483884334564,0.0,0.0
TDS,1997-07-24 20:00:00-04:00,17.444801330566406,17.65107536315918,17.385866165161133,17.65107536315918,157801,0.2595146894454956,0.0,0.0
TDS,1997-07-27 20:00:00-04:00,17.592140197753906,17.739477157592773,17.592140197753906,17.65107536315918,211037,0.2595146894454956,0.0,0.0
TDS,1997-07-28 20:00:00-04:00,17.680543899536133,17.916282653808594,17.680543899536133,17.886816024780273,249639,0.26298078894615173,0.0,0.0
TDS,1997-07-29 20:00:00-04:00,17.886816024780273,18.063621520996094,17.85734748840332,17.886816024780273,290362,0.26298078894615173,0.0,0.0
TDS,1997-07-30 20:00:00-04:00,17.916282653808594,18.093088150024414,17.827880859375,18.093088150024414,199372,0.2660132646560669,0.0,0.0
TDS,1997-07-31 20:00:00-04:00,18.093088150024414,18.152023315429688,17.710010528564453,17.916282653808594,182828,0.2634138762950897,0.0,0.0
TDS,1997-08-03 20:00:00-04:00,17.916282653808594,18.269893646240234,17.886816024780273,18.269893646240234,359930,0.26861298084259033,0.0,0.0
TDS,1997-08-04 20:00:00-04:00,18.328828811645508,18.446699142456055,18.122556686401367,18.152023315429688,147832,0.26687994599342346,0.0,0.0
TDS,1997-08-05 20:00:00-04:00,18.269893646240234,18.269893646240234,18.034154891967773,18.240427017211914,120047,0.268179714679718,0.0,0.0
TDS,1997-08-06 20:00:00-04:00,18.269893646240234,18.269893646240234,17.85734748840332,17.916282653808594,154195,0.2634138762950897,0.0,0.0
TDS,1997-08-07 20:00:00-04:00,17.798412322998047,17.975217819213867,17.680543899536133,17.916282653808594,94808,0.2634138762950897,0.0,0.0
TDS,1997-08-10 20:00:00-04:00,17.798412322998047,17.975217819213867,17.739477157592773,17.916282653808594,317510,0.2634138762950897,0.0,0.0
TDS,1997-08-11 20:00:00-04:00,17.85734748840332,18.034154891967773,17.798412322998047,17.945751190185547,229065,0.263847291469574,0.0,0.0
TDS,1997-08-12 20:00:00-04:00,18.034154891967773,18.063621520996094,17.916282653808594,18.00468635559082,187282,0.2647137939929962,0.0,0.0
TDS,1997-08-13 20:00:00-04:00,17.916282653808594,18.800310134887695,17.916282653808594,18.476167678833008,779034,0.27164560556411743,0.0,0.0
TDS,1997-08-14 20:00:00-04:00,18.35829734802246,18.446699142456055,18.152023315429688,18.152023315429688,300118,0.26687994599342346,0.0,0.0
TDS,1997-08-17 20:00:00-04:00,17.975217819213867,18.00468635559082,17.710010528564453,17.85734748840332,187494,0.26254746317863464,0.0,0.0
TDS,1997-08-18 20:00:00-04:00,17.916282653808594,18.152023315429688,17.85734748840332,17.975217819213867,261092,0.2642805576324463,0.0,0.0
TDS,1997-08-19 20:00:00-04:00,17.945751190185547,18.328828811645508,17.945751190185547,18.240427017211914,128107,0.268179714679718,0.0,0.0
TDS,1997-08-20 20:00:00-04:00,18.240427017211914,18.505634307861328,18.240427017211914,18.38776397705078,253032,0.2703460156917572,0.0,0.0
TDS,1997-08-21 20:00:00-04:00,18.269893646240234,18.328828811645508,18.152023315429688,18.21095848083496,198311,0.2677464485168457,0.0,0.0
TDS,1997-08-24 20:00:00-04:00,18.18149185180664,18.18149185180664,18.00468635559082,18.00468635559082,395986,0.2647137939929962,0.0,0.0
TDS,1997-08-25 20:00:00-04:00,17.945751190185547,18.38776397705078,17.85734748840332,18.35829734802246,1130692,0.26991263031959534,0.0,0.0
TDS,1997-08-26 20:00:00-04:00,18.328828811645508,18.476167678833008,18.269893646240234,18.417232513427734,298209,0.27077922224998474,0.0,0.0
TDS,1997-08-27 20:00:00-04:00,18.417232513427734,18.7119083404541,18.38776397705078,18.5645694732666,236489,0.2729453444480896,0.0,0.0
TDS,1997-08-28 20:00:00-04:00,18.505634307861328,18.652973175048828,18.328828811645508,18.623504638671875,247094,0.27381187677383423,0.0,0.0
TDS,1997-09-01 20:00:00-04:00,18.7119083404541,18.918180465698242,18.7119083404541,18.741374969482422,396410,0.27554479241371155,0.0,0.0
TDS,1997-09-02 20:00:00-04:00,18.68243980407715,18.918180465698242,18.68243980407715,18.85924530029297,215067,0.27727800607681274,0.0,0.0
TDS,1997-09-03 20:00:00-04:00,18.977115631103516,19.21285629272461,18.85924530029297,19.21285629272461,854541,0.28247690200805664,0.0,0.0
TDS,1997-09-04 20:00:00-04:00,19.153921127319336,19.301258087158203,19.094985961914062,19.153921127319336,450919,0.2816102206707001,0.0,0.0
TDS,1997-09-07 20:00:00-04:00,19.153921127319336,19.507532119750977,19.153921127319336,19.448596954345703,489309,0.285942941904068,0.0,0.0
TDS,1997-09-08 20:00:00-04:00,19.448596954345703,19.684337615966797,19.448596954345703,19.684337615966797,262789,0.28940868377685547,0.0,0.0
TDS,1997-09-09 20:00:00-04:00,19.684337615966797,19.74327278137207,19.53700065612793,19.56646728515625,233944,0.2876758575439453,0.0,0.0
TDS,1997-09-10 20:00:00-04:00,19.56646728515625,19.949546813964844,19.507532119750977,19.861143112182617,444344,0.2920082211494446,0.0,0.0
TDS,1997-09-11 20:00:00-04:00,19.802207946777344,20.037948608398438,19.802207946777344,20.037948608398438,545939,0.29534387588500977,0.049506,0.0
TDS,1997-09-14 20:00:00-04:00,20.037948608398438,20.45049476623535,20.037948608398438,20.27368927001953,263637,0.298818439245224,0.0,0.0
TDS,1997-09-15 20:00:00-04:00,20.4210262298584,20.92197608947754,20.391559600830078,20.92197608947754,376049,0.30837374925613403,0.0,0.0
TDS,1997-09-16 20:00:00-04:00,20.980911254882812,20.980911254882812,20.59783172607422,20.74517059326172,776701,0.30576780438423157,0.0,0.0
TDS,1997-09-17 20:00:00-04:00,20.686235427856445,20.892507553100586,20.627300262451172,20.74517059326172,165436,0.30576780438423157,0.0,0.0
TDS,1997-09-18 20:00:00-04:00,20.77463722229004,20.804105758666992,20.391559600830078,20.391559600830078,466615,0.3005557656288147,0.0,0.0
TDS,1997-09-21 20:00:00-04:00,20.509429931640625,20.656766891479492,20.45049476623535,20.59783172607422,170526,0.30359622836112976,0.0,0.0
TDS,1997-09-22 20:00:00-04:00,20.686235427856445,20.686235427856445,20.12635040283203,20.214754104614258,178586,0.2979499101638794,0.0,0.0
TDS,1997-09-23 20:00:00-04:00,20.214754104614258,20.4210262298584,19.979013442993164,20.391559600830078,332569,0.3005557656288147,0.0,0.0
TDS,1997-09-24 20:00:00-04:00,20.332624435424805,20.5683650970459,20.27368927001953,20.362091064453125,76567,0.30012139678001404,0.0,0.0
TDS,1997-09-25 20:00:00-04:00,20.509429931640625,20.863040924072266,20.479961395263672,20.715702056884766,321116,0.3053334355354309,0.0,0.0
TDS,1997-09-28 20:00:00-04:00,20.686235427856445,20.92197608947754,20.5683650970459,20.92197608947754,1265374,0.30837374925613403,0.0,0.0
TDS,1997-09-29 20:00:00-04:00,20.804105758666992,21.363988876342773,20.74517059326172,21.216651916503906,743614,0.31271690130233765,0.0,0.0
TDS,1997-09-30 20:00:00-04:00,21.246118545532227,21.246118545532227,21.010377883911133,21.069313049316406,222702,0.3105454444885254,0.0,0.0
TDS,1997-10-01 20:00:00-04:00,21.09878158569336,21.216651916503906,20.92197608947754,21.216651916503906,255578,0.31271690130233765,0.0,0.0
TDS,1997-10-02 20:00:00-04:00,21.216651916503906,21.3050537109375,21.039846420288086,21.12824821472168,286756,0.31141406297683716,0.0,0.0
TDS,1997-10-05 20:00:00-04:00,21.157716751098633,21.422924041748047,21.09878158569336,21.3050537109375,176253,0.31401994824409485,0.0,0.0
TDS,1997-10-06 20:00:00-04:00,21.216651916503906,21.363988876342773,21.12824821472168,21.216651916503906,324721,0.31271690130233765,0.0,0.0
TDS,1997-10-07 20:00:00-04:00,21.216651916503906,21.216651916503906,20.863040924072266,20.980911254882812,245821,0.3092425465583801,0.0,0.0
TDS,1997-10-08 20:00:00-04:00,20.980911254882812,21.039846420288086,20.833572387695312,20.95144271850586,181768,0.30880817770957947,0.0,0.0
TDS,1997-10-09 20:00:00-04:00,20.95144271850586,21.039846420288086,20.74517059326172,20.804105758666992,174556,0.3066364526748657,0.0,0.0
TDS,1997-10-12 20:00:00-04:00,20.863040924072266,20.92197608947754,20.5683650970459,20.92197608947754,379230,0.30837374925613403,0.0,0.0
TDS,1997-10-13 20:00:00-04:00,20.980911254882812,21.452392578125,20.95144271850586,21.452392578125,388987,0.3161916732788086,0.0,0.0
TDS,1997-10-14 20:00:00-04:00,21.422924041748047,21.864938735961914,21.393457412719727,21.776535034179688,597267,0.3209693729877472,0.0,0.0
TDS,1997-10-15 20:00:00-04:00,21.776535034179688,21.894405364990234,21.216651916503906,21.275585174560547,405106,0.3135857582092285,0.0,0.0
TDS,1997-10-16 20:00:00-04:00,21.275585174560547,21.275585174560547,20.686235427856445,20.980911254882812,166284,0.3092425465583801,0.0,0.0
TDS,1997-10-19 20:00:00-04:00,20.804105758666992,21.09878158569336,20.627300262451172,20.686235427856445,185585,0.3048991560935974,0.0,0.0
TDS,1997-10-20 20:00:00-04:00,20.74517059326172,20.980911254882812,20.479961395263672,20.95144271850586,408288,0.30880817770957947,0.0,0.0
TDS,1997-10-21 20:00:00-04:00,20.863040924072266,21.216651916503906,20.863040924072266,21.010377883911133,106261,0.30967679619789124,0.0,0.0
TDS,1997-10-22 20:00:00-04:00,20.804105758666992,20.804105758666992,20.479961395263672,20.627300262451172,168405,0.3040306568145752,0.0,0.0
TDS,1997-10-23 20:00:00-04:00,20.686235427856445,20.77463722229004,20.5683650970459,20.715702056884766,249215,0.3053334355354309,0.0,0.0
TDS,1997-10-26 19:00:00-05:00,20.74517059326172,20.863040924072266,19.802207946777344,19.802207946777344,247306,0.29186928272247314,0.0,0.0
TDS,1997-10-27 19:00:00-05:00,18.977115631103516,20.27368927001953,18.623504638671875,20.27368927001953,487400,0.298818439245224,0.0,0.0
TDS,1997-10-28 19:00:00-05:00,20.332624435424805,20.538896560668945,20.214754104614258,20.332624435424805,145075,0.29968711733818054,0.0,0.0
TDS,1997-10-29 19:00:00-05:00,20.391559600830078,20.391559600830078,19.831674575805664,19.89061164855957,223551,0.2931723892688751,0.0,0.0
TDS,1997-10-30 19:00:00-05:00,19.92007827758789,20.214754104614258,19.92007827758789,20.037948608398438,150165,0.29534387588500977,0.0,0.0
TDS,1997-11-02 19:00:00-05:00,20.155818939208984,20.391559600830078,20.12635040283203,20.391559600830078,148892,0.3005557656288147,0.0,0.0
TDS,1997-11-03 19:00:00-05:00,20.391559600830078,20.656766891479492,20.391559600830078,20.627300262451172,172223,0.3040306568145752,0.0,0.0
TDS,1997-11-04 19:00:00-05:00,20.627300262451172,20.77463722229004,20.538896560668945,20.59783172607422,113472,0.30359622836112976,0.0,0.0
TDS,1997-11-05 19:00:00-05:00,20.59783172607422,20.980911254882812,20.538896560668945,20.538896560668945,262153,0.3027275800704956,0.0,0.0
TDS,1997-11-06 19:00:00-05:00,20.509429931640625,20.509429931640625,19.979013442993164,20.303157806396484,93111,0.2992528975009918,0.0,0.0
TDS,1997-11-09 19:00:00-05:00,20.332624435424805,20.627300262451172,20.332624435424805,20.538896560668945,69144,0.3027275800704956,0.0,0.0
TDS,1997-11-10 19:00:00-05:00,20.509429931640625,20.509429931640625,20.155818939208984,20.332624435424805,70841,0.29968711733818054,0.0,0.0
TDS,1997-11-11 19:00:00-05:00,20.27368927001953,20.332624435424805,20.008480072021484,20.008480072021484,87808,0.2949095070362091,0.0,0.0
TDS,1997-11-12 19:00:00-05:00,20.067415237426758,20.27368927001953,19.77273941040039,19.802207946777344,165224,0.29186928272247314,0.0,0.0
TDS,1997-11-13 19:00:00-05:00,19.831674575805664,20.244220733642578,19.802207946777344,20.09688377380371,232671,0.29621264338493347,0.0,0.0
TDS,1997-11-16 19:00:00-05:00,20.214754104614258,20.5683650970459,20.214754104614258,20.5683650970459,136167,0.30316194891929626,0.0,0.0
TDS,1997-11-17 19:00:00-05:00,20.59783172607422,20.863040924072266,20.391559600830078,20.804105758666992,77416,0.3066364526748657,0.0,0.0
TDS,1997-11-18 19:00:00-05:00,20.74517059326172,20.74517059326172,20.509429931640625,20.686235427856445,134046,0.3048991560935974,0.0,0.0
TDS,1997-11-19 19:00:00-05:00,20.509429931640625,20.74517059326172,20.509429931640625,20.59783172607422,72749,0.30359622836112976,0.0,0.0
TDS,1997-11-20 19:00:00-05:00,20.627300262451172,20.656766891479492,20.4210262298584,20.627300262451172,65114,0.3040306568145752,0.0,0.0
TDS,1997-11-23 19:00:00-05:00,20.627300262451172,20.627300262451172,19.979013442993164,19.979013442993164,134046,0.29447510838508606,0.0,0.0
TDS,1997-11-24 19:00:00-05:00,20.037948608398438,20.74517059326172,19.979013442993164,20.656766891479492,267455,0.30446481704711914,0.0,0.0
TDS,1997-11-25 19:00:00-05:00,20.627300262451172,20.833572387695312,20.627300262451172,20.833572387695312,125138,0.3070707619190216,0.0,0.0
TDS,1997-11-27 19:00:00-05:00,20.74517059326172,20.863040924072266,20.715702056884766,20.715702056884766,34784,0.3053334355354309,0.0,0.0
TDS,1997-11-30 19:00:00-05:00,20.77463722229004,21.393457412719727,20.74517059326172,21.363988876342773,376261,0.3148888349533081,0.0,0.0
TDS,1997-12-01 19:00:00-05:00,21.452392578125,21.570262908935547,21.393457412719727,21.452392578125,224187,0.3161916732788086,0.0,0.0
TDS,1997-12-02 19:00:00-05:00,21.452392578125,21.629196166992188,21.452392578125,21.570262908935547,347204,0.3179289698600769,0.0,0.0
TDS,1997-12-03 19:00:00-05:00,21.629196166992188,21.80600357055664,21.48185920715332,21.68813133239746,179435,0.3196662664413452,0.0,0.0
TDS,1997-12-04 19:00:00-05:00,21.570262908935547,21.747068405151367,21.570262908935547,21.68813133239746,123017,0.3196662664413452,0.0,0.0
TDS,1997-12-07 19:00:00-05:00,21.629196166992188,21.747068405151367,21.540794372558594,21.65866470336914,171587,0.3192320466041565,0.0,0.0
TDS,1997-12-08 19:00:00-05:00,21.599729537963867,21.599729537963867,21.48185920715332,21.570262908935547,187070,0.3179289698600769,0.0,0.0
TDS,1997-12-09 19:00:00-05:00,21.393457412719727,21.511327743530273,21.216651916503906,21.363988876342773,328751,0.31561318039894104,0.049506,0.0
TDS,1997-12-10 19:00:00-05:00,21.334522247314453,21.334522247314453,21.039846420288086,21.157716751098633,217824,0.3125658333301544,0.0,0.0
TDS,1997-12-11 19:00:00-05:00,21.216651916503906,21.393457412719727,21.12824821472168,21.3050537109375,77416,0.31474244594573975,0.0,0.0
TDS,1997-12-14 19:00:00-05:00,21.363988876342773,21.511327743530273,21.334522247314453,21.393457412719727,396622,0.31604841351509094,0.0,0.0
TDS,1997-12-15 19:00:00-05:00,21.393457412719727,21.48185920715332,21.275585174560547,21.48185920715332,232035,0.3173545002937317,0.0,0.0
TDS,1997-12-16 19:00:00-05:00,21.48185920715332,21.540794372558594,21.422924041748047,21.48185920715332,148044,0.3173545002937317,0.0,0.0
TDS,1997-12-17 19:00:00-05:00,21.599729537963867,23.544588088989258,21.599729537963867,22.86683464050293,1535374,0.3378147780895233,0.0,0.0
TDS,1997-12-18 19:00:00-05:00,22.63109588623047,22.63109588623047,21.982807159423828,22.15961456298828,214643,0.32736682891845703,0.0,0.0
TDS,1997-12-21 19:00:00-05:00,22.277484893798828,22.30695152282715,22.071210861206055,22.071210861206055,113260,0.326060950756073,0.0,0.0
TDS,1997-12-22 19:00:00-05:00,21.953340530395508,22.0417423248291,21.570262908935547,21.65866470336914,332569,0.3199663758277893,0.0,0.0
TDS,1997-12-23 19:00:00-05:00,21.68813133239746,21.80600357055664,21.629196166992188,21.747068405151367,52388,0.32127222418785095,0.0,0.0
TDS,1997-12-25 19:00:00-05:00,21.68813133239746,21.68813133239746,21.511327743530273,21.511327743530273,61508,0.31778955459594727,0.0,0.0
TDS,1997-12-28 19:00:00-05:00,21.511327743530273,21.717599868774414,21.393457412719727,21.65866470336914,235428,0.3199663758277893,0.0,0.0
TDS,1997-12-29 19:00:00-05:00,21.68813133239746,21.923873901367188,21.68813133239746,21.923873901367188,141681,0.32388418912887573,0.0,0.0
TDS,1997-12-30 19:00:00-05:00,21.982807159423828,22.277484893798828,21.68813133239746,21.953340530395508,262789,0.32431963086128235,0.0,0.0
TDS,1998-01-01 19:00:00-05:00,21.864938735961914,21.982807159423828,21.629196166992188,21.629196166992188,147408,0.31953105330467224,0.0,0.0
TDS,1998-01-04 19:00:00-05:00,21.747068405151367,21.80600357055664,21.393457412719727,21.68813133239746,270000,0.3204015791416168,0.0,0.0
TDS,1998-01-05 19:00:00-05:00,21.629196166992188,21.864938735961914,21.452392578125,21.864938735961914,223763,0.3230137228965759,0.0,0.0
TDS,1998-01-06 19:00:00-05:00,21.68813133239746,21.83547019958496,21.393457412719727,21.747068405151367,273394,0.32127222418785095,0.0,0.0
TDS,1998-01-07 19:00:00-05:00,21.80600357055664,21.80600357055664,21.599729537963867,21.65866470336914,57478,0.3199663758277893,0.0,0.0
TDS,1998-01-08 19:00:00-05:00,21.68813133239746,21.80600357055664,21.393457412719727,21.393457412719727,366080,0.31604841351509094,0.0,0.0
TDS,1998-01-11 19:00:00-05:00,21.216651916503906,21.275585174560547,21.09878158569336,21.09878158569336,167345,0.3116951584815979,0.0,0.0
TDS,1998-01-12 19:00:00-05:00,21.09878158569336,21.275585174560547,21.09878158569336,21.246118545532227,527275,0.31387174129486084,0.0,0.0
TDS,1998-01-13 19:00:00-05:00,21.275585174560547,21.422924041748047,21.216651916503906,21.422924041748047,94171,0.31648364663124084,0.0,0.0
TDS,1998-01-14 19:00:00-05:00,21.393457412719727,21.393457412719727,21.216651916503906,21.3050537109375,59812,0.31474244594573975,0.0,0.0
TDS,1998-01-15 19:00:00-05:00,21.334522247314453,21.48185920715332,21.3050537109375,21.334522247314453,336811,0.315177857875824,0.0,0.0
TDS,1998-01-19 19:00:00-05:00,21.511327743530273,21.65866470336914,21.452392578125,21.511327743530273,134258,0.31778955459594727,0.0,0.0
TDS,1998-01-20 19:00:00-05:00,21.452392578125,21.629196166992188,21.275585174560547,21.629196166992188,120684,0.31953105330467224,0.0,0.0
TDS,1998-01-21 19:00:00-05:00,21.511327743530273,21.599729537963867,21.334522247314453,21.511327743530273,446041,0.31778955459594727,0.0,0.0
TDS,1998-01-22 19:00:00-05:00,21.452392578125,21.452392578125,21.069313049316406,21.216651916503906,202129,0.3134363889694214,0.0,0.0
TDS,1998-01-25 19:00:00-05:00,21.216651916503906,21.511327743530273,21.157716751098633,21.393457412719727,393653,0.31604841351509094,0.0,0.0
TDS,1998-01-26 19:00:00-05:00,21.393457412719727,21.717599868774414,21.334522247314453,21.68813133239746,438618,0.3204015791416168,0.0,0.0
TDS,1998-01-27 19:00:00-05:00,21.747068405151367,21.923873901367188,21.157716751098633,21.157716751098633,469160,0.3125658333301544,0.0,0.0
TDS,1998-01-28 19:00:00-05:00,21.157716751098633,21.393457412719727,20.686235427856445,20.715702056884766,312208,0.3060359060764313,0.0,0.0
TDS,1998-01-29 19:00:00-05:00,20.804105758666992,20.92197608947754,20.715702056884766,20.74517059326172,177526,0.30647116899490356,0.0,0.0
TDS,1998-02-01 19:00:00-05:00,20.863040924072266,21.422924041748047,20.863040924072266,21.275585174560547,254093,0.31430718302726746,0.0,0.0
TDS,1998-02-02 19:00:00-05:00,21.3050537109375,21.3050537109375,20.804105758666992,20.92197608947754,367777,0.30908307433128357,0.0,0.0
TDS,1998-02-03 19:00:00-05:00,20.863040924072266,20.980911254882812,20.77463722229004,20.77463722229004,144651,0.306906521320343,0.0,0.0
TDS,1998-02-04 19:00:00-05:00,20.863040924072266,20.892507553100586,20.45049476623535,20.5683650970459,79749,0.30385932326316833,0.0,0.0
TDS,1998-02-05 19:00:00-05:00,20.509429931640625,20.74517059326172,20.45049476623535,20.5683650970459,240519,0.30385932326316833,0.0,0.0
TDS,1998-02-08 19:00:00-05:00,20.804105758666992,21.12824821472168,20.804105758666992,20.833572387695312,214006,0.30777707695961,0.0,0.0
TDS,1998-02-09 19:00:00-05:00,20.77463722229004,21.039846420288086,20.686235427856445,20.686235427856445,386442,0.30560043454170227,0.0,0.0
TDS,1998-02-10 19:00:00-05:00,20.863040924072266,20.92197608947754,20.5683650970459,20.92197608947754,89505,0.30908307433128357,0.0,0.0
TDS,1998-02-11 19:00:00-05:00,20.892507553100586,20.892507553100586,20.656766891479492,20.74517059326172,260456,0.30647116899490356,0.0,0.0
TDS,1998-02-12 19:00:00-05:00,20.77463722229004,20.804105758666992,20.715702056884766,20.804105758666992,123229,0.3073417842388153,0.0,0.0
TDS,1998-02-16 19:00:00-05:00,20.804105758666992,20.804105758666992,20.715702056884766,20.74517059326172,301815,0.30647116899490356,0.0,0.0
TDS,1998-02-17 19:00:00-05:00,20.77463722229004,20.77463722229004,20.479961395263672,20.479961395263672,153983,0.3025532066822052,0.0,0.0
TDS,1998-02-18 19:00:00-05:00,20.479961395263672,20.538896560668945,20.362091064453125,20.45049476623535,169890,0.3021179437637329,0.0,0.0
TDS,1998-02-19 19:00:00-05:00,20.538896560668945,20.627300262451172,20.391559600830078,20.5683650970459,95232,0.30385932326316833,0.0,0.0
TDS,1998-02-22 19:00:00-05:00,20.74517059326172,20.74517059326172,20.45049476623535,20.5683650970459,204674,0.30385932326316833,0.0,0.0
TDS,1998-02-23 19:00:00-05:00,20.627300262451172,20.627300262451172,20.362091064453125,20.509429931640625,92475,0.30298858880996704,0.0,0.0
TDS,1998-02-24 19:00:00-05:00,20.45049476623535,20.627300262451172,20.391559600830078,20.5683650970459,372019,0.30385932326316833,0.0,0.0
TDS,1998-02-25 19:00:00-05:00,20.627300262451172,20.715702056884766,20.538896560668945,20.656766891479492,267667,0.30516520142555237,0.0,0.0
TDS,1998-02-26 19:00:00-05:00,20.656766891479492,20.656766891479492,20.509429931640625,20.538896560668945,211885,0.3034239113330841,0.0,0.0
TDS,1998-03-01 19:00:00-05:00,20.74517059326172,20.980911254882812,20.686235427856445,20.92197608947754,562695,0.30908307433128357,0.0,0.0
TDS,1998-03-02 19:00:00-05:00,20.92197608947754,21.187183380126953,20.92197608947754,21.157716751098633,766096,0.3125658333301544,0.0,0.0
TDS,1998-03-03 19:00:00-05:00,21.187183380126953,21.187183380126953,20.980911254882812,21.039846420288086,224611,0.31082451343536377,0.0,0.0
TDS,1998-03-04 19:00:00-05:00,20.92197608947754,21.09878158569336,20.77463722229004,21.010377883911133,267879,0.31038904190063477,0.0,0.0
TDS,1998-03-05 19:00:00-05:00,21.069313049316406,21.65866470336914,21.069313049316406,21.511327743530273,255153,0.31778955459594727,0.0,0.0
TDS,1998-03-08 19:00:00-05:00,21.393457412719727,21.864938735961914,21.393457412719727,21.422924041748047,282938,0.31648364663124084,0.0,0.0
TDS,1998-03-09 19:00:00-05:00,21.747068405151367,21.80600357055664,21.422924041748047,21.452392578125,181980,0.31691914796829224,0.0,0.0
TDS,1998-03-10 19:00:00-05:00,21.452392578125,21.923873901367188,21.452392578125,21.83547019958496,300542,0.3225783109664917,0.0,0.0
TDS,1998-03-11 19:00:00-05:00,21.83547019958496,22.100677490234375,21.717599868774414,21.982807159423828,159285,0.3247549831867218,0.0,0.0
TDS,1998-03-12 19:00:00-05:00,22.0417423248291,23.19097900390625,22.0417423248291,22.896303176879883,1113300,0.33905017375946045,0.051863,0.0
TDS,1998-03-15 19:00:00-05:00,22.98470687866211,23.39725112915039,22.925769805908203,23.161510467529297,441799,0.3429774343967438,0.0,0.0
TDS,1998-03-16 19:00:00-05:00,23.22044563293457,23.426719665527344,22.98470687866211,23.04364013671875,313904,0.34123170375823975,0.0,0.0
TDS,1998-03-17 19:00:00-05:00,23.04364013671875,23.161510467529297,22.955238342285156,23.01417350769043,130016,0.3407953381538391,0.0,0.0
TDS,1998-03-18 19:00:00-05:00,23.073108673095703,23.161510467529297,23.01417350769043,23.161510467529297,189403,0.3429774343967438,0.0,0.0
TDS,1998-03-19 19:00:00-05:00,23.132043838500977,23.456186294555664,23.073108673095703,23.39725112915039,239458,0.34646815061569214,0.0,0.0
TDS,1998-03-22 19:00:00-05:00,23.338315963745117,23.338315963745117,22.896303176879883,23.01417350769043,225672,0.3407953381538391,0.0,0.0
TDS,1998-03-23 19:00:00-05:00,23.102575302124023,23.603525161743164,22.955238342285156,23.426719665527344,368413,0.34690457582473755,0.0,0.0
TDS,1998-03-24 19:00:00-05:00,23.456186294555664,23.632991790771484,22.98470687866211,23.39725112915039,346567,0.34646815061569214,0.0,0.0
TDS,1998-03-25 19:00:00-05:00,23.39725112915039,23.39725112915039,22.98470687866211,23.102575302124023,145923,0.3421046733856201,0.0,0.0
TDS,1998-03-26 19:00:00-05:00,23.22044563293457,23.279380798339844,22.778432846069336,22.925769805908203,300330,0.33948639035224915,0.0,0.0
TDS,1998-03-29 19:00:00-05:00,22.98470687866211,23.04364013671875,22.66056251525879,22.66056251525879,185373,0.3355591893196106,0.0,0.0
TDS,1998-03-30 19:00:00-05:00,22.748964309692383,22.925769805908203,22.395353317260742,22.395353317260742,490157,0.3316320478916168,0.0,0.0
TDS,1998-03-31 19:00:00-05:00,22.454288482666016,22.454288482666016,22.248016357421875,22.365886688232422,290149,0.3311957120895386,0.0,0.0
TDS,1998-04-01 19:00:00-05:00,22.395353317260742,22.748964309692383,22.15961456298828,22.572160720825195,547424,0.3342501223087311,0.0,0.0
TDS,1998-04-02 19:00:00-05:00,22.63109588623047,22.83736801147461,22.572160720825195,22.83736801147461,325358,0.33817726373672485,0.0,0.0
TDS,1998-04-05 20:00:00-04:00,22.955238342285156,23.073108673095703,22.748964309692383,22.778432846069336,233732,0.3373047709465027,0.0,0.0
TDS,1998-04-06 20:00:00-04:00,22.66056251525879,22.748964309692383,22.395353317260742,22.542692184448242,641171,0.33381372690200806,0.0,0.0
TDS,1998-04-07 20:00:00-04:00,22.572160720825195,22.86683464050293,22.454288482666016,22.48375701904297,329175,0.332940936088562,0.0,0.0
TDS,1998-04-08 20:00:00-04:00,22.601627349853516,22.748964309692383,22.51322364807129,22.66056251525879,431194,0.3355591893196106,0.0,0.0
TDS,1998-04-12 20:00:00-04:00,22.63109588623047,22.69002914428711,22.424821853637695,22.51322364807129,692074,0.3333774507045746,0.0,0.0
TDS,1998-04-13 20:00:00-04:00,22.572160720825195,22.63109588623047,22.454288482666016,22.542692184448242,369898,0.33381372690200806,0.0,0.0
TDS,1998-04-14 20:00:00-04:00,22.63109588623047,22.748964309692383,22.572160720825195,22.66056251525879,1013614,0.3355591893196106,0.0,0.0
TDS,1998-04-15 20:00:00-04:00,22.572160720825195,23.102575302124023,22.395353317260742,22.86683464050293,295452,0.33861374855041504,0.0,0.0
TDS,1998-04-16 20:00:00-04:00,22.86683464050293,23.456186294555664,22.83736801147461,23.338315963745117,338932,0.3455955386161804,0.0,0.0
TDS,1998-04-19 20:00:00-04:00,23.249914169311523,23.36778450012207,23.102575302124023,23.249914169311523,232035,0.3442865014076233,0.0,0.0
TDS,1998-04-20 20:00:00-04:00,23.338315963745117,23.338315963745117,22.83736801147461,23.04364013671875,135530,0.34123170375823975,0.0,0.0
TDS,1998-04-21 20:00:00-04:00,23.04364013671875,23.132043838500977,22.925769805908203,23.102575302124023,190252,0.3421046733856201,0.0,0.0
TDS,1998-04-22 20:00:00-04:00,23.04364013671875,23.04364013671875,22.86683464050293,23.01417350769043,129592,0.3407953381538391,0.0,0.0
TDS,1998-04-23 20:00:00-04:00,22.98470687866211,22.98470687866211,22.807899475097656,22.896303176879883,243064,0.33905017375946045,0.0,0.0
TDS,1998-04-26 20:00:00-04:00,22.719497680664062,22.719497680664062,21.953340530395508,22.071210861206055,167981,0.32683196663856506,0.0,0.0
TDS,1998-04-27 20:00:00-04:00,22.15961456298828,22.48375701904297,21.982807159423828,22.130146026611328,552090,0.3277047276496887,0.0,0.0
TDS,1998-04-28 20:00:00-04:00,22.130146026611328,22.218549728393555,22.01227569580078,22.130146026611328,341053,0.3277047276496887,0.0,0.0
TDS,1998-04-29 20:00:00-04:00,22.15961456298828,22.424821853637695,22.130146026611328,22.395353317260742,208916,0.3316320478916168,0.0,0.0
TDS,1998-04-30 20:00:00-04:00,22.33641815185547,22.395353317260742,21.80600357055664,22.365886688232422,276575,0.3311957120895386,0.0,0.0
TDS,1998-05-03 20:00:00-04:00,22.454288482666016,22.86683464050293,22.395353317260742,22.748964309692383,177314,0.3368682563304901,0.0,0.0
TDS,1998-05-04 20:00:00-04:00,22.748964309692383,22.748964309692383,22.248016357421875,22.48375701904297,212734,0.332940936088562,0.0,0.0
TDS,1998-05-05 20:00:00-04:00,22.48375701904297,22.48375701904297,22.1890811920166,22.248016357421875,202977,0.3294502794742584,0.0,0.0
TDS,1998-05-06 20:00:00-04:00,22.365886688232422,22.365886688232422,22.0417423248291,22.0417423248291,153983,0.3263956606388092,0.0,0.0
TDS,1998-05-07 20:00:00-04:00,21.923873901367188,22.365886688232422,21.894405364990234,22.365886688232422,510943,0.3311957120895386,0.0,0.0
TDS,1998-05-10 20:00:00-04:00,22.365886688232422,22.395353317260742,22.100677490234375,22.100677490234375,408924,0.3272683024406433,0.0,0.0
TDS,1998-05-11 20:00:00-04:00,22.15961456298828,22.1890811920166,21.923873901367188,21.923873901367188,313268,0.3246501386165619,0.0,0.0
TDS,1998-05-12 20:00:00-04:00,21.80600357055664,21.80600357055664,21.629196166992188,21.68813133239746,393441,0.32115936279296875,0.0,0.0
TDS,1998-05-13 20:00:00-04:00,21.68813133239746,21.894405364990234,21.65866470336914,21.68813133239746,344659,0.32115936279296875,0.0,0.0
TDS,1998-05-14 20:00:00-04:00,21.68813133239746,21.923873901367188,21.68813133239746,21.68813133239746,693559,0.32115936279296875,0.0,0.0
TDS,1998-05-17 20:00:00-04:00,21.747068405151367,21.879671096801758,21.422924041748047,21.540794372558594,170314,0.3189774751663208,0.0,0.0
TDS,1998-05-18 20:00:00-04:00,21.599729537963867,21.717599868774414,21.3050537109375,21.393457412719727,338720,0.31679579615592957,0.0,0.0
TDS,1998-05-19 20:00:00-04:00,21.422924041748047,21.452392578125,21.010377883911133,21.157716751098633,379443,0.31330499053001404,0.0,0.0
TDS,1998-05-20 20:00:00-04:00,21.157716751098633,21.393457412719727,20.95144271850586,21.039846420288086,228429,0.31155961751937866,0.0,0.0
TDS,1998-05-21 20:00:00-04:00,21.09878158569336,21.09878158569336,20.804105758666992,20.892507553100586,231823,0.3093777000904083,0.0,0.0
TDS,1998-05-25 20:00:00-04:00,20.863040924072266,20.980911254882812,20.45049476623535,20.5683650970459,618901,0.3045777678489685,0.0,0.0
TDS,1998-05-26 20:00:00-04:00,20.5683650970459,20.5683650970459,20.27368927001953,20.362091064453125,137015,0.30152320861816406,0.0,0.0
TDS,1998-05-27 20:00:00-04:00,20.362091064453125,20.391559600830078,20.155818939208984,20.155818939208984,375625,0.2984687089920044,0.0,0.0
TDS,1998-05-28 20:00:00-04:00,20.27368927001953,20.656766891479492,20.214754104614258,20.627300262451172,556544,0.3054506778717041,0.0,0.0
TDS,1998-05-31 20:00:00-04:00,20.5683650970459,20.74517059326172,20.45049476623535,20.45049476623535,82930,0.30283239483833313,0.0,0.0
TDS,1998-06-01 20:00:00-04:00,20.74517059326172,21.275585174560547,20.74517059326172,21.216651916503906,534910,0.3141777217388153,0.0,0.0
TDS,1998-06-02 20:00:00-04:00,21.187183380126953,21.570262908935547,21.187183380126953,21.3050537109375,129804,0.31548672914505005,0.0,0.0
TDS,1998-06-03 20:00:00-04:00,21.275585174560547,21.511327743530273,21.157716751098633,21.511327743530273,99262,0.31854116916656494,0.0,0.0
TDS,1998-06-04 20:00:00-04:00,21.511327743530273,21.717599868774414,21.48185920715332,21.68813133239746,148256,0.32115936279296875,0.0,0.0
TDS,1998-06-07 20:00:00-04:00,21.80600357055664,21.864938735961914,21.48185920715332,21.68813133239746,574148,0.32115936279296875,0.0,0.0
TDS,1998-06-08 20:00:00-04:00,21.68813133239746,21.68813133239746,21.422924041748047,21.540794372558594,74446,0.3189774751663208,0.0,0.0
TDS,1998-06-09 20:00:00-04:00,21.540794372558594,21.540794372558594,20.92197608947754,20.92197608947754,168405,0.30981409549713135,0.0,0.0
TDS,1998-06-10 20:00:00-04:00,20.833572387695312,20.833572387695312,20.155818939208984,20.155818939208984,990496,0.29921039938926697,0.051863,0.0
TDS,1998-06-11 20:00:00-04:00,20.155818939208984,20.155818939208984,19.448596954345703,19.802207946777344,801092,0.29396137595176697,0.0,0.0
TDS,1998-06-14 20:00:00-04:00,19.684337615966797,19.684337615966797,19.065519332885742,19.065519332885742,167345,0.28302523493766785,0.0,0.0
TDS,1998-06-15 20:00:00-04:00,19.18338966369629,19.21285629272461,18.68243980407715,18.85924530029297,271485,0.2799629867076874,0.0,0.0
TDS,1998-06-16 20:00:00-04:00,18.85924530029297,19.094985961914062,18.594036102294922,18.623504638671875,324721,0.2764635980129242,0.0,0.0
TDS,1998-06-17 20:00:00-04:00,18.623504638671875,18.623504638671875,18.063621520996094,18.122556686401367,450919,0.2690269351005554,0.0,0.0
TDS,1998-06-18 20:00:00-04:00,18.034154891967773,19.448596954345703,18.034154891967773,19.242324829101562,429498,0.28564974665641785,0.0,0.0
TDS,1998-06-21 20:00:00-04:00,19.301258087158203,19.53700065612793,19.242324829101562,19.271791458129883,498217,0.28608736395835876,0.0,0.0
TDS,1998-06-22 20:00:00-04:00,19.271791458129883,19.56646728515625,19.094985961914062,19.094985961914062,418681,0.2834625244140625,0.0,0.0
TDS,1998-06-23 20:00:00-04:00,19.03605079650879,19.03605079650879,18.741374969482422,18.741374969482422,207007,0.27821341156959534,0.0,0.0
TDS,1998-06-24 20:00:00-04:00,18.800310134887695,18.82977867126465,18.5645694732666,18.652973175048828,265334,0.276900976896286,0.0,0.0
TDS,1998-06-25 20:00:00-04:00,18.623504638671875,18.741374969482422,18.269893646240234,18.741374969482422,379443,0.27821341156959534,0.0,0.0
TDS,1998-06-28 20:00:00-04:00,18.85924530029297,18.977115631103516,18.53510284423828,18.82977867126465,930472,0.2795255482196808,0.0,0.0
TDS,1998-06-29 20:00:00-04:00,18.85924530029297,18.85924530029297,18.53510284423828,18.5645694732666,514973,0.2755885720252991,0.0,0.0
TDS,1998-06-30 20:00:00-04:00,18.800310134887695,18.918180465698242,18.68243980407715,18.85924530029297,746583,0.2799629867076874,0.0,0.0
TDS,1998-07-01 20:00:00-04:00,18.85924530029297,19.094985961914062,18.741374969482422,19.094985961914062,573300,0.2834625244140625,0.0,0.0
TDS,1998-07-05 20:00:00-04:00,19.094985961914062,19.21285629272461,18.800310134887695,19.18338966369629,543606,0.2847748398780823,0.0,0.0
TDS,1998-07-06 20:00:00-04:00,19.18338966369629,19.507532119750977,19.124454498291016,19.41912841796875,412318,0.28827446699142456,0.0,0.0
TDS,1998-07-07 20:00:00-04:00,19.41912841796875,19.56646728515625,19.330726623535156,19.448596954345703,433527,0.2887117862701416,0.0,0.0
TDS,1998-07-08 20:00:00-04:00,19.478065490722656,19.684337615966797,19.301258087158203,19.56646728515625,301391,0.2904616594314575,0.0,0.0
TDS,1998-07-09 20:00:00-04:00,19.56646728515625,19.74327278137207,19.53700065612793,19.595935821533203,252184,0.29089903831481934,0.0,0.0
TDS,1998-07-12 20:00:00-04:00,19.56646728515625,19.595935821533203,19.21285629272461,19.330726623535156,203614,0.2869621217250824,0.0,0.0
TDS,1998-07-13 20:00:00-04:00,19.330726623535156,19.684337615966797,19.271791458129883,19.625402450561523,194706,0.2913365066051483,0.0,0.0
TDS,1998-07-14 20:00:00-04:00,19.38966178894043,20.45049476623535,19.153921127319336,20.45049476623535,1065154,0.3035849928855896,0.0,0.0
TDS,1998-07-15 20:00:00-04:00,20.45049476623535,20.45049476623535,20.155818939208984,20.244220733642578,290362,0.30052289366722107,0.0,0.0
TDS,1998-07-16 20:00:00-04:00,20.155818939208984,20.391559600830078,19.979013442993164,20.185285568237305,275727,0.29964780807495117,0.0,0.0
TDS,1998-07-19 20:00:00-04:00,20.155818939208984,20.863040924072266,20.067415237426758,20.74517059326172,454737,0.30795952677726746,0.0,0.0
TDS,1998-07-20 20:00:00-04:00,20.74517059326172,20.804105758666992,20.479961395263672,20.538896560668945,149953,0.304897278547287,0.0,0.0
TDS,1998-07-21 20:00:00-04:00,20.5683650970459,20.627300262451172,20.067415237426758,20.627300262451172,214219,0.30620965361595154,0.0,0.0
TDS,1998-07-22 20:00:00-04:00,20.74517059326172,20.74517059326172,20.09688377380371,20.09688377380371,521972,0.2983354330062866,0.0,0.0
TDS,1998-07-23 20:00:00-04:00,20.155818939208984,20.332624435424805,19.979013442993164,20.27368927001953,337659,0.3009602427482605,0.0,0.0
TDS,1998-07-26 20:00:00-04:00,20.155818939208984,20.155818939208984,19.861143112182617,20.037948608398438,162679,0.29746076464653015,0.0,0.0
TDS,1998-07-27 20:00:00-04:00,20.008480072021484,20.008480072021484,19.56646728515625,19.74327278137207,695892,0.29308637976646423,0.0,0.0
TDS,1998-07-28 20:00:00-04:00,19.77273941040039,19.92007827758789,19.38966178894043,19.56646728515625,386442,0.2904616594314575,0.0,0.0
TDS,1998-07-29 20:00:00-04:00,19.56646728515625,19.625402450561523,19.330726623535156,19.53700065612793,677015,0.2900242209434509,0.0,0.0
TDS,1998-07-30 20:00:00-04:00,19.53700065612793,19.595935821533203,18.85924530029297,18.85924530029297,448162,0.2799629867076874,0.0,0.0
TDS,1998-08-02 20:00:00-04:00,18.68243980407715,18.977115631103516,18.623504638671875,18.800310134887695,170314,0.27908822894096375,0.0,0.0
TDS,1998-08-03 20:00:00-04:00,18.85924530029297,18.85924530029297,18.152023315429688,18.21095848083496,271697,0.27033916115760803,0.0,0.0
TDS,1998-08-04 20:00:00-04:00,18.38776397705078,18.947647094726562,18.328828811645508,18.800310134887695,330872,0.27908822894096375,0.0,0.0
TDS,1998-08-05 20:00:00-04:00,18.741374969482422,19.595935821533203,18.623504638671875,19.595935821533203,349325,0.29089903831481934,0.0,0.0
TDS,1998-08-06 20:00:00-04:00,19.595935821533203,19.802207946777344,19.18338966369629,19.301258087158203,179859,0.28652462363243103,0.0,0.0
TDS,1998-08-09 20:00:00-04:00,19.301258087158203,19.301258087158203,18.918180465698242,19.18338966369629,197675,0.2847748398780823,0.0,0.0
TDS,1998-08-10 20:00:00-04:00,19.065519332885742,19.065519332885742,18.38776397705078,18.446699142456055,205947,0.27383866906166077,0.0,0.0
TDS,1998-08-11 20:00:00-04:00,18.38776397705078,18.505634307861328,18.328828811645508,18.38776397705078,263637,0.2729639708995819,0.0,0.0
TDS,1998-08-12 20:00:00-04:00,18.38776397705078,18.417232513427734,18.21095848083496,18.38776397705078,458131,0.2729639708995819,0.0,0.0
TDS,1998-08-13 20:00:00-04:00,18.38776397705078,18.476167678833008,18.122556686401367,18.122556686401367,447950,0.2690269351005554,0.0,0.0
TDS,1998-08-16 20:00:00-04:00,18.122556686401367,18.476167678833008,17.85734748840332,18.328828811645508,688681,0.2720891237258911,0.0,0.0
TDS,1998-08-17 20:00:00-04:00,18.505634307861328,19.006582260131836,18.505634307861328,18.918180465698242,254729,0.28083789348602295,0.0,0.0
TDS,1998-08-18 20:00:00-04:00,18.800310134887695,18.888713836669922,18.476167678833008,18.623504638671875,105837,0.2764635980129242,0.0,0.0
TDS,1998-08-19 20:00:00-04:00,18.505634307861328,18.53510284423828,18.240427017211914,18.299362182617188,100534,0.2716515362262726,0.0,0.0
TDS,1998-08-20 20:00:00-04:00,18.299362182617188,18.299362182617188,17.739477157592773,18.240427017211914,129380,0.27077674865722656,0.0,0.0
TDS,1998-08-23 20:00:00-04:00,18.18149185180664,18.652973175048828,18.00468635559082,18.21095848083496,202765,0.27033916115760803,0.0,0.0
TDS,1998-08-24 20:00:00-04:00,18.328828811645508,18.505634307861328,18.18149185180664,18.240427017211914,193009,0.27077674865722656,0.0,0.0
TDS,1998-08-25 20:00:00-04:00,18.152023315429688,18.152023315429688,17.768945693969727,17.85734748840332,100958,0.2650899589061737,0.0,0.0
TDS,1998-08-26 20:00:00-04:00,17.739477157592773,17.739477157592773,17.032255172729492,17.356399536132812,589207,0.25765344500541687,0.0,0.0
TDS,1998-08-27 20:00:00-04:00,17.29746437072754,17.50373649597168,17.061723709106445,17.15012550354004,153134,0.2545914947986603,0.0,0.0
TDS,1998-08-30 20:00:00-04:00,17.15012550354004,17.15012550354004,15.617813110351562,15.617813110351562,317086,0.23184429109096527,0.0,0.0
TDS,1998-08-31 20:00:00-04:00,16.148229598999023,16.855451583862305,15.85355281829834,16.61971092224121,286968,0.2467174381017685,0.0,0.0
TDS,1998-09-01 20:00:00-04:00,16.560775756835938,16.914386749267578,16.383970260620117,16.413436889648438,453889,0.2436552494764328,0.0,0.0
TDS,1998-09-02 20:00:00-04:00,16.29556655883789,16.44290542602539,16.030359268188477,16.08929443359375,229702,0.23884333670139313,0.0,0.0
TDS,1998-09-03 20:00:00-04:00,16.207164764404297,16.32503318786621,15.499942779541016,15.91248893737793,211037,0.23621882498264313,0.0,0.0
TDS,1998-09-07 20:00:00-04:00,16.32503318786621,16.61971092224121,16.32503318786621,16.61971092224121,259820,0.2467174381017685,0.0,0.0
TDS,1998-09-08 20:00:00-04:00,16.61971092224121,16.914386749267578,15.971424102783203,16.030359268188477,269788,0.2379685640335083,0.0,0.0
TDS,1998-09-09 20:00:00-04:00,15.91248893737793,15.91248893737793,15.057929039001465,15.264202117919922,561210,0.22659499943256378,0.0,0.0
TDS,1998-09-10 20:00:00-04:00,15.205266952514648,15.558877944946289,15.087396621704102,15.146331787109375,1185625,0.22561192512512207,0.051863,0.0
TDS,1998-09-13 20:00:00-04:00,15.617813110351562,16.030359268188477,15.529410362243652,15.82408618927002,339144,0.2357073575258255,0.0,0.0
TDS,1998-09-14 20:00:00-04:00,15.91248893737793,15.971424102783203,15.794617652893066,15.971424102783203,216552,0.23790201544761658,0.0,0.0
TDS,1998-09-15 20:00:00-04:00,16.148229598999023,16.207164764404297,15.676748275756836,15.794617652893066,532365,0.23526838421821594,0.0,0.0
TDS,1998-09-16 20:00:00-04:00,15.558877944946289,15.558877944946289,15.146331787109375,15.352604866027832,203402,0.22868429124355316,0.0,0.0
TDS,1998-09-17 20:00:00-04:00,15.352604866027832,15.382072448730469,14.674851417541504,14.940058708190918,865146,0.22253932058811188,0.0,0.0
TDS,1998-09-20 20:00:00-04:00,14.733785629272461,15.028461456298828,14.64538288116455,14.851655960083008,444981,0.22122254967689514,0.0,0.0
TDS,1998-09-21 20:00:00-04:00,14.851655960083008,14.940058708190918,14.586447715759277,14.615915298461914,444132,0.21771112084388733,0.0,0.0
TDS,1998-09-22 20:00:00-04:00,14.733785629272461,15.382072448730469,14.733785629272461,15.382072448730469,876811,0.2291233241558075,0.0,0.0
TDS,1998-09-23 20:00:00-04:00,15.499942779541016,15.706215858459473,15.264202117919922,15.264202117919922,389835,0.2273675948381424,0.0,0.0
TDS,1998-09-24 20:00:00-04:00,15.264202117919922,15.85355281829834,15.146331787109375,15.352604866027832,207644,0.22868429124355316,0.0,0.0
TDS,1998-09-27 20:00:00-04:00,15.529410362243652,15.91248893737793,15.499942779541016,15.82408618927002,522608,0.2357073575258255,0.0,0.0
TDS,1998-09-28 20:00:00-04:00,16.08929443359375,16.177696228027344,15.794617652893066,16.000890731811523,324509,0.23834092915058136,0.0,0.0
TDS,1998-09-29 20:00:00-04:00,15.91248893737793,16.531307220458984,15.676748275756836,16.44290542602539,538940,0.24492497742176056,0.0,0.0
TDS,1998-09-30 20:00:00-04:00,16.236631393432617,16.26609992980957,15.558877944946289,15.794617652893066,390472,0.23526838421821594,0.0,0.0
TDS,1998-10-01 20:00:00-04:00,15.91248893737793,16.148229598999023,15.73568344116211,16.148229598999023,454313,0.240535706281662,0.0,0.0
TDS,1998-10-04 20:00:00-04:00,16.030359268188477,16.030359268188477,15.470475196838379,15.647279739379883,293543,0.23307369649410248,0.0,0.0
TDS,1998-10-05 20:00:00-04:00,16.030359268188477,16.26609992980957,15.91248893737793,16.26609992980957,408500,0.24229134619235992,0.0,0.0
TDS,1998-10-06 20:00:00-04:00,15.971424102783203,16.148229598999023,15.66201400756836,15.794617652893066,305208,0.23526838421821594,0.0,0.0
TDS,1998-10-07 20:00:00-04:00,15.558877944946289,15.558877944946289,14.439109802246094,14.792720794677734,384533,0.22034475207328796,0.0,0.0
TDS,1998-10-08 20:00:00-04:00,15.028461456298828,15.617813110351562,14.881123542785645,15.558877944946289,255578,0.23175697028636932,0.0,0.0
TDS,1998-10-11 20:00:00-04:00,15.558877944946289,15.91248893737793,15.499942779541016,15.794617652893066,286120,0.23526838421821594,0.0,0.0
TDS,1998-10-12 20:00:00-04:00,15.85355281829834,15.85355281829834,15.352604866027832,15.470475196838379,323873,0.23044012486934662,0.0,0.0
TDS,1998-10-13 20:00:00-04:00,15.352604866027832,15.794617652893066,15.323137283325195,15.765151023864746,299270,0.2348295897245407,0.0,0.0
TDS,1998-10-14 20:00:00-04:00,15.971424102783203,16.383970260620117,15.971424102783203,16.383970260620117,224187,0.24404722452163696,0.0,0.0
TDS,1998-10-15 20:00:00-04:00,16.26609992980957,16.560775756835938,16.207164764404297,16.383970260620117,224187,0.24404722452163696,0.0,0.0
TDS,1998-10-18 20:00:00-04:00,16.32503318786621,16.884918212890625,16.26609992980957,16.884918212890625,253669,0.25150901079177856,0.0,0.0
TDS,1998-10-19 20:00:00-04:00,16.97332191467285,18.093088150024414,16.97332191467285,17.533205032348633,216127,0.2611655294895172,0.0,0.0
TDS,1998-10-20 20:00:00-04:00,17.562671661376953,18.063621520996094,17.385866165161133,17.886816024780273,243700,0.26643285155296326,0.0,0.0
TDS,1998-10-21 20:00:00-04:00,17.768945693969727,17.975217819213867,17.680543899536133,17.85734748840332,101807,0.26599371433258057,0.0,0.0
TDS,1998-10-22 20:00:00-04:00,17.827880859375,18.122556686401367,17.739477157592773,17.768945693969727,75507,0.26467710733413696,0.0,0.0
TDS,1998-10-25 19:00:00-05:00,18.152023315429688,18.446699142456055,18.034154891967773,18.35829734802246,204674,0.2734556198120117,0.0,0.0
TDS,1998-10-26 19:00:00-05:00,18.476167678833008,18.5645694732666,18.269893646240234,18.35829734802246,189403,0.2734556198120117,0.0,0.0
TDS,1998-10-27 19:00:00-05:00,18.417232513427734,18.623504638671875,18.328828811645508,18.38776397705078,495884,0.2738945186138153,0.0,0.0
TDS,1998-10-28 19:00:00-05:00,18.505634307861328,18.7119083404541,18.417232513427734,18.505634307861328,357809,0.2756502628326416,0.0,0.0
TDS,1998-10-29 19:00:00-05:00,18.623504638671875,18.800310134887695,18.446699142456055,18.800310134887695,412106,0.28003963828086853,0.0,0.0
TDS,1998-11-01 19:00:00-05:00,18.85924530029297,18.85924530029297,18.652973175048828,18.770843505859375,222915,0.2796008586883545,0.0,0.0
TDS,1998-11-02 19:00:00-05:00,18.800310134887695,18.918180465698242,18.623504638671875,18.68243980407715,156528,0.27828386425971985,0.0,0.0
TDS,1998-11-03 19:00:00-05:00,18.741374969482422,19.21285629272461,18.741374969482422,19.153921127319336,244761,0.285306841135025,0.0,0.0
TDS,1998-11-04 19:00:00-05:00,19.153921127319336,19.507532119750977,18.85924530029297,18.85924530029297,277212,0.2809174656867981,0.0,0.0
TDS,1998-11-05 19:00:00-05:00,18.918180465698242,19.153921127319336,18.918180465698242,18.977115631103516,188131,0.282673180103302,0.0,0.0
TDS,1998-11-08 19:00:00-05:00,18.977115631103516,19.153921127319336,18.800310134887695,18.918180465698242,171375,0.2817954123020172,0.0,0.0
TDS,1998-11-09 19:00:00-05:00,18.977115631103516,19.301258087158203,18.68243980407715,19.301258087158203,140833,0.28750139474868774,0.0,0.0
TDS,1998-11-10 19:00:00-05:00,19.448596954345703,19.74327278137207,19.21285629272461,19.21285629272461,139984,0.28618472814559937,0.0,0.0
TDS,1998-11-11 19:00:00-05:00,19.094985961914062,19.094985961914062,18.82977867126465,18.977115631103516,145287,0.282673180103302,0.0,0.0
TDS,1998-11-12 19:00:00-05:00,19.094985961914062,19.094985961914062,18.85924530029297,18.85924530029297,379655,0.2809174656867981,0.0,0.0
TDS,1998-11-15 19:00:00-05:00,18.977115631103516,19.065519332885742,18.888713836669922,18.918180465698242,101595,0.2817954123020172,0.0,0.0
TDS,1998-11-16 19:00:00-05:00,18.977115631103516,19.065519332885742,18.800310134887695,19.065519332885742,180283,0.2839900553226471,0.0,0.0
TDS,1998-11-17 19:00:00-05:00,19.006582260131836,19.242324829101562,18.85924530029297,19.242324829101562,198099,0.28662362694740295,0.0,0.0
TDS,1998-11-18 19:00:00-05:00,19.330726623535156,19.448596954345703,19.153921127319336,19.448596954345703,290786,0.2896960973739624,0.0,0.0
TDS,1998-11-19 19:00:00-05:00,19.625402450561523,19.74327278137207,19.41912841796875,19.56646728515625,490157,0.29145196080207825,0.0,0.0
TDS,1998-11-22 19:00:00-05:00,19.802207946777344,19.831674575805664,19.595935821533203,19.802207946777344,240731,0.29496344923973083,0.0,0.0
TDS,1998-11-23 19:00:00-05:00,19.802207946777344,19.861143112182617,19.448596954345703,19.53700065612793,191524,0.29101309180259705,0.0,0.0
TDS,1998-11-24 19:00:00-05:00,19.53700065612793,19.89061164855957,19.53700065612793,19.861143112182617,157164,0.2958413064479828,0.0,0.0
TDS,1998-11-26 19:00:00-05:00,19.979013442993164,20.214754104614258,19.979013442993164,20.155818939208984,94383,0.30023059248924255,0.0,0.0
TDS,1998-11-29 19:00:00-05:00,20.332624435424805,20.4210262298584,19.979013442993164,20.155818939208984,383048,0.30023059248924255,0.0,0.0
TDS,1998-11-30 19:00:00-05:00,20.09688377380371,20.09688377380371,19.684337615966797,20.037948608398438,321328,0.2984749376773834,0.0,0.0
TDS,1998-12-01 19:00:00-05:00,20.155818939208984,20.214754104614258,20.008480072021484,20.067415237426758,72962,0.29891374707221985,0.0,0.0
TDS,1998-12-02 19:00:00-05:00,20.09688377380371,20.09688377380371,19.77273941040039,19.77273941040039,348476,0.29452452063560486,0.0,0.0
TDS,1998-12-03 19:00:00-05:00,19.89061164855957,20.627300262451172,19.89061164855957,20.303157806396484,315601,0.30242523550987244,0.0,0.0
TDS,1998-12-06 19:00:00-05:00,20.4210262298584,20.92197608947754,20.332624435424805,20.92197608947754,439042,0.31164291501045227,0.0,0.0
TDS,1998-12-07 19:00:00-05:00,21.039846420288086,21.3050537109375,20.863040924072266,20.95144271850586,421862,0.31208181381225586,0.0,0.0
TDS,1998-12-08 19:00:00-05:00,20.95144271850586,20.95144271850586,20.686235427856445,20.715702056884766,352930,0.3085702359676361,0.0,0.0
TDS,1998-12-09 19:00:00-05:00,20.715702056884766,21.246118545532227,20.5683650970459,20.980911254882812,481461,0.31252068281173706,0.0,0.0
TDS,1998-12-10 19:00:00-05:00,20.863040924072266,21.12824821472168,20.863040924072266,21.039846420288086,693347,0.31339865922927856,0.0,0.0
TDS,1998-12-13 19:00:00-05:00,20.980911254882812,21.157716751098633,20.892507553100586,21.12824821472168,1969962,0.31549298763275146,0.051863,0.0
TDS,1998-12-14 19:00:00-05:00,21.069313049316406,21.363988876342773,20.980911254882812,21.363988876342773,195130,0.31901323795318604,0.0,0.0
TDS,1998-12-15 19:00:00-05:00,21.452392578125,22.15961456298828,21.275585174560547,22.130146026611328,511579,0.3304538428783417,0.0,0.0
TDS,1998-12-16 19:00:00-05:00,22.0417423248291,22.395353317260742,21.982807159423828,22.277484893798828,1708446,0.3326537609100342,0.0,0.0
TDS,1998-12-17 19:00:00-05:00,22.100677490234375,22.572160720825195,19.802207946777344,20.155818939208984,5230114,0.30097243189811707,0.0,0.0
TDS,1998-12-20 19:00:00-05:00,20.155818939208984,20.214754104614258,19.271791458129883,19.802207946777344,1014251,0.2956923544406891,0.0,0.0
TDS,1998-12-21 19:00:00-05:00,19.92007827758789,19.92007827758789,19.507532119750977,19.713804244995117,626324,0.2943721413612366,0.0,0.0
TDS,1998-12-22 19:00:00-05:00,19.77273941040039,20.09688377380371,19.360193252563477,20.09688377380371,926230,0.3000924289226532,0.0,0.0
TDS,1998-12-23 19:00:00-05:00,20.12635040283203,20.45049476623535,19.831674575805664,20.45049476623535,157164,0.30537283420562744,0.0,0.0
TDS,1998-12-27 19:00:00-05:00,20.391559600830078,20.4210262298584,20.155818939208984,20.391559600830078,618689,0.30449265241622925,0.0,0.0
TDS,1998-12-28 19:00:00-05:00,20.391559600830078,20.479961395263672,20.214754104614258,20.391559600830078,195766,0.30449265241622925,0.0,0.0
TDS,1998-12-29 19:00:00-05:00,20.45049476623535,20.509429931640625,20.244220733642578,20.45049476623535,180283,0.30537283420562744,0.0,0.0
TDS,1998-12-30 19:00:00-05:00,20.332624435424805,21.216651916503906,20.332624435424805,21.187183380126953,237973,0.31637316942214966,0.0,0.0
TDS,1999-01-03 19:00:00-05:00,20.892507553100586,21.334522247314453,20.804105758666992,20.804105758666992,325782,0.31065282225608826,0.0,0.0
TDS,1999-01-04 19:00:00-05:00,20.95144271850586,21.187183380126953,20.892507553100586,21.039846420288086,188131,0.3141730725765228,0.0,0.0
TDS,1999-01-05 19:00:00-05:00,21.511327743530273,21.953340530395508,21.511327743530273,21.953340530395508,1070032,0.32781362533569336,0.0,0.0
TDS,1999-01-06 19:00:00-05:00,21.747068405151367,22.100677490234375,21.629196166992188,22.071210861206055,709042,0.32957372069358826,0.0,0.0
TDS,1999-01-07 19:00:00-05:00,22.130146026611328,22.424821853637695,22.01227569580078,22.424821853637695,636081,0.33485397696495056,0.0,0.0
TDS,1999-01-10 19:00:00-05:00,22.542692184448242,22.601627349853516,22.277484893798828,22.542692184448242,456222,0.33661389350891113,0.0,0.0
TDS,1999-01-11 19:00:00-05:00,22.424821853637695,22.69002914428711,22.424821853637695,22.601627349853516,680833,0.337493896484375,0.0,0.0
TDS,1999-01-12 19:00:00-05:00,22.33641815185547,22.86683464050293,22.15961456298828,22.66056251525879,506277,0.33837395906448364,0.0,0.0
TDS,1999-01-13 19:00:00-05:00,22.69002914428711,22.69002914428711,21.982807159423828,22.0417423248291,177101,0.3291335701942444,0.0,0.0
TDS,1999-01-14 19:00:00-05:00,21.894405364990234,22.33641815185547,21.776535034179688,22.100677490234375,520275,0.33001387119293213,0.0,0.0
TDS,1999-01-18 19:00:00-05:00,22.925769805908203,23.338315963745117,22.86683464050293,23.102575302124023,1280857,0.3449743092060089,0.0,0.0
TDS,1999-01-19 19:00:00-05:00,23.102575302124023,24.22234344482422,23.102575302124023,23.868732452392578,1270464,0.356414794921875,0.0,0.0
TDS,1999-01-20 19:00:00-05:00,23.75086212158203,23.868732452392578,22.86683464050293,23.279380798339844,397895,0.3476145267486572,0.0,0.0
TDS,1999-01-21 19:00:00-05:00,23.04364013671875,23.809797286987305,22.98470687866211,23.780330657958984,446253,0.3550947308540344,0.0,0.0
TDS,1999-01-24 19:00:00-05:00,23.632991790771484,24.104473114013672,23.57405662536621,23.986602783203125,283150,0.35817480087280273,0.0,0.0
TDS,1999-01-25 19:00:00-05:00,24.0455379486084,24.39914894104004,23.986602783203125,24.133941650390625,226308,0.3603750467300415,0.0,0.0
TDS,1999-01-26 19:00:00-05:00,24.310745239257812,24.634889602661133,24.163408279418945,24.22234344482422,423983,0.36169496178627014,0.0,0.0
TDS,1999-01-27 19:00:00-05:00,24.104473114013672,24.517019271850586,24.104473114013672,24.517019271850586,413590,0.3660952150821686,0.0,0.0
TDS,1999-01-28 19:00:00-05:00,24.57595443725586,25.165306091308594,24.517019271850586,25.10637092590332,1519255,0.3748956620693207,0.0,0.0
TDS,1999-01-31 19:00:00-05:00,25.28317642211914,25.577852249145508,24.95903205871582,25.076902389526367,643716,0.37445566058158875,0.0,0.0
TDS,1999-02-01 19:00:00-05:00,25.165306091308594,25.165306091308594,24.75275993347168,25.10637092590332,307117,0.3748956620693207,0.0,0.0
TDS,1999-02-02 19:00:00-05:00,24.9295654296875,25.577852249145508,24.90009880065918,25.430513381958008,619961,0.3797355890274048,0.0,0.0
TDS,1999-02-03 19:00:00-05:00,25.430513381958008,25.45998191833496,24.988500595092773,25.342111587524414,187918,0.3784158229827881,0.0,0.0
TDS,1999-02-04 19:00:00-05:00,25.224241256713867,25.224241256713867,24.57595443725586,24.57595443725586,269576,0.366975337266922,0.0,0.0
TDS,1999-02-07 19:00:00-05:00,24.75275993347168,24.988500595092773,24.634889602661133,24.988500595092773,197675,0.3731354773044586,0.0,0.0
TDS,1999-02-08 19:00:00-05:00,24.9295654296875,24.95903205871582,24.634889602661133,24.75275993347168,497793,0.36961549520492554,0.0,0.0
TDS,1999-02-09 19:00:00-05:00,24.75275993347168,24.75275993347168,23.868732452392578,24.0455379486084,473190,0.3590545952320099,0.0,0.0
TDS,1999-02-10 19:00:00-05:00,24.0455379486084,24.22234344482422,24.016071319580078,24.22234344482422,334054,0.36169496178627014,0.0,0.0
TDS,1999-02-11 19:00:00-05:00,24.22234344482422,24.25181007385254,23.839265823364258,23.92766761779785,281029,0.3572947680950165,0.0,0.0
TDS,1999-02-15 19:00:00-05:00,23.92766761779785,23.92766761779785,23.515121459960938,23.57405662536621,327479,0.3520147204399109,0.0,0.0
TDS,1999-02-16 19:00:00-05:00,23.57405662536621,23.57405662536621,22.925769805908203,22.925769805908203,324297,0.342334121465683,0.0,0.0
TDS,1999-02-17 19:00:00-05:00,23.161510467529297,23.691926956176758,22.925769805908203,23.632991790771484,145075,0.35289472341537476,0.0,0.0
TDS,1999-02-18 19:00:00-05:00,23.691926956176758,23.986602783203125,23.515121459960938,23.75086212158203,170739,0.3546547591686249,0.0,0.0
TDS,1999-02-21 19:00:00-05:00,23.868732452392578,24.281278610229492,23.662460327148438,24.1928768157959,225248,0.36125504970550537,0.0,0.0
TDS,1999-02-22 19:00:00-05:00,24.22234344482422,24.310745239257812,23.868732452392578,23.92766761779785,433740,0.3572947680950165,0.0,0.0
TDS,1999-02-23 19:00:00-05:00,23.868732452392578,24.104473114013672,23.632991790771484,23.75086212158203,292907,0.3546547591686249,0.0,0.0
TDS,1999-02-24 19:00:00-05:00,23.868732452392578,23.8981990814209,23.22044563293457,23.662460327148438,233095,0.3533347547054291,0.0,0.0
TDS,1999-02-25 19:00:00-05:00,23.662460327148438,23.809797286987305,23.456186294555664,23.691926956176758,204038,0.353774756193161,0.0,0.0
TDS,1999-02-28 19:00:00-05:00,23.92766761779785,24.22234344482422,23.75086212158203,23.986602783203125,455373,0.35817480087280273,0.0,0.0
TDS,1999-03-01 19:00:00-05:00,24.163408279418945,24.340213775634766,24.0455379486084,24.163408279418945,278908,0.3608149290084839,0.0,0.0
TDS,1999-03-02 19:00:00-05:00,24.104473114013672,24.133941650390625,23.691926956176758,23.780330657958984,225672,0.3550947308540344,0.0,0.0
TDS,1999-03-03 19:00:00-05:00,23.839265823364258,24.281278610229492,23.839265823364258,24.163408279418945,293119,0.3608149290084839,0.0,0.0
TDS,1999-03-04 19:00:00-05:00,24.281278610229492,24.281278610229492,23.691926956176758,24.163408279418945,263849,0.3608149290084839,0.0,0.0
TDS,1999-03-07 19:00:00-05:00,24.22234344482422,24.25181007385254,23.868732452392578,24.25181007385254,60236,0.3621348738670349,0.0,0.0
TDS,1999-03-08 19:00:00-05:00,24.133941650390625,24.39914894104004,24.133941650390625,24.281278610229492,246669,0.3625750243663788,0.0,0.0
TDS,1999-03-09 19:00:00-05:00,24.310745239257812,25.10637092590332,24.281278610229492,24.9295654296875,1691902,0.37308841943740845,0.05422,0.0
TDS,1999-03-10 19:00:00-05:00,24.9295654296875,25.342111587524414,24.9295654296875,25.224241256713867,565664,0.3774985671043396,0.0,0.0
TDS,1999-03-11 19:00:00-05:00,25.342111587524414,25.577852249145508,25.165306091308594,25.45998191833496,370534,0.3810265064239502,0.0,0.0
TDS,1999-03-14 19:00:00-05:00,25.45998191833496,25.577852249145508,25.25370979309082,25.45998191833496,260668,0.3810265064239502,0.0,0.0
TDS,1999-03-15 19:00:00-05:00,25.31264305114746,25.577852249145508,25.31264305114746,25.518917083740234,221006,0.3819085955619812,0.0,0.0
TDS,1999-03-16 19:00:00-05:00,25.401046752929688,25.695722579956055,25.401046752929688,25.63678741455078,204886,0.3836726248264313,0.0,0.0
TDS,1999-03-17 19:00:00-05:00,25.518917083740234,25.93146324157715,25.48944854736328,25.93146324157715,417620,0.38808274269104004,0.0,0.0
TDS,1999-03-18 19:00:00-05:00,25.754657745361328,26.31454086303711,25.754657745361328,26.28507423400879,577754,0.3933747410774231,0.0,0.0
TDS,1999-03-21 19:00:00-05:00,26.344009399414062,26.962827682495117,26.344009399414062,26.638683319091797,428437,0.39866673946380615,0.0,0.0
TDS,1999-03-22 19:00:00-05:00,26.638683319091797,27.345905303955078,26.10826873779297,26.10826873779297,753371,0.39072877168655396,0.0,0.0
TDS,1999-03-23 19:00:00-05:00,26.28507423400879,26.933359146118164,26.078800201416016,26.933359146118164,637777,0.4030766487121582,0.0,0.0
TDS,1999-03-24 19:00:00-05:00,26.992294311523438,27.228036880493164,26.638683319091797,26.874425888061523,294604,0.40219470858573914,0.0,0.0
TDS,1999-03-25 19:00:00-05:00,26.756555557250977,27.110166549682617,26.756555557250977,26.874425888061523,203826,0.40219470858573914,0.0,0.0
TDS,1999-03-28 19:00:00-05:00,26.81549072265625,26.933359146118164,26.756555557250977,26.81549072265625,261516,0.4013127088546753,0.0,0.0
TDS,1999-03-29 19:00:00-05:00,26.697620391845703,26.697620391845703,25.93146324157715,25.93146324157715,214855,0.38808274269104004,0.0,0.0
TDS,1999-03-30 19:00:00-05:00,26.049333572387695,26.579748153686523,26.049333572387695,26.579748153686523,236277,0.39778485894203186,0.0,0.0
TDS,1999-03-31 19:00:00-05:00,26.697620391845703,26.697620391845703,26.13773536682129,26.373476028442383,142317,0.3946979343891144,0.0,0.0
TDS,1999-04-04 20:00:00-04:00,26.373476028442383,27.16910171508789,26.373476028442383,26.933359146118164,489309,0.4030766487121582,0.0,0.0
TDS,1999-04-05 20:00:00-04:00,26.874425888061523,26.992294311523438,26.28507423400879,26.756555557250977,509670,0.4004308879375458,0.0,0.0
TDS,1999-04-06 20:00:00-04:00,26.933359146118164,27.345905303955078,26.874425888061523,26.874425888061523,497581,0.40219470858573914,0.0,0.0
TDS,1999-04-07 20:00:00-04:00,26.81549072265625,27.316438674926758,26.81549072265625,27.228036880493164,408076,0.4074869751930237,0.0,0.0
TDS,1999-04-08 20:00:00-04:00,27.228036880493164,27.581647872924805,27.110166549682617,27.434309005737305,561634,0.4105737805366516,0.0,0.0
TDS,1999-04-11 20:00:00-04:00,27.228036880493164,27.758451461791992,27.110166549682617,27.758451461791992,348476,0.41542473435401917,0.0,0.0
TDS,1999-04-12 20:00:00-04:00,27.758451461791992,27.758451461791992,27.228036880493164,27.463775634765625,205947,0.4110148251056671,0.0,0.0
TDS,1999-04-13 20:00:00-04:00,27.581647872924805,27.935258865356445,27.463775634765625,27.52271270751953,467675,0.41189679503440857,0.0,0.0
TDS,1999-04-14 20:00:00-04:00,27.758451461791992,28.170997619628906,27.581647872924805,28.170997619628906,695468,0.4215989410877228,0.0,0.0
TDS,1999-04-15 20:00:00-04:00,28.20046615600586,28.40673828125,28.141530990600586,28.170997619628906,368626,0.4215989410877228,0.0,0.0
TDS,1999-04-18 20:00:00-04:00,28.05312728881836,28.40673828125,27.52271270751953,27.6700496673584,382836,0.41410183906555176,0.0,0.0
TDS,1999-04-19 20:00:00-04:00,27.581647872924805,27.581647872924805,26.756555557250977,26.962827682495117,233307,0.40351754426956177,0.0,0.0
TDS,1999-04-20 20:00:00-04:00,26.933359146118164,27.345905303955078,26.933359146118164,27.345905303955078,311359,0.4092506766319275,0.0,0.0
TDS,1999-04-21 20:00:00-04:00,27.640581130981445,28.05312728881836,27.581647872924805,28.05312728881836,171375,0.4198349118232727,0.0,0.0
TDS,1999-04-22 20:00:00-04:00,28.642478942871094,28.93715476989746,28.22993278503418,28.93715476989746,1156144,0.43306490778923035,0.0,0.0
TDS,1999-04-25 20:00:00-04:00,28.93715476989746,29.673843383789062,28.524608612060547,29.025558471679688,800456,0.43438804149627686,0.0,0.0
TDS,1999-04-26 20:00:00-04:00,29.055025100708008,29.11396026611328,28.642478942871094,28.76034927368164,534486,0.43041881918907166,0.0,0.0
TDS,1999-04-27 20:00:00-04:00,28.76034927368164,28.76034927368164,28.288867950439453,28.288867950439453,537667,0.423362672328949,0.0,0.0
TDS,1999-04-28 20:00:00-04:00,28.318336486816406,28.495140075683594,28.082595825195312,28.37727165222168,246245,0.4246858060359955,0.0,0.0
TDS,1999-04-29 20:00:00-04:00,28.436206817626953,28.524608612060547,27.758451461791992,28.22993278503418,151650,0.42248082160949707,0.0,0.0
TDS,1999-05-02 20:00:00-04:00,28.22993278503418,28.93715476989746,28.170997619628906,28.819284439086914,306481,0.4313010275363922,0.0,0.0
TDS,1999-05-03 20:00:00-04:00,28.848751068115234,29.143428802490234,28.76034927368164,28.996089935302734,142317,0.4339469075202942,0.0,0.0
TDS,1999-05-04 20:00:00-04:00,29.055025100708008,29.2907657623291,29.025558471679688,29.2907657623291,162467,0.4383569061756134,0.0,0.0
TDS,1999-05-05 20:00:00-04:00,29.40863609313965,30.82308006286621,29.349700927734375,30.587339401245117,621870,0.4577610492706299,0.0,0.0
TDS,1999-05-06 20:00:00-04:00,30.705209732055664,31.088287353515625,30.705209732055664,30.99988555908203,451768,0.463934987783432,0.0,0.0
TDS,1999-05-09 20:00:00-04:00,30.99988555908203,31.589235305786133,30.940950393676758,31.02935218811035,446890,0.4643762409687042,0.0,0.0
TDS,1999-05-10 20:00:00-04:00,31.058820724487305,31.53030014038086,30.82308006286621,31.02935218811035,211249,0.4643762409687042,0.0,0.0
TDS,1999-05-11 20:00:00-04:00,31.02935218811035,31.2945613861084,30.67574119567871,31.206157684326172,267243,0.46702221035957336,0.0,0.0
TDS,1999-05-12 20:00:00-04:00,31.32402801513672,31.736574172973633,31.32402801513672,31.707107543945312,310723,0.474519282579422,0.0,0.0
TDS,1999-05-13 20:00:00-04:00,31.766042709350586,31.766042709350586,31.235626220703125,31.47136688232422,403622,0.4709910452365875,0.0,0.0
TDS,1999-05-16 20:00:00-04:00,31.412431716918945,31.766042709350586,31.382963180541992,31.766042709350586,188343,0.4754011332988739,0.0,0.0
TDS,1999-05-17 20:00:00-04:00,31.82497787475586,32.23752212524414,31.589235305786133,31.618703842163086,231823,0.4731961786746979,0.0,0.0
TDS,1999-05-18 20:00:00-04:00,31.64817237854004,31.707107543945312,31.17668914794922,31.412431716918945,173072,0.47010907530784607,0.0,0.0
TDS,1999-05-19 20:00:00-04:00,31.47136688232422,31.707107543945312,31.235626220703125,31.707107543945312,299058,0.474519282579422,0.0,0.0
TDS,1999-05-20 20:00:00-04:00,31.707107543945312,31.707107543945312,30.99988555908203,31.117755889892578,125138,0.465699166059494,0.0,0.0
TDS,1999-05-23 20:00:00-04:00,31.117755889892578,31.50083351135254,30.734676361083984,30.82308006286621,283362,0.46128910779953003,0.0,0.0
TDS,1999-05-24 20:00:00-04:00,30.82308006286621,31.2945613861084,30.64627456665039,30.705209732055664,218460,0.4595249593257904,0.0,0.0
TDS,1999-05-25 20:00:00-04:00,30.705209732055664,30.85254669189453,30.29266357421875,30.705209732055664,372868,0.4595249593257904,0.0,0.0
TDS,1999-05-26 20:00:00-04:00,30.82308006286621,31.559768676757812,30.64627456665039,31.559768676757812,242852,0.47231411933898926,0.0,0.0
TDS,1999-05-27 20:00:00-04:00,31.67763900756836,31.85444450378418,31.589235305786133,31.736574172973633,377958,0.4749603271484375,0.0,0.0
TDS,1999-05-31 20:00:00-04:00,31.589235305786133,31.707107543945312,31.117755889892578,31.117755889892578,130228,0.465699166059494,0.0,0.0
TDS,1999-06-01 20:00:00-04:00,31.17668914794922,31.32402801513672,30.882015228271484,31.088287353515625,103716,0.46525827050209045,0.0,0.0
TDS,1999-06-02 20:00:00-04:00,31.2945613861084,31.382963180541992,30.970417022705078,31.206157684326172,104140,0.46702221035957336,0.0,0.0
TDS,1999-06-03 20:00:00-04:00,31.2945613861084,31.707107543945312,31.2945613861084,31.64817237854004,78688,0.4736374020576477,0.0,0.0
TDS,1999-06-06 20:00:00-04:00,31.64817237854004,31.82497787475586,31.412431716918945,31.766042709350586,151650,0.4754011332988739,0.0,0.0
TDS,1999-06-07 20:00:00-04:00,31.766042709350586,31.82497787475586,31.353496551513672,31.353496551513672,153771,0.46922728419303894,0.0,0.0
TDS,1999-06-08 20:00:00-04:00,31.353496551513672,31.67763900756836,31.353496551513672,31.589235305786133,79112,0.4727551341056824,0.0,0.0
TDS,1999-06-09 20:00:00-04:00,31.707107543945312,31.8839111328125,31.412431716918945,31.8839111328125,364808,0.4771652817726135,0.0,0.0
TDS,1999-06-10 20:00:00-04:00,31.64817237854004,31.707107543945312,31.1472225189209,31.353496551513672,800456,0.47002658247947693,0.05422,0.0
TDS,1999-06-13 20:00:00-04:00,31.412431716918945,31.736574172973633,31.2945613861084,31.32402801513672,117926,0.4695846736431122,0.0,0.0
TDS,1999-06-14 20:00:00-04:00,31.913379669189453,31.913379669189453,31.2945613861084,31.353496551513672,115805,0.47002658247947693,0.0,0.0
TDS,1999-06-15 20:00:00-04:00,31.412431716918945,31.8839111328125,31.412431716918945,31.8839111328125,213158,0.477977991104126,0.0,0.0
TDS,1999-06-16 20:00:00-04:00,31.82497787475586,31.82497787475586,31.117755889892578,31.559768676757812,162891,0.47311872243881226,0.0,0.0
TDS,1999-06-17 20:00:00-04:00,31.117755889892578,31.589235305786133,31.117755889892578,31.353496551513672,275939,0.47002658247947693,0.0,0.0
TDS,1999-06-20 20:00:00-04:00,31.47136688232422,31.50083351135254,30.911481857299805,31.117755889892578,267455,0.46649235486984253,0.0,0.0
TDS,1999-06-21 20:00:00-04:00,31.117755889892578,31.82497787475586,30.99988555908203,31.795509338378906,367777,0.47665268182754517,0.0,0.0
TDS,1999-06-22 20:00:00-04:00,31.589235305786133,31.795509338378906,31.353496551513672,31.795509338378906,125774,0.47665268182754517,0.0,0.0
TDS,1999-06-23 20:00:00-04:00,32.119651794433594,33.23942184448242,32.119651794433594,32.767940521240234,564816,0.49123066663742065,0.0,0.0
TDS,1999-06-24 20:00:00-04:00,33.00368118286133,33.06261444091797,32.65007019042969,32.70900344848633,333417,0.49034741520881653,0.0,0.0
TDS,1999-06-27 20:00:00-04:00,33.00368118286133,33.56356430053711,32.85634231567383,33.44569396972656,243488,0.5013909339904785,0.0,0.0
TDS,1999-06-28 20:00:00-04:00,33.475162506103516,34.1823844909668,33.00368118286133,34.064510345458984,314753,0.5106678605079651,0.0,0.0
TDS,1999-06-29 20:00:00-04:00,34.12344741821289,34.653865814208984,33.9466438293457,34.47705841064453,453252,0.5168524384498596,0.0,0.0
TDS,1999-06-30 20:00:00-04:00,34.53599548339844,34.53599548339844,34.064510345458984,34.300254821777344,125774,0.5142019391059875,0.0,0.0
TDS,1999-07-01 20:00:00-04:00,34.24131774902344,34.83066940307617,34.12344741821289,34.68333053588867,135318,0.5199445486068726,0.0,0.0
TDS,1999-07-05 20:00:00-04:00,35.744163513183594,36.53978729248047,35.53789138793945,35.596824645996094,818060,0.533639132976532,0.0,0.0
TDS,1999-07-06 20:00:00-04:00,35.71469497680664,35.77363204956055,34.771732330322266,34.94853973388672,249851,0.5239205956459045,0.0,0.0
TDS,1999-07-07 20:00:00-04:00,35.125343322753906,35.272682189941406,34.38865661621094,34.47705841064453,226096,0.5168524384498596,0.0,0.0
TDS,1999-07-08 20:00:00-04:00,34.47705841064453,34.88960266113281,34.38865661621094,34.47705841064453,392805,0.5168524384498596,0.0,0.0
TDS,1999-07-11 20:00:00-04:00,34.53599548339844,34.59492874145508,33.8877067565918,34.1823844909668,542758,0.5124349594116211,0.0,0.0
TDS,1999-07-12 20:00:00-04:00,34.300254821777344,35.53789138793945,34.0350456237793,35.44948959350586,222702,0.5314302444458008,0.0,0.0
TDS,1999-07-13 20:00:00-04:00,35.361087799072266,35.361087799072266,34.88960266113281,35.18428039550781,207856,0.5274545550346375,0.0,0.0
TDS,1999-07-14 20:00:00-04:00,35.125343322753906,36.304046630859375,35.125343322753906,36.27457809448242,430982,0.5437994599342346,0.0,0.0
TDS,1999-07-15 20:00:00-04:00,36.48085403442383,37.04073715209961,36.42191696166992,36.804996490478516,262365,0.551750898361206,0.0,0.0
TDS,1999-07-18 20:00:00-04:00,36.952335357666016,37.4238166809082,36.83446502685547,37.24700927734375,266819,0.5583774447441101,0.0,0.0
TDS,1999-07-19 20:00:00-04:00,36.89339828491211,37.011268615722656,36.12724304199219,36.36298370361328,263213,0.545124888420105,0.0,0.0
TDS,1999-07-20 20:00:00-04:00,36.12724304199219,37.011268615722656,36.12724304199219,37.011268615722656,300542,0.5548432469367981,0.0,0.0
TDS,1999-07-21 20:00:00-04:00,37.011268615722656,37.011268615722656,36.245113372802734,36.89339828491211,248366,0.5530762672424316,0.0,0.0
TDS,1999-07-22 20:00:00-04:00,36.77552795410156,36.83446502685547,36.51032257080078,36.74605941772461,135530,0.5508674383163452,0.0,0.0
TDS,1999-07-25 20:00:00-04:00,36.657657623291016,36.657657623291016,36.097774505615234,36.12724304199219,160346,0.5415903925895691,0.0,0.0
TDS,1999-07-26 20:00:00-04:00,36.245113372802734,36.36298370361328,35.596824645996094,36.038841247558594,281878,0.5402652025222778,0.0,0.0
TDS,1999-07-27 20:00:00-04:00,36.038841247558594,36.038841247558594,35.361087799072266,35.596824645996094,276787,0.533639132976532,0.0,0.0
TDS,1999-07-28 20:00:00-04:00,35.24321365356445,35.44948959350586,34.211849212646484,34.83066940307617,432255,0.522153377532959,0.0,0.0
TDS,1999-07-29 20:00:00-04:00,34.88960266113281,35.596824645996094,34.88960266113281,35.066410064697266,231611,0.5256873369216919,0.0,0.0
TDS,1999-08-01 20:00:00-04:00,35.125343322753906,35.65576171875,35.125343322753906,35.30215072631836,152710,0.5292216539382935,0.0,0.0
TDS,1999-08-02 20:00:00-04:00,35.361087799072266,35.47895431518555,34.300254821777344,34.418121337890625,283362,0.515968918800354,0.0,0.0
TDS,1999-08-03 20:00:00-04:00,33.23942184448242,33.35729217529297,32.325927734375,32.85634231567383,813606,0.4925558865070343,0.0,0.0
TDS,1999-08-04 20:00:00-04:00,32.38486099243164,32.88581085205078,31.67763900756836,32.53219985961914,531941,0.4876967966556549,0.0,0.0
TDS,1999-08-05 20:00:00-04:00,32.414329528808594,33.29835510253906,32.23752212524414,33.29835510253906,354839,0.49918225407600403,0.0,0.0
TDS,1999-08-08 20:00:00-04:00,33.23942184448242,33.62249755859375,32.94474411010742,33.00368118286133,578390,0.4947645664215088,0.0,0.0
TDS,1999-08-09 20:00:00-04:00,32.88581085205078,32.91527557373047,31.47136688232422,32.03125,460464,0.48018699884414673,0.0,0.0
TDS,1999-08-10 20:00:00-04:00,32.14912033081055,32.29645919799805,31.64817237854004,31.795509338378906,302027,0.47665268182754517,0.0,0.0
TDS,1999-08-11 20:00:00-04:00,31.795509338378906,32.00178146362305,31.64817237854004,31.736574172973633,721556,0.4757692515850067,0.0,0.0
TDS,1999-08-12 20:00:00-04:00,31.82497787475586,32.119651794433594,31.82497787475586,31.8839111328125,397683,0.477977991104126,0.0,0.0
TDS,1999-08-15 20:00:00-04:00,31.85444450378418,31.85444450378418,31.53030014038086,31.85444450378418,264486,0.4775362014770508,0.0,0.0
TDS,1999-08-16 20:00:00-04:00,31.82497787475586,32.88581085205078,31.82497787475586,32.85634231567383,552302,0.4925558865070343,0.0,0.0
TDS,1999-08-17 20:00:00-04:00,32.85634231567383,32.85634231567383,31.942846298217773,32.03125,442011,0.48018699884414673,0.0,0.0
TDS,1999-08-18 20:00:00-04:00,31.972314834594727,31.972314834594727,31.02935218811035,31.942846298217773,311571,0.4788617491722107,0.0,0.0
TDS,1999-08-19 20:00:00-04:00,31.8839111328125,32.14912033081055,31.707107543945312,32.14912033081055,316237,0.48195379972457886,0.0,0.0
TDS,1999-08-22 20:00:00-04:00,32.1785888671875,33.59303283691406,32.1785888671875,33.23942184448242,450283,0.49829891324043274,0.0,0.0
TDS,1999-08-23 20:00:00-04:00,33.180484771728516,33.23942184448242,32.91527557373047,33.09208297729492,416560,0.49608999490737915,0.0,0.0
TDS,1999-08-24 20:00:00-04:00,33.033145904541016,33.180484771728516,32.974212646484375,33.180484771728516,165436,0.49741503596305847,0.0,0.0
TDS,1999-08-25 20:00:00-04:00,33.09208297729492,33.41622543334961,32.826873779296875,33.180484771728516,319207,0.49741503596305847,0.0,0.0
TDS,1999-08-26 20:00:00-04:00,33.35729217529297,33.475162506103516,33.00368118286133,33.00368118286133,160982,0.4947645664215088,0.0,0.0
TDS,1999-08-29 20:00:00-04:00,33.00368118286133,33.09208297729492,32.473262786865234,32.50273132324219,114108,0.48725467920303345,0.0,0.0
TDS,1999-08-30 20:00:00-04:00,32.53219985961914,32.826873779296875,32.414329528808594,32.826873779296875,227156,0.49211397767066956,0.0,0.0
TDS,1999-08-31 20:00:00-04:00,32.85634231567383,33.91717529296875,32.826873779296875,33.76983642578125,480613,0.5062503218650818,0.0,0.0
TDS,1999-09-01 20:00:00-04:00,33.71090316772461,33.8877067565918,32.94474411010742,33.06261444091797,289937,0.4956481158733368,0.0,0.0
TDS,1999-09-02 20:00:00-04:00,33.20995330810547,34.064510345458984,33.20995330810547,34.0350456237793,215279,0.5102257132530212,0.0,0.0
TDS,1999-09-06 20:00:00-04:00,34.0350456237793,35.007476806640625,34.0350456237793,35.007476806640625,580723,0.5248039960861206,0.0,0.0
TDS,1999-09-07 20:00:00-04:00,34.83066940307617,35.24321365356445,34.418121337890625,34.47705841064453,558453,0.5168524384498596,0.0,0.0
TDS,1999-09-08 20:00:00-04:00,34.59492874145508,35.65576171875,34.59492874145508,35.596824645996094,339780,0.533639132976532,0.0,0.0
TDS,1999-09-09 20:00:00-04:00,35.71469497680664,35.950435638427734,34.88960266113281,35.53789138793945,428861,0.5327559113502502,0.0,0.0
TDS,1999-09-12 20:00:00-04:00,35.47895431518555,35.83256530761719,35.420021057128906,35.5084228515625,277636,0.5331274271011353,0.05422,0.0
TDS,1999-09-13 20:00:00-04:00,35.39055252075195,35.567359924316406,34.653865814208984,35.5084228515625,326206,0.5331274271011353,0.0,0.0
TDS,1999-09-14 20:00:00-04:00,35.68523025512695,35.77363204956055,35.03694152832031,35.066410064697266,546788,0.5264906287193298,0.0,0.0
TDS,1999-09-15 20:00:00-04:00,35.066410064697266,35.24321365356445,34.62439727783203,35.007476806640625,264061,0.5256057381629944,0.0,0.0
TDS,1999-09-16 20:00:00-04:00,35.007476806640625,35.83256530761719,34.97800827026367,35.596824645996094,546575,0.5344544649124146,0.0,0.0
TDS,1999-09-19 20:00:00-04:00,36.06830596923828,37.60062026977539,36.06830596923828,37.60062026977539,951682,0.5645396113395691,0.0,0.0
TDS,1999-09-20 20:00:00-04:00,37.5122184753418,37.5122184753418,37.09967041015625,37.4238166809082,482310,0.5618852376937866,0.0,0.0
TDS,1999-09-21 20:00:00-04:00,37.4238166809082,38.543582916259766,37.305946350097656,38.42571258544922,592601,0.576927900314331,0.0,0.0
TDS,1999-09-22 20:00:00-04:00,38.36677932739258,40.9009895324707,38.30784225463867,40.134830474853516,1306097,0.6025887727737427,0.0,0.0
TDS,1999-09-23 20:00:00-04:00,40.134830474853516,40.25270080566406,38.95612716674805,40.01696014404297,878720,0.6008187532424927,0.0,0.0
TDS,1999-09-26 20:00:00-04:00,40.134830474853516,41.54927444458008,40.134830474853516,41.22513198852539,925170,0.6189581155776978,0.0,0.0
TDS,1999-09-27 20:00:00-04:00,41.16619873046875,41.16619873046875,39.2802734375,40.429508209228516,519639,0.6070129871368408,0.0,0.0
TDS,1999-09-28 20:00:00-04:00,40.429508209228516,42.07969284057617,40.429508209228516,41.72608184814453,638202,0.6264795660972595,0.0,0.0
TDS,1999-09-29 20:00:00-04:00,41.961822509765625,42.020755767822266,41.19566345214844,41.87342071533203,430134,0.6286917924880981,0.0,0.0
TDS,1999-09-30 20:00:00-04:00,41.755550384521484,41.90288543701172,41.1367301940918,41.755550384521484,372019,0.6269221901893616,0.0,0.0
TDS,1999-10-03 20:00:00-04:00,41.84395217895508,43.553070068359375,41.84395217895508,43.553070068359375,979467,0.6539106965065002,0.0,0.0
TDS,1999-10-04 20:00:00-04:00,43.61200714111328,44.08348846435547,42.669044494628906,42.87531661987305,1077244,0.6437340974807739,0.0,0.0
TDS,1999-10-05 20:00:00-04:00,42.87531661987305,43.140525817871094,42.43330383300781,42.93424987792969,814879,0.644619345664978,0.0,0.0
TDS,1999-10-06 20:00:00-04:00,43.11105728149414,43.58253860473633,43.08158874511719,43.37626647949219,435860,0.6512555480003357,0.0,0.0
TDS,1999-10-07 20:00:00-04:00,43.43519973754883,43.72987747192383,43.02265548706055,43.61200714111328,326206,0.6547954082489014,0.0,0.0
TDS,1999-10-10 20:00:00-04:00,44.3192253112793,47.23651885986328,44.14242172241211,47.030242919921875,1294007,0.7061172127723694,0.0,0.0
TDS,1999-10-11 20:00:00-04:00,47.324920654296875,49.44658660888672,46.971309661865234,49.269779205322266,1143630,0.7397415637969971,0.0,0.0
TDS,1999-10-12 20:00:00-04:00,49.38764953613281,50.21274185180664,48.94563674926758,49.50551986694336,1548948,0.7432813048362732,0.0,0.0
TDS,1999-10-13 20:00:00-04:00,50.03593444824219,50.448482513427734,49.38764953613281,50.448482513427734,1261344,0.7574388980865479,0.0,0.0
TDS,1999-10-14 20:00:00-04:00,49.03403854370117,49.328712463378906,47.26598358154297,47.383853912353516,1013402,0.711426317691803,0.0,0.0
TDS,1999-10-17 20:00:00-04:00,47.383853912353516,47.82586669921875,46.0872802734375,46.676631927490234,1047762,0.7008082270622253,0.0,0.0
TDS,1999-10-18 20:00:00-04:00,47.14811325073242,48.975101470947266,47.14811325073242,48.208946228027344,617628,0.7238143086433411,0.0,0.0
TDS,1999-10-19 20:00:00-04:00,48.26788330078125,51.80398941040039,48.26788330078125,51.80398941040039,1208108,0.7777904868125916,0.0,0.0
TDS,1999-10-20 20:00:00-04:00,51.03783416748047,52.30493927001953,50.242210388183594,52.30493927001953,654109,0.7853116989135742,0.0,0.0
TDS,1999-10-21 20:00:00-04:00,52.45227813720703,53.74885177612305,51.39144515991211,51.980796813964844,730888,0.7804452776908875,0.0,0.0
TDS,1999-10-24 20:00:00-04:00,52.09866714477539,53.27737045288086,51.80398941040039,52.039730072021484,373716,0.7813302278518677,0.0,0.0
TDS,1999-10-25 20:00:00-04:00,52.15760040283203,52.92375946044922,51.8629264831543,51.892391204833984,711163,0.77911776304245,0.0,0.0
TDS,1999-10-26 20:00:00-04:00,51.8629264831543,52.09866714477539,51.5682487487793,51.74505615234375,284211,0.7769059538841248,0.0,0.0
TDS,1999-10-27 20:00:00-04:00,51.8629264831543,53.3363037109375,51.8629264831543,53.27737045288086,565664,0.7999123334884644,0.0,0.0
TDS,1999-10-28 20:00:00-04:00,53.15950012207031,54.426605224609375,53.15950012207031,54.338199615478516,631202,0.8158393502235413,0.0,0.0
TDS,1999-10-31 19:00:00-05:00,54.338199615478516,55.0454216003418,53.925655364990234,54.279266357421875,503095,0.8149545192718506,0.0,0.0
TDS,1999-11-01 19:00:00-05:00,54.39713668823242,54.57394027709961,52.62908172607422,52.71748352050781,288665,0.7915058135986328,0.0,0.0
TDS,1999-11-02 19:00:00-05:00,52.80588912963867,53.01216125488281,52.48174285888672,52.80588912963867,507974,0.7928334474563599,0.0,0.0
TDS,1999-11-03 19:00:00-05:00,52.80588912963867,53.86671829223633,52.80588912963867,53.80778503417969,666623,0.8078757524490356,0.0,0.0
TDS,1999-11-04 19:00:00-05:00,53.98459243774414,55.0454216003418,53.98459243774414,54.39713668823242,594934,0.8167246580123901,0.0,0.0
TDS,1999-11-07 19:00:00-05:00,54.22032928466797,55.0454216003418,54.19086456298828,54.86861801147461,346992,0.8238030672073364,0.0,0.0
TDS,1999-11-08 19:00:00-05:00,54.86861801147461,55.84104919433594,54.632877349853516,55.605308532714844,465130,0.8348641395568848,0.0,0.0
TDS,1999-11-09 19:00:00-05:00,55.39903259277344,56.312530517578125,55.3400993347168,56.165191650390625,748916,0.8432703614234924,0.0,0.0
TDS,1999-11-10 19:00:00-05:00,56.577735900878906,57.63856887817383,56.577735900878906,57.343894958496094,323237,0.8609673380851746,0.0,0.0
TDS,1999-11-11 19:00:00-05:00,57.343894958496094,57.52069854736328,56.8134765625,57.402828216552734,352930,0.8618518114089966,0.0,0.0
TDS,1999-11-14 19:00:00-05:00,57.87430953979492,60.349586486816406,57.87430953979492,59.87810516357422,1106937,0.8990165591239929,0.0,0.0
TDS,1999-11-15 19:00:00-05:00,59.701297760009766,59.995975494384766,59.288753509521484,59.76023483276367,633960,0.8972466588020325,0.0,0.0
TDS,1999-11-16 19:00:00-05:00,59.87810516357422,59.995975494384766,58.22792053222656,58.6699333190918,330872,0.8808767199516296,0.0,0.0
TDS,1999-11-17 19:00:00-05:00,58.787803649902344,59.31822204589844,58.40472412109375,58.7288703918457,332145,0.8817614912986755,0.0,0.0
TDS,1999-11-18 19:00:00-05:00,58.6699333190918,59.81917190551758,58.6699333190918,59.642364501953125,409136,0.8954765200614929,0.0,0.0
TDS,1999-11-21 19:00:00-05:00,59.87810516357422,60.40851974487305,59.495025634765625,60.202247619628906,511791,0.9038828611373901,0.0,0.0
TDS,1999-11-22 19:00:00-05:00,60.5853271484375,60.5853271484375,59.642364501953125,60.17278289794922,669592,0.9034405946731567,0.0,0.0
TDS,1999-11-23 19:00:00-05:00,60.23171615600586,61.528289794921875,59.93703842163086,61.26308059692383,544879,0.9198102355003357,0.0,0.0
TDS,1999-11-25 19:00:00-05:00,61.528289794921875,62.82486343383789,61.49882125854492,62.3533821105957,435224,0.9361803531646729,0.0,0.0
TDS,1999-11-28 19:00:00-05:00,62.47125244140625,64.47504425048828,62.47125244140625,63.17847442626953,879569,0.9485684037208557,0.0,0.0
TDS,1999-11-29 19:00:00-05:00,63.41421127319336,63.44367980957031,62.706993103027344,62.79539489746094,845633,0.9428166747093201,0.0,0.0
TDS,1999-11-30 19:00:00-05:00,62.765926361083984,64.23930358886719,62.706993103027344,63.060604095458984,581572,0.9467982053756714,0.0,0.0
TDS,1999-12-01 19:00:00-05:00,63.060604095458984,63.94462966918945,62.64805603027344,63.41421127319336,369686,0.9521076679229736,0.0,0.0
TDS,1999-12-02 19:00:00-05:00,63.64995574951172,64.47504425048828,63.473148345947266,63.59101867675781,306693,0.9547621607780457,0.0,0.0
TDS,1999-12-05 19:00:00-05:00,63.94462966918945,64.5929183959961,63.64995574951172,63.826759338378906,234792,0.9583021402359009,0.0,0.0
TDS,1999-12-06 19:00:00-05:00,63.94462966918945,64.56344604492188,63.473148345947266,64.04039764404297,244548,0.961509644985199,0.0,0.0
TDS,1999-12-07 19:00:00-05:00,63.620487213134766,63.70888900756836,62.412315368652344,62.85432815551758,513488,0.9437015056610107,0.0,0.0
TDS,1999-12-08 19:00:00-05:00,63.17847442626953,63.23740768432617,59.93703842163086,60.143314361572266,595358,0.9029980897903442,0.0,0.0
TDS,1999-12-09 19:00:00-05:00,60.143314361572266,60.23171615600586,57.57963562011719,59.17088317871094,721980,0.8883979916572571,0.0,0.0
TDS,1999-12-12 19:00:00-05:00,58.935142517089844,58.99407958984375,54.75074768066406,56.518802642822266,993253,0.8493576049804688,0.05422,0.0
TDS,1999-12-13 19:00:00-05:00,57.049217224121094,59.642364501953125,56.8134765625,58.8172721862793,1280433,0.883898913860321,0.0,0.0
TDS,1999-12-14 19:00:00-05:00,58.8172721862793,60.349586486816406,58.52259826660156,59.93703842163086,703103,0.9007266163825989,0.0,0.0
TDS,1999-12-15 19:00:00-05:00,60.349586486816406,60.5853271484375,56.872413635253906,58.28685760498047,662805,0.8759273886680603,0.0,0.0
TDS,1999-12-16 19:00:00-05:00,58.28685760498047,58.8172721862793,56.45986557006836,57.57963562011719,706709,0.865299642086029,0.0,0.0
TDS,1999-12-19 19:00:00-05:00,57.28495788574219,59.22981643676758,57.108154296875,58.64046859741211,765036,0.8812416791915894,0.0,0.0
TDS,1999-12-20 19:00:00-05:00,58.64046859741211,59.17088317871094,58.64046859741211,59.141414642333984,463433,0.8887700438499451,0.0,0.0
TDS,1999-12-21 19:00:00-05:00,59.02354431152344,59.58342742919922,58.52259826660156,58.69940185546875,550393,0.8821271657943726,0.0,0.0
TDS,1999-12-22 19:00:00-05:00,58.52259826660156,58.55206298828125,56.34199523925781,56.75454330444336,823999,0.8529000878334045,0.0,0.0
TDS,1999-12-26 19:00:00-05:00,56.518802642822266,57.28495788574219,56.518802642822266,56.99028396606445,434588,0.8564429879188538,0.0,0.0
TDS,1999-12-27 19:00:00-05:00,56.93134689331055,58.463661193847656,56.93134689331055,58.463661193847656,483370,0.8785845637321472,0.0,0.0
TDS,1999-12-28 19:00:00-05:00,57.343894958496094,57.99217987060547,57.255489349365234,57.93324661254883,504792,0.8706134557723999,0.0,0.0
TDS,1999-12-29 19:00:00-05:00,57.52069854736328,58.935142517089844,57.52069854736328,57.87430953979492,553150,0.8697279095649719,0.0,0.0
TDS,1999-12-30 19:00:00-05:00,57.99217987060547,59.67183303833008,57.99217987060547,59.40662384033203,234580,0.8927552700042725,0.0,0.0
TDS,2000-01-02 19:00:00-05:00,59.46555709838867,59.995975494384766,57.52069854736328,57.63856887817383,1167173,0.866185188293457,0.0,0.0
TDS,2000-01-03 19:00:00-05:00,57.049217224121094,57.049217224121094,53.21843338012695,53.6309814453125,647110,0.8059595823287964,0.0,0.0
TDS,2000-01-04 19:00:00-05:00,54.10246276855469,54.632877349853516,51.538780212402344,52.334407806396484,802577,0.7864751219749451,0.0,0.0
TDS,2000-01-05 19:00:00-05:00,52.09866714477539,52.09866714477539,46.70610046386719,47.44279098510742,1182444,0.7129642367362976,0.0,0.0
TDS,2000-01-06 19:00:00-05:00,48.32681655883789,51.03783416748047,48.0910758972168,50.861026763916016,883174,0.7643333673477173,0.0,0.0
TDS,2000-01-09 19:00:00-05:00,51.980796813964844,54.632877349853516,51.980796813964844,54.632877349853516,631202,0.8210160732269287,0.0,0.0
TDS,2000-01-10 19:00:00-05:00,54.45607376098633,54.45607376098633,52.57014846801758,52.80588912963867,898657,0.7935606241226196,0.0,0.0
TDS,2000-01-11 19:00:00-05:00,52.80588912963867,52.98269271850586,50.21274185180664,50.448482513427734,931957,0.7581335306167603,0.0,0.0
TDS,2000-01-12 19:00:00-05:00,50.21274185180664,52.45227813720703,50.21274185180664,51.8629264831543,579875,0.7793899178504944,0.0,0.0
TDS,2000-01-13 19:00:00-05:00,52.334407806396484,52.92375946044922,51.42091369628906,51.59771728515625,453889,0.7754040360450745,0.0,0.0
TDS,2000-01-17 19:00:00-05:00,50.861026763916016,54.45607376098633,50.861026763916016,53.98459243774414,665986,0.8112736940383911,0.0,0.0
TDS,2000-01-18 19:00:00-05:00,54.45607376098633,56.10625457763672,54.338199615478516,55.870513916015625,799820,0.8396150469779968,0.0,0.0
TDS,2000-01-19 19:00:00-05:00,55.870513916015625,56.8134765625,55.457969665527344,55.811580657958984,703316,0.8387293219566345,0.0,0.0
TDS,2000-01-20 19:00:00-05:00,56.577735900878906,57.46176528930664,56.10625457763672,57.31442642211914,679985,0.8613141179084778,0.0,0.0
TDS,2000-01-23 19:00:00-05:00,58.935142517089844,59.11194610595703,57.756439208984375,58.69940185546875,1040551,0.8821271657943726,0.0,0.0
TDS,2000-01-24 19:00:00-05:00,58.87620544433594,58.87620544433594,57.108154296875,58.69940185546875,1098029,0.8821271657943726,0.0,0.0
TDS,2000-01-25 19:00:00-05:00,58.5815315246582,60.46745681762695,58.52259826660156,59.52449417114258,797911,0.8945264220237732,0.0,0.0
TDS,2000-01-26 19:00:00-05:00,57.63856887817383,57.63856887817383,47.50172424316406,50.448482513427734,4034308,0.7581335306167603,0.0,0.0
TDS,2000-01-27 19:00:00-05:00,50.448482513427734,53.247901916503906,49.564453125,50.56635284423828,1555736,0.7599051594734192,0.0,0.0
TDS,2000-01-30 19:00:00-05:00,50.68422317504883,51.6271858215332,46.79450225830078,49.03403854370117,1752138,0.73687744140625,0.0,0.0
TDS,2000-01-31 19:00:00-05:00,50.448482513427734,51.6271858215332,48.916168212890625,49.97700119018555,618476,0.7510480284690857,0.0,0.0
TDS,2000-02-01 19:00:00-05:00,51.74505615234375,51.8629264831543,50.68422317504883,51.27357482910156,527911,0.7705327868461609,0.0,0.0
TDS,2000-02-02 19:00:00-05:00,51.509315490722656,52.57014846801758,50.62528610229492,52.334407806396484,787730,0.7864751219749451,0.0,0.0
TDS,2000-02-03 19:00:00-05:00,52.27547073364258,53.395240783691406,49.74126052856445,50.242210388183594,665350,0.7550336718559265,0.0,0.0
TDS,2000-02-06 19:00:00-05:00,50.448482513427734,50.802093505859375,48.68042755126953,49.50551986694336,496520,0.7439630627632141,0.0,0.0
TDS,2000-02-07 19:00:00-05:00,49.97700119018555,51.24410629272461,49.03403854370117,50.91996383666992,1339820,0.7652189135551453,0.0,0.0
TDS,2000-02-08 19:00:00-05:00,51.74505615234375,51.74505615234375,47.383853912353516,47.8553352355957,1006615,0.7191640138626099,0.0,0.0
TDS,2000-02-09 19:00:00-05:00,48.562557220458984,49.44658660888672,47.14811325073242,47.383853912353516,658987,0.7120788097381592,0.0,0.0
TDS,2000-02-10 19:00:00-05:00,47.737464904785156,47.737464904785156,46.02834701538086,46.55876159667969,575421,0.6996794939041138,0.0,0.0
TDS,2000-02-13 19:00:00-05:00,46.73556900024414,47.737464904785156,45.497928619384766,45.52739715576172,519215,0.6841797232627869,0.0,0.0
TDS,2000-02-14 19:00:00-05:00,45.73366928100586,46.3819580078125,44.14242172241211,46.3819580078125,932593,0.697022020816803,0.0,0.0
TDS,2000-02-15 19:00:00-05:00,47.26598358154297,48.26788330078125,46.85343933105469,47.20705032348633,690378,0.7094218134880066,0.0,0.0
TDS,2000-02-16 19:00:00-05:00,48.44468688964844,51.155704498291016,48.32681655883789,51.09676742553711,850087,0.7678757309913635,0.0,0.0
TDS,2000-02-17 19:00:00-05:00,51.09676742553711,51.214637756347656,47.97320556640625,48.975101470947266,594722,0.735991895198822,0.0,0.0
TDS,2000-02-21 19:00:00-05:00,48.975101470947266,49.44658660888672,47.82586669921875,49.09297561645508,484007,0.7377632856369019,0.0,0.0
TDS,2000-02-22 19:00:00-05:00,49.38764953613281,51.09676742553711,49.24031066894531,50.97889709472656,320479,0.7661041617393494,0.0,0.0
TDS,2000-02-23 19:00:00-05:00,51.509315490722656,52.334407806396484,50.21274185180664,50.97889709472656,399380,0.7661041617393494,0.0,0.0
TDS,2000-02-24 19:00:00-05:00,50.861026763916016,51.03783416748047,49.859130859375,50.33061218261719,404682,0.7563621401786804,0.0,0.0
TDS,2000-02-27 19:00:00-05:00,50.448482513427734,50.91996383666992,48.3857536315918,50.56635284423828,519003,0.7599051594734192,0.0,0.0
TDS,2000-02-28 19:00:00-05:00,50.448482513427734,51.03783416748047,49.38764953613281,49.74126052856445,462585,0.7475054264068604,0.0,0.0
TDS,2000-02-29 19:00:00-05:00,50.21274185180664,51.155704498291016,50.12434005737305,50.802093505859375,323873,0.763447642326355,0.0,0.0
TDS,2000-03-01 19:00:00-05:00,50.91996383666992,54.22032928466797,50.74315643310547,54.22032928466797,1145963,0.8148165345191956,0.0,0.0
TDS,2000-03-02 19:00:00-05:00,55.63477325439453,55.63477325439453,54.22032928466797,54.45607376098633,490794,0.8183591365814209,0.0,0.0
TDS,2000-03-05 19:00:00-05:00,54.57394027709961,54.75074768066406,54.10246276855469,54.10246276855469,217400,0.8130452632904053,0.0,0.0
TDS,2000-03-06 19:00:00-05:00,54.22032928466797,54.22032928466797,50.21274185180664,50.802093505859375,449647,0.763447642326355,0.0,0.0
TDS,2000-03-07 19:00:00-05:00,50.68422317504883,51.7745246887207,50.094871520996094,50.27167510986328,314541,0.7554765343666077,0.0,0.0
TDS,2000-03-08 19:00:00-05:00,50.38954544067383,50.595821380615234,49.91806411743164,50.448482513427734,482946,0.7581335306167603,0.0,0.0
TDS,2000-03-09 19:00:00-05:00,49.97700119018555,50.97889709472656,49.859130859375,49.97700119018555,694195,0.7510480284690857,0.0,0.0
TDS,2000-03-12 19:00:00-05:00,49.269779205322266,49.859130859375,48.562557220458984,49.35818099975586,822090,0.7426245808601379,0.058935,0.0
TDS,2000-03-13 19:00:00-05:00,49.623390197753906,50.153804779052734,49.44658660888672,49.44658660888672,310935,0.7439546585083008,0.0,0.0
TDS,2000-03-14 19:00:00-05:00,49.21084213256836,49.44658660888672,47.91427230834961,48.0910758972168,495672,0.7235597372055054,0.0,0.0
TDS,2000-03-15 19:00:00-05:00,47.8553352355957,48.29734802246094,47.14811325073242,47.26598358154297,673198,0.7111457586288452,0.0,0.0
TDS,2000-03-16 19:00:00-05:00,46.676631927490234,49.38764953613281,46.676631927490234,48.85723114013672,567149,0.7350866198539734,0.0,0.0
TDS,2000-03-19 19:00:00-05:00,49.15190887451172,49.800193786621094,48.975101470947266,49.03403854370117,498429,0.7377474904060364,0.0,0.0
TDS,2000-03-20 19:00:00-05:00,49.03403854370117,49.328712463378906,48.73936462402344,49.122440338134766,504792,0.7390773296356201,0.0,0.0
TDS,2000-03-21 19:00:00-05:00,49.38764953613281,49.68232345581055,49.063507080078125,49.476051330566406,576905,0.7443978786468506,0.0,0.0
TDS,2000-03-22 19:00:00-05:00,49.269779205322266,51.45037841796875,49.15190887451172,51.45037841796875,937895,0.7741023302078247,0.0,0.0
TDS,2000-03-23 19:00:00-05:00,51.80398941040039,52.039730072021484,50.91996383666992,50.91996383666992,743402,0.7661226987838745,0.0,0.0
TDS,2000-03-26 19:00:00-05:00,51.155704498291016,51.45037841796875,49.800193786621094,49.800193786621094,361202,0.7492746710777283,0.0,0.0
TDS,2000-03-27 19:00:00-05:00,49.91806411743164,53.247901916503906,49.64549255371094,51.8629264831543,811061,0.780309796333313,0.0,0.0
TDS,2000-03-28 19:00:00-05:00,51.74505615234375,53.100563049316406,51.65665054321289,52.746952056884766,419105,0.793610692024231,0.0,0.0
TDS,2000-03-29 19:00:00-05:00,52.80588912963867,53.483642578125,51.27357482910156,52.45227813720703,517518,0.7891771793365479,0.0,0.0
TDS,2000-03-30 19:00:00-05:00,52.45227813720703,52.57014846801758,51.39144515991211,52.334407806396484,800456,0.7874035239219666,0.0,0.0
TDS,2000-04-02 20:00:00-04:00,52.09866714477539,52.09866714477539,50.507415771484375,50.56635284423828,571391,0.7608020305633545,0.0,0.0
TDS,2000-04-03 20:00:00-04:00,50.802093505859375,51.74505615234375,47.79640197753906,49.50551986694336,534486,0.7448413372039795,0.0,0.0
TDS,2000-04-04 20:00:00-04:00,49.44658660888672,51.03783416748047,49.269779205322266,49.800193786621094,490370,0.7492746710777283,0.0,0.0
TDS,2000-04-05 20:00:00-04:00,50.27167510986328,51.214637756347656,50.27167510986328,51.214637756347656,440315,0.7705561518669128,0.0,0.0
TDS,2000-04-06 20:00:00-04:00,51.155704498291016,52.92375946044922,51.155704498291016,52.09866714477539,342962,0.7838568687438965,0.0,0.0
TDS,2000-04-09 20:00:00-04:00,52.334407806396484,52.334407806396484,49.859130859375,50.33061218261719,310935,0.7572548985481262,0.0,0.0
TDS,2000-04-10 20:00:00-04:00,50.153804779052734,50.153804779052734,48.32681655883789,48.62149429321289,549333,0.7315406203269958,0.0,0.0
TDS,2000-04-11 20:00:00-04:00,48.32681655883789,48.50362014770508,46.44089126586914,46.79450225830078,456646,0.7040522694587708,0.0,0.0
TDS,2000-04-12 20:00:00-04:00,47.030242919921875,47.64906311035156,46.617698669433594,47.08917999267578,360990,0.7084855437278748,0.0,0.0
TDS,2000-04-13 20:00:00-04:00,46.676631927490234,46.91237258911133,43.67094039916992,44.9085807800293,1018068,0.6756776571273804,0.0,0.0
TDS,2000-04-16 20:00:00-04:00,43.847747802734375,44.201358795166016,42.315433502197266,43.99508285522461,754855,0.6619332432746887,0.0,0.0
TDS,2000-04-17 20:00:00-04:00,43.93614959716797,46.55876159667969,43.906681060791016,46.17568588256836,405106,0.69474196434021,0.0,0.0
TDS,2000-04-18 20:00:00-04:00,46.20515060424805,48.26788330078125,46.11674880981445,47.56066131591797,586874,0.7155794501304626,0.0,0.0
TDS,2000-04-19 20:00:00-04:00,47.324920654296875,48.62149429321289,46.971309661865234,48.29734802246094,513700,0.72666335105896,0.0,0.0
TDS,2000-04-23 20:00:00-04:00,48.0910758972168,48.0910758972168,45.96940994262695,46.79450225830078,650291,0.7040522694587708,0.0,0.0
TDS,2000-04-24 20:00:00-04:00,46.323020935058594,48.68042755126953,46.323020935058594,48.415218353271484,535971,0.7284369468688965,0.0,0.0
TDS,2000-04-25 20:00:00-04:00,48.208946228027344,49.68232345581055,48.0910758972168,48.562557220458984,634808,0.7306535243988037,0.0,0.0
TDS,2000-04-26 20:00:00-04:00,48.562557220458984,48.562557220458984,47.20705032348633,48.0910758972168,290998,0.7235597372055054,0.0,0.0
TDS,2000-04-27 20:00:00-04:00,47.61959457397461,48.709896087646484,47.61959457397461,48.0910758972168,464918,0.7235597372055054,0.0,0.0
TDS,2000-04-30 20:00:00-04:00,48.0910758972168,49.74126052856445,47.82586669921875,49.44658660888672,438194,0.7439546585083008,0.0,0.0
TDS,2000-05-01 20:00:00-04:00,49.476051330566406,49.68232345581055,47.97320556640625,48.0026741027832,275939,0.7222295999526978,0.0,0.0
TDS,2000-05-02 20:00:00-04:00,47.91427230834961,48.44468688964844,47.20705032348633,47.20705032348633,535971,0.710259199142456,0.0,0.0
TDS,2000-05-03 20:00:00-04:00,46.73556900024414,48.32681655883789,46.617698669433594,48.17947769165039,624415,0.7248900532722473,0.0,0.0
TDS,2000-05-04 20:00:00-04:00,48.32681655883789,49.74126052856445,48.32681655883789,49.564453125,363323,0.7457279562950134,0.0,0.0
TDS,2000-05-07 20:00:00-04:00,49.53498840332031,49.53498840332031,47.8553352355957,48.975101470947266,215067,0.7368609309196472,0.0,0.0
TDS,2000-05-08 20:00:00-04:00,48.73936462402344,49.74126052856445,48.32681655883789,49.74126052856445,393653,0.7483881711959839,0.0,0.0
TDS,2000-05-09 20:00:00-04:00,49.623390197753906,49.623390197753906,47.97320556640625,48.32681655883789,430770,0.7271068096160889,0.0,0.0
TDS,2000-05-10 20:00:00-04:00,48.68042755126953,49.859130859375,48.50362014770508,49.53498840332031,338296,0.7452844977378845,0.0,0.0
TDS,2000-05-11 20:00:00-04:00,49.53498840332031,51.3325080871582,49.53498840332031,50.53688430786133,377746,0.7603585124015808,0.0,0.0
TDS,2000-05-14 20:00:00-04:00,50.53688430786133,50.91996383666992,49.97700119018555,50.74315643310547,294179,0.7634621858596802,0.0,0.0
TDS,2000-05-15 20:00:00-04:00,50.62528610229492,51.80398941040039,50.62528610229492,51.361976623535156,389199,0.7727725505828857,0.0,0.0
TDS,2000-05-16 20:00:00-04:00,51.361976623535156,51.361976623535156,50.33061218261719,50.56635284423828,233307,0.7608020305633545,0.0,0.0
TDS,2000-05-17 20:00:00-04:00,50.094871520996094,50.33061218261719,49.623390197753906,49.82966232299805,291846,0.7497180104255676,0.0,0.0
TDS,2000-05-18 20:00:00-04:00,49.68232345581055,49.68232345581055,48.31208419799805,48.3857536315918,622294,0.7279934883117676,0.0,0.0
TDS,2000-05-21 20:00:00-04:00,48.562557220458984,48.62149429321289,46.26408767700195,47.8553352355957,493339,0.7200127840042114,0.0,0.0
TDS,2000-05-22 20:00:00-04:00,47.8553352355957,47.97320556640625,46.44089126586914,46.44089126586914,569058,0.6987318992614746,0.0,0.0
TDS,2000-05-23 20:00:00-04:00,46.470359802246094,47.324920654296875,45.61579895019531,46.91237258911133,603630,0.7058256268501282,0.0,0.0
TDS,2000-05-24 20:00:00-04:00,46.971309661865234,48.916168212890625,46.971309661865234,47.64906311035156,332357,0.7169095873832703,0.0,0.0
TDS,2000-05-25 20:00:00-04:00,47.531192779541016,48.79829788208008,47.383853912353516,48.47415542602539,221642,0.7293237447738647,0.0,0.0
TDS,2000-05-29 20:00:00-04:00,49.50551986694336,51.980796813964844,49.50551986694336,51.8629264831543,518154,0.780309796333313,0.0,0.0
TDS,2000-05-30 20:00:00-04:00,51.6271858215332,51.6271858215332,49.97700119018555,49.97700119018555,418044,0.7519350051879883,0.0,0.0
TDS,2000-05-31 20:00:00-04:00,50.33061218261719,51.42091369628906,50.094871520996094,51.3325080871582,285908,0.7723291516304016,0.0,0.0
TDS,2000-06-01 20:00:00-04:00,51.980796813964844,53.6309814453125,51.980796813964844,53.395240783691406,364172,0.8033642768859863,0.0,0.0
TDS,2000-06-04 20:00:00-04:00,53.15950012207031,53.27737045288086,52.21653747558594,52.80588912963867,216340,0.7944971323013306,0.0,0.0
TDS,2000-06-05 20:00:00-04:00,52.83535385131836,52.92375946044922,51.980796813964844,52.27547073364258,246457,0.7865167856216431,0.0,0.0
TDS,2000-06-06 20:00:00-04:00,52.27547073364258,52.27547073364258,51.155704498291016,51.509315490722656,366717,0.7749893069267273,0.0,0.0
TDS,2000-06-07 20:00:00-04:00,51.39144515991211,51.509315490722656,50.47795104980469,50.74315643310547,256214,0.7634621858596802,0.0,0.0
TDS,2000-06-08 20:00:00-04:00,50.861026763916016,52.334407806396484,50.861026763916016,52.09866714477539,245609,0.7838568687438965,0.0,0.0
TDS,2000-06-11 20:00:00-04:00,52.21653747558594,52.21653747558594,51.5682487487793,51.686119079589844,179859,0.7776492238044739,0.0,0.0
TDS,2000-06-12 20:00:00-04:00,51.509315490722656,52.98269271850586,51.509315490722656,52.57014846801758,335963,0.7918529510498047,0.058935,0.0
TDS,2000-06-13 20:00:00-04:00,52.688018798828125,52.92375946044922,51.27357482910156,52.039730072021484,239882,0.7838634252548218,0.0,0.0
TDS,2000-06-14 20:00:00-04:00,52.039730072021484,52.71748352050781,51.509315490722656,52.71748352050781,310723,0.7940724492073059,0.0,0.0
TDS,2000-06-15 20:00:00-04:00,52.246002197265625,53.27737045288086,52.039730072021484,52.21653747558594,358869,0.7865269184112549,0.0,0.0
TDS,2000-06-18 20:00:00-04:00,52.334407806396484,54.04352569580078,52.09866714477539,53.68991470336914,322388,0.8087202310562134,0.0,0.0
TDS,2000-06-19 20:00:00-04:00,53.572044372558594,53.98459243774414,52.57014846801758,52.57014846801758,281878,0.7918529510498047,0.0,0.0
TDS,2000-06-20 20:00:00-04:00,52.334407806396484,52.746952056884766,50.74315643310547,50.8094596862793,323873,0.7653324604034424,0.0,0.0
TDS,2000-06-21 20:00:00-04:00,50.83155822753906,52.21653747558594,50.33061218261719,51.09676742553711,341901,0.7696600556373596,0.0,0.0
TDS,2000-06-22 20:00:00-04:00,51.155704498291016,51.27357482910156,49.859130859375,50.0064697265625,144863,0.7532370090484619,0.0,0.0
TDS,2000-06-25 20:00:00-04:00,50.06540298461914,50.21274185180664,49.44658660888672,49.68232345581055,215067,0.748354434967041,0.0,0.0
TDS,2000-06-26 20:00:00-04:00,49.800193786621094,50.97889709472656,49.74126052856445,49.98436737060547,407652,0.7529042959213257,0.0,0.0
TDS,2000-06-27 20:00:00-04:00,50.03593444824219,50.68422317504883,48.562557220458984,48.790931701660156,315601,0.7349279522895813,0.0,0.0
TDS,2000-06-28 20:00:00-04:00,48.62149429321289,49.74126052856445,47.23651885986328,49.38764953613281,504368,0.7439161539077759,0.0,0.0
TDS,2000-06-29 20:00:00-04:00,49.15190887451172,49.564453125,47.26598358154297,47.2880859375,456646,0.7122905254364014,0.0,0.0
TDS,2000-07-02 20:00:00-04:00,47.50172424316406,48.85723114013672,47.50172424316406,48.62149429321289,174980,0.7323757410049438,0.0,0.0
TDS,2000-07-04 20:00:00-04:00,48.916168212890625,49.269779205322266,48.50362014770508,49.03403854370117,251124,0.7385895848274231,0.0,0.0
TDS,2000-07-05 20:00:00-04:00,48.975101470947266,49.269779205322266,48.6141242980957,49.24031066894531,182616,0.7416967749595642,0.0,0.0
TDS,2000-07-06 20:00:00-04:00,49.24031066894531,50.949432373046875,49.24031066894531,50.77262496948242,394077,0.7647773623466492,0.0,0.0
TDS,2000-07-09 20:00:00-04:00,50.861026763916016,51.27357482910156,50.03593444824219,50.68422317504883,356324,0.7634461522102356,0.0,0.0
TDS,2000-07-10 20:00:00-04:00,54.22032928466797,55.84104919433594,53.68991470336914,55.612674713134766,1427629,0.8376821875572205,0.0,0.0
TDS,2000-07-11 20:00:00-04:00,55.92945098876953,56.34199523925781,55.3400993347168,55.73054504394531,450919,0.8394576907157898,0.0,0.0
TDS,2000-07-12 20:00:00-04:00,55.72317886352539,55.72317886352539,54.632877349853516,55.163291931152344,299058,0.8309131860733032,0.0,0.0
TDS,2000-07-13 20:00:00-04:00,55.163291931152344,58.64046859741211,55.163291931152344,58.588897705078125,599600,0.8825122714042664,0.0,0.0
TDS,2000-07-16 20:00:00-04:00,58.110050201416016,58.110050201416016,56.69560623168945,56.702972412109375,410409,0.8541051149368286,0.0,0.0
TDS,2000-07-17 20:00:00-04:00,56.34199523925781,56.63667297363281,55.28116226196289,55.39903259277344,453465,0.8344641923904419,0.0,0.0
TDS,2000-07-18 20:00:00-04:00,55.516902923583984,57.22602462768555,55.457969665527344,56.27569580078125,527062,0.8476688861846924,0.0,0.0
TDS,2000-07-19 20:00:00-04:00,58.110050201416016,60.5853271484375,58.05111312866211,59.58342742919922,874690,0.8974928855895996,0.0,0.0
TDS,2000-07-20 20:00:00-04:00,59.701297760009766,59.81917190551758,58.463661193847656,59.11194610595703,446677,0.8903910517692566,0.0,0.0
TDS,2000-07-23 20:00:00-04:00,58.99407958984375,58.99407958984375,53.36577224731445,55.09699249267578,979254,0.8299146294593811,0.0,0.0
TDS,2000-07-24 20:00:00-04:00,54.691810607910156,56.10625457763672,54.16139602661133,54.279266357421875,573512,0.8175972700119019,0.0,0.0
TDS,2000-07-25 20:00:00-04:00,54.22032928466797,54.86861801147461,54.04352569580078,54.81705093383789,382624,0.8256981372833252,0.0,0.0
TDS,2000-07-26 20:00:00-04:00,54.691810607910156,54.691810607910156,52.83535385131836,53.505741119384766,388775,0.8059456944465637,0.0,0.0
TDS,2000-07-27 20:00:00-04:00,53.6309814453125,53.6309814453125,51.7155876159668,51.980796813964844,406591,0.7829758524894714,0.0,0.0
TDS,2000-07-30 20:00:00-04:00,52.51121139526367,52.688018798828125,51.80398941040039,52.51121139526367,268303,0.7909654378890991,0.0,0.0
TDS,2000-07-31 20:00:00-04:00,52.62908172607422,52.62908172607422,51.65665054321289,51.8629264831543,353567,0.7812004089355469,0.0,0.0
TDS,2000-08-01 20:00:00-04:00,51.6271858215332,52.98269271850586,51.03783416748047,52.51121139526367,675955,0.7909654378890991,0.0,0.0
TDS,2000-08-02 20:00:00-04:00,52.746952056884766,52.80588912963867,51.39144515991211,52.06919860839844,345719,0.7843073606491089,0.0,0.0
TDS,2000-08-03 20:00:00-04:00,52.09866714477539,52.65855026245117,51.980796813964844,52.21653747558594,283999,0.7865269184112549,0.0,0.0
TDS,2000-08-06 20:00:00-04:00,52.334407806396484,52.688018798828125,52.21653747558594,52.57014846801758,516458,0.7918529510498047,0.0,0.0
TDS,2000-08-07 20:00:00-04:00,52.51121139526367,53.100563049316406,52.15760040283203,52.187068939208984,332357,0.7860831022262573,0.0,0.0
TDS,2000-08-08 20:00:00-04:00,52.15760040283203,52.599613189697266,50.97889709472656,51.155704498291016,429073,0.7705478072166443,0.0,0.0
TDS,2000-08-09 20:00:00-04:00,51.6271858215332,53.80778503417969,51.6271858215332,53.80778503417969,674470,0.8104952573776245,0.0,0.0
TDS,2000-08-10 20:00:00-04:00,53.98459243774414,54.19086456298828,53.74885177612305,53.925655364990234,378382,0.812270998954773,0.0,0.0
TDS,2000-08-13 20:00:00-04:00,53.74885177612305,54.39713668823242,53.6309814453125,54.10246276855469,234368,0.8149341940879822,0.0,0.0
TDS,2000-08-14 20:00:00-04:00,54.80968475341797,55.457969665527344,54.45607376098633,54.691810607910156,277424,0.8238114714622498,0.0,0.0
TDS,2000-08-15 20:00:00-04:00,55.163291931152344,55.28116226196289,53.572044372558594,53.74885177612305,441375,0.8096076250076294,0.0,0.0
TDS,2000-08-16 20:00:00-04:00,53.74885177612305,54.89808654785156,53.45417404174805,54.66234588623047,187918,0.8233676552772522,0.0,0.0
TDS,2000-08-17 20:00:00-04:00,54.66234588623047,55.163291931152344,54.632877349853516,54.986488342285156,280393,0.8282496929168701,0.0,0.0
TDS,2000-08-20 20:00:00-04:00,55.1043586730957,55.516902923583984,54.51500701904297,55.163291931152344,509883,0.8309131860733032,0.0,0.0
TDS,2000-08-21 20:00:00-04:00,55.39903259277344,55.75264358520508,54.75074768066406,54.86861801147461,320267,0.8264747262001038,0.0,0.0
TDS,2000-08-22 20:00:00-04:00,54.691810607910156,55.0454216003418,54.691810607910156,54.72127914428711,372019,0.8242552876472473,0.0,0.0
TDS,2000-08-23 20:00:00-04:00,54.691810607910156,55.1043586730957,54.625511169433594,55.1043586730957,325994,0.8300254344940186,0.0,0.0
TDS,2000-08-24 20:00:00-04:00,55.22222900390625,55.63477325439453,55.22222900390625,55.36956787109375,103292,0.8340205550193787,0.0,0.0
TDS,2000-08-27 20:00:00-04:00,55.42850112915039,55.57583999633789,54.986488342285156,55.22222900390625,120259,0.8318010568618774,0.0,0.0
TDS,2000-08-28 20:00:00-04:00,55.163291931152344,55.163291931152344,54.30873489379883,54.3897705078125,198523,0.8192618489265442,0.0,0.0
TDS,2000-08-29 20:00:00-04:00,54.426605224609375,54.986488342285156,54.338199615478516,54.66234588623047,106685,0.8233676552772522,0.0,0.0
TDS,2000-08-30 20:00:00-04:00,54.780216217041016,54.89808654785156,54.66234588623047,54.691810607910156,306057,0.8238114714622498,0.0,0.0
TDS,2000-08-31 20:00:00-04:00,54.691810607910156,55.92945098876953,54.632877349853516,55.92945098876953,402985,0.8424537777900696,0.0,0.0
TDS,2000-09-04 20:00:00-04:00,55.870513916015625,56.312530517578125,55.57583999633789,55.92945098876953,305633,0.8424537777900696,0.0,0.0
TDS,2000-09-05 20:00:00-04:00,55.811580657958984,56.577735900878906,55.78211212158203,56.04732131958008,352082,0.8442293405532837,0.0,0.0
TDS,2000-09-06 20:00:00-04:00,56.10625457763672,56.518802642822266,56.10625457763672,56.28306198120117,288877,0.8477804064750671,0.0,0.0
TDS,2000-09-07 20:00:00-04:00,56.34199523925781,56.93134689331055,55.63477325439453,56.93134689331055,187070,0.8575451970100403,0.0,0.0
TDS,2000-09-10 20:00:00-04:00,57.28495788574219,57.72697067260742,56.165191650390625,56.45986557006836,535122,0.8504435420036316,0.0,0.0
TDS,2000-09-11 20:00:00-04:00,57.16708755493164,57.57963562011719,57.07868576049805,57.52069854736328,329388,0.8664222955703735,0.0,0.0
TDS,2000-09-12 20:00:00-04:00,57.43229675292969,57.43229675292969,56.63667297363281,56.75454330444336,169678,0.8557584285736084,0.058935,0.0
TDS,2000-09-13 20:00:00-04:00,56.78401184082031,57.87430953979492,56.75454330444336,57.46176528930664,247730,0.8664223551750183,0.0,0.0
TDS,2000-09-14 20:00:00-04:00,57.049217224121094,57.93324661254883,57.049217224121094,57.108154296875,498005,0.8610906004905701,0.0,0.0
TDS,2000-09-17 20:00:00-04:00,57.108154296875,57.63856887817383,55.811580657958984,55.98838424682617,253881,0.8442063331604004,0.0,0.0
TDS,2000-09-18 20:00:00-04:00,55.870513916015625,56.224124908447266,53.68991470336914,53.95512390136719,667047,0.8135483264923096,0.0,0.0
TDS,2000-09-19 20:00:00-04:00,54.072994232177734,54.072994232177734,51.155704498291016,51.45037841796875,613174,0.7757810950279236,0.0,0.0
TDS,2000-09-20 20:00:00-04:00,51.03783416748047,51.39144515991211,49.38764953613281,49.564453125,1291038,0.7473449110984802,0.0,0.0
TDS,2000-09-21 20:00:00-04:00,49.269779205322266,50.448482513427734,49.00457000732422,49.623390197753906,839906,0.7482333779335022,0.0,0.0
TDS,2000-09-24 20:00:00-04:00,50.094871520996094,51.81577682495117,49.83555603027344,50.56635284423828,692286,0.7624517679214478,0.0,0.0
TDS,2000-09-25 20:00:00-04:00,50.448482513427734,52.09395217895508,50.448482513427734,50.87752914428711,298633,0.7671435475349426,0.0,0.0
TDS,2000-09-26 20:00:00-04:00,51.084983825683594,51.95722198486328,50.802093505859375,51.910072326660156,495248,0.7827126979827881,0.0,0.0
TDS,2000-09-27 20:00:00-04:00,51.8629264831543,52.28725814819336,50.924678802490234,51.39144515991211,434376,0.7748926281929016,0.0,0.0
TDS,2000-09-28 20:00:00-04:00,51.6271858215332,52.57014846801758,51.415016174316406,52.192962646484375,384533,0.7869783043861389,0.0,0.0
TDS,2000-10-01 20:00:00-04:00,52.42870330810547,52.45227813720703,50.094871520996094,50.094871520996094,296724,0.7553427815437317,0.0,0.0
TDS,2000-10-02 20:00:00-04:00,50.094871520996094,51.099124908447266,49.36878967285156,49.50551986694336,359930,0.7464563250541687,0.0,0.0
TDS,2000-10-03 20:00:00-04:00,49.74126052856445,52.013797760009766,49.50551986694336,52.013797760009766,276151,0.7842764258384705,0.0,0.0
TDS,2000-10-04 20:00:00-04:00,51.910072326660156,53.371665954589844,51.86764144897461,52.99448013305664,353991,0.7990635633468628,0.0,0.0
TDS,2000-10-05 20:00:00-04:00,52.99448013305664,53.19721603393555,50.73137283325195,51.32072067260742,258547,0.7738261222839355,0.0,0.0
TDS,2000-10-08 20:00:00-04:00,51.26414489746094,51.382015228271484,50.448482513427734,50.495628356933594,119835,0.7613855600357056,0.0,0.0
TDS,2000-10-09 20:00:00-04:00,50.37776184082031,50.448482513427734,48.46826171875,48.82187271118164,515397,0.7361482381820679,0.0,0.0
TDS,2000-10-10 20:00:00-04:00,48.208946228027344,48.208946228027344,47.030242919921875,47.030242919921875,491006,0.7091334462165833,0.0,0.0
TDS,2000-10-11 20:00:00-04:00,48.0910758972168,48.27967071533203,46.37017059326172,46.95952224731445,398319,0.7080670595169067,0.0,0.0
TDS,2000-10-12 20:00:00-04:00,46.95952224731445,49.623390197753906,46.80864715576172,49.623390197753906,270849,0.7482333779335022,0.0,0.0
TDS,2000-10-15 20:00:00-04:00,49.38764953613281,49.623390197753906,46.79450225830078,47.14811325073242,530244,0.7109106183052063,0.0,0.0
TDS,2000-10-16 20:00:00-04:00,46.91237258911133,46.91237258911133,40.9009895324707,42.78691482543945,1361454,0.6451513767242432,0.0,0.0
TDS,2000-10-17 20:00:00-04:00,42.19756317138672,44.17778396606445,40.31163787841797,44.17778396606445,937047,0.6661233901977539,0.0,0.0
TDS,2000-10-18 20:00:00-04:00,45.144317626953125,47.90248489379883,45.144317626953125,47.4781494140625,539152,0.7158871293067932,0.0,0.0
TDS,2000-10-19 20:00:00-04:00,47.00667190551758,49.199058532714844,46.95952224731445,49.199058532714844,580723,0.7418352365493774,0.0,0.0
TDS,2000-10-22 20:00:00-04:00,49.22262954711914,50.118446350097656,48.89259338378906,49.411224365234375,496308,0.7450344562530518,0.0,0.0
TDS,2000-10-23 20:00:00-04:00,49.599815368652344,50.6370735168457,49.599815368652344,49.97700119018555,567361,0.7535653710365295,0.0,0.0
TDS,2000-10-24 20:00:00-04:00,49.78840637207031,50.14201736450195,47.14811325073242,47.14811325073242,655806,0.7109106183052063,0.0,0.0
TDS,2000-10-25 20:00:00-04:00,47.14811325073242,48.32681655883789,46.05899429321289,48.232521057128906,557817,0.7272616624832153,0.0,0.0
TDS,2000-10-26 20:00:00-04:00,47.525299072265625,50.56635284423828,47.525299072265625,50.325897216796875,427377,0.7588258385658264,0.0,0.0
TDS,2000-10-29 19:00:00-05:00,50.094871520996094,50.094871520996094,48.562557220458984,49.0811882019043,355476,0.7400582432746887,0.0,0.0
TDS,2000-10-30 19:00:00-05:00,49.03403854370117,50.19388198852539,48.8454475402832,49.74126052856445,390260,0.7500109076499939,0.0,0.0
TDS,2000-10-31 19:00:00-05:00,49.50551986694336,49.50551986694336,46.488040924072266,47.030242919921875,568209,0.7091334462165833,0.0,0.0
TDS,2000-11-01 19:00:00-05:00,47.383853912353516,47.713890075683594,45.73366928100586,46.65305709838867,348900,0.7034458518028259,0.0,0.0
TDS,2000-11-02 19:00:00-05:00,46.44089126586914,46.60591125488281,45.02644729614258,46.346595764160156,362687,0.6988251209259033,0.0,0.0
TDS,2000-11-05 19:00:00-05:00,46.346595764160156,46.39374542236328,44.71998596191406,44.790706634521484,243912,0.6753650307655334,0.0,0.0
TDS,2000-11-06 19:00:00-05:00,44.43709945678711,46.70492172241211,43.847747802734375,46.20515060424805,616780,0.6966925263404846,0.0,0.0
TDS,2000-11-07 19:00:00-05:00,46.0872802734375,46.450321197509766,44.78599548339844,45.16789245605469,232883,0.6810525059700012,0.0,0.0
TDS,2000-11-08 19:00:00-05:00,45.0735969543457,45.0735969543457,44.22492980957031,44.57854080200195,334266,0.6721661686897278,0.0,0.0
TDS,2000-11-09 19:00:00-05:00,44.460670471191406,44.460670471191406,42.48044967651367,42.48044967651367,236701,0.6405308246612549,0.0,0.0
TDS,2000-11-12 19:00:00-05:00,42.12683868408203,44.27207946777344,41.84395217895508,43.847747802734375,416984,0.6611469984054565,0.0,0.0
TDS,2000-11-13 19:00:00-05:00,44.3192253112793,45.96940994262695,44.3192253112793,45.96940994262695,408924,0.6931377053260803,0.0,0.0
TDS,2000-11-14 19:00:00-05:00,45.61579895019531,46.11085510253906,44.3946647644043,45.26219177246094,336387,0.6824743747711182,0.0,0.0
TDS,2000-11-15 19:00:00-05:00,45.02644729614258,45.26219177246094,44.088199615478516,44.3569450378418,175829,0.6688243746757507,0.0,0.0
TDS,2000-11-16 19:00:00-05:00,44.27207946777344,45.02644729614258,43.15467071533203,43.53185272216797,253457,0.6563836336135864,0.0,0.0
TDS,2000-11-19 19:00:00-05:00,43.65915298461914,43.78173828125,42.48044967651367,43.09337615966797,224399,0.6497722268104553,0.0,0.0
TDS,2000-11-20 19:00:00-05:00,43.37626647949219,43.72987747192383,42.78691482543945,43.63557815551758,375413,0.6579480171203613,0.0,0.0
TDS,2000-11-21 19:00:00-05:00,43.37626647949219,43.37626647949219,41.608211517333984,42.90478515625,442436,0.6469290852546692,0.0,0.0
TDS,2000-11-23 19:00:00-05:00,43.140525817871094,44.408809661865234,43.140525817871094,43.847747802734375,175617,0.6611469984054565,0.0,0.0
TDS,2000-11-26 19:00:00-05:00,44.08348846435547,45.497928619384766,44.08348846435547,44.41352462768555,441163,0.6696779131889343,0.0,0.0
TDS,2000-11-27 19:00:00-05:00,44.3192253112793,44.48424530029297,42.78219985961914,43.02265548706055,414014,0.6487056612968445,0.0,0.0
TDS,2000-11-28 19:00:00-05:00,43.02265548706055,43.847747802734375,41.86280822753906,42.78691482543945,434164,0.6451513767242432,0.0,0.0
TDS,2000-11-29 19:00:00-05:00,42.55117416381836,42.73976516723633,41.01885986328125,42.574745178222656,512852,0.6419522166252136,0.0,0.0
TDS,2000-11-30 19:00:00-05:00,43.09337615966797,43.98918914794922,42.07969284057617,42.55117416381836,366505,0.6415971517562866,0.0,0.0
TDS,2000-12-03 19:00:00-05:00,42.716190338134766,43.02265548706055,41.29231643676758,41.7779426574707,532365,0.629938006401062,0.0,0.0
TDS,2000-12-04 19:00:00-05:00,42.07969284057617,43.065086364746094,41.961822509765625,42.669044494628906,392168,0.6433743238449097,0.0,0.0
TDS,2000-12-05 19:00:00-05:00,42.645469665527344,44.493675231933594,42.645469665527344,43.72987747192383,423983,0.6593698859214783,0.0,0.0
TDS,2000-12-06 19:00:00-05:00,43.37626647949219,44.036338806152344,43.09337615966797,43.541282653808594,419529,0.6565262079238892,0.0,0.0
TDS,2000-12-07 19:00:00-05:00,44.13063430786133,45.38005828857422,43.50356674194336,45.38005828857422,427801,0.6842511892318726,0.0,0.0
TDS,2000-12-10 19:00:00-05:00,45.33291244506836,47.32256317138672,44.34751510620117,46.60591125488281,504368,0.7027349472045898,0.0,0.0
TDS,2000-12-11 19:00:00-05:00,46.4644660949707,47.83647537231445,45.21504211425781,45.26219177246094,332145,0.6824743747711182,0.0,0.0
TDS,2000-12-12 19:00:00-05:00,45.497928619384766,45.96940994262695,44.67283630371094,45.26219177246094,612962,0.6833639144897461,0.058935,0.0
TDS,2000-12-13 19:00:00-05:00,44.554969787597656,45.52150344848633,44.554969787597656,44.932151794433594,337447,0.6783813238143921,0.0,0.0
TDS,2000-12-14 19:00:00-05:00,44.790706634521484,44.9085807800293,43.140525817871094,43.140525817871094,430982,0.6513311266899109,0.0,0.0
TDS,2000-12-17 19:00:00-05:00,43.494136810302734,44.17778396606445,41.961822509765625,43.140525817871094,334266,0.6513311266899109,0.0,0.0
TDS,2000-12-18 19:00:00-05:00,43.02265548706055,43.965614318847656,42.669044494628906,42.9283561706543,478492,0.6481280326843262,0.0,0.0
TDS,2000-12-19 19:00:00-05:00,42.76333999633789,42.76333999633789,40.66524887084961,40.66524887084961,480401,0.613959789276123,0.0,0.0
TDS,2000-12-20 19:00:00-05:00,40.075897216796875,40.075897216796875,38.001380920410156,39.887306213378906,880417,0.6022148728370667,0.0,0.0
TDS,2000-12-21 19:00:00-05:00,40.358787536621094,40.54737854003906,39.722286224365234,40.429508209228516,359293,0.6104004979133606,0.0,0.0
TDS,2000-12-25 19:00:00-05:00,40.429508209228516,40.54737854003906,39.533695220947266,39.84015655517578,438618,0.6015026569366455,0.0,0.0
TDS,2000-12-26 19:00:00-05:00,39.60441589355469,39.722286224365234,38.30784225463867,39.10935974121094,508398,0.590469241142273,0.0,0.0
TDS,2000-12-27 19:00:00-05:00,38.897193908691406,41.1367301940918,38.57658767700195,41.1367301940918,581359,0.6210784912109375,0.0,0.0
TDS,2000-12-28 19:00:00-05:00,41.06600570678711,42.95664596557617,41.06600570678711,42.43330383300781,1414479,0.6406537890434265,0.0,0.0
TDS,2001-01-01 19:00:00-05:00,42.38615417480469,43.02737045288086,40.9009895324707,41.04243469238281,350173,0.6196544766426086,0.0,0.0
TDS,2001-01-02 19:00:00-05:00,40.924564361572266,43.72987747192383,40.8632698059082,42.07969284057617,814030,0.6353152990341187,0.0,0.0
TDS,2001-01-03 19:00:00-05:00,42.19756317138672,42.90478515625,41.9146728515625,42.19756317138672,483795,0.6370946168899536,0.0,0.0
TDS,2001-01-04 19:00:00-05:00,42.43330383300781,43.28196716308594,41.37247085571289,41.58463668823242,356112,0.6278402805328369,0.0,0.0
TDS,2001-01-07 19:00:00-05:00,41.49034118652344,41.49034118652344,40.15133285522461,41.20745086669922,586026,0.6221461892127991,0.0,0.0
TDS,2001-01-08 19:00:00-05:00,40.971710205078125,41.961822509765625,40.3870735168457,41.678932189941406,256850,0.6292639970779419,0.0,0.0
TDS,2001-01-09 19:00:00-05:00,41.63178634643555,43.77702331542969,41.34889602661133,43.753448486328125,313692,0.6605850458145142,0.0,0.0
TDS,2001-01-10 19:00:00-05:00,43.90432357788086,46.01655960083008,43.47056198120117,46.01655960083008,434800,0.6947535872459412,0.0,0.0
TDS,2001-01-11 19:00:00-05:00,45.95526885986328,47.40742874145508,45.75724411010742,47.19997787475586,727283,0.7126203775405884,0.0,0.0
TDS,2001-01-15 19:00:00-05:00,46.91237258911133,46.91708755493164,44.97930145263672,45.87982940673828,275727,0.6926888823509216,0.0,0.0
TDS,2001-01-16 19:00:00-05:00,46.0872802734375,47.14811325073242,46.0872802734375,46.91237258911133,460252,0.7082783579826355,0.0,0.0
TDS,2001-01-17 19:00:00-05:00,46.91237258911133,47.383853912353516,46.554046630859375,47.36028289794922,254305,0.7150408625602722,0.0,0.0
TDS,2001-01-18 19:00:00-05:00,47.383853912353516,47.39799880981445,46.629486083984375,46.888797760009766,246033,0.7079223394393921,0.0,0.0
TDS,2001-01-21 19:00:00-05:00,46.41731643676758,46.488040924072266,44.83785629272461,45.116031646728516,402137,0.6811574101448059,0.0,0.0
TDS,2001-01-22 19:00:00-05:00,45.00287628173828,46.323020935058594,44.22492980957031,45.96469497680664,448586,0.6939703226089478,0.0,0.0
TDS,2001-01-23 19:00:00-05:00,45.59222412109375,45.59222412109375,44.790706634521484,45.0735969543457,639262,0.6805163621902466,0.0,0.0
TDS,2001-01-24 19:00:00-05:00,45.0735969543457,45.851539611816406,44.43709945678711,44.43709945678711,728131,0.6709066033363342,0.0,0.0
TDS,2001-01-25 19:00:00-05:00,44.441810607910156,46.676631927490234,44.441810607910156,46.44089126586914,415287,0.7011595964431763,0.0,0.0
TDS,2001-01-28 19:00:00-05:00,46.44089126586914,48.89259338378906,46.44089126586914,48.8690185546875,452828,0.7378196120262146,0.0,0.0
TDS,2001-01-29 19:00:00-05:00,48.8690185546875,49.623390197753906,47.8553352355957,49.3216438293457,363323,0.7446532845497131,0.0,0.0
TDS,2001-01-30 19:00:00-05:00,49.269779205322266,50.259891510009766,48.93974304199219,49.74126052856445,393865,0.7509888410568237,0.0,0.0
TDS,2001-01-31 19:00:00-05:00,49.74126052856445,50.54277801513672,49.50551986694336,50.17030715942383,202977,0.7574666142463684,0.0,0.0
TDS,2001-02-01 19:00:00-05:00,50.17030715942383,50.17030715942383,47.14811325073242,47.14811325073242,305633,0.7118374109268188,0.0,0.0
TDS,2001-02-04 19:00:00-05:00,47.50172424316406,48.90202331542969,47.19526290893555,48.161800384521484,283999,0.7271419763565063,0.0,0.0
TDS,2001-02-05 19:00:00-05:00,48.16651153564453,49.54323959350586,48.16651153564453,49.03403854370117,435436,0.7403113842010498,0.0,0.0
TDS,2001-02-06 19:00:00-05:00,48.79829788208008,48.79829788208008,46.629486083984375,47.94963073730469,647322,0.7239385843276978,0.0,0.0
TDS,2001-02-07 19:00:00-05:00,48.067501068115234,48.727577209472656,47.666744232177734,47.83176040649414,256638,0.7221592664718628,0.0,0.0
TDS,2001-02-08 19:00:00-05:00,47.36028289794922,47.36028289794922,45.7855339050293,45.7855339050293,378806,0.6912655830383301,0.0,0.0
TDS,2001-02-11 19:00:00-05:00,45.73366928100586,48.562557220458984,45.61579895019531,47.8553352355957,552090,0.7225152254104614,0.0,0.0
TDS,2001-02-12 19:00:00-05:00,48.562557220458984,48.75114822387695,47.19526290893555,47.242408752441406,427801,0.7132610082626343,0.0,0.0
TDS,2001-02-13 19:00:00-05:00,47.383853912353516,47.383853912353516,45.38005828857422,46.44089126586914,465766,0.7011595964431763,0.0,0.0
TDS,2001-02-14 19:00:00-05:00,46.0872802734375,46.365455627441406,44.389949798583984,44.86143112182617,592176,0.6773132681846619,0.0,0.0
TDS,2001-02-15 19:00:00-05:00,44.389949798583984,44.389949798583984,43.32911682128906,44.201358795166016,412106,0.6673476696014404,0.0,0.0
TDS,2001-02-19 19:00:00-05:00,44.08348846435547,44.67283630371094,42.86235046386719,42.88121032714844,639686,0.6474161744117737,0.0,0.0
TDS,2001-02-20 19:00:00-05:00,42.683189392089844,43.21596145629883,42.19756317138672,42.55117416381836,659623,0.6424334049224854,0.0,0.0
TDS,2001-02-21 19:00:00-05:00,42.55588912963867,43.847747802734375,42.55588912963867,43.140525817871094,985829,0.6513311266899109,0.0,0.0
TDS,2001-02-22 19:00:00-05:00,42.90478515625,43.42341232299805,42.19756317138672,42.76333999633789,940653,0.6456365585327148,0.0,0.0
TDS,2001-02-25 19:00:00-05:00,43.37626647949219,43.61200714111328,43.02265548706055,43.61200714111328,627809,0.6584500670433044,0.0,0.0
TDS,2001-02-26 19:00:00-05:00,43.847747802734375,44.13063430786133,42.90478515625,42.90478515625,605114,0.6477723121643066,0.0,0.0
TDS,2001-02-27 19:00:00-05:00,43.32911682128906,45.02644729614258,43.23953628540039,44.059913635253906,355688,0.6652123332023621,0.0,0.0
TDS,2001-02-28 19:00:00-05:00,43.58843231201172,43.58843231201172,42.43330383300781,42.78691482543945,626324,0.6459929943084717,0.0,0.0
TDS,2001-03-01 19:00:00-05:00,42.315433502197266,44.17778396606445,42.03254318237305,43.02265548706055,571603,0.6495517492294312,0.0,0.0
TDS,2001-03-04 19:00:00-05:00,42.90478515625,43.87131881713867,42.669044494628906,43.847747802734375,416772,0.6620088815689087,0.0,0.0
TDS,2001-03-05 19:00:00-05:00,44.554969787597656,45.02644729614258,43.541282653808594,43.706302642822266,493127,0.6598734855651855,0.0,0.0
TDS,2001-03-06 19:00:00-05:00,43.847747802734375,44.08348846435547,42.612464904785156,43.37626647949219,308602,0.6548907160758972,0.0,0.0
TDS,2001-03-07 19:00:00-05:00,43.494136810302734,44.01276397705078,42.91421127319336,43.11695098876953,520275,0.65097576379776,0.0,0.0
TDS,2001-03-08 19:00:00-05:00,43.11695098876953,43.11695098876953,42.55117416381836,42.669044494628906,333842,0.6442127823829651,0.0,0.0
TDS,2001-03-11 19:00:00-05:00,42.43330383300781,42.438018798828125,41.363040924072266,41.49034118652344,614659,0.6264170408248901,0.0,0.0
TDS,2001-03-12 19:00:00-05:00,41.01885986328125,42.669044494628906,40.9009895324707,42.315433502197266,402773,0.6398561596870422,0.06365,0.0
TDS,2001-03-13 19:00:00-05:00,41.72608184814453,41.9146728515625,41.18859100341797,41.49977111816406,1685115,0.6275221705436707,0.0,0.0
TDS,2001-03-14 19:00:00-05:00,41.72608184814453,43.847747802734375,41.72608184814453,43.37626647949219,687196,0.655896782875061,0.0,0.0
TDS,2001-03-15 19:00:00-05:00,43.25839614868164,43.28196716308594,42.62189483642578,42.95193099975586,491430,0.649480402469635,0.0,0.0
TDS,2001-03-18 19:00:00-05:00,42.95193099975586,43.140525817871094,42.0514030456543,43.09337615966797,368838,0.6516191363334656,0.0,0.0
TDS,2001-03-19 19:00:00-05:00,43.32911682128906,44.06934356689453,41.961822509765625,41.961822509765625,267667,0.6345086693763733,0.0,0.0
TDS,2001-03-20 19:00:00-05:00,42.07969284057617,42.90478515625,41.867523193359375,41.867523193359375,444344,0.6330832839012146,0.0,0.0
TDS,2001-03-21 19:00:00-05:00,41.77322769165039,42.103267669677734,40.618099212646484,42.05611801147461,599176,0.6359346508979797,0.0,0.0
TDS,2001-03-22 19:00:00-05:00,42.07969284057617,43.11223602294922,40.82555389404297,42.97550582885742,519215,0.6498366594314575,0.0,0.0
TDS,2001-03-25 19:00:00-05:00,43.211246490478516,44.248504638671875,43.140525817871094,43.753448486328125,345507,0.6616002321243286,0.0,0.0
TDS,2001-03-26 19:00:00-05:00,43.706302642822266,45.922264099121094,43.706302642822266,45.851539611816406,428437,0.6933254599571228,0.0,0.0
TDS,2001-03-27 19:00:00-05:00,45.144317626953125,45.144317626953125,43.20181655883789,43.28196716308594,510095,0.6544711589813232,0.0,0.0
TDS,2001-03-28 19:00:00-05:00,43.37626647949219,45.73366928100586,43.140525817871094,44.3192253112793,563331,0.6701552867889404,0.0,0.0
TDS,2001-03-29 19:00:00-05:00,44.554969787597656,45.26219177246094,44.08348846435547,44.08348846435547,430770,0.6665908098220825,0.0,0.0
TDS,2001-04-01 20:00:00-04:00,44.08348846435547,45.144317626953125,43.18767166137695,43.61671829223633,370322,0.6595324277877808,0.0,0.0
TDS,2001-04-02 20:00:00-04:00,43.18767166137695,43.399837493896484,42.19756317138672,42.37672424316406,690378,0.640782356262207,0.0,0.0
TDS,2001-04-03 20:00:00-04:00,42.48044967651367,43.72987747192383,42.43330383300781,42.43330383300781,369050,0.6416382193565369,0.0,0.0
TDS,2001-04-04 20:00:00-04:00,43.046226501464844,45.16789245605469,43.046226501464844,45.0735969543457,558453,0.6815621256828308,0.0,0.0
TDS,2001-04-05 20:00:00-04:00,45.0735969543457,45.078311920166016,44.201358795166016,44.201358795166016,608720,0.6683731079101562,0.0,0.0
TDS,2001-04-08 20:00:00-04:00,44.790706634521484,46.25230026245117,44.63040542602539,46.11085510253906,285483,0.6972469687461853,0.0,0.0
TDS,2001-04-09 20:00:00-04:00,46.11085510253906,47.76103973388672,46.11085510253906,47.383853912353516,716253,0.7164960503578186,0.0,0.0
TDS,2001-04-10 20:00:00-04:00,47.61959457397461,47.85062026977539,46.72378158569336,47.317848205566406,392805,0.7154980301856995,0.0,0.0
TDS,2001-04-11 20:00:00-04:00,46.79450225830078,47.44986343383789,46.44089126586914,47.383853912353516,339780,0.7164960503578186,0.0,0.0
TDS,2001-04-15 20:00:00-04:00,48.0910758972168,48.232521057128906,47.152828216552734,47.61959457397461,339144,0.7200605869293213,0.0,0.0
TDS,2001-04-16 20:00:00-04:00,47.14811325073242,47.54887390136719,46.79450225830078,47.242408752441406,774156,0.7143570184707642,0.0,0.0
TDS,2001-04-17 20:00:00-04:00,47.43100357055664,48.562557220458984,47.26598358154297,48.32681655883789,758885,0.7307544350624084,0.0,0.0
TDS,2001-04-18 20:00:00-04:00,48.32681655883789,49.45365524291992,48.232521057128906,49.36407470703125,464069,0.7464389204978943,0.0,0.0
TDS,2001-04-19 20:00:00-04:00,48.98689270019531,48.98689270019531,47.878910064697266,48.32681655883789,409985,0.7307544350624084,0.0,0.0
TDS,2001-04-22 20:00:00-04:00,48.562557220458984,48.562557220458984,47.242408752441406,47.61959457397461,247730,0.7200605869293213,0.0,0.0
TDS,2001-04-23 20:00:00-04:00,47.737464904785156,48.067501068115234,47.317848205566406,47.610164642333984,213158,0.7199181318283081,0.0,0.0
TDS,2001-04-24 20:00:00-04:00,47.666744232177734,48.562557220458984,47.242408752441406,48.41639709472656,319843,0.732109010219574,0.0,0.0
TDS,2001-04-25 20:00:00-04:00,48.68042755126953,49.458370208740234,48.32681655883789,48.39753723144531,278908,0.7318241596221924,0.0,0.0
TDS,2001-04-26 20:00:00-04:00,48.18537139892578,49.31692886352539,48.18537139892578,49.31692886352539,190252,0.7457258701324463,0.0,0.0
TDS,2001-04-29 20:00:00-04:00,49.623390197753906,50.28346252441406,49.31692886352539,49.50551986694336,369262,0.7485776543617249,0.0,0.0
TDS,2001-04-30 20:00:00-04:00,49.03403854370117,49.03403854370117,48.0910758972168,48.89259338378906,717950,0.7393096089363098,0.0,0.0
TDS,2001-05-01 20:00:00-04:00,49.0811882019043,49.22262954711914,48.32681655883789,48.79829788208008,443284,0.7378836274147034,0.0,0.0
TDS,2001-05-02 20:00:00-04:00,48.79829788208008,48.79829788208008,48.0910758972168,48.79829788208008,304572,0.7378836274147034,0.0,0.0
TDS,2001-05-03 20:00:00-04:00,48.562557220458984,50.259891510009766,47.97320556640625,50.259891510009766,415075,0.7599848508834839,0.0,0.0
TDS,2001-05-06 20:00:00-04:00,49.97700119018555,50.21274185180664,49.269779205322266,49.74126052856445,330024,0.7521426677703857,0.0,0.0
TDS,2001-05-07 20:00:00-04:00,49.859130859375,50.18916702270508,48.727577209472656,48.73229217529297,381988,0.7368861436843872,0.0,0.0
TDS,2001-05-08 20:00:00-04:00,48.850162506103516,48.850162506103516,48.27967071533203,48.581417083740234,415287,0.7346043586730957,0.0,0.0
TDS,2001-05-09 20:00:00-04:00,49.03403854370117,49.50551986694336,48.76057815551758,48.88316345214844,413802,0.7391671538352966,0.0,0.0
TDS,2001-05-10 20:00:00-04:00,48.93974304199219,48.953887939453125,48.47297668457031,48.562557220458984,107746,0.7343191504478455,0.0,0.0
TDS,2001-05-13 20:00:00-04:00,48.562557220458984,49.11890411376953,48.562557220458984,48.96331787109375,289725,0.7403794527053833,0.0,0.0
TDS,2001-05-14 20:00:00-04:00,48.96331787109375,48.98689270019531,48.55784225463867,48.68042755126953,325146,0.7361015677452087,0.0,0.0
TDS,2001-05-15 20:00:00-04:00,48.666282653808594,49.97700119018555,48.373966217041016,49.97700119018555,444132,0.7557070255279541,0.0,0.0
TDS,2001-05-16 20:00:00-04:00,49.92985153198242,49.92985153198242,49.076473236083984,49.27449417114258,275939,0.7450844645500183,0.0,0.0
TDS,2001-05-17 20:00:00-04:00,49.213199615478516,49.213199615478516,48.46826171875,48.68042755126953,464918,0.7361015677452087,0.0,0.0
TDS,2001-05-20 20:00:00-04:00,48.8454475402832,49.8214111328125,48.82658767700195,49.269779205322266,338084,0.7450130581855774,0.0,0.0
TDS,2001-05-21 20:00:00-04:00,49.27449417114258,49.65167999267578,49.03403854370117,49.03403854370117,297997,0.7414486408233643,0.0,0.0
TDS,2001-05-22 20:00:00-04:00,49.269779205322266,49.37821960449219,48.32681655883789,48.46826171875,411893,0.7328931093215942,0.0,0.0
TDS,2001-05-23 20:00:00-04:00,48.421112060546875,49.623390197753906,48.40696716308594,49.128334045410156,253669,0.7428743243217468,0.0,0.0
TDS,2001-05-24 20:00:00-04:00,49.269779205322266,49.67053985595703,49.15662384033203,49.411224365234375,215067,0.7471519112586975,0.0,0.0
TDS,2001-05-28 20:00:00-04:00,49.52909469604492,49.52909469604492,47.97320556640625,47.97320556640625,308602,0.725407600402832,0.0,0.0
TDS,2001-05-29 20:00:00-04:00,48.0910758972168,48.562557220458984,47.28955841064453,47.294273376464844,348900,0.7151415348052979,0.0,0.0
TDS,2001-05-30 20:00:00-04:00,47.76103973388672,49.859130859375,47.737464904785156,49.74126052856445,334902,0.7521426677703857,0.0,0.0
TDS,2001-05-31 20:00:00-04:00,49.623390197753906,50.02415084838867,48.8454475402832,49.31692886352539,298209,0.7457258701324463,0.0,0.0
TDS,2001-06-03 20:00:00-04:00,49.199058532714844,49.552669525146484,48.704002380371094,48.79829788208008,184525,0.7378836274147034,0.0,0.0
TDS,2001-06-04 20:00:00-04:00,49.15190887451172,50.09015655517578,48.79829788208008,50.07129669189453,335114,0.7571328282356262,0.0,0.0
TDS,2001-06-05 20:00:00-04:00,50.07129669189453,50.07129669189453,49.08590316772461,49.08590316772461,394289,0.7422326803207397,0.0,0.0
TDS,2001-06-06 20:00:00-04:00,49.03403854370117,49.87799072265625,49.03403854370117,49.2839241027832,873842,0.7452273368835449,0.0,0.0
TDS,2001-06-07 20:00:00-04:00,49.411224365234375,49.43479919433594,48.89259338378906,49.038753509521484,162043,0.7415199875831604,0.0,0.0
TDS,2001-06-10 20:00:00-04:00,49.0811882019043,49.199058532714844,48.916168212890625,49.104759216308594,368838,0.7425180077552795,0.0,0.0
TDS,2001-06-11 20:00:00-04:00,49.03403854370117,49.15190887451172,48.23723602294922,49.090614318847656,374140,0.742303729057312,0.0,0.0
TDS,2001-06-12 20:00:00-04:00,48.97746276855469,50.6370735168457,48.97746276855469,49.13304901123047,313480,0.7439102530479431,0.06365,0.0
TDS,2001-06-13 20:00:00-04:00,49.03403854370117,49.03403854370117,47.97320556640625,48.213661193847656,392805,0.7299901247024536,0.0,0.0
TDS,2001-06-14 20:00:00-04:00,48.562557220458984,49.03403854370117,47.4545783996582,47.581878662109375,514761,0.7204242944717407,0.0,0.0
TDS,2001-06-17 20:00:00-04:00,47.69031524658203,47.92605972290039,47.57244873046875,47.78461456298828,328963,0.7234938144683838,0.0,0.0
TDS,2001-06-18 20:00:00-04:00,47.860050201416016,48.232521057128906,47.860050201416016,48.0910758972168,220369,0.7281340956687927,0.0,0.0
TDS,2001-06-19 20:00:00-04:00,48.13822555541992,49.623390197753906,47.90248489379883,49.623390197753906,357172,0.7513343095779419,0.0,0.0
TDS,2001-06-20 20:00:00-04:00,49.50551986694336,50.40133285522461,49.411224365234375,49.97700119018555,204038,0.7566881775856018,0.0,0.0
TDS,2001-06-21 20:00:00-04:00,50.21274185180664,50.448482513427734,49.03403854370117,50.448482513427734,290149,0.7638269662857056,0.0,0.0
TDS,2001-06-24 20:00:00-04:00,50.68422317504883,51.202850341796875,49.13304901123047,49.31692886352539,681045,0.7466939687728882,0.0,0.0
TDS,2001-06-25 20:00:00-04:00,49.17548370361328,50.307037353515625,49.104759216308594,49.97700119018555,1262193,0.7566881775856018,0.0,0.0
TDS,2001-06-26 20:00:00-04:00,50.21274185180664,51.240570068359375,50.094871520996094,50.962398529052734,352506,0.7716079354286194,0.0,0.0
TDS,2001-06-27 20:00:00-04:00,50.96710968017578,52.14581298828125,50.91996383666992,51.202850341796875,440315,0.7752483487129211,0.0,0.0
TDS,2001-06-28 20:00:00-04:00,51.155704498291016,52.0279426574707,50.259891510009766,51.27357482910156,645201,0.7763193845748901,0.0,0.0
TDS,2001-07-01 20:00:00-04:00,51.03783416748047,51.716766357421875,50.96710968017578,51.297149658203125,269576,0.7766764163970947,0.0,0.0
TDS,2001-07-02 20:00:00-04:00,51.415016174316406,52.14581298828125,51.415016174316406,51.8629264831543,279332,0.7852422595024109,0.0,0.0
TDS,2001-07-04 20:00:00-04:00,51.509315490722656,52.24953842163086,51.490455627441406,52.12223815917969,556968,0.7891685962677002,0.0,0.0
TDS,2001-07-05 20:00:00-04:00,52.192962646484375,52.192962646484375,51.03783416748047,51.155704498291016,203614,0.7745347023010254,0.0,0.0
TDS,2001-07-08 20:00:00-04:00,51.27357482910156,51.39144515991211,50.344757080078125,51.22642517089844,169678,0.775605320930481,0.0,0.0
TDS,2001-07-09 20:00:00-04:00,51.22642517089844,51.39144515991211,50.14201736450195,50.448482513427734,427589,0.7638269662857056,0.0,0.0
TDS,2001-07-10 20:00:00-04:00,50.56635284423828,50.61349868774414,49.03403854370117,50.40133285522461,522396,0.7631127834320068,0.0,0.0
TDS,2001-07-11 20:00:00-04:00,50.73137283325195,51.509315490722656,50.68422317504883,51.509315490722656,384957,0.7798882722854614,0.0,0.0
TDS,2001-07-12 20:00:00-04:00,51.46216583251953,52.051517486572266,50.91996383666992,50.91996383666992,251124,0.7709653377532959,0.0,0.0
TDS,2001-07-15 20:00:00-04:00,51.03783416748047,51.73091125488281,50.783233642578125,51.415016174316406,241579,0.7784606218338013,0.0,0.0
TDS,2001-07-16 20:00:00-04:00,50.91996383666992,52.45227813720703,50.519203186035156,52.405128479003906,573724,0.7934519648551941,0.0,0.0
TDS,2001-07-17 20:00:00-04:00,51.93364715576172,51.93364715576172,50.96710968017578,51.297149658203125,469160,0.7766764163970947,0.0,0.0
TDS,2001-07-18 20:00:00-04:00,51.297149658203125,51.6271858215332,50.69365310668945,51.6271858215332,458343,0.7816731333732605,0.0,0.0
TDS,2001-07-19 20:00:00-04:00,51.60361099243164,51.76862716674805,51.13212966918945,51.13212966918945,161618,0.7741778492927551,0.0,0.0
TDS,2001-07-22 20:00:00-04:00,51.136844635009766,51.36787033081055,50.33061218261719,50.82566833496094,183889,0.7695372104644775,0.0,0.0
TDS,2001-07-23 20:00:00-04:00,50.91996383666992,50.91996383666992,49.92985153198242,49.92985153198242,245397,0.7559745907783508,0.0,0.0
TDS,2001-07-24 20:00:00-04:00,49.69411087036133,50.094871520996094,49.599815368652344,49.764835357666016,232459,0.7534757852554321,0.0,0.0
TDS,2001-07-25 20:00:00-04:00,49.64696502685547,51.16984939575195,49.50551986694336,50.802093505859375,332145,0.7691808342933655,0.0,0.0
TDS,2001-07-26 20:00:00-04:00,50.68422317504883,51.73091125488281,50.165592193603516,51.26414489746094,337023,0.7761766910552979,0.0,0.0
TDS,2001-07-29 20:00:00-04:00,51.25,51.67433166503906,50.849239349365234,51.25,345931,0.775962233543396,0.0,0.0
TDS,2001-07-30 20:00:00-04:00,51.17927932739258,51.6271858215332,50.802093505859375,50.802093505859375,401925,0.7691808342933655,0.0,0.0
TDS,2001-07-31 20:00:00-04:00,51.27357482910156,52.30611801147461,51.10855484008789,51.39144515991211,379018,0.7781040072441101,0.0,0.0
TDS,2001-08-01 20:00:00-04:00,51.6271858215332,52.14581298828125,50.995399475097656,51.202850341796875,160770,0.7752483487129211,0.0,0.0
TDS,2001-08-02 20:00:00-04:00,51.32072067260742,51.39144515991211,50.45319747924805,51.13212966918945,250911,0.7741778492927551,0.0,0.0
TDS,2001-08-05 20:00:00-04:00,51.25,51.735626220703125,50.68422317504883,50.77851867675781,248578,0.7688238620758057,0.0,0.0
TDS,2001-08-06 20:00:00-04:00,50.820953369140625,50.820953369140625,50.40133285522461,50.54277801513672,335538,0.7652546167373657,0.0,0.0
TDS,2001-08-07 20:00:00-04:00,50.448482513427734,50.56635284423828,49.03403854370117,49.15190887451172,382412,0.7441956996917725,0.0,0.0
TDS,2001-08-08 20:00:00-04:00,49.03403854370117,49.22262954711914,48.40696716308594,49.128334045410156,523669,0.7438384294509888,0.0,0.0
TDS,2001-08-09 20:00:00-04:00,49.128334045410156,49.50551986694336,48.73700714111328,49.269779205322266,501187,0.7459799647331238,0.0,0.0
TDS,2001-08-12 20:00:00-04:00,49.22262954711914,49.458370208740234,48.92559814453125,49.22262954711914,604478,0.7452665567398071,0.0,0.0
TDS,2001-08-13 20:00:00-04:00,49.22262954711914,49.78840637207031,49.22262954711914,49.50551986694336,514337,0.7495494484901428,0.0,0.0
TDS,2001-08-14 20:00:00-04:00,50.07129669189453,50.68422317504883,49.50551986694336,49.50551986694336,388987,0.7495494484901428,0.0,0.0
TDS,2001-08-15 20:00:00-04:00,49.50551986694336,49.64696502685547,48.704002380371094,48.916168212890625,184313,0.7406259775161743,0.0,0.0
TDS,2001-08-16 20:00:00-04:00,48.79829788208008,48.79829788208008,48.0910758972168,48.27967071533203,306481,0.7309892177581787,0.0,0.0
TDS,2001-08-19 20:00:00-04:00,47.90248489379883,48.55312728881836,47.61959457397461,47.98735046386719,537879,0.726563572883606,0.0,0.0
TDS,2001-08-20 20:00:00-04:00,48.04392623901367,48.44468688964844,47.9920654296875,48.0910758972168,509883,0.7281340956687927,0.0,0.0
TDS,2001-08-21 20:00:00-04:00,48.208946228027344,48.208946228027344,47.242408752441406,47.53472900390625,315601,0.7197104692459106,0.0,0.0
TDS,2001-08-22 20:00:00-04:00,47.4781494140625,48.421112060546875,47.4781494140625,47.97320556640625,179859,0.7263491153717041,0.0,0.0
TDS,2001-08-23 20:00:00-04:00,48.208946228027344,48.30324172973633,47.808189392089844,47.90248489379883,361838,0.7252785563468933,0.0,0.0
TDS,2001-08-26 20:00:00-04:00,47.97320556640625,48.6049919128418,47.90248489379883,48.373966217041016,281878,0.7324173450469971,0.0,0.0
TDS,2001-08-27 20:00:00-04:00,48.562557220458984,48.562557220458984,47.808189392089844,48.0910758972168,297573,0.7281340956687927,0.0,0.0
TDS,2001-08-28 20:00:00-04:00,47.92605972290039,48.0910758972168,47.28955841064453,48.0910758972168,427589,0.7281340956687927,0.0,0.0
TDS,2001-08-29 20:00:00-04:00,48.020355224609375,48.020355224609375,47.28955841064453,47.59601974487305,295876,0.7206382751464844,0.0,0.0
TDS,2001-08-30 20:00:00-04:00,47.14811325073242,48.68042755126953,47.14811325073242,48.68042755126953,360778,0.7370570302009583,0.0,0.0
TDS,2001-09-03 20:00:00-04:00,48.44468688964844,49.31692886352539,47.12453842163086,47.14811325073242,537879,0.7138571739196777,0.0,0.0
TDS,2001-09-04 20:00:00-04:00,47.26598358154297,47.50172424316406,45.908119201660156,45.96940994262695,436921,0.696010410785675,0.0,0.0
TDS,2001-09-05 20:00:00-04:00,45.73366928100586,45.73366928100586,44.554969787597656,44.71998596191406,840331,0.6770931482315063,0.0,0.0
TDS,2001-09-06 20:00:00-04:00,44.602115631103516,45.24332809448242,44.3192253112793,44.790706634521484,392805,0.6781639456748962,0.0,0.0
TDS,2001-09-09 20:00:00-04:00,44.67283630371094,45.56865310668945,44.41352462768555,45.450782775878906,255153,0.6881576776504517,0.0,0.0
TDS,2001-09-16 20:00:00-04:00,45.450782775878906,45.450782775878906,43.72987747192383,44.389949798583984,454313,0.6730384826660156,0.06365,0.0
TDS,2001-09-17 20:00:00-04:00,44.3192253112793,45.26219177246094,44.3192253112793,44.67283630371094,286544,0.6773281097412109,0.0,0.0
TDS,2001-09-18 20:00:00-04:00,44.83785629272461,45.26219177246094,44.50782012939453,44.67283630371094,448586,0.6773281097412109,0.0,0.0
TDS,2001-09-19 20:00:00-04:00,44.668121337890625,44.71527099609375,42.62189483642578,42.62189483642578,613598,0.646231472492218,0.0,0.0
TDS,2001-09-20 20:00:00-04:00,42.626609802246094,42.626609802246094,40.83026885986328,41.01885986328125,756340,0.6219263672828674,0.0,0.0
TDS,2001-09-23 20:00:00-04:00,41.37247085571289,42.2918586730957,41.01885986328125,41.70250701904297,758461,0.6322921514511108,0.0,0.0
TDS,2001-09-24 20:00:00-04:00,41.34889602661133,42.83406066894531,41.32060623168945,42.574745178222656,405106,0.645516574382782,0.0,0.0
TDS,2001-09-25 20:00:00-04:00,42.90478515625,43.046226501464844,42.150413513183594,43.046226501464844,280393,0.6526650786399841,0.0,0.0
TDS,2001-09-26 20:00:00-04:00,43.28196716308594,43.72987747192383,42.95664596557617,43.541282653808594,389199,0.6601710915565491,0.0,0.0
TDS,2001-09-27 20:00:00-04:00,43.494136810302734,44.97930145263672,43.494136810302734,44.460670471191406,356112,0.6741106510162354,0.0,0.0
TDS,2001-09-30 20:00:00-04:00,44.34280014038086,44.50782012939453,43.965614318847656,44.3192253112793,312208,0.6719663739204407,0.0,0.0
TDS,2001-10-01 20:00:00-04:00,44.201358795166016,45.02644729614258,44.06934356689453,44.71998596191406,275303,0.678043007850647,0.0,0.0
TDS,2001-10-02 20:00:00-04:00,45.26219177246094,45.780818939208984,44.686981201171875,45.431922912597656,443708,0.6888370513916016,0.0,0.0
TDS,2001-10-03 20:00:00-04:00,45.554508209228516,46.20515060424805,45.554508209228516,45.6865234375,397259,0.6926973462104797,0.0,0.0
TDS,2001-10-04 20:00:00-04:00,45.639373779296875,45.84210968017578,44.86143112182617,45.097171783447266,240731,0.683761477470398,0.0,0.0
TDS,2001-10-07 20:00:00-04:00,44.97930145263672,45.50735855102539,44.790706634521484,45.144317626953125,177738,0.6844766139984131,0.0,0.0
TDS,2001-10-08 20:00:00-04:00,45.26219177246094,45.32819747924805,44.790706634521484,45.12074661254883,151650,0.6841186881065369,0.0,0.0
TDS,2001-10-09 20:00:00-04:00,45.02644729614258,45.89868927001953,44.6964111328125,45.89868927001953,245185,0.6959141492843628,0.0,0.0
TDS,2001-10-10 20:00:00-04:00,45.851539611816406,46.629486083984375,45.02644729614258,45.96940994262695,244973,0.6969864964485168,0.0,0.0
TDS,2001-10-11 20:00:00-04:00,45.497928619384766,45.54507827758789,44.62569046020508,44.62569046020508,368838,0.6766129732131958,0.0,0.0
TDS,2001-10-14 20:00:00-04:00,44.67283630371094,45.05473709106445,43.810028076171875,44.913291931152344,365020,0.6809735894203186,0.0,0.0
TDS,2001-10-15 20:00:00-04:00,44.913291931152344,44.913291931152344,43.61200714111328,44.460670471191406,528335,0.6741106510162354,0.0,0.0
TDS,2001-10-16 20:00:00-04:00,44.248504638671875,44.67283630371094,44.08348846435547,44.22492980957031,573936,0.6705365180969238,0.0,0.0
TDS,2001-10-17 20:00:00-04:00,44.22492980957031,44.22492980957031,42.07969284057617,42.07969284057617,761854,0.638010561466217,0.0,0.0
TDS,2001-10-18 20:00:00-04:00,42.150413513183594,43.3055419921875,41.53277587890625,43.25839614868164,437769,0.6558824181556702,0.0,0.0
TDS,2001-10-21 20:00:00-04:00,43.13109588623047,43.43284225463867,42.438018798828125,42.90478515625,279120,0.6505212187767029,0.0,0.0
TDS,2001-10-22 20:00:00-04:00,43.140525817871094,43.22539138793945,42.669044494628906,43.02265548706055,267667,0.6523076295852661,0.0,0.0
TDS,2001-10-23 20:00:00-04:00,42.91892623901367,43.67801284790039,42.90478515625,43.25839614868164,208068,0.6558824181556702,0.0,0.0
TDS,2001-10-24 20:00:00-04:00,43.211246490478516,43.564857482910156,42.81520080566406,43.564857482910156,146984,0.660528838634491,0.0,0.0
TDS,2001-10-25 20:00:00-04:00,43.44698715209961,43.706302642822266,43.44698715209961,43.58843231201172,129167,0.6608860492706299,0.0,0.0
TDS,2001-10-28 19:00:00-05:00,43.51770782470703,43.847747802734375,42.90478515625,42.90478515625,225460,0.6505212187767029,0.0,0.0
TDS,2001-10-29 19:00:00-05:00,42.83406066894531,42.83406066894531,41.40547561645508,41.608211517333984,296088,0.6308620572090149,0.0,0.0
TDS,2001-10-30 19:00:00-05:00,41.608211517333984,41.9146728515625,41.37247085571289,41.44319152832031,285271,0.6283602714538574,0.0,0.0
TDS,2001-10-31 19:00:00-05:00,41.447906494140625,41.84395217895508,41.254600524902344,41.84395217895508,264910,0.6344366669654846,0.0,0.0
TDS,2001-11-01 19:00:00-05:00,41.961822509765625,42.008968353271484,41.39604568481445,41.63178634643555,197039,0.6312195062637329,0.0,0.0
TDS,2001-11-04 19:00:00-05:00,41.66950225830078,42.315433502197266,41.66950225830078,42.19756317138672,181556,0.6397979259490967,0.0,0.0
TDS,2001-11-05 19:00:00-05:00,42.150413513183594,42.2541389465332,41.58463668823242,42.173988342285156,151862,0.6394402384757996,0.0,0.0
TDS,2001-11-06 19:00:00-05:00,42.18341827392578,42.2918586730957,41.961822509765625,42.155128479003906,222278,0.639154314994812,0.0,0.0
TDS,2001-11-07 19:00:00-05:00,42.19756317138672,42.83406066894531,42.19756317138672,42.43330383300781,188131,0.643372118473053,0.0,0.0
TDS,2001-11-08 19:00:00-05:00,42.43330383300781,42.73976516723633,41.867523193359375,41.9146728515625,156740,0.63550865650177,0.0,0.0
TDS,2001-11-11 19:00:00-05:00,41.9146728515625,41.9146728515625,41.37247085571289,41.608211517333984,156528,0.6308620572090149,0.0,0.0
TDS,2001-11-12 19:00:00-05:00,41.63178634643555,42.315433502197266,41.63178634643555,42.12683868408203,192372,0.6387256383895874,0.0,0.0
TDS,2001-11-13 19:00:00-05:00,42.362579345703125,42.857635498046875,42.33900451660156,42.83406066894531,185797,0.6494481563568115,0.0,0.0
TDS,2001-11-14 19:00:00-05:00,42.78691482543945,43.140525817871094,42.669044494628906,43.02265548706055,208704,0.6523076295852661,0.0,0.0
TDS,2001-11-15 19:00:00-05:00,43.09337615966797,43.64029312133789,42.857635498046875,42.857635498046875,164800,0.6498058438301086,0.0,0.0
TDS,2001-11-18 19:00:00-05:00,42.97550582885742,43.77702331542969,42.86235046386719,43.61200714111328,227369,0.6612436175346375,0.0,0.0
TDS,2001-11-19 19:00:00-05:00,43.51770782470703,43.58843231201172,43.159385681152344,43.211246490478516,192797,0.6551671028137207,0.0,0.0
TDS,2001-11-20 19:00:00-05:00,43.3055419921875,43.3055419921875,42.55117416381836,43.211246490478516,137227,0.6551671028137207,0.0,0.0
TDS,2001-11-22 19:00:00-05:00,43.211246490478516,43.61200714111328,42.88121032714844,43.37626647949219,50479,0.6576696038246155,0.0,0.0
TDS,2001-11-25 19:00:00-05:00,43.72987747192383,43.77702331542969,42.67847442626953,43.140525817871094,237125,0.6540950536727905,0.0,0.0
TDS,2001-11-26 19:00:00-05:00,43.046226501464844,43.046226501464844,42.32486343383789,42.81520080566406,172223,0.6491623520851135,0.0,0.0
TDS,2001-11-27 19:00:00-05:00,42.669044494628906,42.716190338134766,42.27299880981445,42.48044967651367,179435,0.644087016582489,0.0,0.0
TDS,2001-11-28 19:00:00-05:00,42.43330383300781,42.716190338134766,42.315433502197266,42.55117416381836,211461,0.6451593041419983,0.0,0.0
TDS,2001-11-29 19:00:00-05:00,42.669044494628906,43.248966217041016,42.43330383300781,42.43330383300781,272757,0.643372118473053,0.0,0.0
TDS,2001-12-02 19:00:00-05:00,42.315433502197266,43.046226501464844,42.19756317138672,42.999080657958984,265334,0.6519505381584167,0.0,0.0
TDS,2001-12-03 19:00:00-05:00,43.09337615966797,43.6827278137207,42.857635498046875,43.58843231201172,211461,0.6608860492706299,0.0,0.0
TDS,2001-12-04 19:00:00-05:00,43.47056198120117,44.86143112182617,43.47056198120117,44.86143112182617,316662,0.6801871657371521,0.0,0.0
TDS,2001-12-05 19:00:00-05:00,45.73366928100586,45.73366928100586,44.80013656616211,45.02644729614258,295876,0.6826895475387573,0.0,0.0
TDS,2001-12-06 19:00:00-05:00,45.02644729614258,45.19146728515625,44.460670471191406,44.48424530029297,159709,0.6744681596755981,0.0,0.0
TDS,2001-12-09 19:00:00-05:00,44.41352462768555,44.41352462768555,43.37626647949219,43.399837493896484,212522,0.6580268144607544,0.0,0.0
TDS,2001-12-10 19:00:00-05:00,43.47056198120117,44.3569450378418,43.37626647949219,43.80059814453125,224399,0.6641031503677368,0.0,0.0
TDS,2001-12-11 19:00:00-05:00,43.61671829223633,43.69215774536133,43.02265548706055,43.42341232299805,183040,0.6593424081802368,0.06365,0.0
TDS,2001-12-12 19:00:00-05:00,43.352691650390625,43.352691650390625,42.07969284057617,42.07969284057617,299270,0.6389392018318176,0.0,0.0
TDS,2001-12-13 19:00:00-05:00,42.315433502197266,42.40972900390625,41.72608184814453,42.40972900390625,314329,0.6439504623413086,0.0,0.0
TDS,2001-12-16 19:00:00-05:00,42.2918586730957,43.48470687866211,42.2918586730957,43.21596145629883,418468,0.656192421913147,0.0,0.0
TDS,2001-12-17 19:00:00-05:00,43.21596145629883,43.51770782470703,43.21596145629883,43.32911682128906,304572,0.6579105257987976,0.0,0.0
TDS,2001-12-18 19:00:00-05:00,43.32911682128906,43.36683654785156,42.810489654541016,42.81520080566406,305845,0.6501071453094482,0.0,0.0
TDS,2001-12-19 19:00:00-05:00,42.81520080566406,42.838775634765625,42.150413513183594,42.362579345703125,188555,0.6432345509529114,0.0,0.0
TDS,2001-12-20 19:00:00-05:00,42.19756317138672,42.59832000732422,42.19756317138672,42.2918586730957,258335,0.642160952091217,0.0,0.0
TDS,2001-12-23 19:00:00-05:00,42.24470901489258,42.43330383300781,42.14569854736328,42.2918586730957,83566,0.642160952091217,0.0,0.0
TDS,2001-12-25 19:00:00-05:00,42.33900451660156,42.33900451660156,42.131553649902344,42.150413513183594,271697,0.6400128602981567,0.0,0.0
TDS,2001-12-26 19:00:00-05:00,42.19756317138672,42.504024505615234,42.103267669677734,42.15984344482422,740433,0.6401559114456177,0.0,0.0
TDS,2001-12-27 19:00:00-05:00,42.277713775634766,42.999080657958984,42.22584915161133,42.999080657958984,543606,0.6528992652893066,0.0,0.0
TDS,2001-12-30 19:00:00-05:00,43.11695098876953,43.11695098876953,42.315433502197266,42.315433502197266,984557,0.6425186991691589,0.0,0.0
TDS,2002-01-01 19:00:00-05:00,42.40972900390625,42.78691482543945,42.40972900390625,42.78691482543945,181980,0.6496776342391968,0.0,0.0
TDS,2002-01-02 19:00:00-05:00,42.55117416381836,42.645469665527344,41.99953842163086,42.504024505615234,407015,0.6453819870948792,0.0,0.0
TDS,2002-01-03 19:00:00-05:00,42.504024505615234,42.810489654541016,42.362579345703125,42.504024505615234,419953,0.6453819870948792,0.0,0.0
TDS,2002-01-06 19:00:00-05:00,42.574745178222656,42.7303352355957,42.117408752441406,42.32014846801758,394289,0.6425904631614685,0.0,0.0
TDS,2002-01-07 19:00:00-05:00,41.961822509765625,41.961822509765625,40.59452438354492,41.254600524902344,1191564,0.6264110207557678,0.0,0.0
TDS,2002-01-08 19:00:00-05:00,41.254600524902344,41.35832595825195,40.93399429321289,41.01885986328125,780095,0.6228316426277161,0.0,0.0
TDS,2002-01-09 19:00:00-05:00,41.113155364990234,41.1367301940918,40.288063049316406,41.113155364990234,737675,0.6242634057998657,0.0,0.0
TDS,2002-01-10 19:00:00-05:00,40.99528503417969,41.01885986328125,40.618099212646484,40.66996383666992,381351,0.6175338625907898,0.0,0.0
TDS,2002-01-13 19:00:00-05:00,40.552093505859375,40.55680847167969,40.075897216796875,40.19376754760742,460676,0.6103033423423767,0.0,0.0
TDS,2002-01-14 19:00:00-05:00,40.075897216796875,40.31163787841797,39.46768569946289,39.81658172607422,1045853,0.6045759320259094,0.0,0.0
TDS,2002-01-15 19:00:00-05:00,39.80243682861328,40.49079895019531,39.5101203918457,39.844871520996094,402985,0.60500568151474,0.0,0.0
TDS,2002-01-16 19:00:00-05:00,40.075897216796875,40.726539611816406,39.95802688598633,40.36349868774414,282090,0.6128801703453064,0.0,0.0
TDS,2002-01-17 19:00:00-05:00,40.54737854003906,40.778404235839844,40.11361312866211,40.358787536621094,504792,0.6128091216087341,0.0,0.0
TDS,2002-01-21 19:00:00-05:00,40.429508209228516,40.66524887084961,39.887306213378906,40.17490768432617,633111,0.6100167632102966,0.0,0.0
TDS,2002-01-22 19:00:00-05:00,40.17490768432617,40.68882369995117,40.160762786865234,40.45308303833008,471069,0.6142405867576599,0.0,0.0
TDS,2002-01-23 19:00:00-05:00,40.570953369140625,41.22631072998047,40.31163787841797,40.31163787841797,292695,0.6120926737785339,0.0,0.0
TDS,2002-01-24 19:00:00-05:00,40.31163787841797,40.64167404174805,40.264488220214844,40.38235855102539,227156,0.6131669282913208,0.0,0.0
TDS,2002-01-27 19:00:00-05:00,40.38235855102539,40.91984939575195,40.38235855102539,40.50022888183594,431194,0.6149566769599915,0.0,0.0
TDS,2002-01-28 19:00:00-05:00,40.54737854003906,41.20745086669922,39.844871520996094,39.93916702270508,581359,0.6064373254776001,0.0,0.0
TDS,2002-01-29 19:00:00-05:00,39.93916702270508,41.608211517333984,38.85004425048828,41.608211517333984,893991,0.6317803263664246,0.0,0.0
TDS,2002-01-30 19:00:00-05:00,41.60349655151367,41.60349655151367,40.783119201660156,40.783119201660156,415923,0.6192519068717957,0.0,0.0
TDS,2002-01-31 19:00:00-05:00,40.54737854003906,40.712398529052734,39.9108772277832,39.9108772277832,394501,0.6060080528259277,0.0,0.0
TDS,2002-02-03 19:00:00-05:00,39.84015655517578,39.84015655517578,38.854759216308594,39.08578872680664,564180,0.5934796929359436,0.0,0.0
TDS,2002-02-04 19:00:00-05:00,38.85004425048828,38.897193908691406,37.435604095458984,38.38328170776367,997283,0.5828128457069397,0.0,0.0
TDS,2002-02-05 19:00:00-05:00,38.331417083740234,38.66145324707031,37.360164642333984,37.67134475708008,730464,0.5720027089118958,0.0,0.0
TDS,2002-02-06 19:00:00-05:00,37.666629791259766,38.48229217529297,37.52989959716797,38.38799285888672,2298713,0.5828841328620911,0.0,0.0
TDS,2002-02-07 19:00:00-05:00,38.66145324707031,40.429508209228516,38.331417083740234,40.429508209228516,620173,0.6138824820518494,0.0,0.0
TDS,2002-02-10 19:00:00-05:00,40.19376754760742,40.358787536621094,39.60441589355469,40.358787536621094,446465,0.6128091216087341,0.0,0.0
TDS,2002-02-11 19:00:00-05:00,40.217342376708984,40.217342376708984,39.65156555175781,40.075897216796875,475735,0.6085135340690613,0.0,0.0
TDS,2002-02-12 19:00:00-05:00,39.95802688598633,40.54266357421875,39.863731384277344,40.33521270751953,266819,0.6124510169029236,0.0,0.0
TDS,2002-02-13 19:00:00-05:00,40.38235855102539,40.905704498291016,40.07118225097656,40.075897216796875,302451,0.6085135340690613,0.0,0.0
TDS,2002-02-14 19:00:00-05:00,40.02874755859375,40.09947204589844,39.368675231933594,39.67513656616211,607872,0.6024282574653625,0.0,0.0
TDS,2002-02-18 19:00:00-05:00,39.48654556274414,39.49126052856445,38.92076873779297,39.20365524291992,621870,0.5952693223953247,0.0,0.0
TDS,2002-02-19 19:00:00-05:00,39.246089935302734,40.36821365356445,39.15650939941406,40.36821365356445,319631,0.6129521131515503,0.0,0.0
TDS,2002-02-20 19:00:00-05:00,40.429508209228516,40.429508209228516,39.580841064453125,39.60441589355469,294604,0.6013546586036682,0.0,0.0
TDS,2002-02-21 19:00:00-05:00,39.533695220947266,40.59452438354492,39.368675231933594,40.54266357421875,362899,0.6156007647514343,0.0,0.0
TDS,2002-02-24 19:00:00-05:00,40.47665786743164,41.678932189941406,40.47665786743164,41.608211517333984,359505,0.6317803263664246,0.0,0.0
TDS,2002-02-25 19:00:00-05:00,41.63178634643555,42.37672424316406,41.39604568481445,41.72608184814453,330448,0.6335698962211609,0.0,0.0
TDS,2002-02-26 19:00:00-05:00,41.730796813964844,42.41444396972656,41.678932189941406,41.9146728515625,263849,0.6364338397979736,0.0,0.0
TDS,2002-02-27 19:00:00-05:00,41.93824768066406,42.33900451660156,41.08958053588867,41.08958053588867,237125,0.6239053606987,0.0,0.0
TDS,2002-02-28 19:00:00-05:00,41.01885986328125,41.608211517333984,40.87741470336914,41.06600570678711,274454,0.6235475540161133,0.0,0.0
TDS,2002-03-03 19:00:00-05:00,41.01414489746094,41.56106185913086,40.93399429321289,41.49034118652344,681257,0.6299904584884644,0.0,0.0
TDS,2002-03-04 19:00:00-05:00,41.53749084472656,41.72608184814453,41.20745086669922,41.72608184814453,361414,0.6335698962211609,0.0,0.0
TDS,2002-03-05 19:00:00-05:00,41.820377349853516,42.5275993347168,41.63178634643555,42.504024505615234,514337,0.6453819870948792,0.0,0.0
TDS,2002-03-06 19:00:00-05:00,42.53702926635742,42.857635498046875,41.99482345581055,41.99953842163086,419741,0.6377224326133728,0.0,0.0
TDS,2002-03-07 19:00:00-05:00,42.150413513183594,42.669044494628906,41.867523193359375,41.89109802246094,297361,0.636075496673584,0.0,0.0
TDS,2002-03-10 19:00:00-05:00,41.820377349853516,42.89064025878906,41.56106185913086,42.40972900390625,408712,0.6439504623413086,0.0,0.0
TDS,2002-03-11 19:00:00-05:00,41.93824768066406,42.19756317138672,41.9146728515625,42.103267669677734,401925,0.6392971277236938,0.0,0.0
TDS,2002-03-12 19:00:00-05:00,42.07497787475586,42.221134185791016,41.924102783203125,41.98539733886719,201705,0.6385440230369568,0.068365,0.0
TDS,2002-03-13 19:00:00-05:00,41.961822509765625,42.008968353271484,41.113155364990234,41.72608184814453,173072,0.6346005201339722,0.0,0.0
TDS,2002-03-14 19:00:00-05:00,41.961822509765625,41.961822509765625,40.9009895324707,40.9009895324707,323449,0.6220517754554749,0.0,0.0
TDS,2002-03-17 19:00:00-05:00,41.01885986328125,41.254600524902344,40.59452438354492,40.59452438354492,208704,0.6173908710479736,0.0,0.0
TDS,2002-03-18 19:00:00-05:00,40.61338424682617,40.73596954345703,40.02874755859375,40.09947204589844,422286,0.6098621487617493,0.0,0.0
TDS,2002-03-19 19:00:00-05:00,40.17019271850586,40.49079895019531,40.075897216796875,40.23148727416992,290998,0.6118695139884949,0.0,0.0
TDS,2002-03-20 19:00:00-05:00,40.34935760498047,40.39650344848633,39.807151794433594,40.38235855102539,253032,0.6141641736030579,0.0,0.0
TDS,2002-03-21 19:00:00-05:00,40.38235855102539,40.618099212646484,39.65156555175781,39.65156555175781,236913,0.6030494570732117,0.0,0.0
TDS,2002-03-24 19:00:00-05:00,39.60441589355469,39.887306213378906,39.56669616699219,39.81658172607422,238610,0.6055592894554138,0.0,0.0
TDS,2002-03-25 19:00:00-05:00,39.76943588256836,41.20745086669922,39.76943588256836,41.202735900878906,369262,0.6266410946846008,0.0,0.0
TDS,2002-03-26 19:00:00-05:00,41.254600524902344,42.169273376464844,41.1367301940918,41.273460388183594,313904,0.6277166604995728,0.0,0.0
TDS,2002-03-27 19:00:00-05:00,41.20745086669922,42.31071853637695,41.20745086669922,41.608211517333984,304996,0.6328079104423523,0.0,0.0
TDS,2002-03-31 19:00:00-05:00,41.254600524902344,42.169273376464844,41.18387985229492,42.169273376464844,254093,0.6413409113883972,0.0,0.0
TDS,2002-04-01 19:00:00-05:00,42.12212371826172,43.16409683227539,41.89109802246094,42.62189483642578,520275,0.6482242345809937,0.0,0.0
TDS,2002-04-02 19:00:00-05:00,42.504024505615234,42.857635498046875,42.084407806396484,42.43330383300781,300118,0.6453561186790466,0.0,0.0
TDS,2002-04-03 19:00:00-05:00,42.315433502197266,42.62189483642578,42.16455841064453,42.5275993347168,139348,0.6467905044555664,0.0,0.0
TDS,2002-04-04 19:00:00-05:00,42.76333999633789,42.90478515625,42.48044967651367,42.90478515625,141045,0.6525270342826843,0.0,0.0
TDS,2002-04-07 20:00:00-04:00,42.669044494628906,42.73976516723633,42.027828216552734,42.19756317138672,250911,0.6417710185050964,0.0,0.0
TDS,2002-04-08 20:00:00-04:00,42.2918586730957,42.362579345703125,42.008968353271484,42.008968353271484,336387,0.6389027833938599,0.0,0.0
TDS,2002-04-09 20:00:00-04:00,41.961822509765625,42.07969284057617,40.94813537597656,41.150875091552734,453465,0.6258522272109985,0.0,0.0
TDS,2002-04-10 20:00:00-04:00,40.971710205078125,40.99528503417969,40.54737854003906,40.70768356323242,583056,0.6191117763519287,0.0,0.0
TDS,2002-04-11 20:00:00-04:00,40.59452438354492,41.3017463684082,40.59452438354492,41.3017463684082,334266,0.6281467080116272,0.0,0.0
TDS,2002-04-14 20:00:00-04:00,41.18387985229492,41.4384765625,40.783119201660156,40.83026885986328,480825,0.6209763884544373,0.0,0.0
TDS,2002-04-15 20:00:00-04:00,40.712398529052734,43.32911682128906,40.712398529052734,43.32911682128906,486340,0.6589805483818054,0.0,0.0
TDS,2002-04-16 20:00:00-04:00,43.36683654785156,43.9184684753418,42.78691482543945,42.999080657958984,502671,0.6539609432220459,0.0,0.0
TDS,2002-04-17 20:00:00-04:00,42.43330383300781,42.5275993347168,41.254600524902344,41.961822509765625,492066,0.6381857991218567,0.0,0.0
TDS,2002-04-18 20:00:00-04:00,42.07969284057617,42.103267669677734,41.3017463684082,41.678932189941406,163739,0.6338834762573242,0.0,0.0
TDS,2002-04-21 20:00:00-04:00,41.20745086669922,41.20745086669922,40.31163787841797,40.40593338012695,463221,0.6145224571228027,0.0,0.0
TDS,2002-04-22 20:00:00-04:00,40.288063049316406,41.325321197509766,40.075897216796875,41.132015228271484,367777,0.6255652904510498,0.0,0.0
TDS,2002-04-23 20:00:00-04:00,41.24988555908203,41.72608184814453,41.1367301940918,41.52805709838867,436921,0.6315891742706299,0.0,0.0
TDS,2002-04-24 20:00:00-04:00,41.53277587890625,41.53277587890625,41.10372543334961,41.254600524902344,342962,0.6274298429489136,0.0,0.0
TDS,2002-04-25 20:00:00-04:00,41.3017463684082,41.3017463684082,40.54737854003906,40.54737854003906,283362,0.6166738867759705,0.0,0.0
TDS,2002-04-28 20:00:00-04:00,40.54737854003906,40.54737854003906,39.684566497802734,39.84015655517578,333629,0.6059176921844482,0.0,0.0
TDS,2002-04-29 20:00:00-04:00,39.84015655517578,40.75482940673828,39.7458610534668,40.54737854003906,197675,0.6166738867759705,0.0,0.0
TDS,2002-04-30 20:00:00-04:00,40.429508209228516,40.712398529052734,40.123046875,40.429508209228516,462161,0.6148809194564819,0.0,0.0
TDS,2002-05-01 20:00:00-04:00,40.50022888183594,40.54266357421875,39.87787628173828,40.02874755859375,437133,0.6087861657142639,0.0,0.0
TDS,2002-05-02 20:00:00-04:00,40.03346252441406,40.03346252441406,39.32152557373047,39.32152557373047,614659,0.598030149936676,0.0,0.0
TDS,2002-05-05 20:00:00-04:00,39.32152557373047,39.9108772277832,39.27437973022461,39.349815368652344,295876,0.5984605550765991,0.0,0.0
TDS,2002-05-06 20:00:00-04:00,39.46297073364258,39.5101203918457,39.08578872680664,39.19894027709961,261940,0.5961657762527466,0.0,0.0
TDS,2002-05-07 20:00:00-04:00,39.6704216003418,40.306922912597656,39.6704216003418,39.84015655517578,525154,0.6059176921844482,0.0,0.0
TDS,2002-05-08 20:00:00-04:00,39.76943588256836,40.075897216796875,39.76471710205078,39.84015655517578,386866,0.6059176921844482,0.0,0.0
TDS,2002-05-09 20:00:00-04:00,39.84015655517578,39.84015655517578,37.71849060058594,37.71849060058594,1374180,0.5736498832702637,0.0,0.0
TDS,2002-05-12 20:00:00-04:00,37.47803497314453,37.47803497314453,36.53978729248047,37.10556411743164,1379058,0.5643280744552612,0.0,0.0
TDS,2002-05-13 20:00:00-04:00,37.341304779052734,38.49643325805664,37.341304779052734,37.71849060058594,726858,0.5736498832702637,0.0,0.0
TDS,2002-05-14 20:00:00-04:00,37.72320556640625,38.49643325805664,37.57704544067383,37.647769927978516,879144,0.5725746750831604,0.0,0.0
TDS,2002-05-15 20:00:00-04:00,37.647769927978516,38.27012252807617,37.38845443725586,37.95423126220703,547424,0.5772353410720825,0.0,0.0
TDS,2002-05-16 20:00:00-04:00,37.95423126220703,38.59073257446289,37.85993576049805,38.59073257446289,478704,0.5869157314300537,0.0,0.0
TDS,2002-05-19 20:00:00-04:00,38.472862243652344,38.472862243652344,37.88351058959961,37.88351058959961,334478,0.5761597156524658,0.0,0.0
TDS,2002-05-20 20:00:00-04:00,37.836360931396484,37.996665954589844,37.19986343383789,37.482749938964844,657715,0.570064902305603,0.0,0.0
TDS,2002-05-21 20:00:00-04:00,37.482749938964844,37.836360931396484,37.24700927734375,37.836360931396484,773944,0.5754424929618835,0.0,0.0
TDS,2002-05-22 20:00:00-04:00,37.836360931396484,38.048526763916016,37.3648796081543,37.892940521240234,448162,0.5763030648231506,0.0,0.0
TDS,2002-05-23 20:00:00-04:00,37.98723602294922,38.05324172973633,37.38845443725586,37.45917510986328,473190,0.5697062015533447,0.0,0.0
TDS,2002-05-27 20:00:00-04:00,37.45917510986328,37.45917510986328,36.77552795410156,36.77552795410156,519215,0.5593088865280151,0.0,0.0
TDS,2002-05-28 20:00:00-04:00,36.53978729248047,36.59636688232422,36.115455627441406,36.28047561645508,671501,0.5517798662185669,0.0,0.0
TDS,2002-05-29 20:00:00-04:00,36.04473114013672,36.091880798339844,35.17249298095703,35.266788482666016,1083819,0.536362886428833,0.0,0.0
TDS,2002-05-30 20:00:00-04:00,35.361087799072266,36.42191696166992,35.266788482666016,35.7382698059082,473614,0.543533444404602,0.0,0.0
TDS,2002-06-02 20:00:00-04:00,34.79530715942383,34.88960266113281,32.65007019042969,32.909385681152344,2081738,0.5005097985267639,0.0,0.0
TDS,2002-06-03 20:00:00-04:00,32.673641204833984,33.58831787109375,32.485050201416016,33.58831787109375,998767,0.5108354687690735,0.0,0.0
TDS,2002-06-04 20:00:00-04:00,33.48459243774414,33.73918914794922,33.168697357177734,33.663753509521484,459828,0.5119829177856445,0.0,0.0
TDS,2002-06-05 20:00:00-04:00,33.71090316772461,33.828773498535156,32.39075469970703,32.588775634765625,1071941,0.4956335425376892,0.0,0.0
TDS,2002-06-06 20:00:00-04:00,31.942846298217773,32.815086364746094,31.84855079650879,32.815086364746094,717526,0.4990755319595337,0.0,0.0
TDS,2002-06-09 20:00:00-04:00,32.673641204833984,33.05082702636719,32.5180549621582,32.60292053222656,371807,0.49584874510765076,0.0,0.0
TDS,2002-06-10 20:00:00-04:00,32.93295669555664,33.00368118286133,32.320030212402344,32.37189483642578,540637,0.49233508110046387,0.0,0.0
TDS,2002-06-11 20:00:00-04:00,32.18330383300781,32.18330383300781,30.882015228271484,31.900413513183594,643504,0.48619115352630615,0.068365,0.0
TDS,2002-06-12 20:00:00-04:00,31.589235305786133,31.593950271606445,30.60384178161621,30.764144897460938,1055822,0.4688735008239746,0.0,0.0
TDS,2002-06-13 20:00:00-04:00,29.844755172729492,29.844755172729492,28.897079467773438,29.77403450012207,1190079,0.4537833333015442,0.0,0.0
TDS,2002-06-16 20:00:00-04:00,29.868330001831055,31.004600524902344,29.868330001831055,30.95273780822754,589419,0.4717477858066559,0.0,0.0
TDS,2002-06-17 20:00:00-04:00,30.95273780822754,30.95273780822754,30.368099212646484,30.45768165588379,562271,0.46420252323150635,0.0,0.0
TDS,2002-06-18 20:00:00-04:00,30.386959075927734,30.391674041748047,29.722171783447266,29.77403450012207,706497,0.4537833333015442,0.0,0.0
TDS,2002-06-19 20:00:00-04:00,29.726886749267578,30.056922912597656,29.477001190185547,29.783464431762695,682530,0.4539268910884857,0.0,0.0
TDS,2002-06-20 20:00:00-04:00,29.58544158935547,29.769319534301758,28.948942184448242,29.231830596923828,579663,0.4455198049545288,0.0,0.0
TDS,2002-06-23 20:00:00-04:00,29.09038543701172,29.821182250976562,28.38316535949707,29.821182250976562,851360,0.4545019567012787,0.0,0.0
TDS,2002-06-24 20:00:00-04:00,29.797607421875,29.910764694213867,28.878219604492188,28.878219604492188,667471,0.44013023376464844,0.0,0.0
TDS,2002-06-25 20:00:00-04:00,27.935258865356445,28.170997619628906,27.298757553100586,28.062557220458984,1256042,0.42769894003868103,0.0,0.0
TDS,2002-06-26 20:00:00-04:00,28.2181453704834,28.524608612060547,27.345905303955078,28.05312728881836,1105877,0.4275549650192261,0.0,0.0
TDS,2002-06-27 20:00:00-04:00,27.935258865356445,29.10924530029297,27.935258865356445,28.54818344116211,1554675,0.43510007858276367,0.0,0.0
TDS,2002-06-30 20:00:00-04:00,28.57175636291504,29.448711395263672,28.208717346191406,28.24172019958496,612962,0.43042948842048645,0.0,0.0
TDS,2002-07-01 20:00:00-04:00,28.24172019958496,28.26529312133789,27.251609802246094,27.59579086303711,964832,0.4205847680568695,0.0,0.0
TDS,2002-07-02 20:00:00-04:00,27.487350463867188,27.864534378051758,27.228036880493164,27.817386627197266,706073,0.42396223545074463,0.0,0.0
TDS,2002-07-04 20:00:00-04:00,27.864534378051758,28.430313110351562,27.817386627197266,27.817386627197266,548484,0.42396223545074463,0.0,0.0
TDS,2002-07-07 20:00:00-04:00,27.864534378051758,28.123849868774414,27.440202713012695,27.440202713012695,668107,0.4182136058807373,0.0,0.0
TDS,2002-07-08 20:00:00-04:00,27.298757553100586,28.873504638671875,27.256324768066406,28.005979537963867,646049,0.42683660984039307,0.0,0.0
TDS,2002-07-09 20:00:00-04:00,28.123849868774414,28.623619079589844,28.005979537963867,28.288867950439453,610629,0.4311479926109314,0.0,0.0
TDS,2002-07-10 20:00:00-04:00,28.2181453704834,28.642478942871094,28.015409469604492,28.38316535949707,628869,0.43258532881736755,0.0,0.0
TDS,2002-07-11 20:00:00-04:00,28.76034927368164,29.09038543701172,28.354875564575195,28.430313110351562,642656,0.4333038330078125,0.0,0.0
TDS,2002-07-14 20:00:00-04:00,28.312442779541016,28.359590530395508,27.921112060546875,28.26529312133789,502035,0.4307887852191925,0.0,0.0
TDS,2002-07-15 20:00:00-04:00,28.27943992614746,30.81129264831543,28.19457244873047,30.740570068359375,1750653,0.46851420402526855,0.0,0.0
TDS,2002-07-16 20:00:00-04:00,30.693422317504883,31.240339279174805,29.656164169311523,30.386959075927734,828241,0.4631249010562897,0.0,0.0
TDS,2002-07-17 20:00:00-04:00,30.50482940673828,31.325206756591797,30.264373779296875,30.410533905029297,554423,0.46348413825035095,0.0,0.0
TDS,2002-07-18 20:00:00-04:00,30.056922912597656,30.358671188354492,29.302553176879883,29.995630264282227,608932,0.4571605622768402,0.0,0.0
TDS,2002-07-21 20:00:00-04:00,29.891904830932617,30.10407066345215,28.057842254638672,28.100276947021484,989435,0.4282737672328949,0.0,0.0
TDS,2002-07-22 20:00:00-04:00,28.2181453704834,28.463315963745117,25.554277420043945,25.554277420043945,814030,0.3894704282283783,0.0,0.0
TDS,2002-07-23 20:00:00-04:00,25.27138900756836,27.275184631347656,24.94135284423828,26.926288604736328,940441,0.41038113832473755,0.0,0.0
TDS,2002-07-24 20:00:00-04:00,26.945146560668945,28.336017608642578,26.591535568237305,26.591535568237305,957196,0.4052790403366089,0.0,0.0
TDS,2002-07-25 20:00:00-04:00,26.992294311523438,26.992294311523438,25.907888412475586,25.93146324157715,982860,0.39521899819374084,0.0,0.0
TDS,2002-07-28 20:00:00-04:00,26.167203903198242,27.275184631347656,26.167203903198242,27.105451583862305,1038430,0.41311177611351013,0.0,0.0
TDS,2002-07-29 20:00:00-04:00,26.987579345703125,27.15731430053711,26.30864715576172,26.987579345703125,716466,0.4113152325153351,0.0,0.0
TDS,2002-07-30 20:00:00-04:00,26.85085105895996,26.85085105895996,26.115339279174805,26.85085105895996,735130,0.4092313051223755,0.0,0.0
TDS,2002-07-31 20:00:00-04:00,26.732980728149414,26.732980728149414,25.695722579956055,25.955036163330078,441799,0.3955784738063812,0.0,0.0
TDS,2002-08-01 20:00:00-04:00,26.167203903198242,26.167203903198242,25.158233642578125,25.483556747436523,414863,0.3883926272392273,0.0,0.0
TDS,2002-08-04 20:00:00-04:00,25.4364070892334,25.4364070892334,23.96538543701172,24.087970733642578,425256,0.3671224117279053,0.0,0.0
TDS,2002-08-05 20:00:00-04:00,24.087970733642578,25.7758731842041,24.087970733642578,25.360971450805664,642019,0.38652414083480835,0.0,0.0
TDS,2002-08-06 20:00:00-04:00,25.695722579956055,25.757015228271484,24.281278610229492,24.988500595092773,548696,0.38084733486175537,0.0,0.0
TDS,2002-08-07 20:00:00-04:00,24.75275993347168,25.610855102539062,24.75275993347168,25.507129669189453,380503,0.3887518644332886,0.0,0.0
TDS,2002-08-08 20:00:00-04:00,25.365684509277344,25.66743278503418,25.153518676757812,25.177093505859375,381776,0.38372185826301575,0.0,0.0
TDS,2002-08-11 20:00:00-04:00,24.94135284423828,25.530704498291016,24.823482513427734,25.530704498291016,328751,0.38911113142967224,0.0,0.0
TDS,2002-08-12 20:00:00-04:00,25.412832260131836,25.79001808166504,24.75275993347168,24.75275993347168,266819,0.3772544860839844,0.0,0.0
TDS,2002-08-13 20:00:00-04:00,24.705612182617188,25.766443252563477,24.219985961914062,25.724010467529297,399168,0.39205724000930786,0.0,0.0
TDS,2002-08-14 20:00:00-04:00,25.766443252563477,26.402944564819336,25.672147750854492,25.672147750854492,532153,0.3912668526172638,0.0,0.0
TDS,2002-08-15 20:00:00-04:00,25.554277420043945,27.105451583862305,25.507129669189453,26.874425888061523,441587,0.40959054231643677,0.0,0.0
TDS,2002-08-18 20:00:00-04:00,26.945146560668945,28.430313110351562,26.945146560668945,28.38316535949707,475947,0.43258532881736755,0.0,0.0
TDS,2002-08-19 20:00:00-04:00,28.26529312133789,28.444456100463867,27.72309112548828,27.864534378051758,499490,0.4246807098388672,0.0,0.0
TDS,2002-08-20 20:00:00-04:00,27.817386627197266,28.13799476623535,27.39305305480957,28.001264572143555,476371,0.4267646372318268,0.0,0.0
TDS,2002-08-21 20:00:00-04:00,28.1191349029541,28.958372116088867,28.076702117919922,28.831071853637695,437133,0.4394117295742035,0.0,0.0
TDS,2002-08-22 20:00:00-04:00,28.92536735534668,28.96780014038086,27.935258865356445,27.958831787109375,363535,0.42611801624298096,0.0,0.0
TDS,2002-08-25 20:00:00-04:00,27.958831787109375,28.98194694519043,27.935258865356445,28.98194694519043,250275,0.44171106815338135,0.0,0.0
TDS,2002-08-26 20:00:00-04:00,29.302553176879883,29.302553176879883,28.666053771972656,29.11396026611328,352294,0.4437231719493866,0.0,0.0
TDS,2002-08-27 20:00:00-04:00,28.76034927368164,28.76034927368164,27.817386627197266,27.972976684570312,272333,0.4263337254524231,0.0,0.0
TDS,2002-08-28 20:00:00-04:00,27.793813705444336,28.71320152282715,27.53449821472168,28.38316535949707,268303,0.43258532881736755,0.0,0.0
TDS,2002-08-29 20:00:00-04:00,28.147424697875977,28.59061622619629,27.982406616210938,28.05312728881836,329175,0.4275549650192261,0.0,0.0
TDS,2002-09-02 20:00:00-04:00,27.69951629638672,27.69951629638672,26.473665237426758,26.685832977294922,341901,0.4067164957523346,0.0,0.0
TDS,2002-09-03 20:00:00-04:00,26.615110397338867,27.030014038085938,25.97861099243164,26.709407806396484,488036,0.40707579255104065,0.0,0.0
TDS,2002-09-04 20:00:00-04:00,26.379369735717773,26.596250534057617,25.955036163330078,25.955036163330078,717950,0.3955784738063812,0.0,0.0
TDS,2002-09-05 20:00:00-04:00,25.95975112915039,27.32233238220215,25.884315490722656,27.32233238220215,218036,0.4164171814918518,0.0,0.0
TDS,2002-09-08 20:00:00-04:00,27.251609802246094,27.53449821472168,26.8272762298584,27.275184631347656,240307,0.4156985878944397,0.0,0.0
TDS,2002-09-09 20:00:00-04:00,27.228036880493164,27.817386627197266,27.18088722229004,27.581647872924805,307541,0.4203692376613617,0.0,0.0
TDS,2002-09-10 20:00:00-04:00,27.53449821472168,28.232290267944336,27.53449821472168,28.142709732055664,313692,0.42892056703567505,0.0,0.0
TDS,2002-09-11 20:00:00-04:00,27.958831787109375,27.958831787109375,27.39305305480957,27.63351058959961,253669,0.42218542098999023,0.068365,0.0
TDS,2002-09-12 20:00:00-04:00,27.397769927978516,27.86924934387207,27.18088722229004,27.86924934387207,389199,0.4257871210575104,0.0,0.0
TDS,2002-09-15 20:00:00-04:00,27.911684036254883,28.147424697875977,27.32233238220215,27.605220794677734,250063,0.4217531681060791,0.0,0.0
TDS,2002-09-16 20:00:00-04:00,27.72309112548828,27.935258865356445,26.638683319091797,26.638683319091797,339144,0.4069864749908447,0.0,0.0
TDS,2002-09-17 20:00:00-04:00,26.80370330810547,26.921573638916016,26.237924575805664,26.732980728149414,259820,0.4084271192550659,0.0,0.0
TDS,2002-09-18 20:00:00-04:00,26.402944564819336,26.426517486572266,25.837167739868164,25.837167739868164,650291,0.39474084973335266,0.0,0.0
TDS,2002-09-19 20:00:00-04:00,25.93146324157715,26.120054244995117,25.365684509277344,26.025758743286133,548484,0.3976222276687622,0.0,0.0
TDS,2002-09-22 20:00:00-04:00,26.14362907409668,26.14362907409668,25.224241256713867,25.31853675842285,343174,0.3868173360824585,0.0,0.0
TDS,2002-09-23 20:00:00-04:00,25.082796096801758,25.177093505859375,24.285993576049805,24.300138473510742,250911,0.37125805020332336,0.0,0.0
TDS,2002-09-24 20:00:00-04:00,24.634889602661133,25.591995239257812,24.5217342376709,25.573137283325195,264274,0.39070701599121094,0.0,0.0
TDS,2002-09-25 20:00:00-04:00,25.724010467529297,25.742870330810547,24.988500595092773,25.577852249145508,323237,0.39077916741371155,0.0,0.0
TDS,2002-09-26 20:00:00-04:00,25.4364070892334,25.44112205505371,24.163408279418945,24.163408279418945,267031,0.36916908621788025,0.0,0.0
TDS,2002-09-29 20:00:00-04:00,24.09268569946289,24.33785629272461,23.456186294555664,23.786224365234375,472341,0.36340662837028503,0.0,0.0
TDS,2002-09-30 20:00:00-04:00,23.85694694519043,24.799907684326172,23.61177635192871,24.799907684326172,292907,0.37889355421066284,0.0,0.0
TDS,2002-10-01 20:00:00-04:00,24.799907684326172,24.91777801513672,23.762649536132812,23.85694694519043,315601,0.36448705196380615,0.0,0.0
TDS,2002-10-02 20:00:00-04:00,23.885234832763672,24.705612182617188,23.57405662536621,23.762649536132812,352506,0.36304640769958496,0.0,0.0
TDS,2002-10-03 20:00:00-04:00,23.291168212890625,23.58820152282715,23.102575302124023,23.11200523376465,415075,0.353105753660202,0.0,0.0
TDS,2002-10-06 20:00:00-04:00,23.0318546295166,23.079002380371094,21.64098358154297,21.68813133239746,300118,0.33135178685188293,0.0,0.0
TDS,2002-10-07 20:00:00-04:00,21.895584106445312,22.38592529296875,21.306232452392578,21.735280990600586,495884,0.3320721983909607,0.0,0.0
TDS,2002-10-08 20:00:00-04:00,21.739994049072266,21.739994049072266,20.9384765625,20.95733642578125,381139,0.32018670439720154,0.0,0.0
TDS,2002-10-09 20:00:00-04:00,20.863040924072266,22.400068283081055,20.79231834411621,22.357635498046875,605751,0.34158045053482056,0.0,0.0
TDS,2002-10-10 20:00:00-04:00,22.829116821289062,23.479761123657227,22.819686889648438,23.291168212890625,407015,0.3558429181575775,0.0,0.0
TDS,2002-10-13 20:00:00-04:00,23.244020462036133,23.45147132873535,23.079002380371094,23.409038543701172,351234,0.35764387249946594,0.0,0.0
TDS,2002-10-14 20:00:00-04:00,23.762649536132812,25.224241256713867,23.762649536132812,25.224241256713867,418681,0.38537654280662537,0.0,0.0
TDS,2002-10-15 20:00:00-04:00,24.634889602661133,24.847055435180664,24.177553176879883,24.1964111328125,544667,0.3696732521057129,0.0,0.0
TDS,2002-10-16 20:00:00-04:00,24.667892456054688,25.224241256713867,24.0455379486084,25.224241256713867,571603,0.38537654280662537,0.0,0.0
TDS,2002-10-17 20:00:00-04:00,24.988500595092773,24.988500595092773,24.281278610229492,24.50758934020996,726010,0.3744276165962219,0.0,0.0
TDS,2002-10-20 20:00:00-04:00,24.4227237701416,24.634889602661133,24.139833450317383,24.58774185180664,673410,0.37565210461616516,0.0,0.0
TDS,2002-10-21 20:00:00-04:00,24.705612182617188,24.75275993347168,24.352001190185547,24.75275993347168,705649,0.3781731426715851,0.0,0.0
TDS,2002-10-22 20:00:00-04:00,24.517019271850586,25.129945755004883,24.469871520996094,25.082796096801758,425892,0.3832154870033264,0.0,0.0
TDS,2002-10-23 20:00:00-04:00,25.129945755004883,25.153518676757812,23.974815368652344,23.974815368652344,758885,0.36628785729408264,0.0,0.0
TDS,2002-10-24 20:00:00-04:00,24.021963119506836,24.427438735961914,23.809797286987305,24.427438735961914,323025,0.3732028603553772,0.0,0.0
TDS,2002-10-27 19:00:00-05:00,24.517019271850586,24.823482513427734,24.41800880432129,24.799907684326172,457707,0.37889355421066284,0.0,0.0
TDS,2002-10-28 19:00:00-05:00,24.705612182617188,24.889488220214844,23.57405662536621,24.0455379486084,537455,0.3673681616783142,0.0,0.0
TDS,2002-10-29 19:00:00-05:00,24.021963119506836,24.375574111938477,23.852230072021484,24.09268569946289,399380,0.36808863282203674,0.0,0.0
TDS,2002-10-30 19:00:00-05:00,24.09268569946289,24.25299072265625,23.691926956176758,23.998390197753906,337447,0.3666478991508484,0.0,0.0
TDS,2002-10-31 19:00:00-05:00,23.974815368652344,25.27138900756836,23.53162384033203,24.96492576599121,567997,0.3814148008823395,0.0,0.0
TDS,2002-11-03 19:00:00-05:00,25.10637092590332,25.224241256713867,24.809337615966797,24.97907066345215,585177,0.3816308081150055,0.0,0.0
TDS,2002-11-04 19:00:00-05:00,24.870630264282227,25.10637092590332,24.540592193603516,25.10637092590332,364596,0.3835757374763489,0.0,0.0
TDS,2002-11-05 19:00:00-05:00,25.10637092590332,25.10637092590332,24.09268569946289,24.413293838500977,405743,0.3729868233203888,0.0,0.0
TDS,2002-11-06 19:00:00-05:00,24.29542350769043,24.469871520996094,23.951242446899414,24.469871520996094,466615,0.3738512098789215,0.0,0.0
TDS,2002-11-07 19:00:00-05:00,24.4227237701416,24.564167022705078,24.201126098632812,24.25299072265625,581996,0.37053772807121277,0.0,0.0
TDS,2002-11-10 19:00:00-05:00,24.281278610229492,24.370859146118164,23.668352127075195,23.668352127075195,526850,0.3616056740283966,0.0,0.0
TDS,2002-11-11 19:00:00-05:00,23.809797286987305,24.634889602661133,23.809797286987305,24.375574111938477,395562,0.3724105954170227,0.0,0.0
TDS,2002-11-12 19:00:00-05:00,24.328426361083984,24.540592193603516,23.720216751098633,24.163408279418945,506701,0.36916908621788025,0.0,0.0
TDS,2002-11-13 19:00:00-05:00,24.257705688476562,24.908348083496094,24.257705688476562,24.804622650146484,446677,0.3789655566215515,0.0,0.0
TDS,2002-11-14 19:00:00-05:00,24.517019271850586,24.799907684326172,24.4227237701416,24.799907684326172,242640,0.37889355421066284,0.0,0.0
TDS,2002-11-17 19:00:00-05:00,24.988500595092773,25.059223175048828,24.25299072265625,24.611316680908203,297361,0.37601226568222046,0.0,0.0
TDS,2002-11-18 19:00:00-05:00,24.493444442749023,24.540592193603516,24.0455379486084,24.13040542602539,315813,0.36866486072540283,0.0,0.0
TDS,2002-11-19 19:00:00-05:00,24.0455379486084,24.564167022705078,23.974815368652344,24.44629669189453,432467,0.3734908699989319,0.0,0.0
TDS,2002-11-20 19:00:00-05:00,24.517019271850586,25.342111587524414,24.498159408569336,25.129945755004883,724313,0.38393598794937134,0.0,0.0
TDS,2002-11-21 19:00:00-05:00,24.96492576599121,25.7758731842041,24.894203186035156,25.31853675842285,636717,0.3868173360824585,0.0,0.0
TDS,2002-11-24 19:00:00-05:00,25.31853675842285,25.8135929107666,24.927207946777344,25.648574829101562,635020,0.3918595612049103,0.0,0.0
TDS,2002-11-25 19:00:00-05:00,25.45998191833496,25.530704498291016,24.870630264282227,25.10637092590332,496732,0.3835757374763489,0.0,0.0
TDS,2002-11-26 19:00:00-05:00,25.233671188354492,26.153059005737305,25.177093505859375,26.153059005737305,429285,0.3995669484138489,0.0,0.0
TDS,2002-11-28 19:00:00-05:00,26.171918869018555,26.275644302368164,25.766443252563477,25.837167739868164,124501,0.39474084973335266,0.0,0.0
TDS,2002-12-01 19:00:00-05:00,26.120054244995117,26.874425888061523,26.120054244995117,26.68111801147461,553575,0.4076348841190338,0.0,0.0
TDS,2002-12-02 19:00:00-05:00,26.591535568237305,26.591535568237305,25.93146324157715,26.096481323242188,542333,0.3987027704715729,0.0,0.0
TDS,2002-12-03 19:00:00-05:00,25.93146324157715,26.054048538208008,25.568422317504883,25.577852249145508,415075,0.39077916741371155,0.0,0.0
TDS,2002-12-04 19:00:00-05:00,25.766443252563477,25.780588150024414,24.776334762573242,24.776334762573242,451132,0.37853336334228516,0.0,0.0
TDS,2002-12-05 19:00:00-05:00,24.658464431762695,25.035648345947266,24.43686866760254,25.035648345947266,318571,0.38249510526657104,0.0,0.0
TDS,2002-12-08 19:00:00-05:00,24.870630264282227,24.870630264282227,23.67778205871582,23.710786819458008,484855,0.3622538447380066,0.0,0.0
TDS,2002-12-09 19:00:00-05:00,23.73907470703125,24.25299072265625,23.460901260375977,24.021963119506836,383260,0.3670080602169037,0.0,0.0
TDS,2002-12-10 19:00:00-05:00,23.998390197753906,24.375574111938477,23.73907470703125,24.375574111938477,391108,0.3724105954170227,0.0,0.0
TDS,2002-12-11 19:00:00-05:00,24.186983108520508,24.186983108520508,23.630634307861328,23.73907470703125,173708,0.363706111907959,0.068365,0.0
TDS,2002-12-12 19:00:00-05:00,23.57405662536621,23.762649536132812,23.338315963745117,23.50333595275879,274666,0.36009442806243896,0.0,0.0
TDS,2002-12-15 19:00:00-05:00,23.73907470703125,23.85694694519043,23.385465621948242,23.498619079589844,442011,0.3600221574306488,0.0,0.0
TDS,2002-12-16 19:00:00-05:00,23.291168212890625,23.687213897705078,23.291168212890625,23.621204376220703,295452,0.3619002103805542,0.0,0.0
TDS,2002-12-17 19:00:00-05:00,23.50333595275879,23.559913635253906,23.0318546295166,23.19687271118164,262577,0.35539907217025757,0.0,0.0
TDS,2002-12-18 19:00:00-05:00,23.102575302124023,23.559913635253906,22.97056007385254,23.149723052978516,387078,0.3546769917011261,0.0,0.0
TDS,2002-12-19 19:00:00-05:00,23.267593383789062,23.437328338623047,23.102575302124023,23.338315963745117,349749,0.35756629705429077,0.0,0.0
TDS,2002-12-22 19:00:00-05:00,23.338315963745117,23.621204376220703,22.880979537963867,23.173297882080078,281666,0.35503777861595154,0.0,0.0
TDS,2002-12-23 19:00:00-05:00,23.173297882080078,23.333602905273438,22.98941993713379,23.017709732055664,128107,0.35265403985977173,0.0,0.0
TDS,2002-12-25 19:00:00-05:00,23.017709732055664,23.541053771972656,22.913982391357422,23.182727813720703,394077,0.35518234968185425,0.0,0.0
TDS,2002-12-26 19:00:00-05:00,23.064857482910156,23.173297882080078,22.395353317260742,22.418928146362305,153347,0.3434802293777466,0.0,0.0
TDS,2002-12-29 19:00:00-05:00,22.418928146362305,22.51322364807129,21.31094741821289,21.68813133239746,706921,0.3322835862636566,0.0,0.0
TDS,2002-12-30 19:00:00-05:00,21.570262908935547,22.48965072631836,21.570262908935547,22.169042587280273,511155,0.33965176343917847,0.0,0.0
TDS,2003-01-01 19:00:00-05:00,22.277484893798828,22.772539138793945,22.13603973388672,22.70181655883789,437981,0.34781429171562195,0.0,0.0
TDS,2003-01-02 19:00:00-05:00,22.583946228027344,22.772539138793945,22.34820556640625,22.59337615966797,312420,0.34615281224250793,0.0,0.0
TDS,2003-01-05 19:00:00-05:00,22.6546688079834,23.0931453704834,22.362350463867188,22.833831787109375,499914,0.349837064743042,0.0,0.0
TDS,2003-01-06 19:00:00-05:00,22.715961456298828,22.814971923828125,22.42835807800293,22.70181655883789,352506,0.34781429171562195,0.0,0.0
TDS,2003-01-07 19:00:00-05:00,21.923873901367188,22.206762313842773,20.990339279174805,20.990339279174805,1335578,0.3215928077697754,0.0,0.0
TDS,2003-01-08 19:00:00-05:00,21.405244827270508,21.405244827270508,20.466995239257812,20.617870330810547,1510771,0.3158862292766571,0.0,0.0
TDS,2003-01-09 19:00:00-05:00,20.62258529663086,21.075206756591797,20.367984771728516,21.051633834838867,944258,0.32253190875053406,0.0,0.0
TDS,2003-01-12 19:00:00-05:00,21.216651916503906,21.772998809814453,21.14592933654785,21.57497787475586,1031006,0.33055004477500916,0.0,0.0
TDS,2003-01-13 19:00:00-05:00,21.527828216552734,22.18318748474121,21.334522247314453,22.173757553100586,518579,0.3397240936756134,0.0,0.0
TDS,2003-01-14 19:00:00-05:00,22.239765167236328,22.277484893798828,21.68813133239746,21.68813133239746,388563,0.3322835862636566,0.0,0.0
TDS,2003-01-15 19:00:00-05:00,21.80600357055664,22.09832191467285,21.70699119567871,21.782428741455078,488461,0.333728551864624,0.0,0.0
TDS,2003-01-16 19:00:00-05:00,21.782428741455078,21.782428741455078,21.296802520751953,21.31094741821289,343386,0.3265048563480377,0.0,0.0
TDS,2003-01-20 19:00:00-05:00,21.428817749023438,21.428817749023438,21.240224838256836,21.26851463317871,446041,0.3258548378944397,0.0,0.0
TDS,2003-01-21 19:00:00-05:00,21.216651916503906,21.381669998168945,20.985626220703125,21.075206756591797,404258,0.32289308309555054,0.0,0.0
TDS,2003-01-22 19:00:00-05:00,21.14592933654785,21.301517486572266,20.462282180786133,20.6508731842041,691650,0.3163919448852539,0.0,0.0
TDS,2003-01-23 19:00:00-05:00,20.6508731842041,20.655588150024414,19.96251106262207,20.155818939208984,390260,0.3088071346282959,0.0,0.0
TDS,2003-01-26 19:00:00-05:00,20.155818939208984,20.202966690063477,19.486316680908203,19.802207946777344,435860,0.30338943004608154,0.0,0.0
TDS,2003-01-27 19:00:00-05:00,20.391559600830078,20.509429931640625,19.703197479248047,19.764488220214844,447314,0.30281156301498413,0.0,0.0
TDS,2003-01-28 19:00:00-05:00,19.70791244506836,19.96251106262207,19.448596954345703,19.96251106262207,250487,0.3058454394340515,0.0,0.0
TDS,2003-01-29 19:00:00-05:00,20.0615234375,20.22654151916504,19.448596954345703,19.448596954345703,274454,0.29797178506851196,0.0,0.0
TDS,2003-01-30 19:00:00-05:00,19.448596954345703,20.462282180786133,19.448596954345703,20.22654151916504,667047,0.3098906874656677,0.0,0.0
TDS,2003-02-02 19:00:00-05:00,20.344411849975586,20.509429931640625,19.990800857543945,20.259544372558594,309662,0.31039634346961975,0.0,0.0
TDS,2003-02-03 19:00:00-05:00,20.179393768310547,20.179393768310547,19.70791244506836,20.037948608398438,235004,0.3070012331008911,0.0,0.0
TDS,2003-02-04 19:00:00-05:00,19.967226028442383,20.839466094970703,19.75506019592285,19.825782775878906,524941,0.30375054478645325,0.0,0.0
TDS,2003-02-05 19:00:00-05:00,19.802207946777344,20.014373779296875,19.283578872680664,19.73148536682129,474674,0.3023059666156769,0.0,0.0
TDS,2003-02-06 19:00:00-05:00,19.77863311767578,19.967226028442383,19.222286224365234,19.36372947692871,258547,0.2966715097427368,0.0,0.0
TDS,2003-02-09 19:00:00-05:00,19.283578872680664,19.42502212524414,18.9205379486084,19.024263381958008,657715,0.29147055745124817,0.0,0.0
TDS,2003-02-10 19:00:00-05:00,19.09027099609375,19.146848678588867,18.684797286987305,18.88282012939453,408288,0.2893035113811493,0.0,0.0
TDS,2003-02-11 19:00:00-05:00,19.000690460205078,19.113845825195312,18.868675231933594,18.953542709350586,427377,0.2903870940208435,0.0,0.0
TDS,2003-02-12 19:00:00-05:00,19.0714111328125,19.0714111328125,18.67536735534668,18.915822982788086,534698,0.2898092269897461,0.0,0.0
TDS,2003-02-13 19:00:00-05:00,18.953542709350586,19.21285629272461,18.868675231933594,18.90639305114746,340841,0.28966474533081055,0.0,0.0
TDS,2003-02-17 19:00:00-05:00,18.977115631103516,19.44388198852539,18.977115631103516,19.283578872680664,667471,0.29544368386268616,0.0,0.0
TDS,2003-02-18 19:00:00-05:00,19.40144920349121,19.726770401000977,19.260005950927734,19.637189865112305,510307,0.3008612096309662,0.0,0.0
TDS,2003-02-19 19:00:00-05:00,19.684337615966797,19.83049774169922,19.330726623535156,19.330726623535156,803638,0.2961658239364624,0.0,0.0
TDS,2003-02-20 19:00:00-05:00,19.56646728515625,19.56646728515625,19.052553176879883,19.429737091064453,626324,0.29768288135528564,0.0,0.0
TDS,2003-02-23 19:00:00-05:00,19.429737091064453,19.44388198852539,18.981830596923828,19.02897834777832,478916,0.2915428876876831,0.0,0.0
TDS,2003-02-24 19:00:00-05:00,18.85924530029297,18.929967880249023,18.458486557006836,18.896963119506836,595358,0.28952017426490784,0.0,0.0
TDS,2003-02-25 19:00:00-05:00,18.85924530029297,19.024263381958008,18.788522720336914,18.88282012939453,210825,0.2893035113811493,0.0,0.0
TDS,2003-02-26 19:00:00-05:00,18.929967880249023,19.118560791015625,18.90167808532715,19.09027099609375,373504,0.29248183965682983,0.0,0.0
TDS,2003-02-27 19:00:00-05:00,19.04783821105957,19.165708541870117,18.764949798583984,18.892248153686523,298845,0.28944796323776245,0.0,0.0
TDS,2003-03-02 19:00:00-05:00,18.953542709350586,19.066696166992188,18.392478942871094,18.71780014038086,367353,0.28677526116371155,0.0,0.0
TDS,2003-03-03 19:00:00-05:00,18.69422721862793,18.83567237854004,18.505634307861328,18.595216751098633,302239,0.284897118806839,0.0,0.0
TDS,2003-03-04 19:00:00-05:00,18.576356887817383,18.65179443359375,18.13787841796875,18.458486557006836,342962,0.2828023135662079,0.0,0.0
TDS,2003-03-05 19:00:00-05:00,18.38776397705078,18.38776397705078,17.798412322998047,17.8691349029541,405743,0.27377286553382874,0.0,0.0
TDS,2003-03-06 19:00:00-05:00,17.774839401245117,17.774839401245117,17.44951629638672,17.67582893371582,586662,0.27081117033958435,0.0,0.0
TDS,2003-03-09 19:00:00-05:00,17.586246490478516,17.623964309692383,16.926172256469727,16.9544620513916,377958,0.25975921750068665,0.0,0.0
TDS,2003-03-10 19:00:00-05:00,16.926172256469727,17.374080657958984,16.912029266357422,16.9544620513916,485067,0.25975921750068665,0.0,0.0
TDS,2003-03-11 19:00:00-05:00,16.9544620513916,17.067617416381836,16.647998809814453,16.982751846313477,408076,0.2601926326751709,0.0,0.0
TDS,2003-03-12 19:00:00-05:00,16.97332191467285,17.308073043823242,16.97332191467285,17.256210327148438,451344,0.26552489399909973,0.07308,0.0
TDS,2003-03-13 19:00:00-05:00,17.444801330566406,17.609821319580078,17.326932907104492,17.609821319580078,514761,0.27096590399742126,0.0,0.0
TDS,2003-03-16 19:00:00-05:00,17.727691650390625,18.19917106628418,17.65696907043457,18.170883178710938,506277,0.2795991897583008,0.0,0.0
TDS,2003-03-17 19:00:00-05:00,18.38776397705078,18.599931716918945,18.232175827026367,18.52920913696289,429498,0.28511279821395874,0.0,0.0
TDS,2003-03-18 19:00:00-05:00,18.576356887817383,18.741374969482422,18.519779205322266,18.599931716918945,487400,0.2862011194229126,0.0,0.0
TDS,2003-03-19 19:00:00-05:00,18.576356887817383,18.83567237854004,18.38776397705078,18.83567237854004,464494,0.2898283898830414,0.0,0.0
TDS,2003-03-20 19:00:00-05:00,19.094985961914062,19.60890007019043,18.77437973022461,19.40144920349121,464494,0.2985340356826782,0.0,0.0
TDS,2003-03-23 19:00:00-05:00,19.283578872680664,19.283578872680664,18.562213897705078,18.628219604492188,351446,0.2866363227367401,0.0,0.0
TDS,2003-03-24 19:00:00-05:00,18.52920913696289,19.27886390686035,18.52920913696289,18.977115631103516,386018,0.29200488328933716,0.0,0.0
TDS,2003-03-25 19:00:00-05:00,19.21285629272461,19.387304306030273,18.83567237854004,19.34015655517578,533001,0.29759103059768677,0.0,0.0
TDS,2003-03-26 19:00:00-05:00,19.283578872680664,19.75034523010254,19.014833450317383,19.448596954345703,321540,0.2992595434188843,0.0,0.0
TDS,2003-03-27 19:00:00-05:00,19.330726623535156,19.769203186035156,19.260005950927734,19.519319534301758,472341,0.3003478944301605,0.0,0.0
TDS,2003-03-30 19:00:00-05:00,19.448596954345703,19.613615036010742,19.024263381958008,19.288293838500977,431406,0.29679304361343384,0.0,0.0
TDS,2003-03-31 19:00:00-05:00,19.260005950927734,20.132244110107422,19.260005950927734,20.132244110107422,882326,0.3097790479660034,0.0,0.0
TDS,2003-04-01 19:00:00-05:00,20.509429931640625,20.627300262451172,20.382129669189453,20.5,534486,0.3154378831386566,0.0,0.0
TDS,2003-04-02 19:00:00-05:00,20.74517059326172,20.74517059326172,20.08509635925293,20.08509635925293,475523,0.30905359983444214,0.0,0.0
TDS,2003-04-03 19:00:00-05:00,20.0615234375,20.39627456665039,19.94365119934082,19.967226028442383,337447,0.30723974108695984,0.0,0.0
TDS,2003-04-06 20:00:00-04:00,20.320837020874023,20.721595764160156,20.320837020874023,20.547147750854492,476371,0.31616315245628357,0.0,0.0
TDS,2003-04-07 20:00:00-04:00,20.514144897460938,20.556577682495117,20.320837020874023,20.367984771728516,385593,0.31340640783309937,0.0,0.0
TDS,2003-04-08 20:00:00-04:00,20.372699737548828,20.594295501708984,20.122814178466797,20.344411849975586,359293,0.3130437135696411,0.0,0.0
TDS,2003-04-09 20:00:00-04:00,20.344411849975586,20.391559600830078,19.910648345947266,20.080381393432617,407652,0.30898094177246094,0.0,0.0
TDS,2003-04-10 20:00:00-04:00,20.198251724243164,20.7876033782959,19.94365119934082,20.070951461791992,310935,0.3088358938694,0.0,0.0
TDS,2003-04-13 20:00:00-04:00,20.037948608398438,20.151103973388672,19.56646728515625,20.075666427612305,917958,0.3089083433151245,0.0,0.0
TDS,2003-04-14 20:00:00-04:00,20.037948608398438,20.31612205505371,19.986085891723633,20.019088745117188,652624,0.3080379068851471,0.0,0.0
TDS,2003-04-15 20:00:00-04:00,20.155818939208984,20.155818939208984,19.802207946777344,19.806922912597656,269152,0.30477309226989746,0.0,0.0
TDS,2003-04-16 20:00:00-04:00,19.825782775878906,20.20768165588379,19.825782775878906,20.155818939208984,281666,0.31014177203178406,0.0,0.0
TDS,2003-04-20 20:00:00-04:00,20.132244110107422,20.25011444091797,20.08509635925293,20.25011444091797,216552,0.311592698097229,0.0,0.0
TDS,2003-04-21 20:00:00-04:00,20.122814178466797,20.122814178466797,19.802207946777344,20.08509635925293,444556,0.30905359983444214,0.0,0.0
TDS,2003-04-22 20:00:00-04:00,20.136959075927734,20.886615753173828,20.132244110107422,20.886615753173828,516458,0.3213866949081421,0.0,0.0
TDS,2003-04-23 20:00:00-04:00,20.839466094970703,20.844181060791016,20.462282180786133,20.462282180786133,240943,0.31485745310783386,0.0,0.0
TDS,2003-04-24 20:00:00-04:00,20.344411849975586,20.452852249145508,20.047378540039062,20.452852249145508,279120,0.31471216678619385,0.0,0.0
TDS,2003-04-27 20:00:00-04:00,20.509429931640625,20.740455627441406,20.462282180786133,20.740455627441406,295240,0.31913772225379944,0.0,0.0
TDS,2003-04-28 20:00:00-04:00,20.74517059326172,20.74517059326172,20.27368927001953,20.589580535888672,341265,0.3168160319328308,0.0,0.0
TDS,2003-04-29 20:00:00-04:00,20.60372543334961,20.60372543334961,20.202966690063477,20.31612205505371,336811,0.3126082718372345,0.0,0.0
TDS,2003-04-30 20:00:00-04:00,20.31612205505371,20.339696884155273,19.849355697631836,20.27368927001953,273394,0.31195542216300964,0.0,0.0
TDS,2003-05-01 20:00:00-04:00,20.27368927001953,20.391559600830078,19.990800857543945,20.391559600830078,302451,0.31376922130584717,0.0,0.0
TDS,2003-05-04 20:00:00-04:00,20.39627456665039,20.698022842407227,20.18410873413086,20.698022842407227,513488,0.3184847831726074,0.0,0.0
TDS,2003-05-05 20:00:00-04:00,20.74517059326172,20.74988555908203,20.363269805908203,20.721595764160156,491006,0.3188474476337433,0.0,0.0
TDS,2003-05-06 20:00:00-04:00,20.60372543334961,20.79231834411621,20.363269805908203,20.79231834411621,458343,0.31993576884269714,0.0,0.0
TDS,2003-05-07 20:00:00-04:00,20.74517059326172,20.74988555908203,20.589580535888672,20.70273780822754,598327,0.3185572624206543,0.0,0.0
TDS,2003-05-08 20:00:00-04:00,20.74517059326172,20.905473709106445,20.6508731842041,20.698022842407227,392380,0.3184847831726074,0.0,0.0
TDS,2003-05-11 20:00:00-04:00,20.698022842407227,21.16478729248047,20.6508731842041,21.05634880065918,372868,0.32399821281433105,0.0,0.0
TDS,2003-05-12 20:00:00-04:00,21.05634880065918,21.216651916503906,20.830036163330078,21.01862907409668,243912,0.32341793179512024,0.0,0.0
TDS,2003-05-13 20:00:00-04:00,21.023344039916992,21.028059005737305,20.820606231689453,21.009199142456055,174344,0.3232729434967041,0.0,0.0
TDS,2003-05-14 20:00:00-04:00,21.051633834838867,21.28265953063965,20.990339279174805,21.009199142456055,205735,0.3232729434967041,0.0,0.0
TDS,2003-05-15 20:00:00-04:00,21.16950225830078,21.31094741821289,21.065776824951172,21.193077087402344,499278,0.32610222697257996,0.0,0.0
TDS,2003-05-18 20:00:00-04:00,21.12235450744629,21.136499404907227,20.81589126586914,20.93376350402832,405531,0.3221120238304138,0.0,0.0
TDS,2003-05-19 20:00:00-04:00,20.93376350402832,21.24965476989746,20.886615753173828,21.20250701904297,373504,0.3262474536895752,0.0,0.0
TDS,2003-05-20 20:00:00-04:00,21.174217224121094,21.64098358154297,21.174217224121094,21.47596549987793,354627,0.3304551839828491,0.0,0.0
TDS,2003-05-21 20:00:00-04:00,21.457107543945312,21.843721389770508,21.457107543945312,21.61741065979004,346567,0.3326314687728882,0.0,0.0
TDS,2003-05-22 20:00:00-04:00,21.63627052307129,22.34820556640625,21.61741065979004,22.14075469970703,251336,0.3406844735145569,0.0,0.0
TDS,2003-05-26 20:00:00-04:00,22.235050201416016,22.546228408813477,21.97102165222168,22.39063835144043,388351,0.3445293605327606,0.0,0.0
TDS,2003-05-27 20:00:00-04:00,22.50851058959961,22.50851058959961,22.018169403076172,22.301057815551758,245185,0.3431509733200073,0.0,0.0
TDS,2003-05-28 20:00:00-04:00,22.329347610473633,22.913982391357422,22.329347610473633,22.442501068115234,286544,0.3453274667263031,0.0,0.0
TDS,2003-05-29 20:00:00-04:00,22.51322364807129,22.98470687866211,22.51322364807129,22.98470687866211,192797,0.3536704480648041,0.0,0.0
TDS,2003-06-01 20:00:00-04:00,23.102575302124023,23.102575302124023,22.67824363708496,22.748964309692383,218885,0.3500429093837738,0.0,0.0
TDS,2003-06-02 20:00:00-04:00,22.70181655883789,22.852691650390625,22.67824363708496,22.76310920715332,153771,0.35026073455810547,0.0,0.0
TDS,2003-06-03 20:00:00-04:00,22.819686889648438,23.267593383789062,22.819686889648438,23.22044563293457,196614,0.3572976887226105,0.0,0.0
TDS,2003-06-04 20:00:00-04:00,23.225160598754883,23.333602905273438,23.00827980041504,23.149723052978516,193009,0.35620975494384766,0.0,0.0
TDS,2003-06-05 20:00:00-04:00,23.338315963745117,23.52690887451172,22.895124435424805,23.060142517089844,301179,0.3548312187194824,0.0,0.0
TDS,2003-06-08 20:00:00-04:00,23.060142517089844,23.09786033630371,22.67352867126465,22.725391387939453,206371,0.3496803045272827,0.0,0.0
TDS,2003-06-09 20:00:00-04:00,22.583946228027344,22.895124435424805,22.583946228027344,22.86683464050293,198948,0.35185670852661133,0.0,0.0
TDS,2003-06-10 20:00:00-04:00,22.86683464050293,23.267593383789062,22.63581085205078,23.267593383789062,180495,0.35802313685417175,0.0,0.0
TDS,2003-06-11 20:00:00-04:00,23.102575302124023,23.244020462036133,22.711246490478516,23.022424697875977,235428,0.35536715388298035,0.07308,0.0
TDS,2003-06-12 20:00:00-04:00,23.06957244873047,23.173297882080078,22.64052391052246,22.67824363708496,155892,0.35005417466163635,0.0,0.0
TDS,2003-06-15 20:00:00-04:00,22.725391387939453,23.291168212890625,22.725391387939453,23.23930549621582,219309,0.35871464014053345,0.0,0.0
TDS,2003-06-16 20:00:00-04:00,23.338315963745117,23.621204376220703,22.819686889648438,23.40432357788086,326630,0.36126193404197693,0.0,0.0
TDS,2003-06-17 20:00:00-04:00,23.409038543701172,23.762649536132812,23.19687271118164,23.50333595275879,484219,0.3627901077270508,0.0,0.0
TDS,2003-06-18 20:00:00-04:00,23.57405662536621,23.809797286987305,23.418468475341797,23.55048370361328,244973,0.36351799964904785,0.0,0.0
TDS,2003-06-19 20:00:00-04:00,23.621204376220703,23.80036735534668,23.267593383789062,23.71550178527832,349325,0.36606499552726746,0.0,0.0
TDS,2003-06-22 20:00:00-04:00,23.71550178527832,23.71550178527832,23.045997619628906,23.173297882080078,361626,0.35769569873809814,0.0,0.0
TDS,2003-06-23 20:00:00-04:00,23.102575302124023,23.479761123657227,23.05542755126953,23.102575302124023,196827,0.35660412907600403,0.0,0.0
TDS,2003-06-24 20:00:00-04:00,23.079002380371094,23.432613372802734,23.079002380371094,23.173297882080078,245185,0.35769569873809814,0.0,0.0
TDS,2003-06-25 20:00:00-04:00,23.19687271118164,23.710786819458008,23.168582916259766,23.55048370361328,191524,0.36351799964904785,0.0,0.0
TDS,2003-06-26 20:00:00-04:00,23.50333595275879,24.102115631103516,23.50333595275879,24.05025291442871,249639,0.371232271194458,0.0,0.0
TDS,2003-06-29 20:00:00-04:00,23.998390197753906,24.15397834777832,23.432613372802734,23.432613372802734,508398,0.3616982400417328,0.0,0.0
TDS,2003-06-30 20:00:00-04:00,23.55048370361328,24.71504020690918,23.50333595275879,24.705612182617188,452404,0.3813481330871582,0.0,0.0
TDS,2003-07-01 20:00:00-04:00,24.75275993347168,25.31853675842285,24.663177490234375,25.224241256713867,400440,0.38935351371765137,0.0,0.0
TDS,2003-07-02 20:00:00-04:00,25.224241256713867,25.224241256713867,24.90363311767578,24.950782775878906,288665,0.3851325511932373,0.0,0.0
TDS,2003-07-06 20:00:00-04:00,25.06865119934082,25.554277420043945,25.040363311767578,25.554277420043945,327479,0.39444801211357117,0.0,0.0
TDS,2003-07-07 20:00:00-04:00,25.672147750854492,25.761730194091797,25.120515823364258,25.342111587524414,302875,0.39117294549942017,0.0,0.0
TDS,2003-07-08 20:00:00-04:00,25.389259338378906,25.445837020874023,25.247814178466797,25.257244110107422,169890,0.38986319303512573,0.0,0.0
TDS,2003-07-09 20:00:00-04:00,25.1865234375,25.27138900756836,24.847055435180664,24.85648536682129,215067,0.38367682695388794,0.0,0.0
TDS,2003-07-10 20:00:00-04:00,24.908348083496094,25.370399475097656,24.908348083496094,25.365684509277344,128743,0.39153680205345154,0.0,0.0
TDS,2003-07-13 20:00:00-04:00,25.695722579956055,25.884315490722656,25.610855102539062,25.879600524902344,250487,0.39946943521499634,0.0,0.0
TDS,2003-07-14 20:00:00-04:00,25.93146324157715,25.97861099243164,25.31853675842285,25.389259338378906,296088,0.39190083742141724,0.0,0.0
TDS,2003-07-15 20:00:00-04:00,25.625,25.681577682495117,25.1865234375,25.39868927001953,190039,0.39204615354537964,0.0,0.0
TDS,2003-07-16 20:00:00-04:00,25.31853675842285,25.31853675842285,24.969640731811523,25.016788482666016,443496,0.38615134358406067,0.0,0.0
TDS,2003-07-17 20:00:00-04:00,25.10637092590332,25.384544372558594,24.90363311767578,24.98378562927246,409136,0.38564199209213257,0.0,0.0
TDS,2003-07-20 20:00:00-04:00,24.96492576599121,24.974355697631836,24.4227237701416,24.4227237701416,366505,0.3769814670085907,0.0,0.0
TDS,2003-07-21 20:00:00-04:00,24.540592193603516,24.620744705200195,24.375574111938477,24.540592193603516,423983,0.3788009285926819,0.0,0.0
TDS,2003-07-22 20:00:00-04:00,24.375574111938477,24.634889602661133,24.281278610229492,24.625459671020508,423771,0.38011085987091064,0.0,0.0
TDS,2003-07-23 20:00:00-04:00,24.8612003326416,25.059223175048828,24.517019271850586,24.5217342376709,301815,0.37850987911224365,0.0,0.0
TDS,2003-07-24 20:00:00-04:00,24.988500595092773,24.988500595092773,24.432153701782227,24.828197479248047,365020,0.3832402527332306,0.0,0.0
TDS,2003-07-27 20:00:00-04:00,24.94135284423828,25.082796096801758,24.724470138549805,24.823482513427734,174556,0.38316741585731506,0.0,0.0
TDS,2003-07-28 20:00:00-04:00,24.884775161743164,25.040363311767578,24.46515655517578,25.035648345947266,219097,0.3864424526691437,0.0,0.0
TDS,2003-07-29 20:00:00-04:00,25.035648345947266,25.587282180786133,25.035648345947266,25.37982940673828,334054,0.3917553126811981,0.0,0.0
TDS,2003-07-30 20:00:00-04:00,25.384544372558594,25.837167739868164,25.162948608398438,25.162948608398438,549757,0.38840752840042114,0.0,0.0
TDS,2003-07-31 20:00:00-04:00,25.27138900756836,25.45526695251465,25.181808471679688,25.27138900756836,324933,0.3900812566280365,0.0,0.0
TDS,2003-08-03 20:00:00-04:00,25.342111587524414,25.45998191833496,25.200666427612305,25.42226219177246,175193,0.39241015911102295,0.0,0.0
TDS,2003-08-04 20:00:00-04:00,25.31853675842285,25.39868927001953,25.16766357421875,25.224241256713867,218036,0.38935351371765137,0.0,0.0
TDS,2003-08-05 20:00:00-04:00,25.224241256713867,25.860740661621094,25.200666427612305,25.629714965820312,306905,0.3956122398376465,0.0,0.0
TDS,2003-08-06 20:00:00-04:00,25.50241470336914,25.742870330810547,25.50241470336914,25.742870330810547,199160,0.3973589837551117,0.0,0.0
TDS,2003-08-07 20:00:00-04:00,25.742870330810547,26.030473709106445,25.601425170898438,25.799448013305664,276363,0.39823225140571594,0.0,0.0
TDS,2003-08-10 20:00:00-04:00,25.846595764160156,26.303932189941406,25.846595764160156,26.242639541625977,336175,0.40507325530052185,0.0,0.0
TDS,2003-08-11 20:00:00-04:00,26.214351654052734,26.83199119567871,26.214351654052734,26.648113250732422,404258,0.41133183240890503,0.0,0.0
TDS,2003-08-12 20:00:00-04:00,26.756555557250977,26.780128479003906,26.544387817382812,26.572677612304688,1229742,0.4101676046848297,0.0,0.0
TDS,2003-08-13 20:00:00-04:00,26.572677612304688,26.945146560668945,26.431232452392578,26.945146560668945,174768,0.41591694951057434,0.0,0.0
TDS,2003-08-14 20:00:00-04:00,26.945146560668945,26.945146560668945,26.921573638916016,26.921573638916016,17604,0.4155529737472534,0.0,0.0
TDS,2003-08-17 20:00:00-04:00,26.992294311523438,27.468490600585938,26.968721389770508,27.463775634765625,272545,0.42392227053642273,0.0,0.0
TDS,2003-08-18 20:00:00-04:00,27.345905303955078,27.793813705444336,27.228036880493164,27.793813705444336,278272,0.4290165603160858,0.0,0.0
TDS,2003-08-19 20:00:00-04:00,27.793813705444336,27.793813705444336,26.648113250732422,26.780128479003906,639262,0.41336965560913086,0.0,0.0
TDS,2003-08-20 20:00:00-04:00,26.544387817382812,27.020584106445312,26.544387817382812,27.015869140625,387714,0.41700854897499084,0.0,0.0
TDS,2003-08-21 20:00:00-04:00,26.968721389770508,27.21860694885254,26.685832977294922,26.751840591430664,241155,0.4129331409931183,0.0,0.0
TDS,2003-08-24 20:00:00-04:00,26.638683319091797,26.652828216552734,26.41237449645996,26.549102783203125,224611,0.40980374813079834,0.0,0.0
TDS,2003-08-25 20:00:00-04:00,26.591535568237305,26.591535568237305,26.28507423400879,26.450092315673828,668956,0.40827542543411255,0.0,0.0
TDS,2003-08-26 20:00:00-04:00,26.426517486572266,26.68111801147461,26.426517486572266,26.563247680664062,296512,0.4100220799446106,0.0,0.0
TDS,2003-08-27 20:00:00-04:00,26.567962646484375,26.638683319091797,26.41237449645996,26.610395431518555,257062,0.4107497036457062,0.0,0.0
TDS,2003-08-28 20:00:00-04:00,26.610395431518555,27.18088722229004,26.610395431518555,27.072446823120117,232459,0.41788169741630554,0.0,0.0
TDS,2003-09-01 20:00:00-04:00,27.228036880493164,27.294042587280273,26.921573638916016,27.28932762145996,271061,0.4212295114994049,0.0,0.0
TDS,2003-09-02 20:00:00-04:00,27.40719985961914,27.416627883911133,27.063016891479492,27.067731857299805,297785,0.41780897974967957,0.0,0.0
TDS,2003-09-03 20:00:00-04:00,27.067731857299805,27.228036880493164,26.945146560668945,26.987579345703125,402561,0.4165719151496887,0.0,0.0
TDS,2003-09-04 20:00:00-04:00,26.921573638916016,27.091306686401367,26.907428741455078,27.03472900390625,382200,0.4172995686531067,0.0,0.0
TDS,2003-09-07 20:00:00-04:00,26.992294311523438,27.482635498046875,26.968721389770508,27.32233238220215,202765,0.4217388927936554,0.0,0.0
TDS,2003-09-08 20:00:00-04:00,27.2044620513916,27.73723602294922,27.2044620513916,27.440202713012695,336811,0.42355847358703613,0.0,0.0
TDS,2003-09-09 20:00:00-04:00,27.345905303955078,27.35062026977539,27.13845443725586,27.2044620513916,509670,0.41991961002349854,0.0,0.0
TDS,2003-09-10 20:00:00-04:00,27.26103973388672,27.275184631347656,27.133739471435547,27.251609802246094,506701,0.42064738273620605,0.0,0.0
TDS,2003-09-11 20:00:00-04:00,27.110166549682617,27.477920532226562,26.992294311523438,27.416627883911133,269364,0.4243321716785431,0.07308,0.0
TDS,2003-09-14 20:00:00-04:00,27.416627883911133,27.72309112548828,27.416627883911133,27.558073043823242,514337,0.4265216290950775,0.0,0.0
TDS,2003-09-15 20:00:00-04:00,27.487350463867188,27.600505828857422,27.124309539794922,27.124309539794922,527487,0.4198082685470581,0.0,0.0
TDS,2003-09-16 20:00:00-04:00,27.124309539794922,27.15731430053711,26.992294311523438,26.992294311523438,504792,0.4177648425102234,0.0,0.0
TDS,2003-09-17 20:00:00-04:00,27.228036880493164,27.75609588623047,27.18088722229004,27.67594337463379,482310,0.4283458888530731,0.0,0.0
TDS,2003-09-18 20:00:00-04:00,27.793813705444336,27.817386627197266,27.39305305480957,27.444917678833008,550393,0.42477014660835266,0.0,0.0
TDS,2003-09-21 20:00:00-04:00,27.39305305480957,27.873964309692383,27.18088722229004,27.807958602905273,221218,0.43038907647132874,0.0,0.0
TDS,2003-09-22 20:00:00-04:00,27.74666404724121,28.123849868774414,27.708946228027344,27.817386627197266,328539,0.430535227060318,0.0,0.0
TDS,2003-09-23 20:00:00-04:00,27.69951629638672,27.98712158203125,27.298757553100586,27.355335235595703,246669,0.4233839511871338,0.0,0.0
TDS,2003-09-24 20:00:00-04:00,27.440202713012695,27.529783248901367,26.874425888061523,27.086591720581055,231398,0.4192245304584503,0.0,0.0
TDS,2003-09-25 20:00:00-04:00,26.968721389770508,26.992294311523438,26.69997787475586,26.718835830688477,360354,0.4135325849056244,0.0,0.0
TDS,2003-09-28 20:00:00-04:00,26.780128479003906,26.874425888061523,26.591535568237305,26.695262908935547,179222,0.41316771507263184,0.0,0.0
TDS,2003-09-29 20:00:00-04:00,26.638683319091797,26.780128479003906,26.60096549987793,26.657543182373047,494187,0.4125838875770569,0.0,0.0
TDS,2003-09-30 20:00:00-04:00,26.704692840576172,27.21860694885254,26.704692840576172,27.091306686401367,436073,0.41929712891578674,0.0,0.0
TDS,2003-10-01 20:00:00-04:00,27.063016891479492,27.600505828857422,27.063016891479492,27.57221794128418,225460,0.426740437746048,0.0,0.0
TDS,2003-10-02 20:00:00-04:00,27.619365692138672,28.26529312133789,27.619365692138672,28.10970687866211,366080,0.43505939841270447,0.0,0.0
TDS,2003-10-05 20:00:00-04:00,28.05312728881836,28.453887939453125,28.02955436706543,28.293582916259766,247730,0.4379051923751831,0.0,0.0
TDS,2003-10-06 20:00:00-04:00,28.24172019958496,28.63776397705078,28.100276947021484,28.61890411376953,259395,0.44294029474258423,0.0,0.0
TDS,2003-10-07 20:00:00-04:00,28.642478942871094,28.972515106201172,28.61890411376953,28.722631454467773,336175,0.4445457458496094,0.0,0.0
TDS,2003-10-08 20:00:00-04:00,28.831071853637695,29.231830596923828,28.774494171142578,29.057382583618164,291634,0.4497267007827759,0.0,0.0
TDS,2003-10-09 20:00:00-04:00,29.09038543701172,29.09038543701172,28.727346420288086,28.76034927368164,210189,0.4451294541358948,0.0,0.0
TDS,2003-10-12 20:00:00-04:00,28.76034927368164,28.930082321166992,28.62833595275879,28.887649536132812,161830,0.4470997154712677,0.0,0.0
TDS,2003-10-13 20:00:00-04:00,28.90179443359375,28.92536735534668,28.5953311920166,28.807498931884766,264486,0.44585928320884705,0.0,0.0
TDS,2003-10-14 20:00:00-04:00,28.878219604492188,29.033809661865234,28.57175636291504,28.915937423706055,293331,0.44753772020339966,0.0,0.0
TDS,2003-10-15 20:00:00-04:00,28.972515106201172,29.11396026611328,28.835786819458008,28.85936164855957,115381,0.4466620981693268,0.0,0.0
TDS,2003-10-16 20:00:00-04:00,29.04795265197754,29.198827743530273,28.783924102783203,29.12810516357422,366080,0.4508213996887207,0.0,0.0
TDS,2003-10-19 20:00:00-04:00,29.12810516357422,29.552438735961914,28.92536735534668,29.17525291442871,284423,0.4515511393547058,0.0,0.0
TDS,2003-10-20 20:00:00-04:00,29.231830596923828,30.184223175048828,29.161109924316406,30.137075424194336,335326,0.466437429189682,0.0,0.0
TDS,2003-10-21 20:00:00-04:00,29.891904830932617,29.891904830932617,28.57175636291504,28.57175636291504,1047126,0.4422106146812439,0.0,0.0
TDS,2003-10-22 20:00:00-04:00,28.359590530395508,28.6330509185791,28.104991912841797,28.312442779541016,529396,0.4381971061229706,0.0,0.0
TDS,2003-10-23 20:00:00-04:00,28.38316535949707,28.38316535949707,27.911684036254883,28.05312728881836,394926,0.4341837167739868,0.0,0.0
TDS,2003-10-26 19:00:00-05:00,28.100276947021484,28.18042755126953,28.048412322998047,28.13327980041504,296724,0.43542420864105225,0.0,0.0
TDS,2003-10-27 19:00:00-05:00,28.24172019958496,29.25540542602539,28.24172019958496,29.25540542602539,329175,0.4527915120124817,0.0,0.0
TDS,2003-10-28 19:00:00-05:00,29.326126098632812,29.792892456054688,29.326126098632812,29.42042350769043,268728,0.45534560084342957,0.0,0.0
TDS,2003-10-29 19:00:00-05:00,29.373275756835938,29.679737091064453,29.373275756835938,29.618444442749023,242003,0.45841050148010254,0.0,0.0
TDS,2003-10-30 19:00:00-05:00,29.618444442749023,29.802322387695312,29.42042350769043,29.514719009399414,341053,0.45680490136146545,0.0,0.0
TDS,2003-11-02 19:00:00-05:00,29.63258934020996,29.891904830932617,29.538293838500977,29.623159408569336,322388,0.4584833085536957,0.0,0.0
TDS,2003-11-03 19:00:00-05:00,29.670307159423828,29.69388198852539,29.373275756835938,29.42042350769043,337659,0.45534560084342957,0.0,0.0
TDS,2003-11-04 19:00:00-05:00,29.396848678588867,29.764604568481445,29.359130859375,29.750459671020508,476795,0.4604535698890686,0.0,0.0
TDS,2003-11-05 19:00:00-05:00,29.750459671020508,29.910764694213867,29.57129669189453,29.821182250976562,538940,0.4615480601787567,0.0,0.0
TDS,2003-11-06 19:00:00-05:00,29.891904830932617,30.071067810058594,29.825897216796875,29.929622650146484,539364,0.4632266163825989,0.0,0.0
TDS,2003-11-09 19:00:00-05:00,30.009775161743164,30.071067810058594,29.750459671020508,29.769319534301758,297573,0.4607454240322113,0.0,0.0
TDS,2003-11-10 19:00:00-05:00,29.797607421875,29.797607421875,29.231830596923828,29.62787437438965,197251,0.45855629444122314,0.0,0.0
TDS,2003-11-11 19:00:00-05:00,29.373275756835938,29.703311920166016,29.373275756835938,29.56186866760254,539576,0.4575348496437073,0.0,0.0
TDS,2003-11-12 19:00:00-05:00,29.58544158935547,29.750459671020508,29.42042350769043,29.439281463623047,488036,0.45563745498657227,0.0,0.0
TDS,2003-11-13 19:00:00-05:00,29.46285629272461,29.792892456054688,29.46285629272461,29.519433975219727,344446,0.456878125667572,0.0,0.0
TDS,2003-11-16 19:00:00-05:00,29.58544158935547,29.703311920166016,29.396848678588867,29.703311920166016,389199,0.4597238600254059,0.0,0.0
TDS,2003-11-17 19:00:00-05:00,29.60901641845703,29.792892456054688,29.184682846069336,29.184682846069336,242852,0.45169681310653687,0.0,0.0
TDS,2003-11-18 19:00:00-05:00,29.18939781188965,29.18939781188965,28.54818344116211,28.5953311920166,423135,0.44257551431655884,0.0,0.0
TDS,2003-11-19 19:00:00-05:00,28.477460861206055,28.722631454467773,28.312442779541016,28.57647132873535,368413,0.44228363037109375,0.0,0.0
TDS,2003-11-20 19:00:00-05:00,28.524608612060547,28.727346420288086,28.524608612060547,28.684913635253906,391956,0.44396206736564636,0.0,0.0
TDS,2003-11-23 19:00:00-05:00,28.807498931884766,29.316696166992188,28.807498931884766,29.2082576751709,302239,0.4520619213581085,0.0,0.0
TDS,2003-11-24 19:00:00-05:00,29.161109924316406,29.538293838500977,29.161109924316406,29.34027099609375,421226,0.454105019569397,0.0,0.0
TDS,2003-11-25 19:00:00-05:00,29.458141326904297,29.679737091064453,29.27897834777832,29.514719009399414,214855,0.45680490136146545,0.0,0.0
TDS,2003-11-27 19:00:00-05:00,29.58544158935547,29.906049728393555,29.54300880432129,29.56186866760254,92262,0.4575348496437073,0.0,0.0
TDS,2003-11-30 19:00:00-05:00,29.703311920166016,30.075782775878906,29.703311920166016,30.033348083496094,240731,0.46483203768730164,0.0,0.0
TDS,2003-12-01 19:00:00-05:00,29.9862003326416,30.06635284423828,29.703311920166016,29.797607421875,316662,0.46118342876434326,0.0,0.0
TDS,2003-12-02 19:00:00-05:00,29.821182250976562,29.87775993347168,29.316696166992188,29.58544158935547,474462,0.45789965987205505,0.0,0.0
TDS,2003-12-03 19:00:00-05:00,29.514719009399414,29.58544158935547,29.123390197753906,29.349700927734375,524729,0.45425111055374146,0.0,0.0
TDS,2003-12-04 19:00:00-05:00,29.42042350769043,29.514719009399414,29.13753318786621,29.302553176879883,212522,0.45352134108543396,0.0,0.0
TDS,2003-12-07 19:00:00-05:00,29.349700927734375,29.514719009399414,29.23654556274414,29.3214111328125,484643,0.4538130462169647,0.0,0.0
TDS,2003-12-08 19:00:00-05:00,29.349700927734375,29.42042350769043,29.05266761779785,29.099815368652344,283150,0.4503834843635559,0.0,0.0
TDS,2003-12-09 19:00:00-05:00,28.90179443359375,28.906509399414062,28.48689079284668,28.71320152282715,878932,0.4443998634815216,0.0,0.0
TDS,2003-12-10 19:00:00-05:00,28.524608612060547,29.014949798583984,28.524608612060547,28.807498931884766,558453,0.44699689745903015,0.07308,0.0
TDS,2003-12-11 19:00:00-05:00,28.948942184448242,28.948942184448242,28.7320613861084,28.90179443359375,410409,0.4484602212905884,0.0,0.0
TDS,2003-12-14 19:00:00-05:00,28.90179443359375,28.958372116088867,28.524608612060547,28.5953311920166,452404,0.4437047839164734,0.0,0.0
TDS,2003-12-15 19:00:00-05:00,28.59061622619629,28.996089935302734,28.430313110351562,28.783924102783203,477220,0.4466310143470764,0.0,0.0
TDS,2003-12-16 19:00:00-05:00,28.783924102783203,28.783924102783203,28.5953311920166,28.73677635192871,353991,0.4458995759487152,0.0,0.0
TDS,2003-12-17 19:00:00-05:00,28.689626693725586,29.06681251525879,28.65190887451172,29.014949798583984,460252,0.4502159655094147,0.0,0.0
TDS,2003-12-18 19:00:00-05:00,28.948942184448242,29.043237686157227,28.5953311920166,28.90179443359375,642019,0.4484602212905884,0.0,0.0
TDS,2003-12-21 19:00:00-05:00,28.807498931884766,29.10924530029297,28.783924102783203,28.98194694519043,454313,0.44970375299453735,0.0,0.0
TDS,2003-12-22 19:00:00-05:00,28.972515106201172,29.184682846069336,28.906509399414062,29.019664764404297,665774,0.4502890408039093,0.0,0.0
TDS,2003-12-23 19:00:00-05:00,28.948942184448242,28.972515106201172,28.80278205871582,28.90179443359375,173284,0.4484602212905884,0.0,0.0
TDS,2003-12-25 19:00:00-05:00,28.807498931884766,28.897079467773438,28.5953311920166,28.666053771972656,189827,0.4448021352291107,0.0,0.0
TDS,2003-12-28 19:00:00-05:00,28.54818344116211,29.373275756835938,28.54818344116211,29.373275756835938,723253,0.45577603578567505,0.0,0.0
TDS,2003-12-29 19:00:00-05:00,29.42042350769043,29.58544158935547,29.293123245239258,29.396848678588867,646685,0.45614174008369446,0.0,0.0
TDS,2003-12-30 19:00:00-05:00,29.349700927734375,29.510005950927734,29.13753318786621,29.49114418029785,334902,0.45760467648506165,0.0,0.0
TDS,2004-01-01 19:00:00-05:00,29.44399642944336,29.618444442749023,29.260120391845703,29.302553176879883,278484,0.45467856526374817,0.0,0.0
TDS,2004-01-04 19:00:00-05:00,29.373275756835938,29.656164169311523,29.326126098632812,29.60901641845703,677228,0.45943382382392883,0.0,0.0
TDS,2004-01-05 19:00:00-05:00,29.58544158935547,30.269088745117188,29.58544158935547,30.245515823364258,855177,0.46931010484695435,0.0,0.0
TDS,2004-01-06 19:00:00-05:00,30.174793243408203,30.33509635925293,29.92019271850586,30.264373779296875,792609,0.4696028530597687,0.0,0.0
TDS,2004-01-07 19:00:00-05:00,30.33509635925293,30.622699737548828,30.221940994262695,30.622699737548828,471281,0.47516289353370667,0.0,0.0
TDS,2004-01-08 19:00:00-05:00,30.622699737548828,30.91973304748535,30.410533905029297,30.764144897460938,693559,0.4773576557636261,0.0,0.0
TDS,2004-01-11 19:00:00-05:00,30.81129264831543,30.858440399169922,30.622699737548828,30.76885986328125,429922,0.47743088006973267,0.0,0.0
TDS,2004-01-12 19:00:00-05:00,30.76885986328125,30.99517059326172,30.5991268157959,30.764144897460938,471493,0.4773576557636261,0.0,0.0
TDS,2004-01-13 19:00:00-05:00,30.716995239257812,31.028173446655273,30.693422317504883,31.02345848083496,789003,0.48138129711151123,0.0,0.0
TDS,2004-01-14 19:00:00-05:00,30.99988555908203,31.117755889892578,30.9385929107666,30.99988555908203,2655674,0.4810156524181366,0.0,0.0
TDS,2004-01-15 19:00:00-05:00,30.99988555908203,31.094181060791016,30.97631072998047,30.97631072998047,874902,0.48064959049224854,0.0,0.0
TDS,2004-01-19 19:00:00-05:00,31.117755889892578,32.381324768066406,31.117755889892578,32.37189483642578,971407,0.5023046731948853,0.0,0.0
TDS,2004-01-20 19:00:00-05:00,32.343605041503906,33.23942184448242,32.29645919799805,32.82923126220703,767369,0.5094009041786194,0.0,0.0
TDS,2004-01-21 19:00:00-05:00,32.767940521240234,33.00368118286133,32.414329528808594,32.5557746887207,297997,0.5051576495170593,0.0,0.0
TDS,2004-01-22 19:00:00-05:00,32.50862503051758,32.909385681152344,32.37189483642578,32.579345703125,287180,0.5055234432220459,0.0,0.0
TDS,2004-01-25 19:00:00-05:00,32.53219985961914,32.9565315246582,32.48976516723633,32.9565315246582,211673,0.5113762617111206,0.0,0.0
TDS,2004-01-26 19:00:00-05:00,32.909385681152344,32.909385681152344,32.569915771484375,32.838661193847656,246669,0.5095472931861877,0.0,0.0
TDS,2004-01-27 19:00:00-05:00,32.909385681152344,32.97067642211914,32.06071853637695,32.06071853637695,310299,0.49747607111930847,0.0,0.0
TDS,2004-01-28 19:00:00-05:00,32.36717987060547,32.38603973388672,31.230911254882812,31.65995979309082,1060276,0.49125757813453674,0.0,0.0
TDS,2004-01-29 19:00:00-05:00,31.54208755493164,31.82497787475586,31.136615753173828,31.24976921081543,1039914,0.48489275574684143,0.0,0.0
TDS,2004-02-01 19:00:00-05:00,31.212051391601562,31.325206756591797,31.0376033782959,31.18376350402832,1017856,0.4838685691356659,0.0,0.0
TDS,2004-02-02 19:00:00-05:00,31.117755889892578,31.466651916503906,31.117755889892578,31.353496551513672,305208,0.4865022301673889,0.0,0.0
TDS,2004-02-03 19:00:00-05:00,31.282773971557617,31.466651916503906,31.160188674926758,31.353496551513672,723465,0.4865022301673889,0.0,0.0
TDS,2004-02-04 19:00:00-05:00,31.400644302368164,31.8532657623291,31.400644302368164,31.626955032348633,659836,0.49074554443359375,0.0,0.0
TDS,2004-02-05 19:00:00-05:00,31.636384963989258,32.485050201416016,31.447792053222656,32.485050201416016,338084,0.5040602087974548,0.0,0.0
TDS,2004-02-08 19:00:00-05:00,32.343605041503906,32.579345703125,32.343605041503906,32.343605041503906,166709,0.5018654465675354,0.0,0.0
TDS,2004-02-09 19:00:00-05:00,32.39075469970703,33.06968688964844,32.39075469970703,33.00368118286133,424407,0.5121076703071594,0.0,0.0
TDS,2004-02-10 19:00:00-05:00,32.93295669555664,34.31911087036133,32.9188117980957,34.1823844909668,1069396,0.5303974151611328,0.0,0.0
TDS,2004-02-11 19:00:00-05:00,34.064510345458984,34.11166000366211,33.54588317871094,33.69204330444336,555059,0.5227888822555542,0.0,0.0
TDS,2004-02-12 19:00:00-05:00,33.69675827026367,33.9089241027832,33.333717346191406,33.48930358886719,436073,0.5196433067321777,0.0,0.0
TDS,2004-02-16 19:00:00-05:00,33.71090316772461,34.53599548339844,33.64017868041992,34.32854080200195,515609,0.5326651334762573,0.0,0.0
TDS,2004-02-17 19:00:00-05:00,34.300254821777344,34.5218505859375,34.1823844909668,34.32382583618164,597055,0.5325920581817627,0.0,0.0
TDS,2004-02-18 19:00:00-05:00,34.3474006652832,34.44169616699219,34.205955505371094,34.210670471191406,469160,0.530836284160614,0.0,0.0
TDS,2004-02-19 19:00:00-05:00,34.25782012939453,34.31911087036133,34.04093933105469,34.121089935302734,395562,0.5294462442398071,0.0,0.0
TDS,2004-02-22 19:00:00-05:00,34.21538543701172,34.21538543701172,34.04093933105469,34.064510345458984,375837,0.5285682678222656,0.0,0.0
TDS,2004-02-23 19:00:00-05:00,34.04093933105469,34.04093933105469,33.74390411376953,33.90420913696289,302027,0.5260804891586304,0.0,0.0
TDS,2004-02-24 19:00:00-05:00,33.857059478759766,34.045654296875,33.560028076171875,33.932498931884766,363323,0.5265198349952698,0.0,0.0
TDS,2004-02-25 19:00:00-05:00,33.9466438293457,34.1446647644043,33.644893646240234,34.064510345458984,317934,0.5285682678222656,0.0,0.0
TDS,2004-02-26 19:00:00-05:00,34.017364501953125,34.08808517456055,33.805198669433594,33.97021484375,341689,0.5271050930023193,0.0,0.0
TDS,2004-02-29 19:00:00-05:00,34.08808517456055,34.771732330322266,34.07394027709961,34.771732330322266,307754,0.539542019367218,0.0,0.0
TDS,2004-03-01 19:00:00-05:00,34.74816131591797,35.092342376708984,34.653865814208984,35.092342376708984,340417,0.5445166230201721,0.0,0.0
TDS,2004-03-02 19:00:00-05:00,35.03104782104492,35.13477325439453,34.87546157836914,34.90846252441406,605114,0.5416632890701294,0.0,0.0
TDS,2004-03-03 19:00:00-05:00,34.90846252441406,34.998046875,34.73401641845703,34.738731384277344,389835,0.5390300750732422,0.0,0.0
TDS,2004-03-04 19:00:00-05:00,34.653865814208984,35.120628356933594,34.653865814208984,34.724586486816406,296937,0.5388107299804688,0.0,0.0
TDS,2004-03-07 19:00:00-05:00,34.653865814208984,34.87546157836914,34.63029098510742,34.701011657714844,514973,0.5384445190429688,0.0,0.0
TDS,2004-03-08 19:00:00-05:00,34.74816131591797,34.88960266113281,34.61143112182617,34.81888198852539,358021,0.5402736663818359,0.0,0.0
TDS,2004-03-09 19:00:00-05:00,34.79530715942383,34.97447204589844,34.57371139526367,34.653865814208984,565452,0.5377131700515747,0.0,0.0
TDS,2004-03-10 19:00:00-05:00,34.559566497802734,34.559566497802734,34.314395904541016,34.370975494384766,1055397,0.5333234071731567,0.0,0.0
TDS,2004-03-11 19:00:00-05:00,34.37569046020508,34.84245681762695,34.370975494384766,34.83302688598633,278696,0.5404931306838989,0.0,0.0
TDS,2004-03-14 19:00:00-05:00,34.771732330322266,34.771732330322266,33.597747802734375,33.71090316772461,421226,0.5242522358894348,0.077794,0.0
TDS,2004-03-15 19:00:00-05:00,33.475162506103516,33.560028076171875,33.13569641113281,33.168697357177734,1056246,0.515820324420929,0.0,0.0
TDS,2004-03-16 19:00:00-05:00,33.17341232299805,33.805198669433594,33.027252197265625,33.805198669433594,776489,0.5257189869880676,0.0,0.0
TDS,2004-03-17 19:00:00-05:00,33.71090316772461,33.77690887451172,33.09797668457031,33.475162506103516,386866,0.5205861926078796,0.0,0.0
TDS,2004-03-18 19:00:00-05:00,33.333717346191406,33.35729217529297,33.168697357177734,33.28656768798828,630778,0.5176533460617065,0.0,0.0
TDS,2004-03-21 19:00:00-05:00,33.21584701538086,33.21584701538086,32.838661193847656,33.00368118286133,546151,0.5132541060447693,0.0,0.0
TDS,2004-03-22 19:00:00-05:00,33.00368118286133,33.20170211791992,31.82497787475586,31.82497787475586,692499,0.4949236810207367,0.0,0.0
TDS,2004-03-23 19:00:00-05:00,31.707107543945312,31.777828216552734,31.447792053222656,31.65995979309082,518579,0.4923573136329651,0.0,0.0
TDS,2004-03-24 19:00:00-05:00,31.777828216552734,32.343605041503906,31.589235305786133,32.254024505615234,312420,0.5015959143638611,0.0,0.0
TDS,2004-03-25 19:00:00-05:00,32.254024505615234,32.4803352355957,32.01356887817383,32.29645919799805,323237,0.5022556781768799,0.0,0.0
TDS,2004-03-28 19:00:00-05:00,32.36717987060547,32.62178039550781,32.169158935546875,32.522769927978516,351234,0.5057750940322876,0.0,0.0
TDS,2004-03-29 19:00:00-05:00,32.43790054321289,32.86223602294922,32.414329528808594,32.767940521240234,460252,0.5095880031585693,0.0,0.0
TDS,2004-03-30 19:00:00-05:00,32.838661193847656,33.5694580078125,32.70193099975586,33.41386795043945,936835,0.5196329355239868,0.0,0.0
TDS,2004-03-31 19:00:00-05:00,33.522308349609375,33.59303283691406,33.19698715209961,33.37614822387695,462585,0.519046425819397,0.0,0.0
TDS,2004-04-01 19:00:00-05:00,33.5694580078125,33.59303283691406,33.17341232299805,33.22056198120117,969498,0.5166268348693848,0.0,0.0
TDS,2004-04-04 20:00:00-04:00,33.22056198120117,33.89949417114258,33.22056198120117,33.805198669433594,686560,0.5257189869880676,0.0,0.0
TDS,2004-04-05 20:00:00-04:00,33.92306900024414,34.1446647644043,33.809913635253906,34.12580490112305,610629,0.5307045578956604,0.0,0.0
TDS,2004-04-06 20:00:00-04:00,34.12580490112305,34.13523483276367,33.767478942871094,33.998504638671875,288453,0.5287249684333801,0.0,0.0
TDS,2004-04-07 20:00:00-04:00,34.045654296875,34.08808517456055,33.71090316772461,33.84291458129883,217824,0.5263053774833679,0.0,0.0
TDS,2004-04-11 20:00:00-04:00,33.72504425048828,33.894779205322266,33.456302642822266,33.5694580078125,606599,0.5220525860786438,0.0,0.0
TDS,2004-04-12 20:00:00-04:00,33.35729217529297,33.35729217529297,32.69721603393555,32.72079086303711,718587,0.5088546872138977,0.0,0.0
TDS,2004-04-13 20:00:00-04:00,32.579345703125,32.74436569213867,32.50862503051758,32.62178039550781,774368,0.507314920425415,0.0,0.0
TDS,2004-04-14 20:00:00-04:00,32.65007019042969,32.82923126220703,32.419044494628906,32.607635498046875,327903,0.5070948600769043,0.0,0.0
TDS,2004-04-15 20:00:00-04:00,32.579345703125,32.767940521240234,32.414329528808594,32.72079086303711,342750,0.5088546872138977,0.0,0.0
TDS,2004-04-18 20:00:00-04:00,32.69721603393555,32.69721603393555,32.26345443725586,32.34832000732422,737887,0.5030623078346252,0.0,0.0
TDS,2004-04-19 20:00:00-04:00,32.29645919799805,32.62178039550781,32.24930953979492,32.25873947143555,509883,0.5016693472862244,0.0,0.0
TDS,2004-04-20 20:00:00-04:00,32.24930953979492,32.395469665527344,32.01356887817383,32.20216369628906,358869,0.5007891058921814,0.0,0.0
TDS,2004-04-21 20:00:00-04:00,32.20216369628906,32.69721603393555,32.01356887817383,32.33417510986328,377109,0.5028420686721802,0.0,0.0
TDS,2004-04-22 20:00:00-04:00,32.2398796081543,32.29645919799805,31.942846298217773,32.21159362792969,290574,0.5009358525276184,0.0,0.0
TDS,2004-04-25 20:00:00-04:00,32.1785888671875,32.26816940307617,31.730680465698242,31.92870330810547,194706,0.4965365529060364,0.0,0.0
TDS,2004-04-26 20:00:00-04:00,31.87212562561035,32.19273376464844,31.589235305786133,31.707107543945312,306481,0.4930902421474457,0.0,0.0
TDS,2004-04-27 20:00:00-04:00,31.235626220703125,31.53737449645996,30.97631072998047,31.193191528320312,616143,0.48509833216667175,0.0,0.0
TDS,2004-04-28 20:00:00-04:00,31.117755889892578,31.49493980407715,31.047033309936523,31.16490364074707,539576,0.48465830087661743,0.0,0.0
TDS,2004-04-29 20:00:00-04:00,31.117755889892578,31.254484176635742,31.051748275756836,31.098896026611328,360354,0.48363175988197327,0.0,0.0
TDS,2004-05-02 20:00:00-04:00,31.117755889892578,31.254484176635742,31.047033309936523,31.1884765625,748068,0.48502489924430847,0.0,0.0
TDS,2004-05-03 20:00:00-04:00,31.117755889892578,31.155473709106445,30.85372543334961,31.02345848083496,720920,0.48245880007743835,0.0,0.0
TDS,2004-05-04 20:00:00-04:00,31.108325958251953,32.310604095458984,31.070606231689453,32.03242874145508,794305,0.4981496334075928,0.0,0.0
TDS,2004-05-05 20:00:00-04:00,32.03242874145508,32.06071853637695,31.612810134887695,31.942846298217773,515185,0.49675649404525757,0.0,0.0
TDS,2004-05-06 20:00:00-04:00,31.942846298217773,32.01356887817383,31.117755889892578,31.117755889892578,706709,0.4839251935482025,0.0,0.0
TDS,2004-05-09 20:00:00-04:00,30.99988555908203,30.99988555908203,30.655704498291016,30.660419464111328,474250,0.47681310772895813,0.0,0.0
TDS,2004-05-10 20:00:00-04:00,30.5991268157959,31.1884765625,30.5991268157959,31.141328811645508,433103,0.48429179191589355,0.0,0.0
TDS,2004-05-11 20:00:00-04:00,31.1884765625,31.51851463317871,30.797147750854492,31.273344039916992,858783,0.4863448739051819,0.0,0.0
TDS,2004-05-12 20:00:00-04:00,31.259199142456055,31.53737449645996,31.193191528320312,31.320491790771484,427589,0.48707807064056396,0.0,0.0
TDS,2004-05-13 20:00:00-04:00,31.320491790771484,31.320491790771484,30.882015228271484,30.99988555908203,467039,0.48209211230278015,0.0,0.0
TDS,2004-05-16 20:00:00-04:00,30.95273780822754,31.32992172241211,30.834867477416992,31.047033309936523,353142,0.48282548785209656,0.0,0.0
TDS,2004-05-17 20:00:00-04:00,30.99988555908203,31.3770694732666,30.99988555908203,31.28748893737793,454313,0.486564964056015,0.0,0.0
TDS,2004-05-18 20:00:00-04:00,31.400644302368164,31.636384963989258,31.339351654052734,31.447792053222656,435860,0.4890578091144562,0.0,0.0
TDS,2004-05-19 20:00:00-04:00,31.424217224121094,31.53737449645996,31.353496551513672,31.53737449645996,306057,0.4904507100582123,0.0,0.0
TDS,2004-05-20 20:00:00-04:00,31.53737449645996,32.131439208984375,31.53737449645996,31.777828216552734,343174,0.4941904544830322,0.0,0.0
TDS,2004-05-23 20:00:00-04:00,31.84855079650879,32.10786437988281,31.546802520751953,31.68353271484375,330024,0.49272391200065613,0.0,0.0
TDS,2004-05-24 20:00:00-04:00,31.636384963989258,32.03714370727539,31.589235305786133,31.989994049072266,443708,0.49748992919921875,0.0,0.0
TDS,2004-05-25 20:00:00-04:00,31.99471092224121,33.04139709472656,31.99471092224121,33.03196716308594,767369,0.5136938095092773,0.0,0.0
TDS,2004-05-26 20:00:00-04:00,33.07911682128906,33.437442779541016,32.88581085205078,33.437442779541016,767581,0.5199998617172241,0.0,0.0
TDS,2004-05-27 20:00:00-04:00,33.437442779541016,33.97021484375,33.437442779541016,33.78162384033203,1520315,0.5253520607948303,0.0,0.0
TDS,2004-05-31 20:00:00-04:00,33.78162384033203,33.84762954711914,33.44687271118164,33.67789840698242,563331,0.5237389206886292,0.0,0.0
TDS,2004-06-01 20:00:00-04:00,33.828773498535156,33.894779205322266,33.59303283691406,33.6307487487793,424195,0.5230056643486023,0.0,0.0
TDS,2004-06-02 20:00:00-04:00,33.6307487487793,33.6307487487793,32.838661193847656,32.871665954589844,646685,0.5112012028694153,0.0,0.0
TDS,2004-06-03 20:00:00-04:00,32.96596145629883,33.52702331542969,32.9565315246582,33.35729217529297,784761,0.5187532305717468,0.0,0.0
TDS,2004-06-06 20:00:00-04:00,33.333717346191406,33.522308349609375,33.00368118286133,33.40443801879883,691226,0.5194862484931946,0.0,0.0
TDS,2004-06-07 20:00:00-04:00,33.333717346191406,33.34314727783203,33.13569641113281,33.329002380371094,340629,0.5183131694793701,0.0,0.0
TDS,2004-06-08 20:00:00-04:00,33.23942184448242,33.34314727783203,32.86223602294922,32.871665954589844,533001,0.5112012028694153,0.0,0.0
TDS,2004-06-09 20:00:00-04:00,32.876380920410156,33.07911682128906,32.876380920410156,33.05082702636719,277636,0.5139873623847961,0.0,0.0
TDS,2004-06-13 20:00:00-04:00,33.02253723144531,33.02253723144531,32.50862503051758,32.53219985961914,353355,0.5071153044700623,0.077794,0.0
TDS,2004-06-14 20:00:00-04:00,32.579345703125,32.97539138793945,32.579345703125,32.767940521240234,399168,0.5107903480529785,0.0,0.0
TDS,2004-06-15 20:00:00-04:00,32.77265548706055,32.838661193847656,32.53219985961914,32.673641204833984,159922,0.5093202590942383,0.0,0.0
TDS,2004-06-16 20:00:00-04:00,32.626495361328125,33.13569641113281,32.45676040649414,33.08854675292969,211673,0.5157878994941711,0.0,0.0
TDS,2004-06-17 20:00:00-04:00,33.00368118286133,33.25828170776367,32.890525817871094,33.01310729980469,489309,0.514612078666687,0.0,0.0
TDS,2004-06-20 20:00:00-04:00,32.980106353759766,33.14512252807617,32.9565315246582,33.00368118286133,420589,0.5144650340080261,0.0,0.0
TDS,2004-06-21 20:00:00-04:00,33.00368118286133,33.225276947021484,32.961246490478516,33.14512252807617,507549,0.5166695713996887,0.0,0.0
TDS,2004-06-22 20:00:00-04:00,33.121551513671875,33.64960861206055,33.01310729980469,33.61660385131836,504156,0.5240191221237183,0.0,0.0
TDS,2004-06-23 20:00:00-04:00,33.61660385131836,33.75804901123047,33.295997619628906,33.310142517089844,380715,0.5192422270774841,0.0,0.0
TDS,2004-06-24 20:00:00-04:00,33.37143325805664,34.1069450378418,33.35729217529297,33.9466438293457,486552,0.5291640758514404,0.0,0.0
TDS,2004-06-27 20:00:00-04:00,33.92306900024414,34.03150939941406,33.71090316772461,33.824058532714844,250911,0.5272531509399414,0.0,0.0
TDS,2004-06-28 20:00:00-04:00,33.85234451293945,33.85234451293945,33.522308349609375,33.560028076171875,220157,0.5231372117996216,0.0,0.0
TDS,2004-06-29 20:00:00-04:00,33.79576873779297,33.9466438293457,33.5694580078125,33.5694580078125,379018,0.5232844352722168,0.0,0.0
TDS,2004-06-30 20:00:00-04:00,33.607177734375,33.65432357788086,32.961246490478516,32.961246490478516,315389,0.5138034224510193,0.0,0.0
TDS,2004-07-01 20:00:00-04:00,33.07911682128906,33.121551513671875,32.9565315246582,32.961246490478516,196827,0.5138034224510193,0.0,0.0
TDS,2004-07-05 20:00:00-04:00,32.961246490478516,32.98953628540039,32.24930953979492,32.24930953979492,273182,0.502705991268158,0.0,0.0
TDS,2004-07-06 20:00:00-04:00,32.414329528808594,33.00368118286133,32.414329528808594,33.00368118286133,415499,0.5144650340080261,0.0,0.0
TDS,2004-07-07 20:00:00-04:00,33.00368118286133,33.00368118286133,32.711360931396484,32.923526763916016,273606,0.5132154822349548,0.0,0.0
TDS,2004-07-08 20:00:00-04:00,32.94710159301758,33.05082702636719,32.838661193847656,32.9565315246582,257486,0.5137301087379456,0.0,0.0
TDS,2004-07-11 20:00:00-04:00,33.00368118286133,33.37614822387695,32.86223602294922,33.0555419921875,173496,0.5152733325958252,0.0,0.0
TDS,2004-07-12 20:00:00-04:00,33.0555419921875,33.333717346191406,33.01310729980469,33.333717346191406,300542,0.5196096897125244,0.0,0.0
TDS,2004-07-13 20:00:00-04:00,33.21584701538086,33.522308349609375,33.06968688964844,33.2299919128418,274242,0.5179926753044128,0.0,0.0
TDS,2004-07-14 20:00:00-04:00,33.23942184448242,33.54588317871094,33.168697357177734,33.42801284790039,203402,0.5210794806480408,0.0,0.0
TDS,2004-07-15 20:00:00-04:00,33.418582916259766,33.418582916259766,33.121551513671875,33.1309814453125,186222,0.5164493322372437,0.0,0.0
TDS,2004-07-18 20:00:00-04:00,33.1922721862793,33.71090316772461,33.1309814453125,33.71090316772461,272333,0.5254892706871033,0.0,0.0
TDS,2004-07-19 20:00:00-04:00,33.663753509521484,33.875919342041016,33.45158767700195,33.875919342041016,300966,0.5280614495277405,0.0,0.0
TDS,2004-07-20 20:00:00-04:00,34.3474006652832,36.516212463378906,34.25310516357422,35.988155364990234,1856490,0.5609872341156006,0.0,0.0
TDS,2004-07-21 20:00:00-04:00,35.94100570678711,36.46906661987305,35.87971496582031,36.20975112915039,778822,0.5644416213035583,0.0,0.0
TDS,2004-07-22 20:00:00-04:00,36.256900787353516,36.61994171142578,35.99758529663086,36.00230026245117,465342,0.5612077713012695,0.0,0.0
TDS,2004-07-25 20:00:00-04:00,36.12017059326172,36.20975112915039,35.266788482666016,35.31865310668945,321752,0.5505509376525879,0.0,0.0
TDS,2004-07-26 20:00:00-04:00,35.4365234375,36.134315490722656,35.41294860839844,35.99758529663086,545303,0.5611343383789062,0.0,0.0
TDS,2004-07-27 20:00:00-04:00,35.99758529663086,36.08716583251953,35.596824645996094,36.00230026245117,347204,0.5612077713012695,0.0,0.0
TDS,2004-07-28 20:00:00-04:00,36.06830596923828,36.28047561645508,35.71469497680664,35.7382698059082,294604,0.5570919513702393,0.0,0.0
TDS,2004-07-29 20:00:00-04:00,35.78541946411133,35.83256530761719,35.43180847167969,35.78541946411133,313692,0.5578269362449646,0.0,0.0
TDS,2004-08-01 20:00:00-04:00,35.83256530761719,36.2144660949707,35.530818939208984,36.153175354003906,279757,0.5635595321655273,0.0,0.0
TDS,2004-08-02 20:00:00-04:00,36.10602569580078,36.200321197509766,35.92686462402344,35.92686462402344,301603,0.5600317120552063,0.0,0.0
TDS,2004-08-03 20:00:00-04:00,35.87971496582031,36.29461669921875,35.620399475097656,36.28047561645508,436073,0.565544068813324,0.0,0.0
TDS,2004-08-04 20:00:00-04:00,36.256900787353516,36.256900787353516,35.69112014770508,35.69112014770508,407015,0.5563570857048035,0.0,0.0
TDS,2004-08-05 20:00:00-04:00,35.64397430419922,35.80899429321289,35.01219177246094,35.196067810058594,433952,0.5486399531364441,0.0,0.0
TDS,2004-08-08 20:00:00-04:00,35.196067810058594,35.5732536315918,35.125343322753906,35.29036331176758,188555,0.5501100420951843,0.0,0.0
TDS,2004-08-09 20:00:00-04:00,35.408233642578125,36.06359100341797,35.408233642578125,36.03530502319336,260456,0.5617222785949707,0.0,0.0
TDS,2004-08-10 20:00:00-04:00,36.02116012573242,36.02116012573242,35.43180847167969,35.85614013671875,275515,0.558929443359375,0.0,0.0
TDS,2004-08-11 20:00:00-04:00,35.80899429321289,35.80899429321289,35.39408874511719,35.52610397338867,209340,0.5537847876548767,0.0,0.0
TDS,2004-08-12 20:00:00-04:00,35.47895431518555,35.78541946411133,35.47895431518555,35.78541946411133,130652,0.5578269362449646,0.0,0.0
TDS,2004-08-15 20:00:00-04:00,35.78541946411133,36.28047561645508,35.78541946411133,36.162601470947266,270212,0.5637063980102539,0.0,0.0
TDS,2004-08-16 20:00:00-04:00,36.091880798339844,36.22389602661133,35.98344039916992,36.115455627441406,145711,0.5629715323448181,0.0,0.0
TDS,2004-08-17 20:00:00-04:00,36.115455627441406,36.56336212158203,35.846710205078125,36.49264144897461,365868,0.5688513517379761,0.0,0.0
TDS,2004-08-18 20:00:00-04:00,36.42191696166992,36.60108184814453,36.23332595825195,36.39834213256836,173072,0.5673814415931702,0.0,0.0
TDS,2004-08-19 20:00:00-04:00,36.3511962890625,36.77552795410156,36.3511962890625,36.610511779785156,200856,0.5706883072853088,0.0,0.0
TDS,2004-08-22 20:00:00-04:00,36.53978729248047,36.657657623291016,36.304046630859375,36.586936950683594,167557,0.5703210234642029,0.0,0.0
TDS,2004-08-23 20:00:00-04:00,36.56336212158203,36.9641227722168,36.56336212158203,36.77552795410156,249639,0.5732611417770386,0.0,0.0
TDS,2004-08-24 20:00:00-04:00,36.7283821105957,36.86982345581055,36.610511779785156,36.76609802246094,170951,0.5731138586997986,0.0,0.0
TDS,2004-08-25 20:00:00-04:00,36.82267761230469,36.84625244140625,36.45492172241211,36.54450225830078,89929,0.5696597099304199,0.0,0.0
TDS,2004-08-26 20:00:00-04:00,36.586936950683594,36.586936950683594,36.181461334228516,36.45963668823242,138076,0.5683367848396301,0.0,0.0
TDS,2004-08-29 20:00:00-04:00,36.445491790771484,36.445491790771484,35.9740104675293,35.9740104675293,152710,0.5607668161392212,0.0,0.0
TDS,2004-08-30 20:00:00-04:00,35.9740104675293,36.3511962890625,35.83256530761719,36.3511962890625,422286,0.5666462182998657,0.0,0.0
TDS,2004-08-31 20:00:00-04:00,36.3511962890625,37.45917510986328,36.32762145996094,37.45917510986328,349749,0.5839179158210754,0.0,0.0
TDS,2004-09-01 20:00:00-04:00,37.45917510986328,37.732635498046875,37.18100357055664,37.57704544067383,141893,0.5857550501823425,0.0,0.0
TDS,2004-09-02 20:00:00-04:00,37.62419509887695,37.66191482543945,37.25172424316406,37.38373947143555,267879,0.5827417969703674,0.0,0.0
TDS,2004-09-06 20:00:00-04:00,37.62419509887695,37.836360931396484,37.482749938964844,37.836360931396484,232883,0.5897973775863647,0.0,0.0
TDS,2004-09-07 20:00:00-04:00,37.78921127319336,38.171112060546875,37.31773376464844,37.38845443725586,225248,0.5828151702880859,0.0,0.0
TDS,2004-09-08 20:00:00-04:00,37.38845443725586,37.60062026977539,37.152713775634766,37.39316940307617,343386,0.582888662815094,0.0,0.0
TDS,2004-09-09 20:00:00-04:00,37.38845443725586,37.836360931396484,37.31773376464844,37.836360931396484,97141,0.5897973775863647,0.0,0.0
TDS,2004-09-12 20:00:00-04:00,38.001380920410156,38.826473236083984,38.001380920410156,38.49171829223633,355476,0.6000131368637085,0.0,0.0
TDS,2004-09-13 20:00:00-04:00,38.472862243652344,39.55726623535156,38.472862243652344,39.50069046020508,518791,0.6169880032539368,0.077794,0.0
TDS,2004-09-14 20:00:00-04:00,39.439395904541016,39.46297073364258,39.02449417114258,39.08107376098633,239882,0.6104337573051453,0.0,0.0
TDS,2004-09-15 20:00:00-04:00,39.038639068603516,39.4724006652832,38.85004425048828,39.180084228515625,206371,0.611980140209198,0.0,0.0
TDS,2004-09-16 20:00:00-04:00,38.94434356689453,39.076358795166016,38.685028076171875,38.88776397705078,240094,0.6074145436286926,0.0,0.0
TDS,2004-09-19 20:00:00-04:00,38.826473236083984,38.840614318847656,38.331417083740234,38.48229217529297,366505,0.6010808348655701,0.0,0.0
TDS,2004-09-20 20:00:00-04:00,38.48229217529297,38.77932357788086,38.397422790527344,38.65202331542969,314116,0.6037322878837585,0.0,0.0
TDS,2004-09-21 20:00:00-04:00,38.56715774536133,38.934913635253906,38.30784225463867,38.66145324707031,304996,0.6038792729377747,0.0,0.0
TDS,2004-09-22 20:00:00-04:00,38.66145324707031,39.44882583618164,38.543582916259766,38.92076873779297,302663,0.6079298853874207,0.0,0.0
TDS,2004-09-23 20:00:00-04:00,38.873619079589844,40.10890197753906,38.86890411376953,40.00046157836914,758249,0.6247943639755249,0.0,0.0
TDS,2004-09-26 20:00:00-04:00,39.887306213378906,39.89201736450195,39.27437973022461,39.50069046020508,406379,0.6169880032539368,0.0,0.0
TDS,2004-09-27 20:00:00-04:00,39.50069046020508,39.72700119018555,39.283809661865234,39.392250061035156,242215,0.615294337272644,0.0,0.0
TDS,2004-09-28 20:00:00-04:00,39.34510040283203,39.55726623535156,39.34038543701172,39.48654556274414,280181,0.6167668700218201,0.0,0.0
TDS,2004-09-29 20:00:00-04:00,39.439395904541016,39.77415084838867,39.41582489013672,39.684566497802734,318571,0.619860053062439,0.0,0.0
TDS,2004-09-30 20:00:00-04:00,39.684566497802734,40.19376754760742,39.67985153198242,39.83544158935547,394926,0.6222167611122131,0.0,0.0
TDS,2004-10-03 20:00:00-04:00,39.84015655517578,39.90144729614258,39.406394958496094,39.50540542602539,617628,0.6170617341995239,0.0,0.0
TDS,2004-10-04 20:00:00-04:00,39.60441589355469,39.81658172607422,39.34510040283203,39.7458610534668,326842,0.6208173036575317,0.0,0.0
TDS,2004-10-05 20:00:00-04:00,39.62799072265625,39.915592193603516,39.60441589355469,39.84015655517578,173072,0.6222905516624451,0.0,0.0
TDS,2004-10-06 20:00:00-04:00,39.84015655517578,39.84015655517578,39.29323959350586,39.335670471191406,225672,0.6144105195999146,0.0,0.0
TDS,2004-10-07 20:00:00-04:00,39.21308517456055,39.7458610534668,39.01506423950195,39.08107376098633,307541,0.6104337573051453,0.0,0.0
TDS,2004-10-10 20:00:00-04:00,39.01506423950195,39.543121337890625,39.01506423950195,39.35924530029297,297149,0.6147785782814026,0.0,0.0
TDS,2004-10-11 20:00:00-04:00,39.31209945678711,39.31209945678711,38.703887939453125,38.807613372802734,457494,0.6061624884605408,0.0,0.0
TDS,2004-10-12 20:00:00-04:00,38.897193908691406,38.94434356689453,38.61430358886719,38.66145324707031,292058,0.6038792729377747,0.0,0.0
TDS,2004-10-13 20:00:00-04:00,38.70860290527344,38.911338806152344,38.66145324707031,38.66145324707031,208280,0.6038792729377747,0.0,0.0
TDS,2004-10-14 20:00:00-04:00,38.66145324707031,39.038639068603516,38.66145324707031,38.99148941040039,385805,0.6090345978736877,0.0,0.0
TDS,2004-10-17 20:00:00-04:00,38.94434356689453,39.11878967285156,38.67088317871094,38.685028076171875,267243,0.6042474508285522,0.0,0.0
TDS,2004-10-18 20:00:00-04:00,38.66145324707031,39.1329345703125,38.66145324707031,39.10935974121094,245185,0.6108755469322205,0.0,0.0
TDS,2004-10-19 20:00:00-04:00,38.873619079589844,38.873619079589844,37.341304779052734,37.60062026977539,959741,0.5873094797134399,0.0,0.0
TDS,2004-10-20 20:00:00-04:00,37.1291389465332,37.25172424316406,35.47895431518555,35.761844635009766,1350213,0.5585886240005493,0.0,0.0
TDS,2004-10-21 20:00:00-04:00,35.549678802490234,35.596824645996094,34.67272186279297,34.771732330322266,938108,0.5431233048439026,0.0,0.0
TDS,2004-10-24 20:00:00-04:00,34.53599548339844,34.64443588256836,33.84762954711914,34.121089935302734,851360,0.5329604744911194,0.0,0.0
TDS,2004-10-25 20:00:00-04:00,34.11637496948242,34.635005950927734,33.805198669433594,34.32382583618164,896961,0.5361271500587463,0.0,0.0
TDS,2004-10-26 20:00:00-04:00,34.32382583618164,34.5831413269043,34.1823844909668,34.41340637207031,766308,0.5375263094902039,0.0,0.0
TDS,2004-10-27 20:00:00-04:00,34.41340637207031,35.29036331176758,34.08808517456055,34.88960266113281,662805,0.5449642539024353,0.0,0.0
TDS,2004-10-28 20:00:00-04:00,34.88960266113281,35.31393814086914,34.653865814208984,35.31393814086914,350597,0.5515921711921692,0.0,0.0
TDS,2004-10-31 19:00:00-05:00,35.361087799072266,35.40351867675781,34.9603271484375,35.266788482666016,341901,0.5508559942245483,0.0,0.0
TDS,2004-11-01 19:00:00-05:00,35.361087799072266,35.596824645996094,34.60671615600586,34.60671615600586,367353,0.5405457019805908,0.0,0.0
TDS,2004-11-02 19:00:00-05:00,34.88960266113281,35.28093338012695,34.84245681762695,35.28093338012695,368413,0.5510768890380859,0.0,0.0
TDS,2004-11-03 19:00:00-05:00,35.361087799072266,35.361087799072266,33.9466438293457,34.60671615600586,1027188,0.5405457019805908,0.0,0.0
TDS,2004-11-04 19:00:00-05:00,34.88960266113281,35.092342376708984,34.32382583618164,34.884891510009766,549757,0.5448907017707825,0.0,0.0
TDS,2004-11-07 19:00:00-05:00,34.8613166809082,34.8613166809082,34.56428146362305,34.653865814208984,228005,0.541282057762146,0.0,0.0
TDS,2004-11-08 19:00:00-05:00,34.701011657714844,35.07819747924805,34.63029098510742,35.07819747924805,331933,0.5479101538658142,0.0,0.0
TDS,2004-11-09 19:00:00-05:00,35.10177230834961,35.11591339111328,34.418121337890625,34.512420654296875,296300,0.5390728116035461,0.0,0.0
TDS,2004-11-10 19:00:00-05:00,34.559566497802734,34.998046875,34.33797073364258,34.998046875,211673,0.5466583967208862,0.0,0.0
TDS,2004-11-11 19:00:00-05:00,34.97447204589844,35.69112014770508,34.828311920166016,35.69112014770508,590055,0.5574837923049927,0.0,0.0
TDS,2004-11-14 19:00:00-05:00,35.52610397338867,35.549678802490234,34.88960266113281,35.17249298095703,367989,0.5493829846382141,0.0,0.0
TDS,2004-11-15 19:00:00-05:00,35.125343322753906,35.33750915527344,35.0970573425293,35.33750915527344,239458,0.551960289478302,0.0,0.0
TDS,2004-11-16 19:00:00-05:00,35.45538330078125,35.57796859741211,35.247928619384766,35.36579895019531,334690,0.5524023771286011,0.0,0.0
TDS,2004-11-17 19:00:00-05:00,35.36579895019531,35.50252914428711,35.323368072509766,35.46952438354492,141681,0.5540223121643066,0.0,0.0
TDS,2004-11-18 19:00:00-05:00,35.42237854003906,35.45538330078125,35.14891815185547,35.14891815185547,579663,0.5490145087242126,0.0,0.0
TDS,2004-11-21 19:00:00-05:00,35.17249298095703,35.75712966918945,35.07819747924805,35.50252914428711,292483,0.5545381307601929,0.0,0.0
TDS,2004-11-22 19:00:00-05:00,35.620399475097656,35.676979064941406,35.14891815185547,35.676979064941406,330448,0.5572631359100342,0.0,0.0
TDS,2004-11-23 19:00:00-05:00,35.62982940673828,35.98344039916992,35.59210968017578,35.83256530761719,173920,0.5596931576728821,0.0,0.0
TDS,2004-11-25 19:00:00-05:00,35.71469497680664,35.903289794921875,35.39408874511719,35.44123840332031,124077,0.553580641746521,0.0,0.0
TDS,2004-11-28 19:00:00-05:00,35.361087799072266,36.42191696166992,35.361087799072266,36.322906494140625,371807,0.5673519372940063,0.0,0.0
TDS,2004-11-29 19:00:00-05:00,36.22861099243164,36.66708755493164,35.81370544433594,36.53978729248047,588783,0.5707394480705261,0.0,0.0
TDS,2004-11-30 19:00:00-05:00,36.586936950683594,36.865108489990234,36.304046630859375,36.84625244140625,790276,0.5755264759063721,0.0,0.0
TDS,2004-12-01 19:00:00-05:00,36.77552795410156,38.49171829223633,36.77552795410156,37.71849060058594,603842,0.589150607585907,0.0,0.0
TDS,2004-12-02 19:00:00-05:00,37.72320556640625,37.72320556640625,37.18100357055664,37.24700927734375,747856,0.5817865133285522,0.0,0.0
TDS,2004-12-05 19:00:00-05:00,37.24700927734375,37.558189392089844,37.011268615722656,37.341304779052734,271485,0.583259105682373,0.0,0.0
TDS,2004-12-06 19:00:00-05:00,37.294158935546875,37.294158935546875,36.77081298828125,36.82267761230469,249003,0.5751583576202393,0.0,0.0
TDS,2004-12-07 19:00:00-05:00,36.84625244140625,36.8886833190918,36.304046630859375,36.304046630859375,341689,0.5670576691627502,0.0,0.0
TDS,2004-12-08 19:00:00-05:00,36.18617630004883,36.19089126586914,35.64397430419922,35.99287033081055,365020,0.5621970295906067,0.0,0.0
TDS,2004-12-09 19:00:00-05:00,35.92686462402344,35.950435638427734,35.62982940673828,35.78541946411133,278696,0.5589564442634583,0.0,0.0
TDS,2004-12-12 19:00:00-05:00,35.79013442993164,36.13903045654297,35.79013442993164,36.02116012573242,279969,0.5626391172409058,0.0,0.0
TDS,2004-12-13 19:00:00-05:00,35.83256530761719,35.9740104675293,35.68640899658203,35.9740104675293,260244,0.5631185173988342,0.077794,0.0
TDS,2004-12-14 19:00:00-05:00,35.99758529663086,36.10131072998047,35.61096954345703,35.73355484008789,277848,0.5593547821044922,0.0,0.0
TDS,2004-12-15 19:00:00-05:00,35.7382698059082,35.81842041015625,35.45538330078125,35.52610397338867,436709,0.5561072826385498,0.0,0.0
TDS,2004-12-16 19:00:00-05:00,35.549678802490234,35.5732536315918,35.11591339111328,35.29036331176758,429285,0.5524172186851501,0.0,0.0
TDS,2004-12-19 19:00:00-05:00,35.24321365356445,35.45538330078125,35.22435760498047,35.43180847167969,269152,0.5546309947967529,0.0,0.0
TDS,2004-12-20 19:00:00-05:00,35.361087799072266,35.5732536315918,34.1823844909668,34.1823844909668,341689,0.5350733399391174,0.0,0.0
TDS,2004-12-21 19:00:00-05:00,35.50252914428711,35.59210968017578,35.34222412109375,35.361087799072266,183889,0.5535241961479187,0.0,0.0
TDS,2004-12-22 19:00:00-05:00,35.31393814086914,35.48838424682617,35.196067810058594,35.445953369140625,190252,0.5548528432846069,0.0,0.0
TDS,2004-12-26 19:00:00-05:00,35.43180847167969,35.4978141784668,35.30922317504883,35.427093505859375,271485,0.5545575022697449,0.0,0.0
TDS,2004-12-27 19:00:00-05:00,35.427093505859375,36.29933166503906,35.42237854003906,36.162601470947266,300754,0.5660704970359802,0.0,0.0
TDS,2004-12-28 19:00:00-05:00,36.115455627441406,36.115455627441406,35.83256530761719,35.91743469238281,157376,0.562233030796051,0.0,0.0
TDS,2004-12-29 19:00:00-05:00,35.92686462402344,36.24275588989258,35.85614013671875,36.2144660949707,193857,0.5668827295303345,0.0,0.0
TDS,2004-12-30 19:00:00-05:00,36.115455627441406,36.516212463378906,36.02116012573242,36.28047561645508,253244,0.5679159164428711,0.0,0.0
TDS,2005-01-02 19:00:00-05:00,36.39834213256836,36.751953125,36.16731643676758,36.22861099243164,270849,0.5671040415763855,0.0,0.0
TDS,2005-01-03 19:00:00-05:00,36.22861099243164,36.49264144897461,36.115455627441406,36.219181060791016,423559,0.5669562220573425,0.0,0.0
TDS,2005-01-04 19:00:00-05:00,36.162601470947266,36.99712371826172,36.162601470947266,36.56336212158203,440527,0.5723440647125244,0.0,0.0
TDS,2005-01-05 19:00:00-05:00,36.445491790771484,37.114994049072266,36.445491790771484,37.114994049072266,430558,0.5809788107872009,0.0,0.0
TDS,2005-01-06 19:00:00-05:00,37.35073471069336,38.94434356689453,37.35073471069336,38.78403854370117,955287,0.6071051955223083,0.0,0.0
TDS,2005-01-09 19:00:00-05:00,38.78403854370117,39.788291931152344,38.44928741455078,39.561981201171875,942774,0.6192829012870789,0.0,0.0
TDS,2005-01-10 19:00:00-05:00,39.533695220947266,39.533695220947266,39.21780014038086,39.27909469604492,512640,0.6148547530174255,0.0,0.0
TDS,2005-01-11 19:00:00-05:00,39.25551986694336,39.387535095214844,39.00563430786133,39.387535095214844,327267,0.6165521144866943,0.0,0.0
TDS,2005-01-12 19:00:00-05:00,39.439395904541016,39.4724006652832,39.2319450378418,39.34510040283203,286120,0.6158878207206726,0.0,0.0
TDS,2005-01-13 19:00:00-05:00,39.392250061035156,39.69871139526367,39.392250061035156,39.425254821777344,200220,0.6171427369117737,0.0,0.0
TDS,2005-01-17 19:00:00-05:00,39.392250061035156,39.48654556274414,39.123504638671875,39.44411087036133,291634,0.6174378395080566,0.0,0.0
TDS,2005-01-18 19:00:00-05:00,39.44411087036133,39.4724006652832,38.732177734375,38.77460861206055,628021,0.606957733631134,0.0,0.0
TDS,2005-01-19 19:00:00-05:00,38.66145324707031,38.66145324707031,38.454002380371094,38.454002380371094,612114,0.6019392013549805,0.0,0.0
TDS,2005-01-20 19:00:00-05:00,38.37856674194336,38.69917297363281,38.37856674194336,38.472862243652344,366929,0.6022341847419739,0.0,0.0
TDS,2005-01-23 19:00:00-05:00,38.42571258544922,38.543582916259766,38.3172721862793,38.32198715209961,340629,0.5998725891113281,0.0,0.0
TDS,2005-01-24 19:00:00-05:00,37.4025993347168,38.3549919128418,37.4025993347168,38.24183654785156,516670,0.5986182689666748,0.0,0.0
TDS,2005-01-25 19:00:00-05:00,38.12868118286133,38.477577209472656,38.12868118286133,38.3172721862793,397047,0.5997987389564514,0.0,0.0
TDS,2005-01-26 19:00:00-05:00,38.37856674194336,38.61430358886719,38.048526763916016,38.048526763916016,556120,0.5955920815467834,0.0,0.0
TDS,2005-01-27 19:00:00-05:00,38.1192512512207,38.56715774536133,38.10982131958008,38.56715774536133,246882,0.6037103533744812,0.0,0.0
TDS,2005-01-30 19:00:00-05:00,38.56715774536133,38.94434356689453,38.56715774536133,38.81232833862305,269576,0.6075479388237,0.0,0.0
TDS,2005-01-31 19:00:00-05:00,38.76517868041992,38.826473236083984,38.581302642822266,38.769893646240234,323237,0.6068839430809021,0.0,0.0
TDS,2005-02-01 19:00:00-05:00,38.77932357788086,39.34510040283203,38.67559814453125,39.2319450378418,249851,0.6141164898872375,0.0,0.0
TDS,2005-02-02 19:00:00-05:00,38.9962043762207,39.46297073364258,38.892478942871094,39.39696502685547,161830,0.616699755191803,0.0,0.0
TDS,2005-02-03 19:00:00-05:00,39.368675231933594,40.448368072509766,39.34510040283203,40.217342376708984,505004,0.6295414566993713,0.0,0.0
TDS,2005-02-06 19:00:00-05:00,40.17019271850586,40.59452438354492,40.17019271850586,40.59452438354492,258547,0.6354453563690186,0.0,0.0
TDS,2005-02-07 19:00:00-05:00,40.54737854003906,41.16030502319336,40.54737854003906,40.94813537597656,322600,0.6409810185432434,0.0,0.0
TDS,2005-02-08 19:00:00-05:00,40.94813537597656,40.94813537597656,39.84015655517578,40.264488220214844,583480,0.630279541015625,0.0,0.0
TDS,2005-02-09 19:00:00-05:00,40.217342376708984,40.269203186035156,39.9863166809082,40.250343322753906,348052,0.6300581693649292,0.0,0.0
TDS,2005-02-10 19:00:00-05:00,40.250343322753906,40.99528503417969,40.1843376159668,40.73596954345703,246457,0.6376598477363586,0.0,0.0
TDS,2005-02-13 19:00:00-05:00,40.783119201660156,40.80669403076172,40.160762786865234,40.17019271850586,371171,0.6288032531738281,0.0,0.0
TDS,2005-02-14 19:00:00-05:00,40.33521270751953,40.514373779296875,39.793006896972656,40.02874755859375,916474,0.6265890598297119,0.0,0.0
TDS,2005-02-15 19:00:00-05:00,40.075897216796875,40.40593338012695,40.009891510009766,40.19376754760742,293119,0.6291725039482117,0.0,0.0
TDS,2005-02-16 19:00:00-05:00,40.31163787841797,40.31163787841797,39.849586486816406,39.98160171508789,321964,0.6258513331413269,0.0,0.0
TDS,2005-02-17 19:00:00-05:00,39.98160171508789,40.674678802490234,39.98160171508789,40.52851867675781,530668,0.634412407875061,0.0,0.0
TDS,2005-02-21 19:00:00-05:00,40.50965881347656,40.64167404174805,40.08061218261719,40.17019271850586,328751,0.6288032531738281,0.0,0.0
TDS,2005-02-22 19:00:00-05:00,40.17019271850586,40.34935760498047,39.65156555175781,39.76943588256836,388139,0.6225302219390869,0.0,0.0
TDS,2005-02-23 19:00:00-05:00,39.7458610534668,40.16547775268555,39.7458610534668,39.98160171508789,244973,0.6258513331413269,0.0,0.0
TDS,2005-02-24 19:00:00-05:00,40.075897216796875,40.66524887084961,39.896732330322266,40.66524887084961,235428,0.6365530490875244,0.0,0.0
TDS,2005-02-27 19:00:00-05:00,40.66524887084961,41.254600524902344,40.618099212646484,41.254600524902344,285059,0.6457782983779907,0.0,0.0
TDS,2005-02-28 19:00:00-05:00,41.37247085571289,41.697792053222656,41.235740661621094,41.466766357421875,250911,0.6490994095802307,0.0,0.0
TDS,2005-03-01 19:00:00-05:00,41.39604568481445,41.39604568481445,40.8632698059082,41.028289794921875,353142,0.6422356367111206,0.0,0.0
TDS,2005-03-02 19:00:00-05:00,41.3017463684082,41.325321197509766,40.783119201660156,40.783119201660156,228217,0.6383980512619019,0.0,0.0
TDS,2005-03-03 19:00:00-05:00,40.78783416748047,41.05657958984375,40.61338424682617,40.87741470336914,241579,0.6398738622665405,0.0,0.0
TDS,2005-03-06 19:00:00-05:00,40.99528503417969,41.20745086669922,40.70296859741211,40.745399475097656,202765,0.637807309627533,0.0,0.0
TDS,2005-03-07 19:00:00-05:00,40.75011444091797,40.75011444091797,39.972171783447266,40.24091339111328,441163,0.629910409450531,0.0,0.0
TDS,2005-03-08 19:00:00-05:00,40.123046875,40.726539611816406,40.123046875,40.264488220214844,209128,0.630279541015625,0.0,0.0
TDS,2005-03-09 19:00:00-05:00,40.25977325439453,40.726539611816406,40.047607421875,40.54737854003906,225036,0.6347078084945679,0.0,0.0
TDS,2005-03-10 19:00:00-05:00,40.66524887084961,40.75482940673828,40.27863311767578,40.570953369140625,276575,0.6350768208503723,0.0,0.0
TDS,2005-03-13 19:00:00-05:00,40.68882369995117,40.91513442993164,40.61338424682617,40.9009895324707,301603,0.6415476202964783,0.082509,0.0
TDS,2005-03-14 19:00:00-05:00,41.1367301940918,41.20745086669922,40.075897216796875,40.54266357421875,431406,0.6359272003173828,0.0,0.0
TDS,2005-03-15 19:00:00-05:00,40.31163787841797,40.570953369140625,39.4724006652832,39.48654556274414,285908,0.6193616390228271,0.0,0.0
TDS,2005-03-16 19:00:00-05:00,39.5101203918457,39.5101203918457,39.25551986694336,39.368675231933594,270000,0.6175126433372498,0.0,0.0
TDS,2005-03-17 19:00:00-05:00,39.180084228515625,39.25080490112305,38.92076873779297,38.9962043762207,334690,0.6116704940795898,0.0,0.0
TDS,2005-03-20 19:00:00-05:00,38.85004425048828,38.85004425048828,38.1192512512207,38.53415298461914,304784,0.6044227480888367,0.0,0.0
TDS,2005-03-21 19:00:00-05:00,38.53415298461914,39.123504638671875,38.53415298461914,38.77932357788086,322812,0.6082683205604553,0.0,0.0
TDS,2005-03-22 19:00:00-05:00,38.77932357788086,38.80289840698242,38.58601760864258,38.58601760864258,398956,0.605236291885376,0.0,0.0
TDS,2005-03-23 19:00:00-05:00,38.42571258544922,39.31209945678711,38.42571258544922,38.873619079589844,274454,0.6097475290298462,0.0,0.0
TDS,2005-03-27 19:00:00-05:00,38.7557487487793,39.12821960449219,38.7557487487793,39.000919342041016,245609,0.6117445826530457,0.0,0.0
TDS,2005-03-28 19:00:00-05:00,38.99148941040039,39.04335403442383,37.921226501464844,37.95423126220703,375625,0.5953267216682434,0.0,0.0
TDS,2005-03-29 19:00:00-05:00,38.07210159301758,38.472862243652344,37.732635498046875,38.105106353759766,312844,0.5976932048797607,0.0,0.0
TDS,2005-03-30 19:00:00-05:00,38.246551513671875,38.53415298461914,38.05795669555664,38.472862243652344,225884,0.603461742401123,0.0,0.0
TDS,2005-03-31 19:00:00-05:00,38.402137756347656,38.65673828125,38.30312728881836,38.56715774536133,440527,0.6049407124519348,0.0,0.0
TDS,2005-04-03 20:00:00-04:00,38.60959243774414,39.34510040283203,38.5200080871582,39.08578872680664,628021,0.6130756735801697,0.0,0.0
TDS,2005-04-04 20:00:00-04:00,39.246089935302734,39.44882583618164,38.37856674194336,38.37856674194336,369474,0.6019821166992188,0.0,0.0
TDS,2005-04-05 20:00:00-04:00,38.44928741455078,38.826473236083984,38.07210159301758,38.07210159301758,278060,0.5971755385398865,0.0,0.0
TDS,2005-04-06 20:00:00-04:00,38.189971923828125,38.43042755126953,38.18525695800781,38.28898239135742,281241,0.6005772352218628,0.0,0.0
TDS,2005-04-07 20:00:00-04:00,38.24183654785156,38.56715774536133,38.105106353759766,38.12868118286133,273394,0.5980628728866577,0.0,0.0
TDS,2005-04-10 20:00:00-04:00,38.12868118286133,38.12868118286133,37.72320556640625,37.73735046386719,351658,0.5919247269630432,0.0,0.0
TDS,2005-04-11 20:00:00-04:00,37.62419509887695,37.81278610229492,37.57704544067383,37.694915771484375,675319,0.5912591814994812,0.0,0.0
TDS,2005-04-12 20:00:00-04:00,37.67134475708008,38.001380920410156,37.54875946044922,37.72320556640625,336175,0.5917025804519653,0.0,0.0
TDS,2005-04-13 20:00:00-04:00,37.67134475708008,38.62373352050781,37.63362503051758,38.37856674194336,590692,0.6019821166992188,0.0,0.0
TDS,2005-04-14 20:00:00-04:00,38.30784225463867,38.46814727783203,37.95423126220703,37.95423126220703,336599,0.5953267216682434,0.0,0.0
TDS,2005-04-17 20:00:00-04:00,37.88351058959961,37.88351058959961,37.435604095458984,37.435604095458984,319419,0.5871919989585876,0.0,0.0
TDS,2005-04-18 20:00:00-04:00,37.55347442626953,37.855220794677734,37.02069854736328,37.05841827392578,330448,0.581275463104248,0.0,0.0
TDS,2005-04-19 20:00:00-04:00,37.011268615722656,37.33659362792969,36.445491790771484,36.47378158569336,294816,0.5721052885055542,0.0,0.0
TDS,2005-04-20 20:00:00-04:00,36.49735641479492,36.959407806396484,36.49735641479492,36.82267761230469,301815,0.5775778889656067,0.0,0.0
TDS,2005-04-21 20:00:00-04:00,36.84625244140625,37.237579345703125,36.66237258911133,36.89339828491211,256638,0.5786871910095215,0.0,0.0
TDS,2005-04-24 20:00:00-04:00,36.84625244140625,37.12442398071289,36.733097076416016,36.86982345581055,166709,0.5783173441886902,0.0,0.0
TDS,2005-04-25 20:00:00-04:00,36.987693786621094,36.987693786621094,36.40305709838867,36.464351654052734,265334,0.5719573497772217,0.0,0.0
TDS,2005-04-26 20:00:00-04:00,36.464351654052734,36.464351654052734,35.71469497680664,36.31819152832031,471917,0.5696648955345154,0.0,0.0
TDS,2005-04-27 20:00:00-04:00,36.23332595825195,36.53978729248047,35.83256530761719,36.27104568481445,271485,0.5689252018928528,0.0,0.0
TDS,2005-04-28 20:00:00-04:00,36.26633071899414,36.46906661987305,35.969295501708984,36.39362716674805,245609,0.570847749710083,0.0,0.0
TDS,2005-05-01 20:00:00-04:00,36.39362716674805,36.55864715576172,35.79484939575195,36.06830596923828,318571,0.5657452344894409,0.0,0.0
TDS,2005-05-02 20:00:00-04:00,36.20975112915039,36.20975112915039,35.80899429321289,35.97872543334961,288241,0.5643401145935059,0.0,0.0
TDS,2005-05-03 20:00:00-04:00,35.93629455566406,36.06359100341797,35.82313537597656,35.99758529663086,313904,0.5646359920501709,0.0,0.0
TDS,2005-05-04 20:00:00-04:00,36.06830596923828,36.28047561645508,35.78541946411133,35.922149658203125,353355,0.5634526610374451,0.0,0.0
TDS,2005-05-05 20:00:00-04:00,35.969295501708984,36.43134689331055,35.950435638427734,36.28519058227539,498641,0.5691472291946411,0.0,0.0
TDS,2005-05-08 20:00:00-04:00,36.28519058227539,36.379486083984375,35.903289794921875,36.200321197509766,223339,0.5678160786628723,0.0,0.0
TDS,2005-05-09 20:00:00-04:00,36.073020935058594,36.15789031982422,35.676979064941406,35.70526885986328,302663,0.5600507259368896,0.0,0.0
TDS,2005-05-10 20:00:00-04:00,35.82313537597656,35.88914489746094,35.32808303833008,35.620399475097656,424195,0.5587198138237,0.0,0.0
TDS,2005-05-11 20:00:00-04:00,35.52610397338867,35.71469497680664,35.32808303833008,35.45538330078125,248790,0.5561313033103943,0.0,0.0
TDS,2005-05-12 20:00:00-04:00,35.361087799072266,35.596824645996094,34.75287628173828,35.158348083496094,420589,0.5514722466468811,0.0,0.0
TDS,2005-05-15 20:00:00-04:00,35.18859100341797,35.27138900756836,34.45262145996094,35.13339614868164,278163,22.473831176757812,34.29623,1.951219512195122
TDS,2005-05-16 20:00:00-04:00,35.06899642944336,35.740570068359375,34.802207946777344,35.68537139892578,762313,22.82691764831543,0.0,0.0
TDS,2005-05-17 20:00:00-04:00,36.33854675292969,38.82244873046875,35.703773498535156,38.150875091552734,1632348,24.40403175354004,0.0,0.0
TDS,2005-05-18 20:00:00-04:00,38.132476806640625,38.132476806640625,36.8077278137207,37.31370544433594,4561052,23.868518829345703,0.0,0.0
TDS,2005-05-19 20:00:00-04:00,37.322906494140625,37.322906494140625,36.4305419921875,37.25851058959961,1169938,23.833208084106445,0.0,0.0
TDS,2005-05-22 20:00:00-04:00,37.25851058959961,37.48849868774414,36.4581413269043,36.75252914428711,858730,23.509552001953125,0.0,0.0
TDS,2005-05-23 20:00:00-04:00,36.82612609863281,36.84452438354492,36.01655960083008,36.23735046386719,887753,23.180007934570312,0.0,0.0
TDS,2005-05-24 20:00:00-04:00,36.10855484008789,36.19135284423828,35.979759216308594,36.080955505371094,453931,23.079965591430664,0.0,0.0
TDS,2005-05-25 20:00:00-04:00,36.1545524597168,36.66973114013672,36.1545524597168,36.329345703125,543609,23.23885726928711,0.0,0.0
TDS,2005-05-26 20:00:00-04:00,36.42134475708008,36.55013656616211,36.062557220458984,36.52253723144531,244358,23.36243438720703,0.0,0.0
TDS,2005-05-30 20:00:00-04:00,36.61453628540039,36.899723052978516,35.64857482910156,35.64857482910156,508607,22.803377151489258,0.0,0.0
TDS,2005-05-31 20:00:00-04:00,35.89696502685547,37.56209945678711,35.89696502685547,37.45170211791992,524151,23.956789016723633,0.0,0.0
TDS,2005-06-01 20:00:00-04:00,37.53450012207031,37.61729431152344,37.083717346191406,37.51609802246094,311099,23.99799156188965,0.0,0.0
TDS,2005-06-02 20:00:00-04:00,37.51609802246094,37.68169403076172,37.341304779052734,37.442501068115234,228270,23.950904846191406,0.0,0.0
TDS,2005-06-05 20:00:00-04:00,37.25851058959961,37.48849868774414,36.798526763916016,36.9365234375,289794,23.62725257873535,0.0,0.0
TDS,2005-06-06 20:00:00-04:00,36.798526763916016,37.02851867675781,36.77092742919922,36.8629264831543,383168,23.58016586303711,0.0,0.0
TDS,2005-06-07 20:00:00-04:00,36.798526763916016,36.918121337890625,36.6329345703125,36.890525817871094,361971,23.597820281982422,0.0,0.0
TDS,2005-06-08 20:00:00-04:00,36.8353271484375,36.84452438354492,35.91536331176758,36.21895217895508,587958,23.168230056762695,0.0,0.0
TDS,2005-06-09 20:00:00-04:00,36.246551513671875,36.53173828125,36.21895217895508,36.52253723144531,502194,23.36243438720703,0.0,0.0
TDS,2005-06-12 20:00:00-04:00,36.4305419921875,36.890525817871094,36.27415084838867,36.881324768066406,496107,23.5919246673584,0.0,0.0
TDS,2005-06-13 20:00:00-04:00,37.02851867675781,37.203311920166016,36.72492980957031,37.16651153564453,346210,23.82666015625,0.080957,0.0
TDS,2005-06-14 20:00:00-04:00,37.25851058959961,37.25851058959961,36.81692886352539,36.982521057128906,264250,23.708702087402344,0.0,0.0
TDS,2005-06-15 20:00:00-04:00,37.21250915527344,37.663291931152344,37.120513916015625,37.23091125488281,363275,23.867944717407227,0.0,0.0
TDS,2005-06-16 20:00:00-04:00,37.24930953979492,37.68169403076172,36.92732238769531,37.16651153564453,415125,23.82666015625,0.0,0.0
TDS,2005-06-19 20:00:00-04:00,36.9365234375,37.709293365478516,36.75252914428711,37.56209945678711,201204,24.080259323120117,0.0,0.0
TDS,2005-06-20 20:00:00-04:00,37.35050582885742,37.68169403076172,37.17571258544922,37.67249298095703,241858,24.151037216186523,0.0,0.0
TDS,2005-06-21 20:00:00-04:00,37.90248489379883,38.252071380615234,37.81968688964844,38.01287841796875,337948,24.369251251220703,0.0,0.0
TDS,2005-06-22 20:00:00-04:00,38.01287841796875,38.02207946777344,37.04691696166992,37.36890411376953,258271,23.9564151763916,0.0,0.0
TDS,2005-06-23 20:00:00-04:00,37.442501068115234,37.543697357177734,36.23735046386719,36.66973114013672,1015475,23.508180618286133,0.0,0.0
TDS,2005-06-26 20:00:00-04:00,36.33854675292969,36.33854675292969,35.87856674194336,36.19135284423828,305991,23.20151138305664,0.0,0.0
TDS,2005-06-27 20:00:00-04:00,36.42134475708008,36.72492980957031,36.23735046386719,36.72492980957031,250010,23.543575286865234,0.0,0.0
TDS,2005-06-28 20:00:00-04:00,36.33854675292969,37.442501068115234,36.33854675292969,37.442501068115234,334035,24.00359535217285,0.0,0.0
TDS,2005-06-29 20:00:00-04:00,37.35050582885742,37.90248489379883,37.33210754394531,37.543697357177734,368276,24.0684814453125,0.0,0.0
TDS,2005-06-30 20:00:00-04:00,37.442501068115234,38.160072326660156,37.442501068115234,38.150875091552734,400125,24.457712173461914,0.0,0.0
TDS,2005-07-04 20:00:00-04:00,38.40846252441406,38.40846252441406,36.467342376708984,36.82612609863281,431865,23.608448028564453,0.0,0.0
TDS,2005-07-05 20:00:00-04:00,36.82612609863281,37.304508209228516,36.81692886352539,36.881324768066406,339035,23.64383316040039,0.0,0.0
TDS,2005-07-06 20:00:00-04:00,36.6605339050293,36.97332000732422,36.49494171142578,36.77092742919922,611981,23.57305908203125,0.0,0.0
TDS,2005-07-07 20:00:00-04:00,36.54093933105469,37.405704498291016,36.54093933105469,37.39650344848633,158919,23.974109649658203,0.0,0.0
TDS,2005-07-10 20:00:00-04:00,37.626495361328125,37.709293365478516,36.7617301940918,37.322906494140625,409908,23.926923751831055,0.0,0.0
TDS,2005-07-11 20:00:00-04:00,37.442501068115234,37.59889602661133,36.9641227722168,37.25851058959961,770683,23.885644912719727,0.0,0.0
TDS,2005-07-12 20:00:00-04:00,37.26770782470703,37.80128860473633,36.9365234375,37.70009231567383,570566,24.16872215270996,0.0,0.0
TDS,2005-07-13 20:00:00-04:00,37.99448013305664,38.22447204589844,36.697330474853516,36.9365234375,535348,23.679218292236328,0.0,0.0
TDS,2005-07-14 20:00:00-04:00,36.798526763916016,37.71849060058594,36.568538665771484,37.46090316772461,1414513,24.015380859375,0.0,0.0
TDS,2005-07-17 20:00:00-04:00,37.41490173339844,37.89328384399414,37.1113166809082,37.626495361328125,469584,24.121543884277344,0.0,0.0
TDS,2005-07-18 20:00:00-04:00,37.53450012207031,37.727691650390625,37.35050582885742,37.53450012207031,228814,24.062572479248047,0.0,0.0
TDS,2005-07-19 20:00:00-04:00,37.35050582885742,37.810489654541016,37.35050582885742,37.810489654541016,235336,24.239498138427734,0.0,0.0
TDS,2005-07-20 20:00:00-04:00,37.626495361328125,37.709293365478516,37.02851867675781,37.120513916015625,195551,23.79717445373535,0.0,0.0
TDS,2005-07-21 20:00:00-04:00,37.35050582885742,37.35050582885742,36.5041389465332,36.697330474853516,260554,23.525876998901367,0.0,0.0
TDS,2005-07-24 20:00:00-04:00,36.982521057128906,36.982521057128906,36.5041389465332,36.51333999633789,520130,23.407934188842773,0.0,0.0
TDS,2005-07-25 20:00:00-04:00,36.65133285522461,37.083717346191406,36.5593376159668,36.75252914428711,809272,23.56126594543457,0.0,0.0
TDS,2005-07-26 20:00:00-04:00,36.84452438354492,36.9365234375,36.33854675292969,36.467342376708984,175116,23.378440856933594,0.0,0.0
TDS,2005-07-27 20:00:00-04:00,36.467342376708984,36.65133285522461,36.126953125,36.32014846801758,162833,23.284074783325195,0.0,0.0
TDS,2005-07-28 20:00:00-04:00,36.4305419921875,36.66973114013672,36.246551513671875,36.6605339050293,337187,23.50229263305664,0.0,0.0
TDS,2005-07-31 20:00:00-04:00,36.72492980957031,36.87212371826172,36.384544372558594,36.6053352355957,265445,23.46690559387207,0.0,0.0
TDS,2005-08-01 20:00:00-04:00,36.7065315246582,37.02851867675781,36.61453628540039,36.75252914428711,252184,23.56126594543457,0.0,0.0
TDS,2005-08-02 20:00:00-04:00,36.52253723144531,37.120513916015625,36.476539611816406,36.890525817871094,309686,23.64974021911621,0.0,0.0
TDS,2005-08-03 20:00:00-04:00,36.890525817871094,37.07451629638672,36.678932189941406,36.85372543334961,255662,23.626140594482422,0.0,0.0
TDS,2005-08-04 20:00:00-04:00,36.6605339050293,37.07451629638672,36.44894027709961,36.890525817871094,262728,23.64974021911621,0.0,0.0
TDS,2005-08-07 20:00:00-04:00,37.02851867675781,37.58969497680664,37.02851867675781,37.304508209228516,316752,23.915132522583008,0.0,0.0
TDS,2005-08-08 20:00:00-04:00,37.424102783203125,37.543697357177734,37.19411087036133,37.240108489990234,664374,23.873836517333984,0.0,0.0
TDS,2005-08-09 20:00:00-04:00,37.304508209228516,37.59889602661133,37.02851867675781,37.21250915527344,237401,23.856155395507812,0.0,0.0
TDS,2005-08-10 20:00:00-04:00,37.16651153564453,37.53450012207031,37.07451629638672,37.25851058959961,230988,23.885644912719727,0.0,0.0
TDS,2005-08-11 20:00:00-04:00,37.810489654541016,38.51885986328125,37.810489654541016,38.39006423950195,639047,24.611051559448242,0.0,0.0
TDS,2005-08-14 20:00:00-04:00,38.63845443725586,39.04323959350586,37.663291931152344,39.006439208984375,387733,25.006189346313477,0.0,0.0
TDS,2005-08-15 20:00:00-04:00,39.4664192199707,39.4664192199707,38.353267669677734,38.362464904785156,288925,24.593358993530273,0.0,0.0
TDS,2005-08-16 20:00:00-04:00,38.362464904785156,38.482059478759766,37.608097076416016,37.626495361328125,315882,24.121543884277344,0.0,0.0
TDS,2005-08-17 20:00:00-04:00,37.48849868774414,37.91168212890625,37.39650344848633,37.810489654541016,193051,24.239498138427734,0.0,0.0
TDS,2005-08-18 20:00:00-04:00,37.810489654541016,37.88408660888672,37.59889602661133,37.709293365478516,127723,24.17462921142578,0.0,0.0
TDS,2005-08-21 20:00:00-04:00,38.04047775268555,38.12327575683594,37.48849868774414,37.92088317871094,119353,24.310264587402344,0.0,0.0
TDS,2005-08-22 20:00:00-04:00,37.828887939453125,37.92088317871094,37.29530715942383,37.39650344848633,177290,23.974109649658203,0.0,0.0
TDS,2005-08-23 20:00:00-04:00,37.53450012207031,37.75529098510742,37.29530715942383,37.442501068115234,129897,24.00359535217285,0.0,0.0
TDS,2005-08-24 20:00:00-04:00,37.53450012207031,37.56209945678711,36.9641227722168,37.120513916015625,196204,23.79717445373535,0.0,0.0
TDS,2005-08-25 20:00:00-04:00,37.35050582885742,37.35050582885742,36.568538665771484,37.02851867675781,223487,23.738203048706055,0.0,0.0
TDS,2005-08-28 20:00:00-04:00,37.25851058959961,37.626495361328125,36.9089241027832,37.626495361328125,161963,24.121543884277344,0.0,0.0
TDS,2005-08-29 20:00:00-04:00,37.53450012207031,37.71849060058594,36.77092742919922,36.8629264831543,202399,23.63203239440918,0.0,0.0
TDS,2005-08-30 20:00:00-04:00,36.7065315246582,37.58969497680664,36.688133239746094,37.58049774169922,704811,24.09205436706543,0.0,0.0
TDS,2005-08-31 20:00:00-04:00,37.21250915527344,37.58049774169922,37.09291458129883,37.102115631103516,299034,23.78537368774414,0.0,0.0
TDS,2005-09-01 20:00:00-04:00,37.102115631103516,37.46090316772461,36.9089241027832,37.07451629638672,193160,23.767684936523438,0.0,0.0
TDS,2005-09-05 20:00:00-04:00,36.982521057128906,37.608097076416016,36.94572067260742,37.55289840698242,185986,24.07436180114746,0.0,0.0
TDS,2005-09-06 20:00:00-04:00,37.71849060058594,38.42686462402344,37.71849060058594,38.41766357421875,237727,24.62874412536621,0.0,0.0
TDS,2005-09-07 20:00:00-04:00,37.90248489379883,38.39006423950195,37.90248489379883,38.09567642211914,235227,24.42232894897461,0.0,0.0
TDS,2005-09-08 20:00:00-04:00,38.270469665527344,39.392822265625,38.24287033081055,38.89604568481445,178051,24.935436248779297,0.0,0.0
TDS,2005-09-11 20:00:00-04:00,38.73044967651367,38.89604568481445,37.58049774169922,37.71849060058594,213378,24.180530548095703,0.0,0.0
TDS,2005-09-12 20:00:00-04:00,38.08647537231445,38.08647537231445,37.663291931152344,37.67249298095703,261315,24.151037216186523,0.0,0.0
TDS,2005-09-13 20:00:00-04:00,37.81968688964844,38.353267669677734,37.77368927001953,37.79208755493164,191964,24.279874801635742,0.080957,0.0
TDS,2005-09-14 20:00:00-04:00,37.90248489379883,38.068077087402344,37.49769973754883,37.65409469604492,159137,24.19123649597168,0.0,0.0
TDS,2005-09-15 20:00:00-04:00,37.65409469604492,37.65409469604492,36.92732238769531,37.02851867675781,699376,23.78931427001953,0.0,0.0
TDS,2005-09-18 20:00:00-04:00,37.02851867675781,37.09291458129883,36.697330474853516,36.72492980957031,253162,23.594280242919922,0.0,0.0
TDS,2005-09-19 20:00:00-04:00,36.72492980957031,37.02851867675781,35.81416702270508,36.062557220458984,315774,23.16872787475586,0.0,0.0
TDS,2005-09-20 20:00:00-04:00,37.16651153564453,37.16651153564453,35.07819747924805,35.087398529052734,279359,22.542226791381836,0.0,0.0
TDS,2005-09-21 20:00:00-04:00,34.77460861206055,35.05979919433594,34.72861099243164,34.912601470947266,361319,22.429931640625,0.0,0.0
TDS,2005-09-22 20:00:00-04:00,34.92180252075195,36.3569450378418,34.92180252075195,35.83256530761719,492520,23.020973205566406,0.0,0.0
TDS,2005-09-25 20:00:00-04:00,36.062557220458984,36.246551513671875,35.55657958984375,35.81416702270508,184899,23.0091495513916,0.0,0.0
TDS,2005-09-26 20:00:00-04:00,35.418582916259766,35.44618225097656,34.66421127319336,35.28059005737305,287403,22.666339874267578,0.0,0.0
TDS,2005-09-27 20:00:00-04:00,35.55657958984375,35.83256530761719,35.04139709472656,35.35418701171875,167615,22.713634490966797,0.0,0.0
TDS,2005-09-28 20:00:00-04:00,35.36338424682617,36.29254913330078,35.18859100341797,36.062557220458984,267293,23.16872787475586,0.0,0.0
TDS,2005-09-29 20:00:00-04:00,36.10855484008789,36.13615417480469,35.48298263549805,35.87856674194336,151202,23.050519943237305,0.0,0.0
TDS,2005-10-02 20:00:00-04:00,36.10855484008789,36.74332809448242,35.924564361572266,36.29254913330078,235444,23.316490173339844,0.0,0.0
TDS,2005-10-03 20:00:00-04:00,36.29254913330078,36.476539611816406,35.17019271850586,35.17019271850586,216313,22.59541130065918,0.0,0.0
TDS,2005-10-04 20:00:00-04:00,34.72861099243164,35.61177444458008,34.71940994262695,35.05979919433594,277076,22.52450180053711,0.0,0.0
TDS,2005-10-05 20:00:00-04:00,35.05979919433594,35.47378158569336,34.682613372802734,35.32658767700195,270663,22.69590187072754,0.0,0.0
TDS,2005-10-06 20:00:00-04:00,35.32658767700195,35.37258529663086,35.06899642944336,35.28059005737305,212509,22.666339874267578,0.0,0.0
TDS,2005-10-09 20:00:00-04:00,35.18859100341797,35.841766357421875,35.114994049072266,35.519779205322266,186312,22.820024490356445,0.0,0.0
TDS,2005-10-10 20:00:00-04:00,35.602577209472656,35.64857482910156,33.735050201416016,33.7442512512207,582632,21.67931365966797,0.0,0.0
TDS,2005-10-11 20:00:00-04:00,33.514259338378906,34.21343231201172,33.34866714477539,33.45906066894531,264141,21.496082305908203,0.0,0.0
TDS,2005-10-12 20:00:00-04:00,33.118675231933594,33.99264144897461,33.05427932739258,33.47746276855469,396972,21.507909774780273,0.0,0.0
TDS,2005-10-13 20:00:00-04:00,33.670654296875,33.670654296875,33.18307113647461,33.57865524291992,178594,21.57293128967285,0.0,0.0
TDS,2005-10-16 20:00:00-04:00,33.57865524291992,33.57865524291992,33.14627456665039,33.210670471191406,213052,21.336505889892578,0.0,0.0
TDS,2005-10-17 20:00:00-04:00,33.34866714477539,33.652252197265625,33.05427932739258,33.265869140625,668614,21.371973037719727,0.0,0.0
TDS,2005-10-18 20:00:00-04:00,33.219871520996094,33.753448486328125,32.9898796081543,33.66145324707031,332839,21.626123428344727,0.0,0.0
TDS,2005-10-19 20:00:00-04:00,33.753448486328125,33.76264953613281,33.02667999267578,33.210670471191406,216313,21.336505889892578,0.0,0.0
TDS,2005-10-20 20:00:00-04:00,33.302669525146484,33.90984344482422,33.24747085571289,33.48666000366211,152397,21.51382827758789,0.0,0.0
TDS,2005-10-23 20:00:00-04:00,33.48666000366211,33.79944610595703,33.46826171875,33.716651916503906,246097,21.66158676147461,0.0,0.0
TDS,2005-10-24 20:00:00-04:00,33.670654296875,34.04783630371094,33.514259338378906,34.038639068603516,243923,21.868438720703125,0.0,0.0
TDS,2005-10-25 20:00:00-04:00,33.80864715576172,34.18583297729492,33.56025695800781,34.02943801879883,303164,21.86252784729004,0.0,0.0
TDS,2005-10-26 20:00:00-04:00,33.9466438293457,34.01103973388672,33.55105972290039,33.56025695800781,227074,21.56110191345215,0.0,0.0
TDS,2005-10-27 20:00:00-04:00,33.670654296875,34.13063430786133,33.670654296875,34.075435638427734,170116,21.89208221435547,0.0,0.0
TDS,2005-10-30 19:00:00-05:00,34.22262954711914,34.802207946777344,34.139835357666016,34.793006896972656,254358,22.353090286254883,0.0,0.0
TDS,2005-10-31 19:00:00-05:00,34.71021270751953,34.71021270751953,34.34222412109375,34.52621841430664,777640,22.181692123413086,0.0,0.0
TDS,2005-11-01 19:00:00-05:00,34.72861099243164,35.05059814453125,34.498619079589844,34.701011657714844,245119,22.293994903564453,0.0,0.0
TDS,2005-11-02 19:00:00-05:00,34.82060623168945,35.17939376831055,34.51701736450195,35.05059814453125,148702,22.518585205078125,0.0,0.0
TDS,2005-11-03 19:00:00-05:00,35.004600524902344,35.32658767700195,34.81140899658203,35.23459243774414,284033,22.636798858642578,0.0,0.0
TDS,2005-11-06 19:00:00-05:00,35.32658767700195,35.66697311401367,34.71021270751953,35.216190338134766,225444,22.624963760375977,0.0,0.0
TDS,2005-11-07 19:00:00-05:00,35.12419509887695,35.13339614868164,34.158233642578125,34.21343231201172,202508,21.980745315551758,0.0,0.0
TDS,2005-11-08 19:00:00-05:00,34.18583297729492,34.48942184448242,34.038639068603516,34.47101974487305,221639,22.1462345123291,0.0,0.0
TDS,2005-11-09 19:00:00-05:00,34.47101974487305,34.60901641845703,34.038639068603516,34.50782012939453,356862,22.169878005981445,0.0,0.0
TDS,2005-11-10 19:00:00-05:00,34.45262145996094,34.691810607910156,34.31462860107422,34.54461669921875,252184,22.19351577758789,0.0,0.0
TDS,2005-11-13 19:00:00-05:00,34.498619079589844,34.498619079589844,33.4406623840332,33.937442779541016,237292,21.80342674255371,0.0,0.0
TDS,2005-11-14 19:00:00-05:00,34.12143325805664,34.54461669921875,33.7718505859375,34.35142517089844,213161,22.06940269470215,0.0,0.0
TDS,2005-11-15 19:00:00-05:00,34.581417083740234,34.581417083740234,33.79944610595703,34.06623840332031,202182,21.88617515563965,0.0,0.0
TDS,2005-11-16 19:00:00-05:00,34.075435638427734,34.50782012939453,34.075435638427734,34.480220794677734,108265,22.152143478393555,0.0,0.0
TDS,2005-11-17 19:00:00-05:00,34.71021270751953,34.71021270751953,34.397422790527344,34.480220794677734,173485,22.152143478393555,0.0,0.0
TDS,2005-11-20 19:00:00-05:00,34.38822555541992,34.38822555541992,34.020240783691406,34.25022888183594,184247,22.004379272460938,0.0,0.0
TDS,2005-11-21 19:00:00-05:00,33.80864715576172,34.32382583618164,33.80864715576172,34.296226501464844,306860,22.03392791748047,0.0,0.0
TDS,2005-11-22 19:00:00-05:00,34.31462860107422,34.47101974487305,34.277828216552734,34.296226501464844,166963,22.03392791748047,0.0,0.0
TDS,2005-11-24 19:00:00-05:00,34.25022888183594,34.48942184448242,34.13063430786133,34.296226501464844,70546,22.03392791748047,0.0,0.0
TDS,2005-11-27 19:00:00-05:00,34.498619079589844,34.498619079589844,34.11223602294922,34.195030212402344,271533,21.96891975402832,0.0,0.0
TDS,2005-11-28 19:00:00-05:00,34.42502212524414,34.53541946411133,34.139835357666016,34.35142517089844,265228,22.06940269470215,0.0,0.0
TDS,2005-11-29 19:00:00-05:00,34.40662384033203,34.40662384033203,33.624656677246094,33.624656677246094,320882,21.602479934692383,0.0,0.0
TDS,2005-11-30 19:00:00-05:00,33.716651916503906,34.23183059692383,33.716651916503906,33.99264144897461,360775,21.838891983032227,0.0,0.0
TDS,2005-12-01 19:00:00-05:00,33.76264953613281,34.00183868408203,33.12787628173828,33.9466438293457,286098,21.809345245361328,0.0,0.0
TDS,2005-12-04 19:00:00-05:00,33.9466438293457,33.9466438293457,33.3670654296875,33.836246490478516,293925,21.738420486450195,0.0,0.0
TDS,2005-12-05 19:00:00-05:00,33.90064239501953,34.06623840332031,33.735050201416016,33.854644775390625,237944,21.750232696533203,0.0,0.0
TDS,2005-12-06 19:00:00-05:00,33.624656677246094,34.06623840332031,33.624656677246094,33.92824172973633,229792,21.79752540588379,0.0,0.0
TDS,2005-12-07 19:00:00-05:00,33.76264953613281,34.02943801879883,33.70745086669922,33.99264144897461,211965,21.838891983032227,0.0,0.0
TDS,2005-12-08 19:00:00-05:00,34.08463668823242,34.682613372802734,34.04783630371094,34.176631927490234,194138,21.957103729248047,0.0,0.0
TDS,2005-12-11 19:00:00-05:00,34.176631927490234,34.61821365356445,34.11223602294922,34.61821365356445,614699,22.24079704284668,0.0,0.0
TDS,2005-12-12 19:00:00-05:00,34.54461669921875,34.82060623168945,34.379024505615234,34.67341232299805,677636,22.276262283325195,0.0,0.0
TDS,2005-12-13 19:00:00-05:00,34.682613372802734,35.400184631347656,34.682613372802734,35.14259338378906,334035,22.63053321838379,0.080957,0.0
TDS,2005-12-14 19:00:00-05:00,35.15179443359375,35.15179443359375,34.08463668823242,34.36982345581055,263054,22.132892608642578,0.0,0.0
TDS,2005-12-15 19:00:00-05:00,33.57865524291992,34.32382583618164,33.57865524291992,34.176631927490234,210987,22.008487701416016,0.0,0.0
TDS,2005-12-18 19:00:00-05:00,34.176631927490234,34.38822555541992,34.04783630371094,34.23183059692383,124353,22.044036865234375,0.0,0.0
TDS,2005-12-19 19:00:00-05:00,34.26862716674805,34.31462860107422,33.45906066894531,33.45906066894531,187942,21.546398162841797,0.0,0.0
TDS,2005-12-20 19:00:00-05:00,33.57865524291992,33.817848205566406,33.4406623840332,33.624656677246094,185986,21.653032302856445,0.0,0.0
TDS,2005-12-21 19:00:00-05:00,33.670654296875,33.99264144897461,33.55105972290039,33.99264144897461,308056,21.889999389648438,0.0,0.0
TDS,2005-12-22 19:00:00-05:00,33.99264144897461,34.20423126220703,33.9466438293457,34.06623840332031,81199,21.93739891052246,0.0,0.0
TDS,2005-12-26 19:00:00-05:00,34.25022888183594,34.33302688598633,33.311866760253906,33.3670654296875,102939,21.48714828491211,0.0,0.0
TDS,2005-12-27 19:00:00-05:00,33.27507019042969,33.48666000366211,33.109474182128906,33.3670654296875,195769,21.48714828491211,0.0,0.0
TDS,2005-12-28 19:00:00-05:00,33.5970573425293,33.80864715576172,33.1922721862793,33.66145324707031,213704,21.676738739013672,0.0,0.0
TDS,2005-12-29 19:00:00-05:00,33.5694580078125,33.5694580078125,33.081878662109375,33.14627456665039,119027,21.344968795776367,0.0,0.0
TDS,2006-01-02 19:00:00-05:00,33.28426742553711,33.615455627441406,32.713890075683594,33.532657623291016,201095,21.593788146972656,0.0,0.0
TDS,2006-01-03 19:00:00-05:00,33.57865524291992,33.854644775390625,33.02667999267578,33.210670471191406,214791,21.386438369750977,0.0,0.0
TDS,2006-01-04 19:00:00-05:00,33.118675231933594,33.3946647644043,33.00828170776367,33.17387390136719,243053,21.362749099731445,0.0,0.0
TDS,2006-01-05 19:00:00-05:00,33.35786437988281,33.58785629272461,33.07267761230469,33.55105972290039,208269,21.605632781982422,0.0,0.0
TDS,2006-01-08 19:00:00-05:00,33.670654296875,33.670654296875,33.28426742553711,33.58785629272461,218052,21.62933349609375,0.0,0.0
TDS,2006-01-09 19:00:00-05:00,33.66145324707031,33.6982536315918,33.34866714477539,33.413063049316406,198486,21.516775131225586,0.0,0.0
TDS,2006-01-10 19:00:00-05:00,33.50505828857422,33.633853912353516,33.0910758972168,33.633853912353516,216096,21.658954620361328,0.0,0.0
TDS,2006-01-11 19:00:00-05:00,33.57865524291992,33.57865524291992,32.93468475341797,32.9622802734375,216530,21.226482391357422,0.0,0.0
TDS,2006-01-12 19:00:00-05:00,32.93468475341797,33.311866760253906,32.916282653808594,33.118675231933594,190551,21.32720375061035,0.0,0.0
TDS,2006-01-16 19:00:00-05:00,33.25667190551758,33.68905258178711,32.796688079833984,33.3670654296875,228922,21.48714828491211,0.0,0.0
TDS,2006-01-17 19:00:00-05:00,33.210670471191406,33.28426742553711,32.9898796081543,33.118675231933594,185225,21.32720375061035,0.0,0.0
TDS,2006-01-18 19:00:00-05:00,33.1646728515625,33.201473236083984,32.92548370361328,32.9898796081543,238923,21.244258880615234,0.0,0.0
TDS,2006-01-19 19:00:00-05:00,32.980682373046875,33.00828170776367,32.557498931884766,32.56669616699219,180877,20.971744537353516,0.0,0.0
TDS,2006-01-22 19:00:00-05:00,32.70469284057617,32.78749084472656,32.56669616699219,32.612693786621094,195225,21.001367568969727,0.0,0.0
TDS,2006-01-23 19:00:00-05:00,32.612693786621094,32.76908874511719,32.32750701904297,32.64029312133789,347079,21.019134521484375,0.0,0.0
TDS,2006-01-24 19:00:00-05:00,32.73229217529297,32.796688079833984,32.46549987792969,32.658695220947266,424474,21.030994415283203,0.0,0.0
TDS,2006-01-25 19:00:00-05:00,32.658695220947266,32.9622802734375,32.60349655151367,32.60349655151367,448061,20.99543571472168,0.0,0.0
TDS,2006-01-26 19:00:00-05:00,32.75069046020508,32.84268569946289,32.594295501708984,32.72309112548828,148810,21.07245635986328,0.0,0.0
TDS,2006-01-29 19:00:00-05:00,32.612693786621094,33.017478942871094,32.612693786621094,32.796688079833984,154680,21.119857788085938,0.0,0.0
TDS,2006-01-30 19:00:00-05:00,32.75069046020508,32.9622802734375,32.695491790771484,32.9622802734375,342405,21.226482391357422,0.0,0.0
TDS,2006-01-31 19:00:00-05:00,32.84268569946289,33.04507827758789,32.778289794921875,32.815086364746094,203378,21.131698608398438,0.0,0.0
TDS,2006-02-01 19:00:00-05:00,32.83348846435547,33.2382698059082,32.82428741455078,33.100276947021484,215443,21.315351486206055,0.0,0.0
TDS,2006-02-02 19:00:00-05:00,33.0358772277832,33.5418586730957,32.92548370361328,33.5418586730957,187725,21.599721908569336,0.0,0.0
TDS,2006-02-05 19:00:00-05:00,33.35786437988281,33.56025695800781,33.12787628173828,33.50505828857422,131853,21.576013565063477,0.0,0.0
TDS,2006-02-06 19:00:00-05:00,33.34866714477539,33.58785629272461,33.2382698059082,33.413063049316406,110983,21.516775131225586,0.0,0.0
TDS,2006-02-07 19:00:00-05:00,33.413063049316406,33.48666000366211,33.118675231933594,33.2934684753418,148593,21.439762115478516,0.0,0.0
TDS,2006-02-08 19:00:00-05:00,33.302669525146484,33.48666000366211,32.778289794921875,32.861087799072266,245336,21.161317825317383,0.0,0.0
TDS,2006-02-09 19:00:00-05:00,32.87028503417969,33.2934684753418,32.75069046020508,33.18307113647461,131310,21.368667602539062,0.0,0.0
TDS,2006-02-12 19:00:00-05:00,33.1922721862793,33.3670654296875,32.97148132324219,33.118675231933594,155876,21.32720375061035,0.0,0.0
TDS,2006-02-13 19:00:00-05:00,33.12787628173828,33.670654296875,33.017478942871094,33.302669525146484,292403,21.445697784423828,0.0,0.0
TDS,2006-02-14 19:00:00-05:00,33.210670471191406,33.422264099121094,33.14627456665039,33.2382698059082,231857,21.404212951660156,0.0,0.0
TDS,2006-02-15 19:00:00-05:00,33.33026885986328,33.9466438293457,33.33026885986328,33.854644775390625,305664,21.801128387451172,0.0,0.0
TDS,2006-02-16 19:00:00-05:00,33.670654296875,34.590614318847656,33.670654296875,34.41582489013672,158919,22.16251564025879,0.0,0.0
TDS,2006-02-20 19:00:00-05:00,34.360626220703125,34.51701736450195,34.158233642578125,34.33302688598633,105222,22.109195709228516,0.0,0.0
TDS,2006-02-21 19:00:00-05:00,34.241031646728516,34.41582489013672,34.038639068603516,34.23183059692383,101635,22.044036865234375,0.0,0.0
TDS,2006-02-22 19:00:00-05:00,34.038639068603516,34.26862716674805,33.89144515991211,33.90064239501953,106635,21.830764770507812,0.0,0.0
TDS,2006-02-23 19:00:00-05:00,33.99264144897461,34.296226501464844,33.9466438293457,34.296226501464844,126962,22.085498809814453,0.0,0.0
TDS,2006-02-26 19:00:00-05:00,34.61821365356445,34.66421127319336,34.360626220703125,34.47101974487305,118157,22.198057174682617,0.0,0.0
TDS,2006-02-27 19:00:00-05:00,34.40662384033203,34.45262145996094,34.038639068603516,34.40662384033203,195551,22.156585693359375,0.0,0.0
TDS,2006-02-28 19:00:00-05:00,34.498619079589844,34.498619079589844,34.22262954711914,34.40662384033203,453279,22.156585693359375,0.0,0.0
TDS,2006-03-01 19:00:00-05:00,34.360626220703125,34.40662384033203,33.919044494628906,34.11223602294922,152615,21.96702003479004,0.0,0.0
TDS,2006-03-02 19:00:00-05:00,34.08463668823242,34.21343231201172,33.58785629272461,33.67985153198242,231314,21.688583374023438,0.0,0.0
TDS,2006-03-05 19:00:00-05:00,33.44986343383789,34.241031646728516,33.44986343383789,34.020240783691406,198921,21.90777587890625,0.0,0.0
TDS,2006-03-06 19:00:00-05:00,33.9466438293457,34.14903259277344,33.7718505859375,34.06623840332031,251858,21.93739891052246,0.0,0.0
TDS,2006-03-07 19:00:00-05:00,33.99264144897461,34.33302688598633,33.78104782104492,34.22262954711914,200008,22.038103103637695,0.0,0.0
TDS,2006-03-08 19:00:00-05:00,34.176631927490234,34.581417083740234,33.873046875,34.25022888183594,234575,22.055870056152344,0.0,0.0
TDS,2006-03-09 19:00:00-05:00,34.498619079589844,34.87580490112305,34.33302688598633,34.86660385131836,224683,22.45279312133789,0.0,0.0
TDS,2006-03-12 19:00:00-05:00,35.23459243774414,35.55657958984375,35.05059814453125,35.308189392089844,236205,22.737171173095703,0.0,0.0
TDS,2006-03-13 19:00:00-05:00,35.23459243774414,35.27138900756836,34.82980728149414,35.13339614868164,413930,22.62461280822754,0.0,0.0
TDS,2006-03-14 19:00:00-05:00,34.95860290527344,35.317386627197266,34.92180252075195,35.298988342285156,235879,22.786739349365234,0.085557,0.0
TDS,2006-03-15 19:00:00-05:00,35.37258529663086,35.44618225097656,35.03219985961914,35.216190338134766,227400,22.733285903930664,0.0,0.0
TDS,2006-03-16 19:00:00-05:00,35.07819747924805,36.29254913330078,35.07819747924805,36.00735855102539,498716,23.24400520324707,0.0,0.0
TDS,2006-03-19 19:00:00-05:00,36.09935760498047,36.17295455932617,35.55657958984375,35.81416702270508,146528,23.119287490844727,0.0,0.0
TDS,2006-03-20 19:00:00-05:00,35.602577209472656,35.86936569213867,35.37258529663086,35.418582916259766,150223,22.863941192626953,0.0,0.0
TDS,2006-03-21 19:00:00-05:00,35.46458053588867,35.56577682495117,35.23459243774414,35.35418701171875,235118,22.822362899780273,0.0,0.0
TDS,2006-03-22 19:00:00-05:00,35.35418701171875,35.418582916259766,35.114994049072266,35.317386627197266,124027,22.798601150512695,0.0,0.0
TDS,2006-03-23 19:00:00-05:00,35.14259338378906,35.86936569213867,35.14259338378906,35.78656768798828,119570,23.101478576660156,0.0,0.0
TDS,2006-03-26 19:00:00-05:00,35.860164642333984,36.21895217895508,35.76816940307617,36.0533561706543,165224,23.27370262145996,0.0,0.0
TDS,2006-03-27 19:00:00-05:00,36.246551513671875,36.33854675292969,36.01655960083008,36.01655960083008,229792,23.24993896484375,0.0,0.0
TDS,2006-03-28 19:00:00-05:00,36.01655960083008,36.44894027709961,36.01655960083008,36.246551513671875,138158,23.398408889770508,0.0,0.0
TDS,2006-03-29 19:00:00-05:00,36.29254913330078,36.4029426574707,36.044158935546875,36.347747802734375,150006,23.46373176574707,0.0,0.0
TDS,2006-03-30 19:00:00-05:00,36.7065315246582,36.7065315246582,36.126953125,36.283348083496094,301534,23.42217254638672,0.0,0.0
TDS,2006-04-02 20:00:00-04:00,36.51333999633789,36.51333999633789,35.804969787597656,35.98896026611328,180768,23.232133865356445,0.0,0.0
TDS,2006-04-03 20:00:00-04:00,36.09935760498047,36.182151794433594,35.78656768798828,36.10855484008789,185442,23.30933380126953,0.0,0.0
TDS,2006-04-04 20:00:00-04:00,35.64857482910156,36.4581413269043,35.57497787475586,36.31094741821289,256858,23.43999481201172,0.0,0.0
TDS,2006-04-05 20:00:00-04:00,36.44894027709961,36.44894027709961,35.924564361572266,35.961360931396484,213487,23.214323043823242,0.0,0.0
TDS,2006-04-06 20:00:00-04:00,36.33854675292969,36.33854675292969,35.602577209472656,35.722171783447266,154245,23.059906005859375,0.0,0.0
TDS,2006-04-09 20:00:00-04:00,35.81416702270508,35.99816131591797,35.44618225097656,35.49217987060547,234249,22.91144371032715,0.0,0.0
TDS,2006-04-10 20:00:00-04:00,35.722171783447266,35.722171783447266,35.23459243774414,35.34498596191406,259793,22.81641387939453,0.0,0.0
TDS,2006-04-11 20:00:00-04:00,35.22539138793945,35.49217987060547,35.096595764160156,35.216190338134766,190769,22.733285903930664,0.0,0.0
TDS,2006-04-12 20:00:00-04:00,35.096595764160156,35.317386627197266,34.92180252075195,35.105796813964844,145984,22.66201400756836,0.0,0.0
TDS,2006-04-16 20:00:00-04:00,35.197792053222656,35.34498596191406,34.986202239990234,35.34498596191406,211965,22.81641387939453,0.0,0.0
TDS,2006-04-17 20:00:00-04:00,35.51057815551758,35.804969787597656,35.26219177246094,35.71297073364258,440670,23.053966522216797,0.0,0.0
TDS,2006-04-18 20:00:00-04:00,35.758968353271484,35.83256530761719,35.36338424682617,35.83256530761719,193703,23.131179809570312,0.0,0.0
TDS,2006-04-19 20:00:00-04:00,35.740570068359375,35.90616226196289,35.61177444458008,35.78656768798828,167072,23.101478576660156,0.0,0.0
TDS,2006-04-20 20:00:00-04:00,35.87856674194336,35.87856674194336,35.538177490234375,35.722171783447266,144571,23.059906005859375,0.0,0.0
TDS,2006-04-23 20:00:00-04:00,35.87856674194336,35.87856674194336,35.400184631347656,35.52898025512695,171637,22.93520164489746,0.0,0.0
TDS,2006-04-24 20:00:00-04:00,35.418582916259766,35.67617416381836,35.298988342285156,35.61177444458008,253054,22.988645553588867,0.0,0.0
TDS,2006-04-25 20:00:00-04:00,36.062557220458984,36.20055389404297,34.057037353515625,35.97056198120117,375341,23.220251083374023,0.0,0.0
TDS,2006-04-26 20:00:00-04:00,35.87856674194336,36.163753509521484,35.69457244873047,35.99816131591797,346644,23.23807716369629,0.0,0.0
TDS,2006-04-27 20:00:00-04:00,35.924564361572266,36.07175827026367,35.76816940307617,36.062557220458984,217074,23.279640197753906,0.0,0.0
TDS,2006-04-30 20:00:00-04:00,36.283348083496094,36.32014846801758,35.90616226196289,36.1545524597168,303273,23.339035034179688,0.0,0.0
TDS,2006-05-01 20:00:00-04:00,36.32014846801758,36.75252914428711,36.080955505371094,36.74332809448242,264685,23.719104766845703,0.0,0.0
TDS,2006-05-02 20:00:00-04:00,36.4305419921875,36.7065315246582,36.347747802734375,36.5041389465332,321535,23.564695358276367,0.0,0.0
TDS,2006-05-03 20:00:00-04:00,36.4305419921875,36.9089241027832,36.4305419921875,36.82612609863281,234466,23.772558212280273,0.0,0.0
TDS,2006-05-04 20:00:00-04:00,36.982521057128906,37.02851867675781,36.75252914428711,37.02851867675781,145984,23.9032039642334,0.0,0.0
TDS,2006-05-07 20:00:00-04:00,37.14811325073242,37.61729431152344,37.14811325073242,37.525299072265625,127940,24.223888397216797,0.0,0.0
TDS,2006-05-08 20:00:00-04:00,37.626495361328125,37.626495361328125,37.15731430053711,37.23091125488281,197834,24.033849716186523,0.0,0.0
TDS,2006-05-09 20:00:00-04:00,37.05611801147461,37.24930953979492,36.81692886352539,36.982521057128906,238053,23.87351417541504,0.0,0.0
TDS,2006-05-10 20:00:00-04:00,36.890525817871094,36.982521057128906,36.5041389465332,36.5593376159668,167615,23.600326538085938,0.0,0.0
TDS,2006-05-11 20:00:00-04:00,36.61453628540039,36.7065315246582,36.41214370727539,36.6605339050293,144028,23.6656551361084,0.0,0.0
TDS,2006-05-14 20:00:00-04:00,36.52253723144531,36.8353271484375,36.375343322753906,36.586936950683594,148593,23.618148803710938,0.0,0.0
TDS,2006-05-15 20:00:00-04:00,36.65133285522461,36.81692886352539,36.54093933105469,36.75252914428711,288816,23.72504234313965,0.0,0.0
TDS,2006-05-16 20:00:00-04:00,36.75252914428711,36.890525817871094,36.61453628540039,36.789329528808594,271315,23.74880027770996,0.0,0.0
TDS,2006-05-17 20:00:00-04:00,36.6605339050293,36.75252914428711,36.51333999633789,36.5593376159668,329361,23.600326538085938,0.0,0.0
TDS,2006-05-18 20:00:00-04:00,36.66973114013672,36.918121337890625,36.52253723144531,36.734130859375,183268,23.713167190551758,0.0,0.0
TDS,2006-05-21 20:00:00-04:00,36.384544372558594,36.982521057128906,36.29254913330078,36.982521057128906,270554,23.87351417541504,0.0,0.0
TDS,2006-05-22 20:00:00-04:00,37.16651153564453,37.442501068115234,37.02851867675781,37.203311920166016,287185,24.01603889465332,0.0,0.0
TDS,2006-05-23 20:00:00-04:00,37.27690887451172,37.35050582885742,36.798526763916016,37.184913635253906,440126,24.004169464111328,0.0,0.0
TDS,2006-05-24 20:00:00-04:00,37.41490173339844,37.442501068115234,36.6605339050293,36.6605339050293,190225,23.6656551361084,0.0,0.0
TDS,2006-05-25 20:00:00-04:00,36.6605339050293,36.92732238769531,36.5593376159668,36.81692886352539,213922,23.766616821289062,0.0,0.0
TDS,2006-05-29 20:00:00-04:00,36.61453628540039,36.890525817871094,36.025760650634766,36.163753509521484,230661,23.3449649810791,0.0,0.0
TDS,2006-05-30 20:00:00-04:00,36.29254913330078,36.375343322753906,35.76816940307617,35.860164642333984,529913,23.148988723754883,0.0,0.0
TDS,2006-05-31 20:00:00-04:00,36.09015655517578,36.7065315246582,36.09015655517578,36.7065315246582,319035,23.695350646972656,0.0,0.0
TDS,2006-06-01 20:00:00-04:00,37.16651153564453,37.16651153564453,36.71573257446289,36.982521057128906,223922,23.87351417541504,0.0,0.0
TDS,2006-06-04 20:00:00-04:00,37.120513916015625,37.240108489990234,36.678932189941406,36.8629264831543,184899,23.79631233215332,0.0,0.0
TDS,2006-06-05 20:00:00-04:00,36.982521057128906,37.709293365478516,36.84452438354492,37.626495361328125,444800,24.289213180541992,0.0,0.0
TDS,2006-06-06 20:00:00-04:00,37.25851058959961,38.049678802490234,37.25851058959961,37.304508209228516,264902,24.081369400024414,0.0,0.0
TDS,2006-06-07 20:00:00-04:00,37.25851058959961,37.37810516357422,36.61453628540039,36.697330474853516,324904,23.689411163330078,0.0,0.0
TDS,2006-06-08 20:00:00-04:00,36.697330474853516,36.74332809448242,36.2281494140625,36.246551513671875,147289,23.398408889770508,0.0,0.0
TDS,2006-06-11 20:00:00-04:00,36.384544372558594,36.44894027709961,35.703773498535156,35.71297073364258,149897,23.053966522216797,0.0,0.0
TDS,2006-06-12 20:00:00-04:00,35.602577209472656,36.00735855102539,35.602577209472656,35.64857482910156,273489,23.012407302856445,0.0,0.0
TDS,2006-06-13 20:00:00-04:00,35.602577209472656,35.71297073364258,34.95860290527344,35.52898025512695,251641,22.990379333496094,0.085557,0.0
TDS,2006-06-14 20:00:00-04:00,35.620975494384766,36.43974304199219,35.42778396606445,36.41214370727539,153702,23.561861038208008,0.0,0.0
TDS,2006-06-15 20:00:00-04:00,37.02851867675781,37.02851867675781,36.080955505371094,36.61453628540039,1221679,23.69281768798828,0.0,0.0
TDS,2006-06-18 20:00:00-04:00,36.568538665771484,36.65133285522461,36.0533561706543,36.13615417480469,141962,23.38327407836914,0.0,0.0
TDS,2006-06-19 20:00:00-04:00,36.09015655517578,36.31094741821289,35.69457244873047,35.758968353271484,224900,23.13919448852539,0.0,0.0
TDS,2006-06-20 20:00:00-04:00,35.758968353271484,36.55013656616211,35.68537139892578,36.5041389465332,179355,23.621387481689453,0.0,0.0
TDS,2006-06-21 20:00:00-04:00,36.33854675292969,36.52253723144531,36.20975112915039,36.3017463684082,154571,23.49042320251465,0.0,0.0
TDS,2006-06-22 20:00:00-04:00,36.246551513671875,36.688133239746094,36.0533561706543,36.39374542236328,125657,23.54996109008789,0.0,0.0
TDS,2006-06-25 20:00:00-04:00,36.52253723144531,36.577735900878906,36.062557220458984,36.062557220458984,122070,23.335647583007812,0.0,0.0
TDS,2006-06-26 20:00:00-04:00,36.07175827026367,36.07175827026367,34.66421127319336,34.793006896972656,350123,22.514135360717773,0.0,0.0
TDS,2006-06-27 20:00:00-04:00,35.004600524902344,35.51057815551758,34.691810607910156,35.32658767700195,426104,22.85941505432129,0.0,0.0
TDS,2006-06-28 20:00:00-04:00,35.46458053588867,36.2557487487793,35.36338424682617,36.246551513671875,205443,23.454700469970703,0.0,0.0
TDS,2006-06-29 20:00:00-04:00,36.33854675292969,38.08647537231445,36.182151794433594,38.08647537231445,542304,24.64530372619629,0.0,0.0
TDS,2006-07-02 20:00:00-04:00,38.08647537231445,38.08647537231445,36.9089241027832,37.53450012207031,236423,24.288124084472656,0.0,0.0
TDS,2006-07-04 20:00:00-04:00,37.71849060058594,37.71849060058594,36.1545524597168,36.246551513671875,260989,23.454700469970703,0.0,0.0
TDS,2006-07-05 20:00:00-04:00,36.384544372558594,36.75252914428711,36.246551513671875,36.55013656616211,173811,23.651151657104492,0.0,0.0
TDS,2006-07-06 20:00:00-04:00,36.55013656616211,36.577735900878906,36.163753509521484,36.33854675292969,221965,23.514238357543945,0.0,0.0
TDS,2006-07-09 20:00:00-04:00,36.568538665771484,36.8077278137207,36.384544372558594,36.476539611816406,118809,23.603527069091797,0.0,0.0
TDS,2006-07-10 20:00:00-04:00,36.33854675292969,36.7617301940918,36.03495788574219,36.75252914428711,130875,23.78212547302246,0.0,0.0
TDS,2006-07-11 20:00:00-04:00,36.61453628540039,36.9641227722168,36.5593376159668,36.6329345703125,180986,23.704730987548828,0.0,0.0
TDS,2006-07-12 20:00:00-04:00,36.6329345703125,36.8353271484375,36.329345703125,36.4305419921875,128157,23.57377052307129,0.0,0.0
TDS,2006-07-13 20:00:00-04:00,36.33854675292969,37.019317626953125,36.17295455932617,36.982521057128906,178377,23.930952072143555,0.0,0.0
TDS,2006-07-16 20:00:00-04:00,36.890525817871094,37.36890411376953,36.85372543334961,37.35050582885742,209465,24.1690616607666,0.0,0.0
TDS,2006-07-17 20:00:00-04:00,37.48849868774414,37.67249298095703,36.918121337890625,37.0377197265625,169246,23.966665267944336,0.0,0.0
TDS,2006-07-18 20:00:00-04:00,36.982521057128906,37.543697357177734,36.84452438354492,37.16651153564453,196638,24.050004959106445,0.0,0.0
TDS,2006-07-19 20:00:00-04:00,37.25851058959961,37.33210754394531,36.688133239746094,36.798526763916016,177507,23.811891555786133,0.0,0.0
TDS,2006-07-20 20:00:00-04:00,36.7065315246582,37.37810516357422,36.678932189941406,37.24930953979492,200552,24.10358238220215,0.0,0.0
TDS,2006-07-23 20:00:00-04:00,37.37810516357422,37.709293365478516,37.304508209228516,37.626495361328125,134788,24.3476505279541,0.0,0.0
TDS,2006-07-24 20:00:00-04:00,37.58049774169922,37.91168212890625,37.405704498291016,37.61729431152344,132288,24.341693878173828,0.0,0.0
TDS,2006-07-25 20:00:00-04:00,37.61729431152344,38.261268615722656,37.49769973754883,38.252071380615234,454801,24.752452850341797,0.0,0.0
TDS,2006-07-26 20:00:00-04:00,38.362464904785156,38.49126052856445,37.81968688964844,38.14167404174805,253597,24.681018829345703,0.0,0.0
TDS,2006-07-27 20:00:00-04:00,38.32566833496094,38.482059478759766,38.18767166137695,38.39926528930664,155441,24.847700119018555,0.0,0.0
TDS,2006-07-30 20:00:00-04:00,38.17847442626953,38.22447204589844,37.58969497680664,37.58969497680664,206204,24.3238525390625,0.0,0.0
TDS,2006-07-31 20:00:00-04:00,37.48849868774414,37.67249298095703,37.07451629638672,37.39650344848633,176311,24.198829650878906,0.0,0.0
TDS,2006-08-01 20:00:00-04:00,37.53450012207031,38.17847442626953,37.45170211791992,38.10487747192383,195986,24.657215118408203,0.0,0.0
TDS,2006-08-02 20:00:00-04:00,38.31646728515625,38.31646728515625,37.727691650390625,37.99448013305664,189355,24.585771560668945,0.0,0.0
TDS,2006-08-03 20:00:00-04:00,38.22447204589844,38.40846252441406,38.04047775268555,38.39926528930664,229792,24.847700119018555,0.0,0.0
TDS,2006-08-06 20:00:00-04:00,38.12327575683594,38.362464904785156,37.90248489379883,38.049678802490234,96743,24.621492385864258,0.0,0.0
TDS,2006-08-07 20:00:00-04:00,38.049678802490234,38.132476806640625,37.75529098510742,37.98528289794922,180007,24.579814910888672,0.0,0.0
TDS,2006-08-08 20:00:00-04:00,38.22447204589844,38.39926528930664,38.05887985229492,38.05887985229492,149136,24.6274471282959,0.0,0.0
TDS,2006-08-09 20:00:00-04:00,37.99448013305664,38.54645919799805,37.87488555908203,38.54645919799805,139462,24.942949295043945,0.0,0.0
TDS,2006-08-10 20:00:00-04:00,38.62005615234375,38.62005615234375,38.08647537231445,38.17847442626953,135114,24.704837799072266,0.0,0.0
TDS,2006-08-13 20:00:00-04:00,38.09567642211914,38.43606185913086,38.07727813720703,38.362464904785156,118374,24.82387924194336,0.0,0.0
TDS,2006-08-14 20:00:00-04:00,38.63845443725586,39.09843444824219,38.59245681762695,39.04323959350586,153702,25.264415740966797,0.0,0.0
TDS,2006-08-15 20:00:00-04:00,39.09843444824219,39.28242874145508,39.006439208984375,39.11683654785156,173159,25.312040328979492,0.0,0.0
TDS,2006-08-16 20:00:00-04:00,39.19963073730469,39.392822265625,38.77644729614258,38.77644729614258,179899,25.091787338256836,0.0,0.0
TDS,2006-08-17 20:00:00-04:00,38.73044967651367,38.91444396972656,38.55565643310547,38.89604568481445,79895,25.169166564941406,0.0,0.0
TDS,2006-08-20 20:00:00-04:00,38.905242919921875,38.905242919921875,38.49126052856445,38.73044967651367,122940,25.06201171875,0.0,0.0
TDS,2006-08-21 20:00:00-04:00,38.82244873046875,38.82244873046875,38.22447204589844,38.61085510253906,178485,24.984619140625,0.0,0.0
TDS,2006-08-22 20:00:00-04:00,38.675254821777344,38.71205139160156,38.362464904785156,38.61085510253906,137397,24.984619140625,0.0,0.0
TDS,2006-08-23 20:00:00-04:00,38.84084701538086,38.87764358520508,38.21527099609375,38.34406661987305,234901,24.81199073791504,0.0,0.0
TDS,2006-08-24 20:00:00-04:00,38.22447204589844,38.33486557006836,37.83808517456055,37.91168212890625,283164,24.532197952270508,0.0,0.0
TDS,2006-08-27 20:00:00-04:00,37.930084228515625,38.01287841796875,37.55289840698242,37.61729431152344,263054,24.341693878173828,0.0,0.0
TDS,2006-08-28 20:00:00-04:00,37.764488220214844,38.85004425048828,37.58969497680664,38.82244873046875,257836,25.121536254882812,0.0,0.0
TDS,2006-08-29 20:00:00-04:00,38.82244873046875,39.06163787841797,38.60165786743164,38.62925338745117,232835,24.99652671813965,0.0,0.0
TDS,2006-08-30 20:00:00-04:00,38.684452056884766,39.01564025878906,38.54645919799805,39.01564025878906,237292,25.246553421020508,0.0,0.0
TDS,2006-08-31 20:00:00-04:00,39.024837493896484,39.23643112182617,38.96044158935547,39.03403854370117,93047,25.258459091186523,0.0,0.0
TDS,2006-09-04 20:00:00-04:00,39.14443588256836,39.33762741088867,39.06163787841797,39.190433502197266,330122,25.35965919494629,0.0,0.0
TDS,2006-09-05 20:00:00-04:00,39.190433502197266,39.27322769165039,38.905242919921875,39.006439208984375,296099,25.240610122680664,0.0,0.0
TDS,2006-09-06 20:00:00-04:00,38.96044158935547,39.09843444824219,38.61085510253906,38.89604568481445,147180,25.169166564941406,0.0,0.0
TDS,2006-09-07 20:00:00-04:00,38.96044158935547,39.21803283691406,38.75804901123047,38.85924530029297,141636,25.145355224609375,0.0,0.0
TDS,2006-09-10 20:00:00-04:00,38.87764358520508,39.126033782958984,38.75804901123047,38.82244873046875,233270,25.121536254882812,0.0,0.0
TDS,2006-09-11 20:00:00-04:00,38.77644729614258,39.28242874145508,38.77644729614258,39.227230072021484,187399,25.38347053527832,0.0,0.0
TDS,2006-09-12 20:00:00-04:00,38.82244873046875,40.1011962890625,38.82244873046875,40.01839828491211,322839,25.95203399658203,0.085557,0.0
TDS,2006-09-13 20:00:00-04:00,40.01839828491211,40.01839828491211,39.429622650146484,39.57681655883789,142397,25.6656551361084,0.0,0.0
TDS,2006-09-14 20:00:00-04:00,39.77920913696289,40.00920104980469,39.650413513183594,39.88040542602539,259141,25.862548828125,0.0,0.0
TDS,2006-09-17 20:00:00-04:00,39.88040542602539,40.202392578125,39.71480941772461,39.78840637207031,228379,25.802881240844727,0.0,0.0
TDS,2006-09-18 20:00:00-04:00,39.77920913696289,40.156394958496094,39.5676155090332,40.0275993347168,357840,25.95799446105957,0.0,0.0
TDS,2006-09-19 20:00:00-04:00,40.11039733886719,40.689971923828125,40.11039733886719,40.56117630004883,287838,26.30402183532715,0.0,0.0
TDS,2006-09-20 20:00:00-04:00,40.570377349853516,40.708370208740234,40.257591247558594,40.49678039550781,313273,26.26225471496582,0.0,0.0
TDS,2006-09-21 20:00:00-04:00,40.487579345703125,40.5059814453125,39.55841827392578,39.88040542602539,145223,25.862548828125,0.0,0.0
TDS,2006-09-24 20:00:00-04:00,39.88040542602539,40.0275993347168,39.36522674560547,39.834407806396484,193812,25.83271026611328,0.0,0.0
TDS,2006-09-25 20:00:00-04:00,39.834407806396484,40.01839828491211,39.78840637207031,39.91720199584961,110439,25.886409759521484,0.0,0.0
TDS,2006-09-26 20:00:00-04:00,39.88040542602539,39.88040542602539,39.245628356933594,39.33762741088867,276207,25.510555267333984,0.0,0.0
TDS,2006-09-27 20:00:00-04:00,39.4204216003418,39.60441589355469,38.868446350097656,39.05243682861328,270446,25.32559585571289,0.0,0.0
TDS,2006-09-28 20:00:00-04:00,39.190433502197266,39.27322769165039,38.73044967651367,38.73044967651367,245010,25.116798400878906,0.0,0.0
TDS,2006-10-01 20:00:00-04:00,38.96044158935547,39.58601760864258,38.923641204833984,39.55841827392578,264141,25.653724670410156,0.0,0.0
TDS,2006-10-02 20:00:00-04:00,39.5676155090332,39.71480941772461,39.392822265625,39.48482131958008,255336,25.606000900268555,0.0,0.0
TDS,2006-10-03 20:00:00-04:00,39.392822265625,39.7240104675293,39.35602569580078,39.65961456298828,255771,25.719356536865234,0.0,0.0
TDS,2006-10-04 20:00:00-04:00,39.60441589355469,39.88040542602539,39.48482131958008,39.67801284790039,212291,25.73128890991211,0.0,0.0
TDS,2006-10-05 20:00:00-04:00,39.67801284790039,39.77920913696289,39.328426361083984,39.632015228271484,178703,25.701452255249023,0.0,0.0
TDS,2006-10-08 20:00:00-04:00,39.512420654296875,39.7700080871582,39.392822265625,39.549217224121094,118700,25.647762298583984,0.0,0.0
TDS,2006-10-09 20:00:00-04:00,40.01839828491211,40.055198669433594,39.245628356933594,39.48482131958008,287729,25.606000900268555,0.0,0.0
TDS,2006-10-10 20:00:00-04:00,38.63845443725586,41.39834213256836,38.54645919799805,39.58601760864258,359145,25.67162322998047,0.0,0.0
TDS,2006-10-11 20:00:00-04:00,39.328426361083984,40.4783821105957,39.328426361083984,40.4783821105957,254575,26.25032615661621,0.0,0.0
TDS,2006-10-12 20:00:00-04:00,40.61637496948242,40.93836212158203,40.450782775878906,40.93836212158203,273815,26.54863166809082,0.0,0.0
TDS,2006-10-15 20:00:00-04:00,41.49034118652344,41.738731384277344,41.16835403442383,41.37074661254883,304577,26.82902717590332,0.0,0.0
TDS,2006-10-16 20:00:00-04:00,41.39834213256836,42.50230026245117,41.39834213256836,42.134315490722656,519477,27.324201583862305,0.0,0.0
TDS,2006-10-17 20:00:00-04:00,42.41030502319336,42.916282653808594,42.36430358886719,42.456302642822266,351210,27.533023834228516,0.0,0.0
TDS,2006-10-18 20:00:00-04:00,42.658695220947266,43.753448486328125,42.54829788208008,43.37626647949219,550022,28.12961196899414,0.0,0.0
TDS,2006-10-19 20:00:00-04:00,43.422264099121094,43.56025695800781,43.081878662109375,43.46826171875,364797,28.189279556274414,0.0,0.0
TDS,2006-10-22 20:00:00-04:00,43.50505828857422,44.020240783691406,43.46826171875,43.9466438293457,331209,28.49950408935547,0.0,0.0
TDS,2006-10-23 20:00:00-04:00,43.836246490478516,44.34222412109375,43.836246490478516,44.34222412109375,290229,28.756046295166016,0.0,0.0
TDS,2006-10-24 20:00:00-04:00,44.480220794677734,45.216190338134766,44.34222412109375,45.17019271850586,274576,29.292980194091797,0.0,0.0
TDS,2006-10-25 20:00:00-04:00,45.400184631347656,45.400184631347656,45.06899642944336,45.18859100341797,410995,29.30492401123047,0.0,0.0
TDS,2006-10-26 20:00:00-04:00,45.07819747924805,45.400184631347656,44.86660385131836,44.894203186035156,195660,29.114002227783203,0.0,0.0
TDS,2006-10-29 19:00:00-05:00,44.903404235839844,45.05059814453125,44.76540756225586,44.802207946777344,378059,29.054340362548828,0.0,0.0
TDS,2006-10-30 19:00:00-05:00,44.894203186035156,44.95860290527344,44.66421127319336,44.94020080566406,294686,29.143835067749023,0.0,0.0
TDS,2006-10-31 19:00:00-05:00,45.17019271850586,46.29254913330078,45.12419509887695,45.758968353271484,593502,29.6747989654541,0.0,0.0
TDS,2006-11-01 19:00:00-05:00,45.63017654418945,47.644893646240234,45.63017654418945,47.48849868774414,611872,30.79640769958496,0.0,0.0
TDS,2006-11-02 19:00:00-05:00,47.47930145263672,48.11407470703125,46.9365234375,47.92088317871094,585458,31.076801300048828,0.0,0.0
TDS,2006-11-05 19:00:00-05:00,47.83808517456055,48.64765548706055,47.83808517456055,48.44526290893555,337405,31.4168758392334,0.0,0.0
TDS,2006-11-06 19:00:00-05:00,48.33486557006836,48.62005615234375,47.36890411376953,47.525299072265625,587197,30.820268630981445,0.0,0.0
TDS,2006-11-07 19:00:00-05:00,47.14811325073242,47.644893646240234,46.734130859375,47.506900787353516,453714,30.80834197998047,0.0,0.0
TDS,2006-11-08 19:00:00-05:00,47.47010040283203,47.764488220214844,46.918121337890625,47.184913635253906,298490,30.59954071044922,0.0,0.0
TDS,2006-11-09 19:00:00-05:00,47.286109924316406,47.424102783203125,47.15731430053711,47.240108489990234,199465,30.635318756103516,0.0,0.0
TDS,2006-11-12 19:00:00-05:00,47.26770782470703,47.79208755493164,47.26770782470703,47.47010040283203,306208,30.784465789794922,0.0,0.0
TDS,2006-11-13 19:00:00-05:00,47.47010040283203,48.52805709838867,47.304508209228516,48.50965881347656,373385,31.458635330200195,0.0,0.0
TDS,2006-11-14 19:00:00-05:00,48.51885986328125,48.804046630859375,48.32566833496094,48.49126052856445,250554,31.446699142456055,0.0,0.0
TDS,2006-11-15 19:00:00-05:00,48.85004425048828,48.91444396972656,48.22447204589844,48.482059478759766,246640,31.440736770629883,0.0,0.0
TDS,2006-11-16 19:00:00-05:00,48.52805709838867,49.21803283691406,48.20607376098633,49.21803283691406,256097,31.91802978515625,0.0,0.0
TDS,2006-11-19 19:00:00-05:00,49.21803283691406,49.4204216003418,48.988040924072266,49.35602569580078,268380,32.007511138916016,0.0,0.0
TDS,2006-11-20 19:00:00-05:00,49.35602569580078,49.35602569580078,48.75804901123047,48.77644729614258,338818,31.631654739379883,0.0,0.0
TDS,2006-11-21 19:00:00-05:00,48.77644729614258,49.08003616333008,48.684452056884766,49.05243682861328,240771,31.81061363220215,0.0,0.0
TDS,2006-11-23 19:00:00-05:00,49.18123245239258,49.18123245239258,48.71205139160156,48.75804901123047,43697,31.619714736938477,0.0,0.0
TDS,2006-11-26 19:00:00-05:00,48.83164596557617,48.83164596557617,47.626495361328125,47.626495361328125,305556,30.885906219482422,0.0,0.0
TDS,2006-11-27 19:00:00-05:00,47.626495361328125,48.02207946777344,47.35050582885742,48.02207946777344,439039,31.14242935180664,0.0,0.0
TDS,2006-11-28 19:00:00-05:00,48.252071380615234,48.33486557006836,47.828887939453125,48.068077087402344,327513,31.172260284423828,0.0,0.0
TDS,2006-11-29 19:00:00-05:00,47.97608184814453,48.11407470703125,47.47010040283203,47.525299072265625,389907,30.820268630981445,0.0,0.0
TDS,2006-11-30 19:00:00-05:00,47.65409469604492,47.87488555908203,46.97332000732422,47.37810516357422,320774,30.724809646606445,0.0,0.0
TDS,2006-12-03 19:00:00-05:00,47.47010040283203,48.380863189697266,47.47010040283203,48.29806900024414,306534,31.32141876220703,0.0,0.0
TDS,2006-12-04 19:00:00-05:00,48.29806900024414,48.73965072631836,48.252071380615234,48.53725814819336,318926,31.476520538330078,0.0,0.0
TDS,2006-12-05 19:00:00-05:00,48.482059478759766,48.62005615234375,48.12327575683594,48.34406661987305,309686,31.35124397277832,0.0,0.0
TDS,2006-12-06 19:00:00-05:00,48.34406661987305,48.83164596557617,48.132476806640625,48.261268615722656,274902,31.29755210876465,0.0,0.0
TDS,2006-12-07 19:00:00-05:00,48.20607376098633,48.51885986328125,48.02207946777344,48.05887985229492,188268,31.166301727294922,0.0,0.0
TDS,2006-12-10 19:00:00-05:00,48.28886795043945,48.39926528930664,48.20607376098633,48.27967071533203,285990,31.309476852416992,0.0,0.0
TDS,2006-12-11 19:00:00-05:00,48.43606185913086,49.57681655883789,48.43606185913086,49.5676155090332,346210,32.14473342895508,0.0,0.0
TDS,2006-12-12 19:00:00-05:00,49.7700080871582,49.9724006652832,49.14443588256836,49.30082702636719,296425,32.02698516845703,0.085557,0.0
TDS,2006-12-13 19:00:00-05:00,49.448020935058594,50.29438781738281,49.448020935058594,50.09199523925781,395777,32.54094696044922,0.0,0.0
TDS,2006-12-14 19:00:00-05:00,50.08279800415039,50.39558410644531,49.86200714111328,50.165592193603516,338601,32.588768005371094,0.0,0.0
TDS,2006-12-17 19:00:00-05:00,50.367984771728516,50.450782775878906,48.87764358520508,49.16283416748047,255336,31.937345504760742,0.0,0.0
TDS,2006-12-18 19:00:00-05:00,49.11683654785156,49.60441589355469,48.94204330444336,49.57681655883789,204682,32.20627212524414,0.0,0.0
TDS,2006-12-19 19:00:00-05:00,49.530818939208984,50.1747932434082,49.208831787109375,49.21803283691406,276424,31.97319221496582,0.0,0.0
TDS,2006-12-20 19:00:00-05:00,49.40202331542969,49.7700080871582,49.18123245239258,49.47562026977539,274033,32.140541076660156,0.0,0.0
TDS,2006-12-21 19:00:00-05:00,49.61361312866211,50.036800384521484,49.4940185546875,49.78840637207031,145658,32.34373092651367,0.0,0.0
TDS,2006-12-25 19:00:00-05:00,49.81600570678711,50.08279800415039,49.45722198486328,50.0,197943,32.481178283691406,0.0,0.0
TDS,2006-12-26 19:00:00-05:00,50.459983825683594,50.73596954345703,50.0,50.607177734375,155115,32.87561798095703,0.0,0.0
TDS,2006-12-27 19:00:00-05:00,50.13799285888672,50.80036926269531,50.13799285888672,50.44158172607422,156854,32.76804733276367,0.0,0.0
TDS,2006-12-28 19:00:00-05:00,50.349586486816406,50.80036926269531,49.7700080871582,49.98160171508789,190769,32.46923065185547,0.0,0.0
TDS,2007-01-02 19:00:00-05:00,50.90156555175781,51.24195098876953,50.266788482666016,50.551979064941406,499803,32.839759826660156,0.0,0.0
TDS,2007-01-03 19:00:00-05:00,50.551979064941406,50.59797668457031,50.0,50.459983825683594,380667,32.780006408691406,0.0,0.0
TDS,2007-01-04 19:00:00-05:00,50.28519058227539,50.32198715209961,48.79484939575195,49.15363311767578,280555,31.93136978149414,0.0,0.0
TDS,2007-01-07 19:00:00-05:00,49.15363311767578,49.67801284790039,48.77644729614258,49.530818939208984,418169,32.1763916015625,0.0,0.0
TDS,2007-01-08 19:00:00-05:00,49.4940185546875,49.6688117980957,48.96044158935547,49.17203140258789,255119,31.943315505981445,0.0,0.0
TDS,2007-01-09 19:00:00-05:00,49.04323959350586,50.81876754760742,49.024837493896484,50.653175354003906,548500,32.90550231933594,0.0,0.0
TDS,2007-01-10 19:00:00-05:00,50.873966217041016,52.069915771484375,50.653175354003906,51.88592529296875,544044,33.706336975097656,0.0,0.0
TDS,2007-01-11 19:00:00-05:00,51.88592529296875,52.38270568847656,51.88592529296875,52.29990768432617,397951,33.97526931762695,0.0,0.0
TDS,2007-01-15 19:00:00-05:00,52.48390197753906,52.84268569946289,51.425941467285156,51.628334045410156,333926,33.53901290893555,0.0,0.0
TDS,2007-01-16 19:00:00-05:00,51.425941467285156,51.82152557373047,51.113155364990234,51.18675231933594,314904,33.25212478637695,0.0,0.0
TDS,2007-01-17 19:00:00-05:00,51.37994384765625,52.16191482543945,51.24195098876953,51.39834213256836,347731,33.389583587646484,0.0,0.0
TDS,2007-01-18 19:00:00-05:00,51.28794860839844,51.48114013671875,51.00276184082031,51.10395431518555,185660,33.198326110839844,0.0,0.0
TDS,2007-01-21 19:00:00-05:00,51.18675231933594,51.58233642578125,50.772769927978516,51.40754318237305,274576,33.39555740356445,0.0,0.0
TDS,2007-01-22 19:00:00-05:00,51.333946228027344,51.931922912597656,51.315547943115234,51.830726623535156,256423,33.67047882080078,0.0,0.0
TDS,2007-01-23 19:00:00-05:00,51.839927673339844,52.64029312133789,51.839927673339844,52.60349655151367,467627,34.172481536865234,0.0,0.0
TDS,2007-01-24 19:00:00-05:00,52.43790054321289,52.44710159301758,51.17755126953125,51.34314727783203,235553,33.353721618652344,0.0,0.0
TDS,2007-01-25 19:00:00-05:00,51.425941467285156,51.425941467285156,49.944801330566406,51.030357360839844,291425,33.15052795410156,0.0,0.0
TDS,2007-01-28 19:00:00-05:00,50.91996383666992,51.88592529296875,50.91996383666992,51.77552795410156,287512,33.63461685180664,0.0,0.0
TDS,2007-01-29 19:00:00-05:00,51.99631881713867,52.29990768432617,51.49953842163086,52.24470901489258,240227,33.93939208984375,0.0,0.0
TDS,2007-01-30 19:00:00-05:00,52.06071853637695,52.06071853637695,51.45354080200195,51.47194290161133,235988,33.437381744384766,0.0,0.0
TDS,2007-01-31 19:00:00-05:00,51.47194290161133,52.52069854736328,51.47194290161133,52.50230026245117,275555,34.10673522949219,0.0,0.0
TDS,2007-02-01 19:00:00-05:00,52.54829788208008,53.07267761230469,52.50230026245117,52.677093505859375,173268,34.22029495239258,0.0,0.0
TDS,2007-02-04 19:00:00-05:00,52.43790054321289,52.62189483642578,52.04231643676758,52.07911682128906,184464,33.83183288574219,0.0,0.0
TDS,2007-02-05 19:00:00-05:00,52.16191482543945,53.07267761230469,52.16191482543945,52.85188674926758,207943,34.333839416503906,0.0,0.0
TDS,2007-02-06 19:00:00-05:00,53.081878662109375,53.311866760253906,52.85188674926758,53.2382698059082,169898,34.5848503112793,0.0,0.0
TDS,2007-02-07 19:00:00-05:00,53.28426742553711,54.06623840332031,53.28426742553711,53.88224411010742,225118,35.0031852722168,0.0,0.0
TDS,2007-02-08 19:00:00-05:00,53.17387390136719,53.4958610534668,51.49034118652344,51.90432357788086,370558,33.718284606933594,0.0,0.0
TDS,2007-02-11 19:00:00-05:00,52.134315490722656,52.58509826660156,52.02391815185547,52.069915771484375,217074,33.82585906982422,0.0,0.0
TDS,2007-02-12 19:00:00-05:00,52.29990768432617,52.43790054321289,51.95952224731445,52.28150939941406,162289,33.963287353515625,0.0,0.0
TDS,2007-02-13 19:00:00-05:00,52.28150939941406,52.72309112548828,52.09751510620117,52.28150939941406,349688,33.963287353515625,0.0,0.0
TDS,2007-02-14 19:00:00-05:00,52.48390197753906,52.62189483642578,52.10671615600586,52.20791244506836,176964,33.91550064086914,0.0,0.0
TDS,2007-02-15 19:00:00-05:00,52.20791244506836,52.20791244506836,51.60993576049805,51.97792053222656,196312,33.766082763671875,0.0,0.0
TDS,2007-02-19 19:00:00-05:00,52.02391815185547,52.134315490722656,51.60993576049805,51.97792053222656,321643,33.766082763671875,0.0,0.0
TDS,2007-02-20 19:00:00-05:00,51.839927673339844,51.968719482421875,51.315547943115234,51.54553985595703,327731,33.48520278930664,0.0,0.0
TDS,2007-02-21 19:00:00-05:00,50.88316345214844,51.65593338012695,50.88316345214844,51.56393814086914,194790,33.497161865234375,0.0,0.0
TDS,2007-02-22 19:00:00-05:00,51.48114013671875,51.81232833862305,51.12235641479492,51.40754318237305,236857,33.39555740356445,0.0,0.0
TDS,2007-02-25 19:00:00-05:00,51.637535095214844,51.70193099975586,51.05795669555664,51.425941467285156,255989,33.407527923583984,0.0,0.0
TDS,2007-02-26 19:00:00-05:00,51.14995574951172,51.14995574951172,50.4783821105957,50.607177734375,403060,32.87561798095703,0.0,0.0
TDS,2007-02-27 19:00:00-05:00,50.607177734375,51.44434356689453,50.607177734375,51.315547943115234,536652,33.335811614990234,0.0,0.0
TDS,2007-02-28 19:00:00-05:00,51.98712158203125,51.98712158203125,50.772769927978516,51.28794860839844,441213,33.317867279052734,0.0,0.0
TDS,2007-03-01 19:00:00-05:00,51.69273376464844,51.69273376464844,50.83716583251953,51.011959075927734,309034,33.13857650756836,0.0,0.0
TDS,2007-03-04 19:00:00-05:00,51.011959075927734,51.24195098876953,50.23918914794922,50.23918914794922,606763,32.636566162109375,0.0,0.0
TDS,2007-03-05 19:00:00-05:00,50.01839828491211,50.95676040649414,50.01839828491211,50.69917297363281,545239,32.93538284301758,0.0,0.0
TDS,2007-03-06 19:00:00-05:00,50.5059814453125,51.37074661254883,50.367984771728516,51.076358795166016,666983,33.180416107177734,0.0,0.0
TDS,2007-03-07 19:00:00-05:00,51.195953369140625,51.950321197509766,51.10395431518555,51.78472900390625,328491,33.640602111816406,0.0,0.0
TDS,2007-03-08 19:00:00-05:00,51.950321197509766,52.355106353759766,51.527137756347656,52.355106353759766,249358,34.011112213134766,0.0,0.0
TDS,2007-03-11 20:00:00-04:00,52.456302642822266,53.100276947021484,52.16191482543945,53.081878662109375,630025,34.483238220214844,0.0,0.0
TDS,2007-03-12 20:00:00-04:00,52.897884368896484,53.14627456665039,52.16191482543945,52.171112060546875,291860,33.89159393310547,0.0,0.0
TDS,2007-03-13 20:00:00-04:00,52.171112060546875,52.24470901489258,50.91996383666992,51.47194290161133,439039,33.437381744384766,0.0,0.0
TDS,2007-03-14 20:00:00-04:00,51.425941467285156,52.12511444091797,51.425941467285156,51.79392623901367,516651,33.70560073852539,0.090156,0.0
TDS,2007-03-15 20:00:00-04:00,51.79392623901367,51.839927673339844,51.131553649902344,51.131553649902344,205878,33.2745475769043,0.0,0.0
TDS,2007-03-18 20:00:00-04:00,51.36154556274414,52.051517486572266,51.36154556274414,51.968719482421875,231531,33.819366455078125,0.0,0.0
TDS,2007-03-19 20:00:00-04:00,51.747928619384766,52.52989959716797,51.66513442993164,52.52069854736328,293490,34.178550720214844,0.0,0.0
TDS,2007-03-20 20:00:00-04:00,52.62189483642578,53.7718505859375,52.52989959716797,53.265869140625,536435,34.663482666015625,0.0,0.0
TDS,2007-03-21 20:00:00-04:00,53.44986343383789,54.00183868408203,52.40110397338867,53.955841064453125,355449,35.11250305175781,0.0,0.0
TDS,2007-03-22 20:00:00-04:00,54.18583297729492,54.45262145996094,54.020240783691406,54.04783630371094,228487,35.17236328125,0.0,0.0
TDS,2007-03-25 20:00:00-04:00,54.21343231201172,54.50782012939453,53.67985153198242,54.50782012939453,386537,35.47170639038086,0.0,0.0
TDS,2007-03-26 20:00:00-04:00,54.277828216552734,54.360626220703125,53.817848205566406,54.23183059692383,228596,35.29210662841797,0.0,0.0
TDS,2007-03-27 20:00:00-04:00,54.158233642578125,54.41582489013672,53.70745086669922,54.277828216552734,291860,35.32204055786133,0.0,0.0
TDS,2007-03-28 20:00:00-04:00,54.691810607910156,55.14259338378906,54.57221603393555,54.912601470947266,247727,35.7351188659668,0.0,0.0
TDS,2007-03-29 20:00:00-04:00,55.096595764160156,55.105796813964844,54.397422790527344,54.84820556640625,153811,35.69322204589844,0.0,0.0
TDS,2007-04-01 20:00:00-04:00,52.76908874511719,55.33578872680664,52.76908874511719,55.03219985961914,275228,35.812957763671875,0.0,0.0
TDS,2007-04-02 20:00:00-04:00,55.26219177246094,55.55657958984375,54.783809661865234,54.802207946777344,376646,35.663272857666016,0.0,0.0
TDS,2007-04-03 20:00:00-04:00,54.73780822753906,55.197792053222656,54.701011657714844,54.82980728149414,515455,35.681243896484375,0.0,0.0
TDS,2007-04-04 20:00:00-04:00,54.783809661865234,55.105796813964844,54.64581298828125,54.682613372802734,238814,35.585445404052734,0.0,0.0
TDS,2007-04-08 20:00:00-04:00,54.84820556640625,55.12419509887695,54.691810607910156,54.95860290527344,447735,35.76505661010742,0.0,0.0
TDS,2007-04-09 20:00:00-04:00,54.92180252075195,55.06899642944336,54.73780822753906,54.783809661865234,315991,35.65131378173828,0.0,0.0
TDS,2007-04-10 20:00:00-04:00,54.73780822753906,54.73780822753906,54.139835357666016,54.176631927490234,166202,35.25618362426758,0.0,0.0
TDS,2007-04-11 20:00:00-04:00,54.32382583618164,54.82060623168945,54.00183868408203,54.75621032714844,302186,35.63335037231445,0.0,0.0
TDS,2007-04-12 20:00:00-04:00,54.783809661865234,55.28059005737305,52.75069046020508,54.92180252075195,250010,35.74110794067383,0.0,0.0
TDS,2007-04-15 20:00:00-04:00,55.33578872680664,56.00735855102539,55.317386627197266,55.91536331176758,245553,36.387672424316406,0.0,0.0
TDS,2007-04-16 20:00:00-04:00,55.979759216308594,56.39374542236328,55.740570068359375,56.025760650634766,195008,36.45952224731445,0.0,0.0
TDS,2007-04-17 20:00:00-04:00,55.841766357421875,56.01655960083008,55.28059005737305,55.44618225097656,273381,36.082366943359375,0.0,0.0
TDS,2007-04-18 20:00:00-04:00,56.6329345703125,56.6329345703125,54.82980728149414,55.06899642944336,184464,35.83689498901367,0.0,0.0
TDS,2007-04-19 20:00:00-04:00,55.47378158569336,55.68537139892578,55.25299072265625,55.38178634643555,209574,36.040462493896484,0.0,0.0
TDS,2007-04-22 20:00:00-04:00,55.47378158569336,56.025760650634766,55.47378158569336,55.48298263549805,208161,36.10630798339844,0.0,0.0
TDS,2007-04-23 20:00:00-04:00,55.44618225097656,55.519779205322266,54.581417083740234,54.74700927734375,223379,35.62736511230469,0.0,0.0
TDS,2007-04-24 20:00:00-04:00,55.05979919433594,55.27138900756836,54.83900451660156,54.83900451660156,251967,35.68724060058594,0.0,0.0
TDS,2007-04-25 20:00:00-04:00,54.74700927734375,55.206993103027344,54.038639068603516,54.038639068603516,225879,35.1663703918457,0.0,0.0
TDS,2007-04-26 20:00:00-04:00,53.955841064453125,54.139835357666016,53.82704544067383,54.020240783691406,207400,35.15439987182617,0.0,0.0
TDS,2007-04-29 20:00:00-04:00,53.201473236083984,54.35142517089844,52.20791244506836,52.391902923583984,371319,34.0947380065918,0.0,0.0
TDS,2007-04-30 20:00:00-04:00,52.391902923583984,52.575897216796875,51.536338806152344,51.55473709106445,407299,33.54994201660156,0.0,0.0
TDS,2007-05-01 20:00:00-04:00,51.56393814086914,52.52989959716797,50.76356887817383,51.98712158203125,405995,33.83132553100586,0.0,0.0
TDS,2007-05-02 20:00:00-04:00,52.21710968017578,53.00828170776367,52.14351272583008,52.897884368896484,213922,34.42401885986328,0.0,0.0
TDS,2007-05-03 20:00:00-04:00,53.109474182128906,54.158233642578125,52.9898796081543,54.08463668823242,395342,35.19630813598633,0.0,0.0
TDS,2007-05-06 20:00:00-04:00,54.00183868408203,54.35142517089844,53.86384582519531,54.057037353515625,219791,35.178348541259766,0.0,0.0
TDS,2007-05-07 20:00:00-04:00,54.00183868408203,54.461822509765625,53.90984344482422,54.41582489013672,312295,35.411842346191406,0.0,0.0
TDS,2007-05-08 20:00:00-04:00,54.296226501464844,54.995399475097656,54.28702926635742,54.92180252075195,192508,35.74110794067383,0.0,0.0
TDS,2007-05-09 20:00:00-04:00,54.10303497314453,55.013797760009766,54.10303497314453,54.76540756225586,270228,35.63932800292969,0.0,0.0
TDS,2007-05-10 20:00:00-04:00,54.995399475097656,55.105796813964844,54.57221603393555,54.97700119018555,137071,35.777034759521484,0.0,0.0
TDS,2007-05-13 20:00:00-04:00,54.93100357055664,55.087398529052734,53.6430549621582,54.04783630371094,369471,35.17236328125,0.0,0.0
TDS,2007-05-14 20:00:00-04:00,54.01103973388672,54.54461669921875,53.5694580078125,53.5694580078125,194247,34.86104965209961,0.0,0.0
TDS,2007-05-15 20:00:00-04:00,54.277828216552734,54.32382583618164,53.24747085571289,54.28702926635742,261967,35.328006744384766,0.0,0.0
TDS,2007-05-16 20:00:00-04:00,54.00183868408203,54.195030212402344,53.58785629272461,53.753448486328125,177616,34.98078536987305,0.0,0.0
TDS,2007-05-17 20:00:00-04:00,53.90984344482422,54.563018798828125,53.72584915161133,54.18583297729492,138158,35.262168884277344,0.0,0.0
TDS,2007-05-20 20:00:00-04:00,54.06623840332031,54.691810607910156,54.06623840332031,54.397422790527344,283272,35.39986038208008,0.0,0.0
TDS,2007-05-21 20:00:00-04:00,54.277828216552734,54.599815368652344,54.11223602294922,54.379024505615234,178485,35.38789367675781,0.0,0.0
TDS,2007-05-22 20:00:00-04:00,54.32382583618164,54.81140899658203,54.22262954711914,54.73780822753906,211639,35.62136459350586,0.0,0.0
TDS,2007-05-23 20:00:00-04:00,54.73780822753906,55.17939376831055,54.139835357666016,54.41582489013672,206856,35.411842346191406,0.0,0.0
TDS,2007-05-24 20:00:00-04:00,54.498619079589844,55.400184631347656,54.360626220703125,55.17939376831055,206530,35.90874099731445,0.0,0.0
TDS,2007-05-28 20:00:00-04:00,53.58785629272461,55.56577682495117,53.58785629272461,55.42778396606445,295012,36.07039260864258,0.0,0.0
TDS,2007-05-29 20:00:00-04:00,54.82980728149414,55.90616226196289,54.76540756225586,55.65777587890625,335774,36.22005081176758,0.0,0.0
TDS,2007-05-30 20:00:00-04:00,55.722171783447266,56.94572067260742,55.722171783447266,56.94572067260742,398386,37.05821228027344,0.0,0.0
TDS,2007-05-31 20:00:00-04:00,56.94572067260742,58.97883987426758,56.94572067260742,58.93284225463867,614155,38.35134506225586,0.0,0.0
TDS,2007-06-03 20:00:00-04:00,58.666053771972656,60.036800384521484,58.666053771972656,60.036800384521484,432300,39.06976318359375,0.0,0.0
TDS,2007-06-04 20:00:00-04:00,59.98160171508789,60.487579345703125,59.512420654296875,60.202392578125,362949,39.17752456665039,0.0,0.0
TDS,2007-06-05 20:00:00-04:00,60.0275993347168,60.29438781738281,59.25482940673828,59.37442398071289,198269,38.63870620727539,0.0,0.0
TDS,2007-06-06 20:00:00-04:00,59.30082702636719,60.09199523925781,58.10487747192383,58.10487747192383,314904,37.812538146972656,0.0,0.0
TDS,2007-06-07 20:00:00-04:00,58.11407470703125,59.107635498046875,57.78289031982422,58.81324768066406,126527,38.273536682128906,0.0,0.0
TDS,2007-06-10 20:00:00-04:00,58.97883987426758,59.954002380371094,58.261268615722656,59.5676155090332,202291,38.76445007324219,0.0,0.0
TDS,2007-06-11 20:00:00-04:00,59.33762741088867,59.429622650146484,58.20607376098633,58.20607376098633,183594,37.878395080566406,0.0,0.0
TDS,2007-06-12 20:00:00-04:00,58.160072326660156,58.868446350097656,57.68169403076172,58.09567642211914,326317,37.86519241333008,0.090156,0.0
TDS,2007-06-13 20:00:00-04:00,58.14167404174805,59.530818939208984,58.07727813720703,58.45446014404297,273163,38.09904479980469,0.0,0.0
TDS,2007-06-14 20:00:00-04:00,58.73965072631836,58.79484939575195,58.160072326660156,58.49126052856445,212291,38.123046875,0.0,0.0
TDS,2007-06-17 20:00:00-04:00,58.72125244140625,58.72125244140625,57.304508209228516,57.91168212890625,297838,37.74527359008789,0.0,0.0
TDS,2007-06-18 20:00:00-04:00,57.810489654541016,58.574058532714844,57.58969497680664,58.23366928100586,259902,37.955142974853516,0.0,0.0
TDS,2007-06-19 20:00:00-04:00,58.132476806640625,58.923641204833984,58.12327575683594,58.41766357421875,367950,38.075050354003906,0.0,0.0
TDS,2007-06-20 20:00:00-04:00,58.24287033081055,58.81324768066406,56.6329345703125,58.261268615722656,804815,37.97314453125,0.0,0.0
TDS,2007-06-21 20:00:00-04:00,58.22447204589844,58.583255767822266,58.10487747192383,58.160072326660156,982974,37.907169342041016,0.0,0.0
TDS,2007-06-24 20:00:00-04:00,58.049678802490234,58.55565643310547,57.405704498291016,57.45170211791992,398820,37.44546890258789,0.0,0.0
TDS,2007-06-25 20:00:00-04:00,57.35970687866211,57.608097076416016,56.11775588989258,56.54093933105469,560675,36.85186767578125,0.0,0.0
TDS,2007-06-26 20:00:00-04:00,56.246551513671875,57.221710205078125,55.98896026611328,57.14811325073242,461758,37.24760055541992,0.0,0.0
TDS,2007-06-27 20:00:00-04:00,56.881324768066406,57.828887939453125,56.62373352050781,57.51609802246094,396320,37.48743438720703,0.0,0.0
TDS,2007-06-28 20:00:00-04:00,57.608097076416016,57.97608184814453,57.286109924316406,57.56209945678711,506216,37.5174446105957,0.0,0.0
TDS,2007-07-01 20:00:00-04:00,58.79484939575195,59.089237213134766,57.847286224365234,59.089237213134766,508281,38.512779235839844,0.0,0.0
TDS,2007-07-02 20:00:00-04:00,59.11683654785156,59.797607421875,59.11683654785156,59.5676155090332,222509,38.824581146240234,0.0,0.0
TDS,2007-07-04 20:00:00-04:00,59.429622650146484,60.1011962890625,59.227230072021484,59.88960266113281,325122,39.03443908691406,0.0,0.0
TDS,2007-07-05 20:00:00-04:00,59.797607421875,61.094757080078125,59.797607421875,61.08555603027344,409473,39.813926696777344,0.0,0.0
TDS,2007-07-08 20:00:00-04:00,61.26955032348633,62.235511779785156,60.809566497802734,62.09751510620117,515890,40.47348403930664,0.0,0.0
TDS,2007-07-09 20:00:00-04:00,61.40754318237305,61.72032928466797,61.195953369140625,61.36154556274414,468606,39.993804931640625,0.0,0.0
TDS,2007-07-10 20:00:00-04:00,61.45354080200195,63.265869140625,61.38914489746094,63.265869140625,417734,41.23499298095703,0.0,0.0
TDS,2007-07-11 20:00:00-04:00,63.66145324707031,65.15179443359375,63.57865524291992,65.14259338378906,567849,42.458187103271484,0.0,0.0
TDS,2007-07-12 20:00:00-04:00,65.54737854003906,65.8693618774414,63.48666000366211,64.36982727050781,389472,41.95452880859375,0.0,0.0
TDS,2007-07-15 20:00:00-04:00,64.1214370727539,65.14259338378906,63.753448486328125,65.05979919433594,320339,42.40422439575195,0.0,0.0
TDS,2007-07-16 20:00:00-04:00,64.98619842529297,67.1849136352539,64.88500213623047,66.97332000732422,534478,43.65141677856445,0.0,0.0
TDS,2007-07-17 20:00:00-04:00,66.6789321899414,67.41490173339844,65.81416320800781,67.26770782470703,394038,43.843284606933594,0.0,0.0
TDS,2007-07-18 20:00:00-04:00,67.37810516357422,67.77368927001953,66.97332000732422,67.3965072631836,411212,43.927223205566406,0.0,0.0
TDS,2007-07-19 20:00:00-04:00,67.2861099243164,67.42410278320312,66.20055389404297,66.3753433227539,326100,43.26166915893555,0.0,0.0
TDS,2007-07-22 20:00:00-04:00,66.39374542236328,66.6329345703125,65.7773666381836,65.7773666381836,329905,42.871917724609375,0.0,0.0
TDS,2007-07-23 20:00:00-04:00,65.31739044189453,66.40294647216797,65.13339233398438,66.05335998535156,410016,43.051815032958984,0.0,0.0
TDS,2007-07-24 20:00:00-04:00,66.40294647216797,66.91812133789062,65.59337615966797,66.126953125,484911,43.09977340698242,0.0,0.0
TDS,2007-07-25 20:00:00-04:00,65.54737854003906,65.63017272949219,63.96504211425781,64.46182250976562,394690,42.014488220214844,0.0,0.0
TDS,2007-07-26 20:00:00-04:00,64.28702545166016,64.28702545166016,62.63109588623047,62.63109588623047,346318,40.821258544921875,0.0,0.0
TDS,2007-07-29 20:00:00-04:00,61.49034118652344,63.46826171875,60.892364501953125,62.92548370361328,451105,41.01313781738281,0.0,0.0
TDS,2007-07-30 20:00:00-04:00,62.92548370361328,63.403865814208984,58.23366928100586,61.08555603027344,710463,39.813926696777344,0.0,0.0
TDS,2007-07-31 20:00:00-04:00,60.551979064941406,61.49953842163086,60.3035888671875,60.73596954345703,481758,39.5860710144043,0.0,0.0
TDS,2007-08-01 20:00:00-04:00,60.90156555175781,61.17755126953125,60.257591247558594,60.551979064941406,552305,39.466156005859375,0.0,0.0
TDS,2007-08-02 20:00:00-04:00,58.82244873046875,61.49034118652344,58.684452056884766,58.85004425048828,749595,38.35687255859375,0.0,0.0
TDS,2007-08-05 20:00:00-04:00,58.969642639160156,59.70561218261719,57.51609802246094,58.41766357421875,552305,38.075050354003906,0.0,0.0
TDS,2007-08-06 20:00:00-04:00,56.9641227722168,58.463661193847656,56.7617301940918,57.240108489990234,440452,37.30755615234375,0.0,0.0
TDS,2007-08-07 20:00:00-04:00,57.45170211791992,57.543697357177734,51.10395431518555,52.62189483642578,1201352,34.29753494262695,0.0,0.0
TDS,2007-08-08 20:00:00-04:00,52.069915771484375,52.713890075683594,49.13523483276367,51.517940521240234,1088196,33.5780029296875,0.0,0.0
TDS,2007-08-09 20:00:00-04:00,50.2299919128418,59.35602569580078,48.85004425048828,53.523460388183594,901884,34.88514709472656,0.0,0.0
TDS,2007-08-12 20:00:00-04:00,53.735050201416016,60.90156555175781,53.523460388183594,58.41766357421875,662092,38.075050354003906,0.0,0.0
TDS,2007-08-13 20:00:00-04:00,54.74700927734375,59.68721389770508,54.73780822753906,55.56577682495117,636873,36.216285705566406,0.0,0.0
TDS,2007-08-14 20:00:00-04:00,55.56577682495117,56.20975112915039,52.83348846435547,53.081878662109375,388168,34.59733963012695,0.0,0.0
TDS,2007-08-15 20:00:00-04:00,54.18583297729492,56.366146087646484,53.15547561645508,55.18859100341797,648504,35.97043228149414,0.0,0.0
TDS,2007-08-16 20:00:00-04:00,55.25299072265625,60.71757125854492,53.35786437988281,58.09567642211914,462519,37.86519241333008,0.0,0.0
TDS,2007-08-19 20:00:00-04:00,58.684452056884766,58.684452056884766,55.25299072265625,56.55013656616211,498498,36.85786819458008,0.0,0.0
TDS,2007-08-20 20:00:00-04:00,56.467342376708984,60.11959457397461,55.206993103027344,59.70561218261719,409038,38.914520263671875,0.0,0.0
TDS,2007-08-21 20:00:00-04:00,59.40202331542969,60.62557601928711,58.62005615234375,59.47562026977539,381211,38.76462173461914,0.0,0.0
TDS,2007-08-22 20:00:00-04:00,59.40202331542969,59.944801330566406,57.95768356323242,58.886844635009766,328491,38.380859375,0.0,0.0
TDS,2007-08-23 20:00:00-04:00,57.26770782470703,59.06163787841797,57.26770782470703,59.06163787841797,547957,38.49477767944336,0.0,0.0
TDS,2007-08-26 20:00:00-04:00,58.12327575683594,61.10395431518555,58.12327575683594,60.892364501953125,325774,39.68800735473633,0.0,0.0
TDS,2007-08-27 20:00:00-04:00,60.44158172607422,60.51517868041992,57.847286224365234,57.95768356323242,361101,37.775264739990234,0.0,0.0
TDS,2007-08-28 20:00:00-04:00,57.95768356323242,59.91720199584961,57.95768356323242,59.751609802246094,310665,38.94449234008789,0.0,0.0
TDS,2007-08-29 20:00:00-04:00,59.33762741088867,60.349586486816406,58.923641204833984,60.0275993347168,362732,39.1243782043457,0.0,0.0
TDS,2007-08-30 20:00:00-04:00,60.28519058227539,60.71757125854492,59.23643112182617,59.5676155090332,322839,38.824581146240234,0.0,0.0
TDS,2007-09-03 20:00:00-04:00,59.50321960449219,61.71113204956055,59.429622650146484,61.59153747558594,352188,40.14369583129883,0.0,0.0
TDS,2007-09-04 20:00:00-04:00,61.214351654052734,61.637535095214844,59.530818939208984,61.08555603027344,768944,39.813926696777344,0.0,0.0
TDS,2007-09-05 20:00:00-04:00,61.08555603027344,61.12235641479492,59.18123245239258,60.671573638916016,501216,39.544097900390625,0.0,0.0
TDS,2007-09-06 20:00:00-04:00,60.0735969543457,60.82796859741211,58.69365310668945,58.69365310668945,357623,38.254947662353516,0.0,0.0
TDS,2007-09-09 20:00:00-04:00,59.15363311767578,59.742408752441406,58.31646728515625,58.905242919921875,276968,38.39283752441406,0.0,0.0
TDS,2007-09-10 20:00:00-04:00,59.04323959350586,60.147193908691406,58.87764358520508,59.77920913696289,225879,38.962486267089844,0.0,0.0
TDS,2007-09-11 20:00:00-04:00,59.797607421875,60.29438781738281,58.43606185913086,59.006439208984375,551435,38.516902923583984,0.090156,0.0
TDS,2007-09-12 20:00:00-04:00,59.291629791259766,59.40202331542969,58.64765548706055,58.93284225463867,390994,38.46886444091797,0.0,0.0
TDS,2007-09-13 20:00:00-04:00,58.988040924072266,58.988040924072266,58.09567642211914,58.21527099609375,301534,38.000457763671875,0.0,0.0
TDS,2007-09-16 20:00:00-04:00,58.41766357421875,58.767250061035156,57.81968688964844,57.85648727416992,532413,37.766273498535156,0.0,0.0
TDS,2007-09-17 20:00:00-04:00,57.85648727416992,59.47562026977539,57.847286224365234,59.47562026977539,311860,38.82316207885742,0.0,0.0
TDS,2007-09-18 20:00:00-04:00,59.47562026977539,60.5335807800293,58.63845443725586,59.88960266113281,514151,39.09340286254883,0.0,0.0
TDS,2007-09-19 20:00:00-04:00,59.55841827392578,61.90432357788086,59.530818939208984,61.30634689331055,491650,40.018184661865234,0.0,0.0
TDS,2007-09-20 20:00:00-04:00,62.171112060546875,63.0634765625,60.165592193603516,60.85556411743164,713616,39.72393035888672,0.0,0.0
TDS,2007-09-23 20:00:00-04:00,60.95676040649414,61.35234451293945,59.23643112182617,60.11039733886719,328165,39.237518310546875,0.0,0.0
TDS,2007-09-24 20:00:00-04:00,60.08279800415039,61.747928619384766,59.88960266113281,61.40754318237305,506759,40.08424758911133,0.0,0.0
TDS,2007-09-25 20:00:00-04:00,61.195953369140625,62.82428741455078,60.3771858215332,62.74148941040039,382515,40.95498275756836,0.0,0.0
TDS,2007-09-26 20:00:00-04:00,62.83348846435547,63.45906066894531,61.97792053222656,63.431461334228516,296425,41.40536880493164,0.0,0.0
TDS,2007-09-27 20:00:00-04:00,63.431461334228516,63.431461334228516,60.39558410644531,61.40754318237305,464801,40.08424758911133,0.0,0.0
TDS,2007-09-30 20:00:00-04:00,61.34314727783203,62.999080657958984,61.315547943115234,62.87028503417969,340340,41.0390510559082,0.0,0.0
TDS,2007-10-01 20:00:00-04:00,59.751609802246094,64.3790283203125,59.751609802246094,64.24102783203125,339579,41.933807373046875,0.0,0.0
TDS,2007-10-02 20:00:00-04:00,63.79944610595703,64.04783630371094,62.46549987792969,62.695491790771484,159680,40.92495346069336,0.0,0.0
TDS,2007-10-03 20:00:00-04:00,63.017478942871094,63.017478942871094,62.08831787109375,62.355106353759766,250554,40.702762603759766,0.0,0.0
TDS,2007-10-04 20:00:00-04:00,62.373504638671875,64.30542755126953,62.290706634521484,64.30542755126953,275228,41.975852966308594,0.0,0.0
TDS,2007-10-07 20:00:00-04:00,64.0294418334961,66.52253723144531,62.94388198852539,63.90984344482422,386537,41.7176399230957,0.0,0.0
TDS,2007-10-08 20:00:00-04:00,64.16743469238281,64.24102783203125,63.25667190551758,64.0294418334961,253706,41.79570388793945,0.0,0.0
TDS,2007-10-09 20:00:00-04:00,63.937442779541016,64.40662384033203,63.670654296875,63.89144515991211,434691,41.70563507080078,0.0,0.0
TDS,2007-10-10 20:00:00-04:00,64.09383392333984,64.3330307006836,62.373504638671875,62.980682373046875,326426,41.111114501953125,0.0,0.0
TDS,2007-10-11 20:00:00-04:00,63.15547561645508,64.57221984863281,62.9898796081543,63.00828170776367,385015,41.129146575927734,0.0,0.0
TDS,2007-10-14 20:00:00-04:00,63.109474182128906,63.615455627441406,61.97792053222656,62.29990768432617,298490,40.666751861572266,0.0,0.0
TDS,2007-10-15 20:00:00-04:00,62.51150131225586,63.431461334228516,62.373504638671875,63.0358772277832,261424,41.14714813232422,0.0,0.0
TDS,2007-10-16 20:00:00-04:00,63.265869140625,63.836246490478516,62.94388198852539,63.6982536315918,348601,41.57950973510742,0.0,0.0
TDS,2007-10-17 20:00:00-04:00,63.3394660949707,63.79944610595703,62.336708068847656,62.87028503417969,238162,41.0390510559082,0.0,0.0
TDS,2007-10-18 20:00:00-04:00,62.87028503417969,63.201473236083984,62.253910064697266,62.594295501708984,202291,40.858890533447266,0.0,0.0
TDS,2007-10-21 20:00:00-04:00,62.07911682128906,63.219871520996094,62.00551986694336,62.92548370361328,166855,41.07509994506836,0.0,0.0
TDS,2007-10-22 20:00:00-04:00,63.15547561645508,63.33026885986328,62.75069046020508,63.0634765625,203160,41.165184020996094,0.0,0.0
TDS,2007-10-23 20:00:00-04:00,62.92548370361328,63.70745086669922,61.637535095214844,63.70745086669922,242618,41.585514068603516,0.0,0.0
TDS,2007-10-24 20:00:00-04:00,63.219871520996094,64.26863098144531,63.017478942871094,63.76264953613281,342949,41.62153625488281,0.0,0.0
TDS,2007-10-25 20:00:00-04:00,64.39742279052734,64.94020080566406,63.523460388183594,63.66145324707031,227183,41.55549621582031,0.0,0.0
TDS,2007-10-28 20:00:00-04:00,63.80864715576172,64.1214370727539,62.980682373046875,63.3394660949707,179246,41.34531784057617,0.0,0.0
TDS,2007-10-29 20:00:00-04:00,63.38546371459961,64.3790283203125,63.0634765625,63.58785629272461,152615,41.507450103759766,0.0,0.0
TDS,2007-10-30 20:00:00-04:00,63.7442512512207,64.38822174072266,63.2934684753418,64.21343231201172,354579,41.91581726074219,0.0,0.0
TDS,2007-10-31 20:00:00-04:00,63.66145324707031,64.21343231201172,63.017478942871094,63.47746276855469,302077,41.435394287109375,0.0,0.0
TDS,2007-11-01 20:00:00-04:00,63.47746276855469,64.84820556640625,62.171112060546875,62.879486083984375,273381,41.0450553894043,0.0,0.0
TDS,2007-11-04 19:00:00-05:00,61.71113204956055,63.88224411010742,61.71113204956055,62.152713775634766,242510,40.57066345214844,0.0,0.0
TDS,2007-11-05 19:00:00-05:00,64.38822174072266,64.38822174072266,61.637535095214844,62.41950225830078,353058,40.744808197021484,0.0,0.0
TDS,2007-11-06 19:00:00-05:00,62.235511779785156,62.235511779785156,59.190433502197266,60.036800384521484,433930,39.18947219848633,0.0,0.0
TDS,2007-11-07 19:00:00-05:00,60.31278610229492,60.754371643066406,59.25482940673828,60.71757125854492,357297,39.63386154174805,0.0,0.0
TDS,2007-11-08 19:00:00-05:00,59.90800476074219,60.38638687133789,58.71205139160156,59.60441589355469,374363,38.907222747802734,0.0,0.0
TDS,2007-11-11 19:00:00-05:00,60.6807746887207,60.708370208740234,57.48849868774414,57.525299072265625,494911,37.550086975097656,0.0,0.0
TDS,2007-11-12 19:00:00-05:00,59.91720199584961,59.91720199584961,57.341304779052734,57.45170211791992,406973,37.50202560424805,0.0,0.0
TDS,2007-11-13 19:00:00-05:00,57.46090316772461,57.810489654541016,56.61453628540039,57.1113166809082,548283,37.27983856201172,0.0,0.0
TDS,2007-11-14 19:00:00-05:00,57.138912200927734,58.02207946777344,56.375343322753906,57.12971496582031,386211,37.29184341430664,0.0,0.0
TDS,2007-11-15 19:00:00-05:00,57.35970687866211,60.18399429321289,56.163753509521484,59.88960266113281,720898,39.09340286254883,0.0,0.0
TDS,2007-11-18 19:00:00-05:00,59.5676155090332,59.80680847167969,58.65685272216797,58.73965072631836,606981,38.342750549316406,0.0,0.0
TDS,2007-11-19 19:00:00-05:00,58.83164596557617,59.540016174316406,57.90248489379883,58.77644729614258,414038,38.36678695678711,0.0,0.0
TDS,2007-11-20 19:00:00-05:00,58.50046157836914,58.50046157836914,55.85096740722656,56.09935760498047,310339,36.619285583496094,0.0,0.0
TDS,2007-11-22 19:00:00-05:00,57.083717346191406,57.083717346191406,55.69457244873047,56.2557487487793,95656,36.72136688232422,0.0,0.0
TDS,2007-11-25 19:00:00-05:00,56.11775588989258,56.4305419921875,54.86660385131836,54.986202239990234,333383,35.892669677734375,0.0,0.0
TDS,2007-11-26 19:00:00-05:00,55.26219177246094,55.42778396606445,53.88224411010742,54.18583297729492,513173,35.37021255493164,0.0,0.0
TDS,2007-11-27 19:00:00-05:00,54.18583297729492,56.61453628540039,53.99264144897461,56.55013656616211,465345,36.913536071777344,0.0,0.0
TDS,2007-11-28 19:00:00-05:00,55.74977111816406,59.43882369995117,55.02299880981445,57.865684509277344,441105,37.77226257324219,0.0,0.0
TDS,2007-11-29 19:00:00-05:00,58.574058532714844,58.64765548706055,56.4029426574707,57.26770782470703,499585,37.381935119628906,0.0,0.0
TDS,2007-12-02 19:00:00-05:00,57.17571258544922,57.31370544433594,56.384544372558594,56.99171829223633,350666,37.2017822265625,0.0,0.0
TDS,2007-12-03 19:00:00-05:00,56.99171829223633,59.8988037109375,56.95492172241211,59.843605041503906,753726,39.06338119506836,0.0,0.0
TDS,2007-12-04 19:00:00-05:00,60.71757125854492,61.34314727783203,59.797607421875,60.21159362792969,427843,39.30356216430664,0.0,0.0
TDS,2007-12-05 19:00:00-05:00,60.165592193603516,60.165592193603516,58.27967071533203,59.65961456298828,505564,38.94327163696289,0.0,0.0
TDS,2007-12-06 19:00:00-05:00,60.257591247558594,60.5795783996582,59.86200714111328,59.86200714111328,450127,39.07538604736328,0.0,0.0
TDS,2007-12-09 19:00:00-05:00,59.86200714111328,61.38914489746094,59.70561218261719,60.86476516723633,294034,39.72993087768555,0.0,0.0
TDS,2007-12-10 19:00:00-05:00,60.873966217041016,61.10395431518555,59.5216178894043,59.5676155090332,366536,38.883209228515625,0.0,0.0
TDS,2007-12-11 19:00:00-05:00,60.56117630004883,61.10395431518555,58.85924530029297,59.6688117980957,471649,39.0083122253418,0.090156,0.0
TDS,2007-12-12 19:00:00-05:00,57.68169403076172,60.62557601928711,57.68169403076172,60.62557601928711,417191,39.633792877197266,0.0,0.0
TDS,2007-12-13 19:00:00-05:00,60.349586486816406,61.03955841064453,60.1747932434082,60.85556411743164,317404,39.78413391113281,0.0,0.0
TDS,2007-12-16 19:00:00-05:00,60.689971923828125,60.689971923828125,58.169273376464844,58.87764358520508,260337,38.491092681884766,0.0,0.0
TDS,2007-12-17 19:00:00-05:00,59.18123245239258,60.156394958496094,59.06163787841797,59.797607421875,324578,39.09251403808594,0.0,0.0
TDS,2007-12-18 19:00:00-05:00,59.8988037109375,60.28519058227539,59.27322769165039,59.797607421875,245336,39.09251403808594,0.0,0.0
TDS,2007-12-19 19:00:00-05:00,60.257591247558594,60.56117630004883,58.55565643310547,60.257591247558594,449801,39.393211364746094,0.0,0.0
TDS,2007-12-20 19:00:00-05:00,61.25114822387695,61.72032928466797,60.588775634765625,61.45354080200195,507846,40.1750602722168,0.0,0.0
TDS,2007-12-23 19:00:00-05:00,61.22355270385742,62.14351272583008,61.22355270385742,61.59153747558594,68481,40.26527786254883,0.0,0.0
TDS,2007-12-25 19:00:00-05:00,61.45354080200195,62.50230026245117,61.17755126953125,61.17755126953125,171746,39.99464416503906,0.0,0.0
TDS,2007-12-26 19:00:00-05:00,61.14075469970703,61.49034118652344,58.87764358520508,59.33762741088867,229466,38.791805267333984,0.0,0.0
TDS,2007-12-27 19:00:00-05:00,59.227230072021484,59.77920913696289,58.74885177612305,59.33762741088867,180768,38.791805267333984,0.0,0.0
TDS,2007-12-30 19:00:00-05:00,59.14443588256836,60.92916488647461,57.58969497680664,57.58969497680664,263271,37.64910888671875,0.0,0.0
TDS,2008-01-01 19:00:00-05:00,57.24930953979492,58.14167404174805,57.203311920166016,57.70009231567383,233053,37.72126770019531,0.0,0.0
TDS,2008-01-02 19:00:00-05:00,57.91168212890625,57.91168212890625,56.84452438354492,56.918121337890625,227509,37.21003723144531,0.0,0.0
TDS,2008-01-03 19:00:00-05:00,56.789329528808594,57.07451629638672,56.17295455932617,56.8353271484375,359688,37.155921936035156,0.0,0.0
TDS,2008-01-06 19:00:00-05:00,56.982521057128906,60.892364501953125,55.42778396606445,57.29530715942383,418386,37.456642150878906,0.0,0.0
TDS,2008-01-07 19:00:00-05:00,57.58969497680664,57.865684509277344,56.485740661621094,56.87212371826172,471649,37.179988861083984,0.0,0.0
TDS,2008-01-08 19:00:00-05:00,56.54093933105469,58.09567642211914,56.4029426574707,57.87488555908203,352840,37.835533142089844,0.0,0.0
TDS,2008-01-09 19:00:00-05:00,57.543697357177734,58.50965881347656,57.387306213378906,58.50965881347656,276098,38.25051498413086,0.0,0.0
TDS,2008-01-10 19:00:00-05:00,58.14167404174805,58.50965881347656,57.27690887451172,57.663291931152344,237944,37.697208404541016,0.0,0.0
TDS,2008-01-13 19:00:00-05:00,55.501380920410156,58.49126052856445,55.501380920410156,58.09567642211914,236640,37.97987747192383,0.0,0.0
TDS,2008-01-14 19:00:00-05:00,57.58969497680664,57.75529098510742,55.91536331176758,55.979759216308594,406103,36.59659957885742,0.0,0.0
TDS,2008-01-15 19:00:00-05:00,56.87212371826172,56.890525817871094,55.65777587890625,55.85096740722656,472410,36.51240539550781,0.0,0.0
TDS,2008-01-16 19:00:00-05:00,55.66697311401367,56.126953125,54.34222412109375,54.64581298828125,473171,35.72455596923828,0.0,0.0
TDS,2008-01-17 19:00:00-05:00,54.74700927734375,54.94940185546875,52.713890075683594,53.1370735168457,582849,34.73820495605469,0.0,0.0
TDS,2008-01-21 19:00:00-05:00,51.59153747558594,52.897884368896484,51.517940521240234,52.30910873413086,390994,34.196929931640625,0.0,0.0
TDS,2008-01-22 19:00:00-05:00,51.15915298461914,52.879486083984375,47.85648727416992,51.195953369140625,526760,33.469207763671875,0.0,0.0
TDS,2008-01-23 19:00:00-05:00,51.08555603027344,51.88592529296875,50.23918914794922,50.82796859741211,422300,33.228633880615234,0.0,0.0
TDS,2008-01-24 19:00:00-05:00,51.094757080078125,51.57313537597656,50.19319152832031,50.4783821105957,183377,33.00008773803711,0.0,0.0
TDS,2008-01-27 19:00:00-05:00,49.797607421875,51.70193099975586,49.733211517333984,51.70193099975586,293816,33.79998779296875,0.0,0.0
TDS,2008-01-28 19:00:00-05:00,51.88592529296875,51.88592529296875,50.3311882019043,50.809566497802734,290446,33.216590881347656,0.0,0.0
TDS,2008-01-29 19:00:00-05:00,50.42318344116211,51.26955032348633,49.6688117980957,49.86200714111328,377515,32.597137451171875,0.0,0.0
TDS,2008-01-30 19:00:00-05:00,49.21803283691406,49.632015228271484,48.353267669677734,48.40846252441406,583719,31.646879196166992,0.0,0.0
TDS,2008-01-31 19:00:00-05:00,48.50046157836914,50.44158172607422,47.49769973754883,50.358787536621094,421104,32.92189407348633,0.0,0.0
TDS,2008-02-03 19:00:00-05:00,50.358787536621094,51.22355270385742,50.3035888671875,51.14075469970703,331644,33.43312454223633,0.0,0.0
TDS,2008-02-04 19:00:00-05:00,50.607177734375,50.82796859741211,48.20607376098633,48.51885986328125,268706,31.71906280517578,0.0,0.0
TDS,2008-02-05 19:00:00-05:00,48.85924530029297,48.96044158935547,47.24930953979492,47.61729431152344,509803,31.129663467407227,0.0,0.0
TDS,2008-02-06 19:00:00-05:00,48.12327575683594,48.23366928100586,45.05979919433594,45.67617416381836,427300,29.86066436767578,0.0,0.0
TDS,2008-02-07 19:00:00-05:00,45.66697311401367,47.05611801147461,45.49217987060547,46.8077278137207,368276,30.60041046142578,0.0,0.0
TDS,2008-02-10 19:00:00-05:00,46.94572067260742,47.608097076416016,46.27415084838867,47.09291458129883,358275,30.786848068237305,0.0,0.0
TDS,2008-02-11 19:00:00-05:00,47.24930953979492,48.62925338745117,46.92732238769531,48.23366928100586,381102,31.532609939575195,0.0,0.0
TDS,2008-02-12 19:00:00-05:00,48.71205139160156,49.67801284790039,48.09567642211914,49.19963073730469,380341,32.16410446166992,0.0,0.0
TDS,2008-02-13 19:00:00-05:00,49.36522674560547,49.67801284790039,47.746089935302734,47.810489654541016,196747,31.255966186523438,0.0,0.0
TDS,2008-02-14 19:00:00-05:00,47.25851058959961,47.61729431152344,45.89696502685547,46.734130859375,279468,30.552303314208984,0.0,0.0
TDS,2008-02-18 19:00:00-05:00,46.982521057128906,47.19411087036133,45.18859100341797,45.216190338134766,403494,29.559961318969727,0.0,0.0
TDS,2008-02-19 19:00:00-05:00,44.912601470947266,45.03219985961914,43.14627456665039,44.38822555541992,385559,29.0186710357666,0.0,0.0
TDS,2008-02-20 19:00:00-05:00,44.71021270751953,45.16099548339844,44.30542755126953,44.52621841430664,216096,29.108882904052734,0.0,0.0
TDS,2008-02-21 19:00:00-05:00,44.43422317504883,44.72861099243164,43.7442512512207,44.498619079589844,180986,29.090843200683594,0.0,0.0
TDS,2008-02-24 19:00:00-05:00,44.158233642578125,45.538177490234375,44.11223602294922,44.995399475097656,249140,29.415611267089844,0.0,0.0
TDS,2008-02-25 19:00:00-05:00,45.12419509887695,45.620975494384766,44.71021270751953,45.206993103027344,268380,29.553943634033203,0.0,0.0
TDS,2008-02-26 19:00:00-05:00,44.92180252075195,44.92180252075195,43.201473236083984,44.158233642578125,292077,28.868318557739258,0.0,0.0
TDS,2008-02-27 19:00:00-05:00,43.55105972290039,45.36338424682617,43.55105972290039,44.158233642578125,338601,28.868318557739258,0.0,0.0
TDS,2008-02-28 19:00:00-05:00,43.38546371459961,44.00183868408203,41.87672424316406,43.14627456665039,406647,28.206748962402344,0.0,0.0
TDS,2008-03-02 19:00:00-05:00,42.82428741455078,42.82428741455078,40.993560791015625,41.729530334472656,296425,27.280553817749023,0.0,0.0
TDS,2008-03-03 19:00:00-05:00,41.26034927368164,41.416744232177734,38.09567642211914,38.160072326660156,663287,24.947038650512695,0.0,0.0
TDS,2008-03-04 19:00:00-05:00,38.39926528930664,38.564857482910156,37.56209945678711,38.09567642211914,616873,24.904935836791992,0.0,0.0
TDS,2008-03-05 19:00:00-05:00,37.966880798339844,38.11407470703125,36.586936950683594,36.596134185791016,560566,23.92461585998535,0.0,0.0
TDS,2008-03-06 19:00:00-05:00,36.20055389404297,36.75252914428711,36.01655960083008,36.6605339050293,443496,23.966718673706055,0.0,0.0
TDS,2008-03-09 20:00:00-04:00,36.64213562011719,36.82612609863281,35.87856674194336,36.246551513671875,558283,23.696081161499023,0.0,0.0
TDS,2008-03-10 20:00:00-04:00,37.120513916015625,37.442501068115234,35.961360931396484,36.6605339050293,632743,23.966718673706055,0.0,0.0
TDS,2008-03-11 20:00:00-04:00,36.798526763916016,37.083717346191406,36.44894027709961,36.918121337890625,625460,24.135107040405273,0.0,0.0
TDS,2008-03-12 20:00:00-04:00,36.4029426574707,37.79208755493164,34.81140899658203,37.59889602661133,965800,24.580169677734375,0.0,0.0
TDS,2008-03-13 20:00:00-04:00,39.291629791259766,39.328426361083984,36.11775588989258,36.4029426574707,656765,23.798315048217773,0.0,0.0
TDS,2008-03-16 20:00:00-04:00,35.86936569213867,37.810489654541016,35.86936569213867,36.982521057128906,518390,24.177209854125977,0.0,0.0
TDS,2008-03-17 20:00:00-04:00,37.67249298095703,37.67249298095703,36.29254913330078,37.102115631103516,427843,24.255401611328125,0.0,0.0
TDS,2008-03-18 20:00:00-04:00,37.102115631103516,37.16651153564453,35.740570068359375,35.740570068359375,446757,23.425113677978516,0.094756,0.0
TDS,2008-03-19 20:00:00-04:00,34.995399475097656,37.12971496582031,34.995399475097656,36.10855484008789,585567,23.666303634643555,0.0,0.0
TDS,2008-03-23 20:00:00-04:00,35.87856674194336,37.02851867675781,34.96780014038086,36.51333999633789,1991167,23.93160629272461,0.0,0.0
TDS,2008-03-24 20:00:00-04:00,36.596134185791016,37.43330383300781,36.375343322753906,37.424102783203125,190008,24.528541564941406,0.0,0.0
TDS,2008-03-25 20:00:00-04:00,37.19411087036133,37.19411087036133,36.2557487487793,36.678932189941406,288164,24.040145874023438,0.0,0.0
TDS,2008-03-26 20:00:00-04:00,36.17295455932617,37.45170211791992,36.17295455932617,36.881324768066406,173050,24.172794342041016,0.0,0.0
TDS,2008-03-27 20:00:00-04:00,36.85372543334961,37.33210754394531,36.5041389465332,36.780128479003906,251206,24.106464385986328,0.0,0.0
TDS,2008-03-30 20:00:00-04:00,36.10855484008789,36.476539611816406,35.418582916259766,36.126953125,675027,23.678363800048828,0.0,0.0
TDS,2008-03-31 20:00:00-04:00,35.95216369628906,37.73689270019531,35.95216369628906,37.06531524658203,327296,24.29338264465332,0.0,0.0
TDS,2008-04-01 20:00:00-04:00,37.71849060058594,37.727691650390625,36.52253723144531,37.43330383300781,401755,24.53456687927246,0.0,0.0
TDS,2008-04-02 20:00:00-04:00,37.27690887451172,37.966880798339844,36.75252914428711,37.91168212890625,533391,24.848100662231445,0.0,0.0
TDS,2008-04-03 20:00:00-04:00,37.847286224365234,38.32566833496094,37.387306213378906,37.53450012207031,304469,24.600889205932617,0.0,0.0
TDS,2008-04-06 20:00:00-04:00,37.85648727416992,38.684452056884766,37.120513916015625,37.948482513427734,322404,24.872230529785156,0.0,0.0
TDS,2008-04-07 20:00:00-04:00,37.75529098510742,38.60165786743164,36.49494171142578,37.53450012207031,236857,24.600889205932617,0.0,0.0
TDS,2008-04-08 20:00:00-04:00,37.65409469604492,37.70009231567383,35.77737045288086,35.823368072509766,370124,23.47938346862793,0.0,0.0
TDS,2008-04-09 20:00:00-04:00,35.88776397705078,36.145355224609375,35.197792053222656,35.37258529663086,331100,23.183935165405273,0.0,0.0
TDS,2008-04-10 20:00:00-04:00,35.07819747924805,35.308189392089844,34.34222412109375,34.55381774902344,237836,22.64729881286621,0.0,0.0
TDS,2008-04-13 20:00:00-04:00,34.18583297729492,34.86660385131836,34.057037353515625,34.54461669921875,280337,22.641267776489258,0.0,0.0
TDS,2008-04-14 20:00:00-04:00,34.802207946777344,35.16099548339844,34.44342041015625,34.72861099243164,225987,22.761852264404297,0.0,0.0
TDS,2008-04-15 20:00:00-04:00,34.95860290527344,35.61177444458008,34.76540756225586,35.45538330078125,294468,23.238201141357422,0.0,0.0
TDS,2008-04-16 20:00:00-04:00,35.39098358154297,35.64857482910156,34.86660385131836,35.15179443359375,247184,23.039220809936523,0.0,0.0
TDS,2008-04-17 20:00:00-04:00,35.317386627197266,36.75252914428711,35.317386627197266,36.2557487487793,340557,23.76277732849121,0.0,0.0
TDS,2008-04-20 20:00:00-04:00,36.329345703125,36.789329528808594,35.95216369628906,36.42134475708008,391211,23.871315002441406,0.0,0.0
TDS,2008-04-21 20:00:00-04:00,36.21895217895508,37.240108489990234,34.42502212524414,34.77460861206055,274359,22.792009353637695,0.0,0.0
TDS,2008-04-22 20:00:00-04:00,34.93100357055664,35.05979919433594,34.54461669921875,34.63661575317383,345014,22.701562881469727,0.0,0.0
TDS,2008-04-23 20:00:00-04:00,35.004600524902344,35.76816940307617,34.50782012939453,35.436981201171875,261206,23.226133346557617,0.0,0.0
TDS,2008-04-24 20:00:00-04:00,35.602577209472656,37.286109924316406,34.72861099243164,35.639373779296875,251206,23.358793258666992,0.0,0.0
TDS,2008-04-27 20:00:00-04:00,35.64857482910156,35.87856674194336,34.480220794677734,35.216190338134766,289577,23.081432342529297,0.0,0.0
TDS,2008-04-28 20:00:00-04:00,35.105796813964844,35.501380920410156,34.74700927734375,35.03219985961914,273381,22.96083641052246,0.0,0.0
TDS,2008-04-29 20:00:00-04:00,34.480220794677734,35.64857482910156,34.480220794677734,35.23459243774414,248053,23.093486785888672,0.0,0.0
TDS,2008-04-30 20:00:00-04:00,35.25299072265625,36.33854675292969,35.22539138793945,35.95216369628906,268054,23.563800811767578,0.0,0.0
TDS,2008-05-01 20:00:00-04:00,34.52621841430664,36.918121337890625,34.48942184448242,36.75252914428711,368384,24.0883731842041,0.0,0.0
TDS,2008-05-04 20:00:00-04:00,36.918121337890625,37.442501068115234,36.182151794433594,36.62373352050781,252945,24.003969192504883,0.0,0.0
TDS,2008-05-05 20:00:00-04:00,36.75252914428711,37.99448013305664,36.4305419921875,37.35050582885742,373602,24.480314254760742,0.0,0.0
TDS,2008-05-06 20:00:00-04:00,38.62005615234375,39.15363311767578,37.120513916015625,37.73689270019531,461214,24.733551025390625,0.0,0.0
TDS,2008-05-07 20:00:00-04:00,37.99448013305664,37.99448013305664,36.94572067260742,37.58049774169922,377080,24.63104820251465,0.0,0.0
TDS,2008-05-08 20:00:00-04:00,37.49769973754883,37.49769973754883,36.00735855102539,36.7617301940918,359254,24.09440803527832,0.0,0.0
TDS,2008-05-11 20:00:00-04:00,36.881324768066406,37.746089935302734,36.780128479003906,37.55289840698242,232075,24.612960815429688,0.0,0.0
TDS,2008-05-12 20:00:00-04:00,37.63569641113281,39.21803283691406,37.286109924316406,38.89604568481445,383820,25.493276596069336,0.0,0.0
TDS,2008-05-13 20:00:00-04:00,39.346824645996094,40.42318344116211,39.09843444824219,39.834407806396484,516760,26.108312606811523,0.0,0.0
TDS,2008-05-14 20:00:00-04:00,39.48482131958008,44.38822555541992,39.48482131958008,43.98344039916992,1383751,28.827669143676758,0.0,0.0
TDS,2008-05-15 20:00:00-04:00,44.36982345581055,49.67801284790039,43.80864715576172,48.62005615234375,1447449,31.866580963134766,0.0,0.0
TDS,2008-05-18 20:00:00-04:00,47.83808517456055,48.362464904785156,45.06899642944336,45.81416702270508,930907,30.027568817138672,0.0,0.0
TDS,2008-05-19 20:00:00-04:00,45.81416702270508,46.126953125,44.158233642578125,45.12419509887695,648830,29.575334548950195,0.0,0.0
TDS,2008-05-20 20:00:00-04:00,45.17019271850586,46.7065315246582,45.17019271850586,45.979759216308594,421213,30.136110305786133,0.0,0.0
TDS,2008-05-21 20:00:00-04:00,45.979759216308594,46.485740661621094,45.620975494384766,45.99816131591797,309686,30.14815330505371,0.0,0.0
TDS,2008-05-22 20:00:00-04:00,46.145355224609375,46.23735046386719,45.35418701171875,45.37258529663086,340014,29.738130569458008,0.0,0.0
TDS,2008-05-26 20:00:00-04:00,45.38178634643555,45.538177490234375,43.35786437988281,43.633853912353516,511325,28.598543167114258,0.0,0.0
TDS,2008-05-27 20:00:00-04:00,43.3670654296875,43.670654296875,42.861087799072266,43.55105972290039,650570,28.54427146911621,0.0,0.0
TDS,2008-05-28 20:00:00-04:00,43.2934684753418,43.55105972290039,42.22631072998047,43.00828170776367,430887,28.18854331970215,0.0,0.0
TDS,2008-05-29 20:00:00-04:00,43.00828170776367,44.10303497314453,42.36430358886719,43.854644775390625,601872,28.743253707885742,0.0,0.0
TDS,2008-06-01 20:00:00-04:00,42.87028503417969,44.62741470336914,42.24470901489258,43.1922721862793,477845,28.309120178222656,0.0,0.0
TDS,2008-06-02 20:00:00-04:00,43.219871520996094,44.30542755126953,43.081878662109375,43.854644775390625,408603,28.743253707885742,0.0,0.0
TDS,2008-06-03 20:00:00-04:00,43.7442512512207,46.246551513671875,43.6982536315918,46.080955505371094,638504,30.20242691040039,0.0,0.0
TDS,2008-06-04 20:00:00-04:00,46.19135284423828,47.56209945678711,45.73137283325195,47.25851058959961,924928,30.974210739135742,0.0,0.0
TDS,2008-06-05 20:00:00-04:00,46.918121337890625,47.341304779052734,46.20975112915039,46.918121337890625,566871,30.75112533569336,0.0,0.0
TDS,2008-06-08 20:00:00-04:00,46.734130859375,46.87212371826172,45.44618225097656,45.44618225097656,359471,29.78638458251953,0.0,0.0
TDS,2008-06-09 20:00:00-04:00,45.05059814453125,45.39098358154297,43.854644775390625,44.296226501464844,604589,29.032678604125977,0.0,0.0
TDS,2008-06-10 20:00:00-04:00,44.18583297729492,44.912601470947266,43.24747085571289,43.3670654296875,398820,28.423667907714844,0.0,0.0
TDS,2008-06-11 20:00:00-04:00,43.109474182128906,45.47378158569336,43.109474182128906,43.28426742553711,477845,28.43153190612793,0.094756,0.0
TDS,2008-06-12 20:00:00-04:00,43.652252197265625,45.722171783447266,43.56025695800781,45.68537139892578,434800,30.008726119995117,0.0,0.0
TDS,2008-06-15 20:00:00-04:00,47.49769973754883,47.49769973754883,44.74700927734375,45.55657958984375,2475099,29.92412757873535,0.0,0.0
TDS,2008-06-16 20:00:00-04:00,45.77737045288086,46.918121337890625,45.61177444458008,46.6329345703125,394690,30.63113784790039,0.0,0.0
TDS,2008-06-17 20:00:00-04:00,46.49494171142578,46.734130859375,45.35418701171875,45.91536331176758,249358,30.159786224365234,0.0,0.0
TDS,2008-06-18 20:00:00-04:00,46.43974304199219,46.82612609863281,45.860164642333984,46.41214370727539,222292,30.486095428466797,0.0,0.0
TDS,2008-06-19 20:00:00-04:00,46.283348083496094,46.41214370727539,44.93100357055664,44.94020080566406,624699,29.519250869750977,0.0,0.0
TDS,2008-06-22 20:00:00-04:00,45.05979919433594,46.13615417480469,44.986202239990234,45.722171783447266,324904,30.032880783081055,0.0,0.0
TDS,2008-06-23 20:00:00-04:00,45.602577209472656,45.602577209472656,44.379024505615234,44.40662384033203,252510,29.16876220703125,0.0,0.0
TDS,2008-06-24 20:00:00-04:00,44.64581298828125,45.15179443359375,43.919044494628906,44.36982345581055,362080,29.14459800720215,0.0,0.0
TDS,2008-06-25 20:00:00-04:00,43.86384582519531,44.590614318847656,42.32750701904297,42.778289794921875,254684,28.09918975830078,0.0,0.0
TDS,2008-06-26 20:00:00-04:00,42.60349655151367,42.815086364746094,41.517940521240234,41.56393814086914,530565,27.30152130126953,0.0,0.0
TDS,2008-06-29 20:00:00-04:00,41.60993576049805,44.11223602294922,41.297149658203125,43.48666000366211,506216,28.564483642578125,0.0,0.0
TDS,2008-06-30 20:00:00-04:00,43.60625457763672,43.60625457763672,42.31830596923828,42.85188674926758,281098,28.14753532409668,0.0,0.0
TDS,2008-07-01 20:00:00-04:00,43.413063049316406,43.6982536315918,41.79392623901367,41.79392623901367,326644,27.452594757080078,0.0,0.0
TDS,2008-07-02 20:00:00-04:00,41.97792053222656,42.00551986694336,41.113155364990234,41.113155364990234,172942,27.00542449951172,0.0,0.0
TDS,2008-07-06 20:00:00-04:00,41.08555603027344,42.41030502319336,41.08555603027344,41.55473709106445,366428,27.295486450195312,0.0,0.0
TDS,2008-07-07 20:00:00-04:00,43.955841064453125,43.955841064453125,40.66237258911133,42.612693786621094,276533,27.990413665771484,0.0,0.0
TDS,2008-07-08 20:00:00-04:00,42.778289794921875,43.88224411010742,41.628334045410156,41.91352462768555,241749,27.531158447265625,0.0,0.0
TDS,2008-07-09 20:00:00-04:00,41.867523193359375,42.40110397338867,41.02116012573242,41.27874755859375,244575,27.114194869995117,0.0,0.0
TDS,2008-07-10 20:00:00-04:00,40.81876754760742,42.033119201660156,39.11683654785156,40.84636688232422,376646,26.83018684387207,0.0,0.0
TDS,2008-07-13 20:00:00-04:00,42.373504638671875,42.373504638671875,40.38638687133789,40.791168212890625,227835,26.793922424316406,0.0,0.0
TDS,2008-07-14 20:00:00-04:00,39.3192253112793,41.39834213256836,39.310028076171875,41.195953369140625,319795,27.059814453125,0.0,0.0
TDS,2008-07-15 20:00:00-04:00,41.24195098876953,41.24195098876953,39.6964111328125,40.61637496948242,205552,26.679105758666992,0.0,0.0
TDS,2008-07-16 20:00:00-04:00,40.791168212890625,41.65593338012695,40.61637496948242,41.36154556274414,210987,27.168581008911133,0.0,0.0
TDS,2008-07-17 20:00:00-04:00,41.416744232177734,41.628334045410156,40.975162506103516,41.49034118652344,142723,27.253177642822266,0.0,0.0
TDS,2008-07-20 20:00:00-04:00,41.536338806152344,41.94112014770508,40.81876754760742,41.03955841064453,212509,26.95709800720215,0.0,0.0
TDS,2008-07-21 20:00:00-04:00,40.873966217041016,40.873966217041016,39.26403045654297,39.5676155090332,327078,25.990243911743164,0.0,0.0
TDS,2008-07-22 20:00:00-04:00,39.37442398071289,41.030357360839844,39.37442398071289,40.653175354003906,541543,26.703290939331055,0.0,0.0
TDS,2008-07-23 20:00:00-04:00,40.754371643066406,40.80036926269531,39.852806091308594,39.852806091308594,197834,26.17755889892578,0.0,0.0
TDS,2008-07-24 20:00:00-04:00,40.064395904541016,40.28519058227539,39.742408752441406,39.935604095458984,146093,26.231948852539062,0.0,0.0
TDS,2008-07-27 20:00:00-04:00,39.935604095458984,40.487579345703125,39.742408752441406,39.8712043762207,201312,26.189640045166016,0.0,0.0
TDS,2008-07-28 20:00:00-04:00,39.641212463378906,40.64397430419922,39.641212463378906,40.202392578125,197182,26.407194137573242,0.0,0.0
TDS,2008-07-29 20:00:00-04:00,40.42318344116211,40.84636688232422,40.23918914794922,40.82796859741211,206747,26.818099975585938,0.0,0.0
TDS,2008-07-30 20:00:00-04:00,40.4783821105957,40.66237258911133,38.82244873046875,39.006439208984375,323165,25.621604919433594,0.0,0.0
TDS,2008-07-31 20:00:00-04:00,38.75804901123047,40.74517059326172,38.75804901123047,39.512420654296875,254575,25.953975677490234,0.0,0.0
TDS,2008-08-03 20:00:00-04:00,39.43882369995117,40.1747932434082,38.988040924072266,40.01839828491211,197508,26.286327362060547,0.0,0.0
TDS,2008-08-04 20:00:00-04:00,40.156394958496094,41.76633071899414,39.190433502197266,41.56393814086914,282946,27.30152130126953,0.0,0.0
TDS,2008-08-05 20:00:00-04:00,41.58233642578125,41.58233642578125,41.011959075927734,41.435142517089844,189899,27.2169246673584,0.0,0.0
TDS,2008-08-06 20:00:00-04:00,39.5216178894043,41.214351654052734,39.190433502197266,41.076358795166016,296860,26.98125457763672,0.0,0.0
TDS,2008-08-07 20:00:00-04:00,40.708370208740234,40.93836212158203,38.31646728515625,39.17203140258789,475454,25.73038673400879,0.0,0.0
TDS,2008-08-10 20:00:00-04:00,39.06163787841797,39.06163787841797,37.083717346191406,37.35050582885742,381972,24.533920288085938,0.0,0.0
TDS,2008-08-11 20:00:00-04:00,36.780128479003906,38.17847442626953,36.596134185791016,37.48849868774414,269685,24.624544143676758,0.0,0.0
TDS,2008-08-12 20:00:00-04:00,37.442501068115234,37.608097076416016,36.31094741821289,36.982521057128906,276642,24.29219627380371,0.0,0.0
TDS,2008-08-13 20:00:00-04:00,36.798526763916016,37.43330383300781,36.798526763916016,37.16651153564453,298382,24.41305160522461,0.0,0.0
TDS,2008-08-14 20:00:00-04:00,36.798526763916016,37.46090316772461,36.678932189941406,37.07451629638672,220661,24.35263442993164,0.0,0.0
TDS,2008-08-17 20:00:00-04:00,36.798526763916016,37.73689270019531,36.74332809448242,36.74332809448242,224248,24.13508415222168,0.0,0.0
TDS,2008-08-18 20:00:00-04:00,36.5593376159668,36.890525817871094,35.36338424682617,35.66697311401367,210552,23.42806625366211,0.0,0.0
TDS,2008-08-19 20:00:00-04:00,35.76816940307617,36.43974304199219,35.639373779296875,35.90616226196289,197943,23.585182189941406,0.0,0.0
TDS,2008-08-20 20:00:00-04:00,35.81416702270508,35.87856674194336,34.95860290527344,35.47378158569336,412517,23.30116844177246,0.0,0.0
TDS,2008-08-21 20:00:00-04:00,35.67617416381836,35.97056198120117,35.22539138793945,35.47378158569336,347514,23.30116844177246,0.0,0.0
TDS,2008-08-24 20:00:00-04:00,34.66421127319336,35.81416702270508,34.48942184448242,34.67341232299805,354362,22.775440216064453,0.0,0.0
TDS,2008-08-25 20:00:00-04:00,34.71021270751953,35.16099548339844,33.72584915161133,34.22262954711914,489585,22.47934341430664,0.0,0.0
TDS,2008-08-26 20:00:00-04:00,34.22262954711914,34.95860290527344,34.01103973388672,34.783809661865234,240662,22.847963333129883,0.0,0.0
TDS,2008-08-27 20:00:00-04:00,34.95860290527344,35.44618225097656,34.461822509765625,35.44618225097656,342188,23.283037185668945,0.0,0.0
TDS,2008-08-28 20:00:00-04:00,35.26219177246094,37.184913635253906,35.05979919433594,35.32658767700195,321861,23.204490661621094,0.0,0.0
TDS,2008-09-01 20:00:00-04:00,35.97056198120117,36.697330474853516,35.87856674194336,36.49494171142578,437409,23.971927642822266,0.0,0.0
TDS,2008-09-02 20:00:00-04:00,36.4305419921875,36.485740661621094,35.59337615966797,35.924564361572266,391537,23.59726905822754,0.0,0.0
TDS,2008-09-03 20:00:00-04:00,35.78656768798828,36.17295455932617,35.02299880981445,35.34498596191406,350014,23.21657371520996,0.0,0.0
TDS,2008-09-04 20:00:00-04:00,34.986202239990234,35.22539138793945,33.8454475402832,34.73780822753906,257402,22.817739486694336,0.0,0.0
TDS,2008-09-07 20:00:00-04:00,36.4305419921875,36.4305419921875,35.12419509887695,36.2281494140625,280663,23.79667854309082,0.0,0.0
TDS,2008-09-08 20:00:00-04:00,36.51333999633789,36.8077278137207,35.52898025512695,35.52898025512695,472628,23.337430953979492,0.0,0.0
TDS,2008-09-09 20:00:00-04:00,34.95860290527344,35.55657958984375,34.075435638427734,34.09383773803711,329361,22.394742965698242,0.0,0.0
TDS,2008-09-10 20:00:00-04:00,33.70745086669922,33.92824172973633,32.391902923583984,33.37626647949219,593285,21.984508514404297,0.094756,0.0
TDS,2008-09-11 20:00:00-04:00,33.100276947021484,33.37626647949219,32.07911682128906,33.33026885986328,677962,21.954200744628906,0.0,0.0
TDS,2008-09-14 20:00:00-04:00,32.50230026245117,32.60349655151367,30.450782775878906,30.450782775878906,321100,20.057527542114258,0.0,0.0
TDS,2008-09-15 20:00:00-04:00,31.6467342376709,32.612693786621094,25.722171783447266,32.612693786621094,627416,21.481548309326172,0.0,0.0
TDS,2008-09-16 20:00:00-04:00,32.42870330810547,33.17387390136719,31.5179386138916,31.757129669189453,914276,20.918004989624023,0.0,0.0
TDS,2008-09-17 20:00:00-04:00,31.931922912597656,34.53541946411133,30.98436164855957,34.53541946411133,858513,22.748027801513672,0.0,0.0
TDS,2008-09-18 20:00:00-04:00,36.798526763916016,36.798526763916016,33.7718505859375,36.798526763916016,5652,24.238706588745117,0.0,0.0
TDS,2008-09-21 20:00:00-04:00,36.798526763916016,37.35970687866211,31.775529861450195,32.92548370361328,578501,21.687583923339844,0.0,0.0
TDS,2008-09-22 20:00:00-04:00,33.3946647644043,34.038639068603516,32.594295501708984,33.0634765625,421973,21.77847671508789,0.0,0.0
TDS,2008-09-23 20:00:00-04:00,33.2382698059082,33.33026885986328,31.591535568237305,31.655933380126953,405777,20.851343154907227,0.0,0.0
TDS,2008-09-24 20:00:00-04:00,32.355106353759766,32.355106353759766,31.287948608398438,32.253910064697266,555892,21.245223999023438,0.0,0.0
TDS,2008-09-25 20:00:00-04:00,28.51885986328125,33.514259338378906,28.51885986328125,33.403865814208984,317513,22.00267791748047,0.0,0.0
TDS,2008-09-28 20:00:00-04:00,33.109474182128906,33.118675231933594,30.956762313842773,31.278749465942383,581762,20.602895736694336,0.0,0.0
TDS,2008-09-29 20:00:00-04:00,31.692731857299805,33.219871520996094,31.499540328979492,32.8886833190918,438931,21.663339614868164,0.0,0.0
TDS,2008-09-30 20:00:00-04:00,33.02667999267578,35.81416702270508,32.9898796081543,35.16099548339844,500020,23.16008186340332,0.0,0.0
TDS,2008-10-01 20:00:00-04:00,34.95860290527344,35.004600524902344,31.812328338623047,32.34590530395508,572632,21.305818557739258,0.0,0.0
TDS,2008-10-02 20:00:00-04:00,32.713890075683594,33.66145324707031,30.689971923828125,30.809568405151367,895036,20.293853759765625,0.0,0.0
TDS,2008-10-05 20:00:00-04:00,30.25758934020996,30.625574111938477,27.718490600585938,29.96320152282715,601763,19.736366271972656,0.0,0.0
TDS,2008-10-06 20:00:00-04:00,30.42318344116211,31.278749465942383,29.586017608642578,29.74241065979004,608394,19.5909366607666,0.0,0.0
TDS,2008-10-07 20:00:00-04:00,28.942041397094727,29.908004760742188,27.442501068115234,28.47286033630371,790466,18.75469970703125,0.0,0.0
TDS,2008-10-08 20:00:00-04:00,28.51885986328125,28.804048538208008,24.517019271850586,24.517019271850586,757965,16.14904022216797,0.0,0.0
TDS,2008-10-09 20:00:00-04:00,22.594295501708984,23.661453247070312,20.027599334716797,20.791168212890625,1280812,13.694869995117188,0.0,0.0
TDS,2008-10-12 20:00:00-04:00,22.02391815185547,25.666973114013672,21.269548416137695,25.666973114013672,268054,16.906492233276367,0.0,0.0
TDS,2008-10-13 20:00:00-04:00,27.598896026611328,27.598896026611328,24.158233642578125,24.314626693725586,657744,16.015727996826172,0.0,0.0
TDS,2008-10-14 20:00:00-04:00,24.14903450012207,24.14903450012207,22.42870330810547,22.42870330810547,452736,14.773494720458984,0.0,0.0
TDS,2008-10-15 20:00:00-04:00,22.24471092224121,23.017478942871094,20.13799476623535,20.864765167236328,965473,13.743337631225586,0.0,0.0
TDS,2008-10-16 20:00:00-04:00,20.23918914794922,23.30266761779785,20.193191528320312,22.677093505859375,702202,14.937100410461426,0.0,0.0
TDS,2008-10-19 20:00:00-04:00,22.962282180786133,24.461822509765625,22.897884368896484,24.443422317504883,622090,16.10056495666504,0.0,0.0
TDS,2008-10-20 20:00:00-04:00,24.01103973388672,24.72861099243164,23.43146324157715,23.486661911010742,456105,15.470355987548828,0.0,0.0
TDS,2008-10-21 20:00:00-04:00,23.284269332885742,23.440662384033203,21.46274185180664,21.98712158203125,424800,14.48263168334961,0.0,0.0
TDS,2008-10-22 20:00:00-04:00,22.097515106201172,22.861085891723633,20.892364501953125,21.959522247314453,495998,14.464452743530273,0.0,0.0
TDS,2008-10-23 20:00:00-04:00,20.64397430419922,21.42594337463379,19.54001808166504,21.030359268188477,447083,13.852417945861816,0.0,0.0
TDS,2008-10-26 20:00:00-04:00,20.285188674926758,21.729530334472656,20.147193908691406,20.597976684570312,426974,13.567615509033203,0.0,0.0
TDS,2008-10-27 20:00:00-04:00,21.03955841064453,22.069917678833008,20.763568878173828,21.876724243164062,842751,14.409910202026367,0.0,0.0
TDS,2008-10-28 20:00:00-04:00,21.8215274810791,24.360626220703125,21.8215274810791,22.94388198852539,461214,15.112831115722656,0.0,0.0
TDS,2008-10-29 20:00:00-04:00,20.229991912841797,25.418582916259766,20.22079086303711,25.418582916259766,572849,16.742887496948242,0.0,0.0
TDS,2008-10-30 20:00:00-04:00,25.326587677001953,25.547378540039062,24.36982536315918,24.701011657714844,920689,16.270233154296875,0.0,0.0
TDS,2008-11-02 19:00:00-05:00,24.783809661865234,25.37258529663086,24.72861099243164,24.96780014038086,492846,16.44595718383789,0.0,0.0
TDS,2008-11-03 19:00:00-05:00,25.758970260620117,25.804967880249023,23.081876754760742,24.139833450317383,729268,15.900596618652344,0.0,0.0
TDS,2008-11-04 19:00:00-05:00,24.075437545776367,26.678932189941406,23.79024887084961,24.176633834838867,1111784,15.924832344055176,0.0,0.0
TDS,2008-11-05 19:00:00-05:00,24.636615753173828,26.182153701782227,24.636615753173828,25.51058006286621,1111023,16.803482055664062,0.0,0.0
TDS,2008-11-06 19:00:00-05:00,25.786569595336914,26.908924102783203,25.344985961914062,26.908924102783203,610133,17.724550247192383,0.0,0.0
TDS,2008-11-09 19:00:00-05:00,27.985280990600586,28.4820613861084,26.89052391052246,27.57129669189453,642417,18.160852432250977,0.0,0.0
TDS,2008-11-10 19:00:00-05:00,27.562097549438477,27.847286224365234,25.979761123657227,27.322906494140625,764270,17.997243881225586,0.0,0.0
TDS,2008-11-11 19:00:00-05:00,26.95492172241211,27.89328384399414,25.326587677001953,25.436983108520508,736660,16.755006790161133,0.0,0.0
TDS,2008-11-12 19:00:00-05:00,25.400184631347656,29.374425888061523,25.30818748474121,29.374425888061523,1009062,19.34854507446289,0.0,0.0
TDS,2008-11-13 19:00:00-05:00,28.97884178161621,29.31922721862793,26.660533905029297,27.63569450378418,780357,18.203271865844727,0.0,0.0
TDS,2008-11-16 19:00:00-05:00,27.332107543945312,29.392824172973633,27.17571258544922,28.5556583404541,694158,18.809236526489258,0.0,0.0
TDS,2008-11-17 19:00:00-05:00,29.33762550354004,29.54001808166504,25.896963119506836,27.341306686401367,805032,18.009357452392578,0.0,0.0
TDS,2008-11-18 19:00:00-05:00,27.387304306030273,28.3808650970459,24.673412322998047,24.673412322998047,488280,16.252056121826172,0.0,0.0
TDS,2008-11-19 19:00:00-05:00,24.38822364807129,25.17019271850586,23.035879135131836,23.275068283081055,862317,15.330977439880371,0.0,0.0
TDS,2008-11-20 19:00:00-05:00,23.275068283081055,24.11223602294922,22.189512252807617,23.84544563293457,1207222,15.706673622131348,0.0,0.0
TDS,2008-11-23 19:00:00-05:00,23.33026695251465,27.102115631103516,22.557498931884766,26.642133712768555,668722,17.548818588256836,0.0,0.0
TDS,2008-11-24 19:00:00-05:00,26.862924575805664,27.36890411376953,26.29254722595215,27.25851058959961,560675,17.954824447631836,0.0,0.0
TDS,2008-11-25 19:00:00-05:00,27.322906494140625,29.01563835144043,26.68813133239746,28.730451583862305,443822,18.924375534057617,0.0,0.0
TDS,2008-11-27 19:00:00-05:00,28.63845443725586,29.852806091308594,28.436063766479492,29.852806091308594,222292,19.663646697998047,0.0,0.0
TDS,2008-11-30 19:00:00-05:00,28.850046157836914,29.208831787109375,26.182153701782227,26.53173828125,590132,17.476104736328125,0.0,0.0
TDS,2008-12-01 19:00:00-05:00,27.046918869018555,29.15363311767578,26.614534378051758,29.070837020874023,698615,19.148576736450195,0.0,0.0
TDS,2008-12-02 19:00:00-05:00,28.57405662536621,29.632015228271484,27.405704498291016,29.448022842407227,629590,19.39702796936035,0.0,0.0
TDS,2008-12-03 19:00:00-05:00,29.35602569580078,29.42042350769043,25.896963119506836,26.97332191467285,601002,17.7669734954834,0.0,0.0
TDS,2008-12-04 19:00:00-05:00,27.05611801147461,29.034038543701172,25.878564834594727,29.006439208984375,576980,19.10616111755371,0.0,0.0
TDS,2008-12-07 19:00:00-05:00,29.74241065979004,29.98160171508789,27.85648536682129,28.242870330810547,600785,18.60320281982422,0.0,0.0
TDS,2008-12-08 19:00:00-05:00,27.985280990600586,30.128795623779297,27.948482513427734,29.567617416381836,567631,19.47579574584961,0.0,0.0
TDS,2008-12-09 19:00:00-05:00,29.806808471679688,30.84636688232422,29.089235305786133,29.530818939208984,607850,19.451560974121094,0.0,0.0
TDS,2008-12-10 19:00:00-05:00,29.33762550354004,30.57957649230957,29.080036163330078,29.512420654296875,420560,19.43944549560547,0.0,0.0
TDS,2008-12-11 19:00:00-05:00,28.67525291442871,29.236431121826172,27.782888412475586,28.049678802490234,615459,18.4759578704834,0.0,0.0
TDS,2008-12-14 19:00:00-05:00,28.022079467773438,29.411224365234375,27.083717346191406,27.75528907775879,482845,18.344011306762695,0.094756,0.0
TDS,2008-12-15 19:00:00-05:00,28.399263381958008,29.346826553344727,27.562097549438477,29.15363311767578,679592,19.268203735351562,0.0,0.0
TDS,2008-12-16 19:00:00-05:00,29.15363311767578,29.15363311767578,28.068077087402344,28.169273376464844,691006,18.617616653442383,0.0,0.0
TDS,2008-12-17 19:00:00-05:00,28.2796688079834,29.043237686157227,27.102115631103516,27.598896026611328,726225,18.240644454956055,0.0,0.0
TDS,2008-12-18 19:00:00-05:00,27.764488220214844,29.126035690307617,27.019319534301758,27.41490364074707,894058,18.119043350219727,0.0,0.0
TDS,2008-12-21 19:00:00-05:00,27.41490364074707,27.727691650390625,26.881324768066406,27.626495361328125,653504,18.258888244628906,0.0,0.0
TDS,2008-12-22 19:00:00-05:00,27.79208755493164,29.024839401245117,27.782888412475586,28.01287841796875,641656,18.51425552368164,0.0,0.0
TDS,2008-12-23 19:00:00-05:00,27.97608184814453,28.003679275512695,27.138914108276367,27.424102783203125,257076,18.125125885009766,0.0,0.0
TDS,2008-12-25 19:00:00-05:00,27.442501068115234,28.1508731842041,27.36890411376953,28.123275756835938,272511,18.587223052978516,0.0,0.0
TDS,2008-12-28 19:00:00-05:00,27.95768165588379,28.104875564575195,26.95492172241211,27.681692123413086,433822,18.29537010192871,0.0,0.0
TDS,2008-12-29 19:00:00-05:00,27.884084701538086,28.629255294799805,27.79208755493164,28.445262908935547,419473,18.800024032592773,0.0,0.0
TDS,2008-12-30 19:00:00-05:00,28.3808650970459,29.503219604492188,28.3808650970459,29.208831787109375,524043,19.304683685302734,0.0,0.0
TDS,2009-01-01 19:00:00-05:00,29.172033309936523,30.386384963989258,28.21527099609375,30.285188674926758,469475,20.016077041625977,0.0,0.0
TDS,2009-01-04 19:00:00-05:00,30.266788482666016,31.131555557250977,29.88040542602539,31.03955841064453,895253,20.514650344848633,0.0,0.0
TDS,2009-01-05 19:00:00-05:00,31.186752319335938,31.315547943115234,30.009199142456055,30.505979537963867,833294,20.161998748779297,0.0,0.0
TDS,2009-01-06 19:00:00-05:00,30.13799476623535,31.131555557250977,30.082796096801758,30.69917106628418,631547,20.28968048095703,0.0,0.0
TDS,2009-01-07 19:00:00-05:00,30.56117820739746,31.352346420288086,30.56117820739746,31.22355079650879,734595,20.636253356933594,0.0,0.0
TDS,2009-01-08 19:00:00-05:00,31.177553176879883,31.508739471435547,29.64121437072754,30.487579345703125,414691,20.149839401245117,0.0,0.0
TDS,2009-01-11 19:00:00-05:00,30.404783248901367,30.754369735717773,29.76081085205078,30.229991912841797,583936,19.97959327697754,0.0,0.0
TDS,2009-01-12 19:00:00-05:00,30.147193908691406,30.754369735717773,29.852806091308594,30.515178680419922,416321,20.168081283569336,0.0,0.0
TDS,2009-01-13 19:00:00-05:00,29.871204376220703,30.183992385864258,28.886844635009766,29.107635498046875,428061,19.237808227539062,0.0,0.0
TDS,2009-01-14 19:00:00-05:00,29.107635498046875,29.107635498046875,27.57129669189453,28.491260528564453,448931,18.830429077148438,0.0,0.0
TDS,2009-01-15 19:00:00-05:00,28.96044158935547,29.926403045654297,28.51885986328125,29.448022842407227,448388,19.4627742767334,0.0,0.0
TDS,2009-01-19 19:00:00-05:00,29.282428741455078,29.402023315429688,27.85648536682129,27.87488555908203,444040,18.42304801940918,0.0,0.0
TDS,2009-01-20 19:00:00-05:00,28.307268142700195,29.11683464050293,27.718490600585938,29.070837020874023,400668,19.213485717773438,0.0,0.0
TDS,2009-01-21 19:00:00-05:00,28.0772762298584,29.98160171508789,28.0772762298584,28.850046157836914,348384,19.067562103271484,0.0,0.0
TDS,2009-01-22 19:00:00-05:00,28.41766357421875,29.42042350769043,28.0772762298584,29.15363311767578,330013,19.268203735351562,0.0,0.0
TDS,2009-01-25 19:00:00-05:00,29.484821319580078,30.78196907043457,29.070837020874023,29.668813705444336,514042,19.608699798583984,0.0,0.0
TDS,2009-01-26 19:00:00-05:00,29.705612182617188,30.294387817382812,29.043237686157227,29.816007614135742,429691,19.705978393554688,0.0,0.0
TDS,2009-01-27 19:00:00-05:00,25.758970260620117,30.735971450805664,25.758970260620117,30.505979537963867,449040,20.161998748779297,0.0,0.0
TDS,2009-01-28 19:00:00-05:00,30.22079086303711,30.22079086303711,28.813247680664062,29.043237686157227,454040,19.19524574279785,0.0,0.0
TDS,2009-01-29 19:00:00-05:00,29.09843635559082,29.724010467529297,27.810487747192383,28.068077087402344,527086,18.550739288330078,0.0,0.0
TDS,2009-02-01 19:00:00-05:00,27.552898406982422,29.392824172973633,25.685373306274414,29.19963264465332,516542,19.298606872558594,0.0,0.0
TDS,2009-02-02 19:00:00-05:00,29.328426361083984,29.84360694885254,28.91444206237793,29.54001808166504,497194,19.52356719970703,0.0,0.0
TDS,2009-02-03 19:00:00-05:00,29.650413513183594,30.52437973022461,29.530818939208984,29.6964111328125,401538,19.626935958862305,0.0,0.0
TDS,2009-02-04 19:00:00-05:00,29.42042350769043,30.68077278137207,29.30082893371582,30.202392578125,424039,19.961341857910156,0.0,0.0
TDS,2009-02-05 19:00:00-05:00,30.174793243408203,31.5179386138916,29.990800857543945,31.12235450744629,473715,20.56937026977539,0.0,0.0
TDS,2009-02-08 19:00:00-05:00,30.965961456298828,31.499540328979492,30.708372116088867,31.214351654052734,365015,20.630172729492188,0.0,0.0
TDS,2009-02-09 19:00:00-05:00,30.90156364440918,31.609935760498047,30.367984771728516,30.864765167236328,563827,20.399124145507812,0.0,0.0
TDS,2009-02-10 19:00:00-05:00,31.094755172729492,32.63109588623047,31.048757553100586,32.41030502319336,605459,21.42059898376465,0.0,0.0
TDS,2009-02-11 19:00:00-05:00,31.950321197509766,32.48390197753906,31.094755172729492,32.355106353759766,391211,21.38412094116211,0.0,0.0
TDS,2009-02-12 19:00:00-05:00,32.48390197753906,33.100276947021484,32.051517486572266,32.29990768432617,240336,21.34764289855957,0.0,0.0
TDS,2009-02-16 19:00:00-05:00,31.278749465942383,31.63753318786621,30.64397430419922,30.74517059326172,414364,20.320087432861328,0.0,0.0
TDS,2009-02-17 19:00:00-05:00,30.726770401000977,30.74517059326172,28.988040924072266,29.346826553344727,471323,19.395891189575195,0.0,0.0
TDS,2009-02-18 19:00:00-05:00,28.4544620513916,28.5556583404541,26.964120864868164,27.451702117919922,676658,18.143369674682617,0.0,0.0
TDS,2009-02-19 19:00:00-05:00,27.019319534301758,27.782888412475586,26.623735427856445,27.525299072265625,535021,18.192007064819336,0.0,0.0
TDS,2009-02-22 19:00:00-05:00,27.67249298095703,28.500459671020508,27.617294311523438,28.05887794494629,820685,18.544660568237305,0.0,0.0
TDS,2009-02-23 19:00:00-05:00,28.37166404724121,29.181232452392578,27.89328384399414,29.052438735961914,442626,19.201316833496094,0.0,0.0
TDS,2009-02-24 19:00:00-05:00,29.77920913696289,29.77920913696289,27.304508209228516,28.6568546295166,502303,18.939870834350586,0.0,0.0
TDS,2009-02-25 19:00:00-05:00,28.886844635009766,29.549217224121094,26.448942184448242,26.77092933654785,663505,17.693431854248047,0.0,0.0
TDS,2009-02-26 19:00:00-05:00,26.218950271606445,27.644893646240234,25.52897834777832,27.138914108276367,916341,17.93663787841797,0.0,0.0
TDS,2009-03-01 19:00:00-05:00,26.513338088989258,27.138914108276367,25.326587677001953,25.455381393432617,541109,16.82396125793457,0.0,0.0
TDS,2009-03-02 19:00:00-05:00,24.74700927734375,25.602575302124023,24.664213180541992,24.875804901123047,681766,16.440900802612305,0.0,0.0
TDS,2009-03-03 19:00:00-05:00,24.636615753173828,26.182153701782227,24.544618606567383,25.74976921081543,680027,17.018522262573242,0.0,0.0
TDS,2009-03-04 19:00:00-05:00,25.114994049072266,25.30818748474121,23.72585105895996,23.937442779541016,530673,15.820724487304688,0.0,0.0
TDS,2009-03-05 19:00:00-05:00,24.59061622619629,24.59061622619629,22.511499404907227,23.081876754760742,522521,15.255263328552246,0.0,0.0
TDS,2009-03-08 20:00:00-04:00,22.778289794921875,23.64305305480957,22.26310920715332,22.299907684326172,431104,14.738448143005371,0.0,0.0
TDS,2009-03-09 20:00:00-04:00,22.769088745117188,23.293468475341797,22.46550178527832,23.238269805908203,897427,15.358621597290039,0.0,0.0
TDS,2009-03-10 20:00:00-04:00,23.284269332885742,24.11223602294922,23.14627456665039,23.40386390686035,606437,15.46806526184082,0.0,0.0
TDS,2009-03-11 20:00:00-04:00,23.40386390686035,23.615455627441406,23.054277420043945,23.40386390686035,718616,15.53400993347168,0.099356,0.0
TDS,2009-03-12 20:00:00-04:00,23.661453247070312,23.882244110107422,23.238269805908203,23.495859146118164,681332,15.595076560974121,0.0,0.0
TDS,2009-03-15 20:00:00-04:00,23.652254104614258,24.121435165405273,23.24747085571289,23.33026695251465,453062,15.485164642333984,0.0,0.0
TDS,2009-03-16 20:00:00-04:00,23.385465621948242,24.158233642578125,23.183073043823242,24.158233642578125,615786,16.03471565246582,0.0,0.0
TDS,2009-03-17 20:00:00-04:00,24.158233642578125,24.894203186035156,23.679853439331055,24.682613372802734,389690,16.382768630981445,0.0,0.0
TDS,2009-03-18 20:00:00-04:00,24.84820556640625,24.84820556640625,23.799448013305664,23.90984344482422,425452,15.869852066040039,0.0,0.0
TDS,2009-03-19 20:00:00-04:00,23.992639541625977,24.25023078918457,23.284269332885742,23.495859146118164,901123,15.595076560974121,0.0,0.0
TDS,2009-03-22 20:00:00-04:00,24.563016891479492,25.059797286987305,23.919042587280273,25.059797286987305,453496,16.63311767578125,0.0,0.0
TDS,2009-03-23 20:00:00-04:00,24.72861099243164,24.995399475097656,24.42502212524414,24.461822509765625,350558,16.236225128173828,0.0,0.0
TDS,2009-03-24 20:00:00-04:00,24.72861099243164,25.657773971557617,24.434223175048828,24.9862003326416,735682,16.584274291992188,0.0,0.0
TDS,2009-03-25 20:00:00-04:00,25.20699119567871,25.519779205322266,24.69181251525879,25.519779205322266,537522,16.93843650817871,0.0,0.0
TDS,2009-03-26 20:00:00-04:00,25.28978729248047,25.40938377380371,24.655014038085938,24.756210327148438,361319,16.431615829467773,0.0,0.0
TDS,2009-03-29 20:00:00-04:00,24.277828216552734,24.480220794677734,23.68905258178711,24.001840591430664,323926,15.930912017822266,0.0,0.0
TDS,2009-03-30 20:00:00-04:00,24.323827743530273,24.903404235839844,24.185832977294922,24.38822364807129,333166,16.187374114990234,0.0,0.0
TDS,2009-03-31 20:00:00-04:00,24.02943992614746,25.0137996673584,23.799448013305664,24.894203186035156,416973,16.523204803466797,0.0,0.0
TDS,2009-04-01 20:00:00-04:00,25.42778205871582,26.642133712768555,25.326587677001953,26.283348083496094,523608,17.44523048400879,0.0,0.0
TDS,2009-04-02 20:00:00-04:00,26.35694694519043,27.000919342041016,26.283348083496094,26.761730194091797,392951,17.76275634765625,0.0,0.0
TDS,2009-04-05 20:00:00-04:00,26.56853675842285,26.908924102783203,25.924562454223633,26.651334762573242,437952,17.68948745727539,0.0,0.0
TDS,2009-04-06 20:00:00-04:00,26.31094741821289,26.430543899536133,25.078197479248047,25.317386627197266,498172,16.804094314575195,0.0,0.0
TDS,2009-04-07 20:00:00-04:00,25.602575302124023,25.758970260620117,24.857406616210938,25.114994049072266,177833,16.669754028320312,0.0,0.0
TDS,2009-04-08 20:00:00-04:00,25.446182250976562,25.620975494384766,25.234590530395508,25.482980728149414,414147,16.91400718688965,0.0,0.0
TDS,2009-04-12 20:00:00-04:00,25.216190338134766,25.335786819458008,24.498619079589844,24.599815368652344,797967,16.32781410217285,0.0,0.0
TDS,2009-04-13 20:00:00-04:00,24.342226028442383,24.443422317504883,23.80864715576172,23.937442779541016,408821,15.888174057006836,0.0,0.0
TDS,2009-04-14 20:00:00-04:00,23.891443252563477,24.719411849975586,23.863845825195312,24.682613372802734,330557,16.382768630981445,0.0,0.0
TDS,2009-04-15 20:00:00-04:00,24.921802520751953,25.602575302124023,24.74700927734375,25.400184631347656,303708,16.859052658081055,0.0,0.0
TDS,2009-04-16 20:00:00-04:00,25.51058006286621,26.025758743286133,25.142593383789062,25.42778205871582,262402,16.877363204956055,0.0,0.0
TDS,2009-04-19 20:00:00-04:00,25.114994049072266,25.243789672851562,23.974241256713867,24.20423126220703,373385,16.06525230407715,0.0,0.0
TDS,2009-04-20 20:00:00-04:00,24.02943992614746,24.82980728149414,23.753450393676758,24.42502212524414,334579,16.2117919921875,0.0,0.0
TDS,2009-04-21 20:00:00-04:00,24.20423126220703,24.9126033782959,23.983440399169922,24.48941993713379,502846,16.254535675048828,0.0,0.0
TDS,2009-04-22 20:00:00-04:00,24.673412322998047,24.765409469604492,24.001840591430664,24.47102165222168,468932,16.242328643798828,0.0,0.0
TDS,2009-04-23 20:00:00-04:00,24.59061622619629,25.225391387939453,24.443422317504883,25.004600524902344,328057,16.59648323059082,0.0,0.0
TDS,2009-04-26 20:00:00-04:00,24.701011657714844,25.703771591186523,24.59061622619629,25.28978729248047,407842,16.785770416259766,0.0,0.0
TDS,2009-04-27 20:00:00-04:00,25.15179443359375,26.421342849731445,24.839006423950195,26.07175636291504,475889,17.304792404174805,0.0,0.0
TDS,2009-04-28 20:00:00-04:00,26.37534523010254,27.341306686401367,26.246549606323242,27.037717819213867,431213,17.945941925048828,0.0,0.0
TDS,2009-04-29 20:00:00-04:00,27.240110397338867,27.350505828857422,26.25575065612793,26.37534523010254,401320,17.506296157836914,0.0,0.0
TDS,2009-04-30 20:00:00-04:00,26.145353317260742,26.59613609313965,25.685373306274414,26.522539138793945,476323,17.603994369506836,0.0,0.0
TDS,2009-05-03 20:00:00-04:00,26.78932762145996,27.083717346191406,26.37534523010254,27.083717346191406,534695,17.97647476196289,0.0,0.0
TDS,2009-05-04 20:00:00-04:00,27.230911254882812,27.589696884155273,26.9365234375,27.249309539794922,542304,18.08638572692871,0.0,0.0
TDS,2009-05-05 20:00:00-04:00,27.626495361328125,30.386384963989258,27.626495361328125,30.266788482666016,822316,20.089197158813477,0.0,0.0
TDS,2009-05-06 20:00:00-04:00,30.717571258544922,31.094755172729492,29.705612182617188,29.972400665283203,565349,19.893798828125,0.0,0.0
TDS,2009-05-07 20:00:00-04:00,30.248390197753906,30.671573638916016,29.411224365234375,29.714811325073242,589698,19.722824096679688,0.0,0.0
TDS,2009-05-10 20:00:00-04:00,29.494020462036133,29.530818939208984,28.905244827270508,29.006439208984375,484150,19.252653121948242,0.0,0.0
TDS,2009-05-11 20:00:00-04:00,29.25482940673828,29.30082893371582,28.4820613861084,28.886844635009766,349036,19.17327308654785,0.0,0.0
TDS,2009-05-12 20:00:00-04:00,28.51885986328125,28.69365119934082,27.424102783203125,27.424102783203125,607307,18.202402114868164,0.0,0.0
TDS,2009-05-13 20:00:00-04:00,27.644893646240234,28.104875564575195,27.267709732055664,27.87488555908203,644048,18.5015926361084,0.0,0.0
TDS,2009-05-14 20:00:00-04:00,27.847286224365234,28.01287841796875,27.433303833007812,27.617294311523438,473932,18.330631256103516,0.0,0.0
TDS,2009-05-17 20:00:00-04:00,27.79208755493164,28.528059005737305,27.67249298095703,28.4544620513916,501324,18.886281967163086,0.0,0.0
TDS,2009-05-18 20:00:00-04:00,28.270469665527344,28.5832576751709,27.709291458129883,27.764488220214844,437083,18.428321838378906,0.0,0.0
TDS,2009-05-19 20:00:00-04:00,27.865684509277344,27.902484893798828,27.166513442993164,27.221710205078125,428713,18.06805992126465,0.0,0.0
TDS,2009-05-20 20:00:00-04:00,26.97332191467285,27.221710205078125,26.448942184448242,26.89052391052246,342079,17.84824562072754,0.0,0.0
TDS,2009-05-21 20:00:00-04:00,26.908924102783203,27.433303833007812,26.68813133239746,27.249309539794922,255010,18.08638572692871,0.0,0.0
TDS,2009-05-25 20:00:00-04:00,27.046918869018555,28.36246681213379,26.816926956176758,28.325666427612305,359036,18.800800323486328,0.0,0.0
TDS,2009-05-26 20:00:00-04:00,28.123275756835938,28.730451583862305,27.884084701538086,28.31646728515625,437191,18.794689178466797,0.0,0.0
TDS,2009-05-27 20:00:00-04:00,28.592456817626953,28.969640731811523,27.948482513427734,28.804048538208008,341862,19.118318557739258,0.0,0.0
TDS,2009-05-28 20:00:00-04:00,28.932842254638672,28.932842254638672,27.589696884155273,27.884084701538086,589589,18.507699966430664,0.0,0.0
TDS,2009-05-31 20:00:00-04:00,28.344066619873047,30.275989532470703,28.344066619873047,29.668813705444336,454910,19.692298889160156,0.0,0.0
TDS,2009-06-01 20:00:00-04:00,29.383625030517578,30.027599334716797,29.291627883911133,29.650413513183594,414691,19.680082321166992,0.0,0.0
TDS,2009-06-02 20:00:00-04:00,29.494020462036133,29.84360694885254,28.53725814819336,28.813247680664062,538282,19.124427795410156,0.0,0.0
TDS,2009-06-03 20:00:00-04:00,28.91444206237793,29.236431121826172,28.79484748840332,29.208831787109375,345883,19.38698959350586,0.0,0.0
TDS,2009-06-04 20:00:00-04:00,29.411224365234375,29.84360694885254,29.006439208984375,29.19963264465332,261206,19.380884170532227,0.0,0.0
TDS,2009-06-07 20:00:00-04:00,28.969640731811523,29.208831787109375,28.187671661376953,28.500459671020508,305012,18.916812896728516,0.0,0.0
TDS,2009-06-08 20:00:00-04:00,28.7580509185791,28.988040924072266,28.528059005737305,28.629255294799805,353710,19.002304077148438,0.0,0.0
TDS,2009-06-09 20:00:00-04:00,28.87764549255371,28.969640731811523,28.003679275512695,28.528059005737305,364471,18.935131072998047,0.0,0.0
TDS,2009-06-10 20:00:00-04:00,28.620054244995117,29.282428741455078,20.248390197753906,29.006439208984375,306208,19.252653121948242,0.0,0.0
TDS,2009-06-11 20:00:00-04:00,28.767248153686523,28.87764549255371,27.930082321166992,28.509660720825195,369145,18.98797035217285,0.099356,0.0
TDS,2009-06-14 20:00:00-04:00,28.206071853637695,28.426862716674805,27.644893646240234,28.19687271118164,550566,18.779640197753906,0.0,0.0
TDS,2009-06-15 20:00:00-04:00,28.390064239501953,28.399263381958008,27.37810516357422,27.442501068115234,338166,18.277210235595703,0.0,0.0
TDS,2009-06-16 20:00:00-04:00,27.58049774169922,27.85648536682129,27.286109924316406,27.53449821472168,334470,18.338489532470703,0.0,0.0
TDS,2009-06-17 20:00:00-04:00,27.552898406982422,27.79208755493164,27.304508209228516,27.782888412475586,340448,18.503921508789062,0.0,0.0
TDS,2009-06-18 20:00:00-04:00,27.911684036254883,28.086477279663086,26.99172019958496,27.111316680908203,638721,18.056638717651367,0.0,0.0
TDS,2009-06-21 20:00:00-04:00,26.881324768066406,26.881324768066406,25.915363311767578,26.27414894104004,386972,17.499067306518555,0.0,0.0
TDS,2009-06-22 20:00:00-04:00,26.39374351501465,26.53173828125,25.942962646484375,26.03495979309082,370232,17.33976936340332,0.0,0.0
TDS,2009-06-23 20:00:00-04:00,26.228151321411133,26.384544372558594,25.666973114013672,25.878564834594727,592198,17.23560333251953,0.0,0.0
TDS,2009-06-24 20:00:00-04:00,25.85096549987793,26.108556747436523,25.639373779296875,26.03495979309082,631764,17.33976936340332,0.0,0.0
TDS,2009-06-25 20:00:00-04:00,25.98896026611328,26.402944564819336,25.685373306274414,26.03495979309082,1827247,17.33976936340332,0.0,0.0
TDS,2009-06-28 20:00:00-04:00,26.136154174804688,26.743330001831055,25.97056007385254,26.47654151916504,592198,17.633867263793945,0.0,0.0
TDS,2009-06-29 20:00:00-04:00,26.458141326904297,26.540937423706055,25.823366165161133,26.03495979309082,462301,17.33976936340332,0.0,0.0
TDS,2009-06-30 20:00:00-04:00,26.347745895385742,26.642133712768555,26.108556747436523,26.46734046936035,571762,17.627742767333984,0.0,0.0
TDS,2009-07-01 20:00:00-04:00,26.228151321411133,26.228151321411133,25.354185104370117,25.602575302124023,276207,17.051782608032227,0.0,0.0
TDS,2009-07-05 20:00:00-04:00,25.584177017211914,25.59337615966797,24.802207946777344,25.0873966217041,348927,16.708669662475586,0.0,0.0
TDS,2009-07-06 20:00:00-04:00,24.9862003326416,25.216190338134766,24.618215560913086,24.62741470336914,445779,16.40230941772461,0.0,0.0
TDS,2009-07-07 20:00:00-04:00,24.655014038085938,24.894203186035156,24.213430404663086,24.517019271850586,450996,16.328792572021484,0.0,0.0
TDS,2009-07-08 20:00:00-04:00,24.69181251525879,24.958602905273438,24.26862907409668,24.72861099243164,318165,16.469703674316406,0.0,0.0
TDS,2009-07-09 20:00:00-04:00,24.57221794128418,24.958602905273438,24.415822982788086,24.866605758666992,287403,16.561620712280273,0.0,0.0
TDS,2009-07-12 20:00:00-04:00,24.995399475097656,25.105796813964844,24.351425170898438,25.078197479248047,200878,16.702545166015625,0.0,0.0
TDS,2009-07-13 20:00:00-04:00,25.0873966217041,25.1885929107666,24.756210327148438,25.124195098876953,426430,16.733177185058594,0.0,0.0
TDS,2009-07-14 20:00:00-04:00,25.59337615966797,25.878564834594727,25.482980728149414,25.758970260620117,331970,17.155954360961914,0.0,0.0
TDS,2009-07-15 20:00:00-04:00,25.758970260620117,25.915363311767578,25.565776824951172,25.777368545532227,186421,17.168203353881836,0.0,0.0
TDS,2009-07-16 20:00:00-04:00,25.740570068359375,26.117755889892578,25.280588150024414,26.044158935546875,259793,17.345890045166016,0.0,0.0
TDS,2009-07-19 20:00:00-04:00,26.246549606323242,26.66973304748535,26.025758743286133,26.182153701782227,392516,17.437801361083984,0.0,0.0
TDS,2009-07-20 20:00:00-04:00,26.347745895385742,26.458141326904297,25.740570068359375,26.03495979309082,245119,17.33976936340332,0.0,0.0
TDS,2009-07-21 20:00:00-04:00,25.804967880249023,26.37534523010254,25.519779205322266,26.19135284423828,322730,17.443927764892578,0.0,0.0
TDS,2009-07-22 20:00:00-04:00,26.17295265197754,27.000919342041016,25.85096549987793,26.430543899536133,529260,17.60323143005371,0.0,0.0
TDS,2009-07-23 20:00:00-04:00,26.145353317260742,26.29254722595215,24.94940185546875,24.96780014038086,630677,16.629018783569336,0.0,0.0
TDS,2009-07-26 20:00:00-04:00,24.894203186035156,25.133394241333008,24.333026885986328,24.59061622619629,489476,16.3778018951416,0.0,0.0
TDS,2009-07-27 20:00:00-04:00,24.38822364807129,24.553817749023438,23.92824363708496,24.04783821105957,584371,16.01630401611328,0.0,0.0
TDS,2009-07-28 20:00:00-04:00,23.919042587280273,24.314626693725586,23.854646682739258,23.900644302368164,455779,15.9182710647583,0.0,0.0
TDS,2009-07-29 20:00:00-04:00,24.103036880493164,24.213430404663086,23.781049728393555,23.82704734802246,527304,15.869258880615234,0.0,0.0
TDS,2009-07-30 20:00:00-04:00,23.82704734802246,24.176633834838867,23.58785629272461,23.679853439331055,532304,15.771222114562988,0.0,0.0
TDS,2009-08-02 20:00:00-04:00,23.698251724243164,24.25023078918457,23.376264572143555,24.075437545776367,619047,16.034698486328125,0.0,0.0
TDS,2009-08-03 20:00:00-04:00,24.06623649597168,24.434223175048828,23.92824363708496,24.14903450012207,480454,16.08370018005371,0.0,0.0
TDS,2009-08-04 20:00:00-04:00,24.06623649597168,24.231830596923828,23.58785629272461,23.900644302368164,419256,15.9182710647583,0.0,0.0
TDS,2009-08-05 20:00:00-04:00,24.121435165405273,24.857406616210938,24.121435165405273,24.397424697875977,707528,16.2491397857666,0.0,0.0
TDS,2009-08-06 20:00:00-04:00,24.59061622619629,24.839006423950195,24.415822982788086,24.452621459960938,435017,16.28589630126953,0.0,0.0
TDS,2009-08-09 20:00:00-04:00,24.25023078918457,24.645814895629883,24.103036880493164,24.57221794128418,378928,16.365554809570312,0.0,0.0
TDS,2009-08-10 20:00:00-04:00,24.50782012939453,24.69181251525879,23.679853439331055,23.799448013305664,382407,15.85088062286377,0.0,0.0
TDS,2009-08-11 20:00:00-04:00,23.735050201416016,24.01103973388672,23.62465476989746,23.781049728393555,340122,15.838617324829102,0.0,0.0
TDS,2009-08-12 20:00:00-04:00,23.771848678588867,23.94664192199707,23.31186866760254,23.43146324157715,383820,15.60578727722168,0.0,0.0
TDS,2009-08-13 20:00:00-04:00,23.284269332885742,23.42226219177246,22.953081130981445,23.14627456665039,364797,15.41584587097168,0.0,0.0
TDS,2009-08-16 20:00:00-04:00,22.769088745117188,23.118675231933594,22.658693313598633,22.916282653808594,369797,15.262670516967773,0.0,0.0
TDS,2009-08-17 20:00:00-04:00,22.94388198852539,23.376264572143555,22.778289794921875,23.238269805908203,412408,15.477112770080566,0.0,0.0
TDS,2009-08-18 20:00:00-04:00,23.02667808532715,23.597055435180664,22.94388198852539,23.477460861206055,349905,15.636425971984863,0.0,0.0
TDS,2009-08-19 20:00:00-04:00,23.42226219177246,23.799448013305664,23.30266761779785,23.781049728393555,268163,15.838617324829102,0.0,0.0
TDS,2009-08-20 20:00:00-04:00,23.96504020690918,24.52621841430664,23.82704734802246,24.323827743530273,323817,16.200111389160156,0.0,0.0
TDS,2009-08-23 20:00:00-04:00,24.323827743530273,24.765409469604492,24.158233642578125,24.314626693725586,369363,16.19400405883789,0.0,0.0
TDS,2009-08-24 20:00:00-04:00,24.360626220703125,24.82980728149414,24.25023078918457,24.314626693725586,361319,16.19400405883789,0.0,0.0
TDS,2009-08-25 20:00:00-04:00,24.213430404663086,24.38822364807129,23.854646682739258,24.323827743530273,226966,16.200111389160156,0.0,0.0
TDS,2009-08-26 20:00:00-04:00,24.379024505615234,24.42502212524414,23.652254104614258,24.093835830688477,276098,16.04694366455078,0.0,0.0
TDS,2009-08-27 20:00:00-04:00,23.937442779541016,24.544618606567383,23.90984344482422,24.544618606567383,460453,16.34716796875,0.0,0.0
TDS,2009-08-30 20:00:00-04:00,24.259429931640625,24.38822364807129,24.020238876342773,24.259429931640625,467845,16.157230377197266,0.0,0.0
TDS,2009-08-31 20:00:00-04:00,24.20423126220703,24.802207946777344,23.679853439331055,23.82704734802246,452844,15.869258880615234,0.0,0.0
TDS,2009-09-01 20:00:00-04:00,23.716651916503906,24.544618606567383,23.652254104614258,24.333026885986328,481324,16.20624351501465,0.0,0.0
TDS,2009-09-02 20:00:00-04:00,24.342226028442383,24.682613372802734,24.121435165405273,24.655014038085938,411756,16.420700073242188,0.0,0.0
TDS,2009-09-03 20:00:00-04:00,24.701011657714844,25.758970260620117,24.618215560913086,25.722171783447266,373493,17.131444931030273,0.0,0.0
TDS,2009-09-07 20:00:00-04:00,25.98896026611328,26.402944564819336,25.722171783447266,26.37534523010254,721659,17.566469192504883,0.0,0.0
TDS,2009-09-08 20:00:00-04:00,26.29254722595215,26.439741134643555,25.97056007385254,26.31094741821289,405016,17.523576736450195,0.0,0.0
TDS,2009-09-09 20:00:00-04:00,26.264949798583984,27.57129669189453,26.264949798583984,27.51609992980957,705898,18.326234817504883,0.0,0.0
TDS,2009-09-10 20:00:00-04:00,27.598896026611328,27.718490600585938,27.221710205078125,27.608095169067383,670027,18.38750648498535,0.0,0.0
TDS,2009-09-13 20:00:00-04:00,27.332107543945312,27.810487747192383,27.21251106262207,27.433303833007812,514695,18.337081909179688,0.099356,0.0
TDS,2009-09-14 20:00:00-04:00,27.497699737548828,27.727691650390625,27.19411277770996,27.249309539794922,571653,18.214096069335938,0.0,0.0
TDS,2009-09-15 20:00:00-04:00,27.240110397338867,28.05887794494629,27.240110397338867,28.049678802490234,635025,18.749080657958984,0.0,0.0
TDS,2009-09-16 20:00:00-04:00,27.920883178710938,28.21527099609375,27.51609992980957,27.79208755493164,539369,18.576908111572266,0.0,0.0
TDS,2009-09-17 20:00:00-04:00,27.85648536682129,28.436063766479492,27.598896026611328,28.36246681213379,1342010,18.958152770996094,0.0,0.0
TDS,2009-09-20 20:00:00-04:00,28.1784725189209,28.666053771972656,28.0772762298584,28.546457290649414,466432,19.081132888793945,0.0,0.0
TDS,2009-09-21 20:00:00-04:00,28.647653579711914,29.15363311767578,28.307268142700195,28.334867477416992,703398,18.939712524414062,0.0,0.0
TDS,2009-09-22 20:00:00-04:00,28.4820613861084,28.53725814819336,28.05887794494629,28.05887794494629,395451,18.755229949951172,0.0,0.0
TDS,2009-09-23 20:00:00-04:00,28.049678802490234,28.445262908935547,27.700092315673828,27.97608184814453,273924,18.699886322021484,0.0,0.0
TDS,2009-09-24 20:00:00-04:00,28.022079467773438,28.37166404724121,27.85648536682129,27.985280990600586,304904,18.706026077270508,0.0,0.0
TDS,2009-09-27 20:00:00-04:00,28.187671661376953,28.6568546295166,28.104875564575195,28.63845443725586,502955,19.142635345458984,0.0,0.0
TDS,2009-09-28 20:00:00-04:00,28.7580509185791,29.043237686157227,28.5832576751709,28.730451583862305,376754,19.204126358032227,0.0,0.0
TDS,2009-09-29 20:00:00-04:00,28.730451583862305,28.886844635009766,28.21527099609375,28.528059005737305,511760,19.0688419342041,0.0,0.0
TDS,2009-09-30 20:00:00-04:00,28.325666427612305,28.334867477416992,27.727691650390625,27.985280990600586,466214,18.706026077270508,0.0,0.0
TDS,2009-10-01 20:00:00-04:00,27.67249298095703,27.810487747192383,27.295307159423828,27.295307159423828,996453,18.244842529296875,0.0,0.0
TDS,2009-10-04 20:00:00-04:00,27.304508209228516,28.086477279663086,27.21251106262207,28.086477279663086,473497,18.773679733276367,0.0,0.0
TDS,2009-10-05 20:00:00-04:00,28.37166404724121,28.647653579711914,28.05887794494629,28.647653579711914,472736,19.148786544799805,0.0,0.0
TDS,2009-10-06 20:00:00-04:00,28.491260528564453,28.96044158935547,28.445262908935547,28.96044158935547,300121,19.357860565185547,0.0,0.0
TDS,2009-10-07 20:00:00-04:00,29.034038543701172,29.052438735961914,28.647653579711914,28.767248153686523,377624,19.228715896606445,0.0,0.0
TDS,2009-10-08 20:00:00-04:00,28.647653579711914,28.67525291442871,28.2520694732666,28.463661193847656,220335,19.02579116821289,0.0,0.0
TDS,2009-10-11 20:00:00-04:00,28.307268142700195,28.89604377746582,28.307268142700195,28.684452056884766,164137,19.173372268676758,0.0,0.0
TDS,2009-10-12 20:00:00-04:00,28.69365119934082,29.30082893371582,28.334867477416992,28.89604377746582,313600,19.31481170654297,0.0,0.0
TDS,2009-10-13 20:00:00-04:00,29.245630264282227,30.13799476623535,28.96044158935547,30.073596954345703,412299,20.10191535949707,0.0,0.0
TDS,2009-10-14 20:00:00-04:00,29.816007614135742,30.285188674926758,29.751609802246094,30.248390197753906,236096,20.218748092651367,0.0,0.0
TDS,2009-10-15 20:00:00-04:00,29.972400665283203,30.082796096801758,29.55841827392578,29.917203903198242,159680,19.997377395629883,0.0,0.0
TDS,2009-10-18 20:00:00-04:00,30.03679847717285,30.42318344116211,29.797607421875,30.34038543701172,268054,20.28024673461914,0.0,0.0
TDS,2009-10-19 20:00:00-04:00,30.469181060791016,30.469181060791016,29.917203903198242,30.073596954345703,323165,20.10191535949707,0.0,0.0
TDS,2009-10-20 20:00:00-04:00,30.11959457397461,30.68077278137207,29.77920913696289,29.825206756591797,326426,19.935884475708008,0.0,0.0
TDS,2009-10-21 20:00:00-04:00,29.96320152282715,30.588775634765625,29.944801330566406,30.496780395507812,338492,20.38478660583496,0.0,0.0
TDS,2009-10-22 20:00:00-04:00,30.487579345703125,30.607175827026367,30.147193908691406,30.193191528320312,277402,20.181852340698242,0.0,0.0
TDS,2009-10-25 20:00:00-04:00,30.294387817382812,30.74517059326172,29.107635498046875,29.245630264282227,316317,19.54848289489746,0.0,0.0
TDS,2009-10-26 20:00:00-04:00,29.411224365234375,29.724010467529297,28.822446823120117,28.923643112182617,276424,19.333261489868164,0.0,0.0
TDS,2009-10-27 20:00:00-04:00,29.034038543701172,29.034038543701172,27.87488555908203,27.920883178710938,395777,18.66298484802246,0.0,0.0
TDS,2009-10-28 20:00:00-04:00,28.16007423400879,28.307268142700195,27.87488555908203,28.288867950439453,338601,18.90896224975586,0.0,0.0
TDS,2009-10-29 20:00:00-04:00,28.270469665527344,28.3808650970459,27.09291648864746,27.249309539794922,355993,18.214096069335938,0.0,0.0
TDS,2009-11-01 19:00:00-05:00,27.295307159423828,27.865684509277344,27.037717819213867,27.451702117919922,415778,18.349380493164062,0.0,0.0
TDS,2009-11-02 19:00:00-05:00,27.396503448486328,27.985280990600586,27.15731430053711,27.884084701538086,285446,18.63838768005371,0.0,0.0
TDS,2009-11-03 19:00:00-05:00,28.123275756835938,28.748849868774414,28.01287841796875,28.270469665527344,264793,18.89665985107422,0.0,0.0
TDS,2009-11-04 19:00:00-05:00,28.334867477416992,28.36246681213379,27.15731430053711,27.589696884155273,494042,18.44161605834961,0.0,0.0
TDS,2009-11-05 19:00:00-05:00,27.47010040283203,28.288867950439453,27.230911254882812,28.270469665527344,395125,18.89665985107422,0.0,0.0
TDS,2009-11-08 19:00:00-05:00,28.564857482910156,28.969640731811523,28.500459671020508,28.905244827270508,313056,19.320964813232422,0.0,0.0
TDS,2009-11-09 19:00:00-05:00,28.868444442749023,29.09843635559082,28.5556583404541,28.63845443725586,574588,19.142635345458984,0.0,0.0
TDS,2009-11-10 19:00:00-05:00,28.923643112182617,29.006439208984375,28.546457290649414,28.868444442749023,231857,19.296363830566406,0.0,0.0
TDS,2009-11-11 19:00:00-05:00,28.77644920349121,29.024839401245117,28.233671188354492,28.36246681213379,240444,18.958152770996094,0.0,0.0
TDS,2009-11-12 19:00:00-05:00,28.53725814819336,28.610855102539062,28.2520694732666,28.4544620513916,279250,19.01963996887207,0.0,0.0
TDS,2009-11-15 19:00:00-05:00,28.500459671020508,29.11683464050293,28.37166404724121,28.89604377746582,300447,19.31481170654297,0.0,0.0
TDS,2009-11-16 19:00:00-05:00,28.647653579711914,29.144433975219727,28.647653579711914,29.126035690307617,203160,19.46854019165039,0.0,0.0
TDS,2009-11-17 19:00:00-05:00,29.273229598999023,29.310028076171875,28.85924530029297,29.080036163330078,250010,19.437795639038086,0.0,0.0
TDS,2009-11-18 19:00:00-05:00,28.79484748840332,29.126035690307617,28.288867950439453,28.528059005737305,294577,19.0688419342041,0.0,0.0
TDS,2009-11-19 19:00:00-05:00,28.4820613861084,29.080036163330078,28.224470138549805,28.97884178161621,260228,19.37015724182129,0.0,0.0
TDS,2009-11-22 19:00:00-05:00,29.236431121826172,29.411224365234375,28.988040924072266,29.070837020874023,268598,19.431650161743164,0.0,0.0
TDS,2009-11-23 19:00:00-05:00,28.988040924072266,29.080036163330078,28.57405662536621,28.831647872924805,336100,19.271764755249023,0.0,0.0
TDS,2009-11-24 19:00:00-05:00,28.97884178161621,29.089235305786133,28.748849868774414,28.831647872924805,219248,19.271764755249023,0.0,0.0
TDS,2009-11-26 19:00:00-05:00,27.99448013305664,28.610855102539062,27.89328384399414,28.307268142700195,108157,18.92125701904297,0.0,0.0
TDS,2009-11-29 19:00:00-05:00,28.224470138549805,28.298067092895508,27.75528907775879,28.049678802490234,439039,18.749080657958984,0.0,0.0
TDS,2009-11-30 19:00:00-05:00,28.1784725189209,28.85924530029297,28.1508731842041,28.712051391601562,341970,19.191829681396484,0.0,0.0
TDS,2009-12-01 19:00:00-05:00,28.767248153686523,29.144433975219727,28.702852249145508,28.77644920349121,238705,19.234867095947266,0.0,0.0
TDS,2009-12-02 19:00:00-05:00,28.868444442749023,28.96044158935547,28.51885986328125,28.5832576751709,203052,19.105735778808594,0.0,0.0
TDS,2009-12-03 19:00:00-05:00,28.850046157836914,29.080036163330078,28.647653579711914,28.932842254638672,171963,19.33940887451172,0.0,0.0
TDS,2009-12-06 19:00:00-05:00,28.96044158935547,29.98160171508789,28.905244827270508,29.733211517333984,320665,19.874391555786133,0.0,0.0
TDS,2009-12-07 19:00:00-05:00,29.622814178466797,29.714811325073242,29.006439208984375,29.402023315429688,228596,19.65302276611328,0.0,0.0
TDS,2009-12-08 19:00:00-05:00,29.466421127319336,29.613615036010742,29.236431121826172,29.429622650146484,241423,19.671466827392578,0.0,0.0
TDS,2009-12-09 19:00:00-05:00,29.494020462036133,29.770008087158203,29.429622650146484,29.54001808166504,250445,19.745258331298828,0.0,0.0
TDS,2009-12-10 19:00:00-05:00,29.733211517333984,30.193191528320312,29.567617416381836,30.147193908691406,240771,20.15110969543457,0.0,0.0
TDS,2009-12-13 19:00:00-05:00,30.395584106445312,30.68077278137207,30.193191528320312,30.68077278137207,207726,20.507768630981445,0.0,0.0
TDS,2009-12-14 19:00:00-05:00,30.45998191833496,30.607175827026367,30.294387817382812,30.45998191833496,238597,20.42633628845215,0.099356,0.0
TDS,2009-12-15 19:00:00-05:00,30.496780395507812,30.689971923828125,30.386384963989258,30.533578872680664,170876,20.475685119628906,0.0,0.0
TDS,2009-12-16 19:00:00-05:00,30.23918914794922,30.331186294555664,29.96320152282715,30.027599334716797,180659,20.136384963989258,0.0,0.0
TDS,2009-12-17 19:00:00-05:00,30.275989532470703,31.26034927368164,30.1011962890625,31.26034927368164,616329,20.963056564331055,0.0,0.0
TDS,2009-12-20 19:00:00-05:00,31.591535568237305,31.591535568237305,31.12235450744629,31.389144897460938,255010,21.049428939819336,0.0,0.0
TDS,2009-12-21 19:00:00-05:00,31.36154556274414,31.4443416595459,31.10395622253418,31.407543182373047,212835,21.061765670776367,0.0,0.0
TDS,2009-12-22 19:00:00-05:00,31.508739471435547,31.68353271484375,31.168352127075195,31.370744705200195,167289,21.037084579467773,0.0,0.0
TDS,2009-12-23 19:00:00-05:00,31.370744705200195,31.4443416595459,31.232751846313477,31.3431453704834,63046,21.018579483032227,0.0,0.0
TDS,2009-12-27 19:00:00-05:00,31.36154556274414,31.8491268157959,31.278749465942383,31.80312728881836,149463,21.327037811279297,0.0,0.0
TDS,2009-12-28 19:00:00-05:00,31.913522720336914,32.14351272583008,31.876724243164062,31.913522720336914,203486,21.401071548461914,0.0,0.0
TDS,2009-12-29 19:00:00-05:00,31.812328338623047,32.134315490722656,31.62833595275879,31.766328811645508,138375,21.302364349365234,0.0,0.0
TDS,2009-12-30 19:00:00-05:00,31.729530334472656,31.83992576599121,31.186752319335938,31.20515251159668,195660,20.92603874206543,0.0,0.0
TDS,2010-01-03 19:00:00-05:00,31.508739471435547,32.19871139526367,31.42594337463379,31.867525100708008,310230,21.370227813720703,0.0,0.0
TDS,2010-01-04 19:00:00-05:00,31.766328811645508,31.950321197509766,31.5179386138916,31.80312728881836,288599,21.327037811279297,0.0,0.0
TDS,2010-01-05 19:00:00-05:00,31.876724243164062,31.996320724487305,31.7203311920166,31.80312728881836,262728,21.327037811279297,0.0,0.0
TDS,2010-01-06 19:00:00-05:00,31.88592529296875,31.968721389770508,31.490339279174805,31.609935760498047,185334,21.197486877441406,0.0,0.0
TDS,2010-01-07 19:00:00-05:00,31.63753318786621,31.63753318786621,30.93836212158203,31.159154891967773,225226,20.89520263671875,0.0,0.0
TDS,2010-01-10 19:00:00-05:00,31.48114013671875,31.78472900390625,31.2419490814209,31.665132522583008,253597,21.234500885009766,0.0,0.0
TDS,2010-01-11 19:00:00-05:00,31.398344039916992,31.5179386138916,30.98436164855957,31.186752319335938,253488,20.913707733154297,0.0,0.0
TDS,2010-01-12 19:00:00-05:00,31.36154556274414,31.591535568237305,31.030359268188477,31.435142517089844,127940,21.080270767211914,0.0,0.0
TDS,2010-01-13 19:00:00-05:00,31.315547943115234,31.563936233520508,31.287948608398438,31.36154556274414,125875,21.03092384338379,0.0,0.0
TDS,2010-01-14 19:00:00-05:00,31.398344039916992,31.407543182373047,30.54277801513672,30.827966690063477,295121,20.673099517822266,0.0,0.0
TDS,2010-01-18 19:00:00-05:00,30.772769927978516,31.177553176879883,30.735971450805664,31.00275993347168,197073,20.790321350097656,0.0,0.0
TDS,2010-01-19 19:00:00-05:00,30.88316535949707,30.892364501953125,30.331186294555664,30.487579345703125,178812,20.444843292236328,0.0,0.0
TDS,2010-01-20 19:00:00-05:00,30.432382583618164,30.78196907043457,30.11959457397461,30.248390197753906,303164,20.284439086914062,0.0,0.0
TDS,2010-01-21 19:00:00-05:00,30.312786102294922,30.367984771728516,29.714811325073242,29.76081085205078,180551,19.95747184753418,0.0,0.0
TDS,2010-01-24 19:00:00-05:00,30.027599334716797,30.174793243408203,29.687213897705078,29.733211517333984,146093,19.938961029052734,0.0,0.0
TDS,2010-01-25 19:00:00-05:00,29.788408279418945,29.834407806396484,29.365224838256836,29.411224365234375,152180,19.723039627075195,0.0,0.0
TDS,2010-01-26 19:00:00-05:00,29.567617416381836,29.834407806396484,29.11683464050293,29.770008087158203,279142,19.963640213012695,0.0,0.0
TDS,2010-01-27 19:00:00-05:00,29.74241065979004,29.86200523376465,29.512420654296875,29.632015228271484,185551,19.871097564697266,0.0,0.0
TDS,2010-01-28 19:00:00-05:00,29.770008087158203,29.770008087158203,29.024839401245117,29.024839401245117,406429,19.463930130004883,0.0,0.0
TDS,2010-01-31 19:00:00-05:00,29.162832260131836,29.45722198486328,29.01563835144043,29.383625030517578,215878,19.70453453063965,0.0,0.0
TDS,2010-02-01 19:00:00-05:00,29.383625030517578,29.714811325073242,29.21803092956543,29.273229598999023,308817,19.630504608154297,0.0,0.0
TDS,2010-02-02 19:00:00-05:00,29.070837020874023,29.47562026977539,28.99724006652832,29.043237686157227,297077,19.47627067565918,0.0,0.0
TDS,2010-02-03 19:00:00-05:00,28.89604377746582,28.932842254638672,28.307268142700195,28.3532657623291,225009,19.013578414916992,0.0,0.0
TDS,2010-02-04 19:00:00-05:00,28.26127052307129,28.307268142700195,27.17571258544922,27.819686889648438,322513,18.6557559967041,0.0,0.0
TDS,2010-02-07 19:00:00-05:00,27.819686889648438,28.224470138549805,27.626495361328125,27.920883178710938,206421,18.72361946105957,0.0,0.0
TDS,2010-02-08 19:00:00-05:00,28.2520694732666,28.47286033630371,27.985280990600586,28.325666427612305,226748,18.99506950378418,0.0,0.0
TDS,2010-02-09 19:00:00-05:00,28.26127052307129,28.4820613861084,28.031278610229492,28.224470138549805,243705,18.927202224731445,0.0,0.0
TDS,2010-02-10 19:00:00-05:00,28.242870330810547,28.445262908935547,28.09567642211914,28.298067092895508,456540,18.9765625,0.0,0.0
TDS,2010-02-11 19:00:00-05:00,28.1784725189209,28.831647872924805,27.95768165588379,28.67525291442871,535021,19.229494094848633,0.0,0.0
TDS,2010-02-15 19:00:00-05:00,28.96044158935547,29.006439208984375,28.702852249145508,28.822446823120117,427408,19.328210830688477,0.0,0.0
TDS,2010-02-16 19:00:00-05:00,28.97884178161621,29.09843635559082,28.67525291442871,28.785648345947266,255880,19.303537368774414,0.0,0.0
TDS,2010-02-17 19:00:00-05:00,28.905244827270508,29.15363311767578,28.767248153686523,28.923643112182617,292947,19.39607048034668,0.0,0.0
TDS,2010-02-18 19:00:00-05:00,28.868444442749023,29.33762550354004,28.822446823120117,29.06163787841797,280990,19.488616943359375,0.0,0.0
TDS,2010-02-21 19:00:00-05:00,29.21803092956543,29.30082893371582,28.988040924072266,29.264028549194336,274141,19.62433624267578,0.0,0.0
TDS,2010-02-22 19:00:00-05:00,29.11683464050293,29.11683464050293,28.629255294799805,28.702852249145508,322187,19.248010635375977,0.0,0.0
TDS,2010-02-23 19:00:00-05:00,28.6568546295166,29.135234832763672,28.564857482910156,28.85924530029297,212726,19.352880477905273,0.0,0.0
TDS,2010-02-24 19:00:00-05:00,28.988040924072266,28.99724006652832,28.1784725189209,28.390064239501953,374580,19.038253784179688,0.0,0.0
TDS,2010-02-25 19:00:00-05:00,28.53725814819336,28.730451583862305,28.049678802490234,28.712051391601562,624373,19.254182815551758,0.0,0.0
TDS,2010-02-28 19:00:00-05:00,28.868444442749023,29.586017608642578,28.748849868774414,29.30082893371582,462301,19.64900779724121,0.0,0.0
TDS,2010-03-01 19:00:00-05:00,29.429622650146484,30.15639305114746,29.25482940673828,30.082796096801758,645461,20.17339324951172,0.0,0.0
TDS,2010-03-02 19:00:00-05:00,30.248390197753906,30.689971923828125,30.202392578125,30.248390197753906,468714,20.284439086914062,0.0,0.0
TDS,2010-03-03 19:00:00-05:00,30.193191528320312,30.331186294555664,29.954002380371094,30.0,386102,20.117870330810547,0.0,0.0
TDS,2010-03-04 19:00:00-05:00,30.211591720581055,30.533578872680664,30.174793243408203,30.23918914794922,353275,20.27826499938965,0.0,0.0
TDS,2010-03-07 19:00:00-05:00,30.23918914794922,30.74517059326172,30.23918914794922,30.64397430419922,388385,20.549715042114258,0.0,0.0
TDS,2010-03-08 19:00:00-05:00,30.634775161743164,31.067157745361328,30.496780395507812,30.689971923828125,425887,20.58056640625,0.0,0.0
TDS,2010-03-09 19:00:00-05:00,30.80036735534668,31.729530334472656,30.74517059326172,31.42594337463379,809598,21.074098587036133,0.0,0.0
TDS,2010-03-10 19:00:00-05:00,31.435142517089844,31.63753318786621,31.195951461791992,31.609935760498047,295121,21.197486877441406,0.0,0.0
TDS,2010-03-11 19:00:00-05:00,31.78472900390625,31.858325958251953,31.4167423248291,31.58233642578125,320991,21.17898941040039,0.0,0.0
TDS,2010-03-14 20:00:00-04:00,31.398344039916992,31.775529861450195,31.278749465942383,31.6467342376709,280229,21.292247772216797,0.103956,0.0
TDS,2010-03-15 20:00:00-04:00,31.775529861450195,32.04231643676758,31.701932907104492,31.793928146362305,271207,21.391281127929688,0.0,0.0
TDS,2010-03-16 20:00:00-04:00,31.88592529296875,32.033119201660156,31.757129669189453,31.867525100708008,267619,21.440797805786133,0.0,0.0
TDS,2010-03-17 20:00:00-04:00,31.959522247314453,31.977920532226562,31.711132049560547,31.83992576599121,285772,21.4222354888916,0.0,0.0
TDS,2010-03-18 20:00:00-04:00,31.435142517089844,31.968721389770508,31.407543182373047,31.435142517089844,629047,21.149887084960938,0.0,0.0
TDS,2010-03-21 20:00:00-04:00,31.333946228027344,31.7479305267334,31.12235450744629,31.591535568237305,198051,21.255109786987305,0.0,0.0
TDS,2010-03-22 20:00:00-04:00,31.563936233520508,31.62833595275879,31.398344039916992,31.600736618041992,223487,21.261301040649414,0.0,0.0
TDS,2010-03-23 20:00:00-04:00,31.563936233520508,31.729530334472656,31.508739471435547,31.573137283325195,228705,21.242733001708984,0.0,0.0
TDS,2010-03-24 20:00:00-04:00,31.78472900390625,31.8215274810791,31.057958602905273,31.094755172729492,304686,20.92087173461914,0.0,0.0
TDS,2010-03-25 20:00:00-04:00,31.251150131225586,31.398344039916992,30.827966690063477,30.855566024780273,209139,20.759944915771484,0.0,0.0
TDS,2010-03-28 20:00:00-04:00,30.855566024780273,31.186752319335938,30.74517059326172,31.186752319335938,214356,20.982770919799805,0.0,0.0
TDS,2010-03-29 20:00:00-04:00,31.113155364990234,31.6191349029541,31.048757553100586,31.42594337463379,201856,21.143695831298828,0.0,0.0
TDS,2010-03-30 20:00:00-04:00,31.4443416595459,31.665132522583008,31.113155364990234,31.14075469970703,493824,20.951814651489258,0.0,0.0
TDS,2010-03-31 20:00:00-04:00,31.398344039916992,31.73872947692871,31.251150131225586,31.499540328979492,204030,21.193222045898438,0.0,0.0
TDS,2010-04-04 20:00:00-04:00,31.68353271484375,31.931922912597656,31.435142517089844,31.895124435424805,268815,21.459373474121094,0.0,0.0
TDS,2010-04-05 20:00:00-04:00,31.665132522583008,31.867525100708008,31.563936233520508,31.858325958251953,201312,21.434619903564453,0.0,0.0
TDS,2010-04-06 20:00:00-04:00,31.692731857299805,31.7479305267334,31.131555557250977,31.36154556274414,267837,21.100374221801758,0.0,0.0
TDS,2010-04-07 20:00:00-04:00,31.32474708557129,31.63753318786621,31.195951461791992,31.63753318786621,195443,21.28606414794922,0.0,0.0
TDS,2010-04-08 20:00:00-04:00,31.655933380126953,32.07911682128906,31.6191349029541,32.033119201660156,213487,21.552217483520508,0.0,0.0
TDS,2010-04-11 20:00:00-04:00,32.152713775634766,32.152713775634766,31.711132049560547,31.766328811645508,165985,21.37271499633789,0.0,0.0
TDS,2010-04-12 20:00:00-04:00,31.674333572387695,31.766328811645508,31.333946228027344,31.766328811645508,186421,21.37271499633789,0.0,0.0
TDS,2010-04-13 20:00:00-04:00,31.8215274810791,32.26310729980469,31.73872947692871,32.21710968017578,254032,21.676008224487305,0.0,0.0
TDS,2010-04-14 20:00:00-04:00,32.07911682128906,32.29990768432617,31.959522247314453,32.20791244506836,140767,21.669815063476562,0.0,0.0
TDS,2010-04-15 20:00:00-04:00,32.06071853637695,32.21710968017578,31.36154556274414,31.398344039916992,209900,21.12512969970703,0.0,0.0
TDS,2010-04-18 20:00:00-04:00,31.4167423248291,31.8491268157959,31.30634880065918,31.766328811645508,252510,21.37271499633789,0.0,0.0
TDS,2010-04-19 20:00:00-04:00,31.858325958251953,32.14351272583008,31.68353271484375,32.06071853637695,214465,21.57078742980957,0.0,0.0
TDS,2010-04-20 20:00:00-04:00,32.16191482543945,32.42870330810547,32.09751510620117,32.272308349609375,311643,21.713144302368164,0.0,0.0
TDS,2010-04-21 20:00:00-04:00,32.01471710205078,32.68629455566406,32.01471710205078,32.58509826660156,338057,21.92359161376953,0.0,0.0
TDS,2010-04-22 20:00:00-04:00,32.695491790771484,32.72309112548828,32.41950225830078,32.658695220947266,173594,21.973108291625977,0.0,0.0
TDS,2010-04-25 20:00:00-04:00,32.713890075683594,32.713890075683594,32.26310729980469,32.290706634521484,195877,21.725521087646484,0.0,0.0
TDS,2010-04-26 20:00:00-04:00,32.11591339111328,32.64949417114258,31.858325958251953,32.069915771484375,306969,21.57697296142578,0.0,0.0
TDS,2010-04-27 20:00:00-04:00,32.10671615600586,32.38270568847656,31.7479305267334,32.30910873413086,231748,21.73790740966797,0.0,0.0
TDS,2010-04-28 20:00:00-04:00,32.51150131225586,32.63109588623047,32.30910873413086,32.50230026245117,195008,21.867887496948242,0.0,0.0
TDS,2010-04-29 20:00:00-04:00,32.58509826660156,32.879486083984375,31.876724243164062,31.88592529296875,396429,21.453182220458984,0.0,0.0
TDS,2010-05-02 20:00:00-04:00,32.10671615600586,32.64029312133789,31.9227237701416,32.63109588623047,199465,21.95454216003418,0.0,0.0
TDS,2010-05-03 20:00:00-04:00,32.373504638671875,32.373504638671875,31.32474708557129,31.389144897460938,236857,21.118942260742188,0.0,0.0
TDS,2010-05-04 20:00:00-04:00,31.287948608398438,31.499540328979492,30.993560791015625,31.370744705200195,230553,21.10655975341797,0.0,0.0
TDS,2010-05-05 20:00:00-04:00,31.094755172729492,31.195951461791992,29.107635498046875,29.668813705444336,531434,19.96148681640625,0.0,0.0
TDS,2010-05-06 20:00:00-04:00,29.484821319580078,29.84360694885254,28.67525291442871,28.840845108032227,672092,19.404420852661133,0.0,0.0
TDS,2010-05-09 20:00:00-04:00,29.402023315429688,30.202392578125,29.135234832763672,30.202392578125,283816,20.320478439331055,0.0,0.0
TDS,2010-05-10 20:00:00-04:00,30.01839828491211,30.64397430419922,29.84360694885254,30.202392578125,261967,20.320478439331055,0.0,0.0
TDS,2010-05-11 20:00:00-04:00,30.35878562927246,31.46274185180664,30.35878562927246,31.4167423248291,247836,21.137510299682617,0.0,0.0
TDS,2010-05-12 20:00:00-04:00,31.352346420288086,31.490339279174805,31.168352127075195,31.30634880065918,128592,21.063236236572266,0.0,0.0
TDS,2010-05-13 20:00:00-04:00,31.149953842163086,31.2419490814209,30.496780395507812,30.57957649230957,166963,20.57425880432129,0.0,0.0
TDS,2010-05-16 20:00:00-04:00,30.864765167236328,31.02115821838379,30.027599334716797,30.892364501953125,224357,20.78470230102539,0.0,0.0
TDS,2010-05-17 20:00:00-04:00,31.278749465942383,31.508739471435547,30.597976684570312,30.64397430419922,155115,20.617582321166992,0.0,0.0
TDS,2010-05-18 20:00:00-04:00,30.515178680419922,30.78196907043457,30.193191528320312,30.69917106628418,269793,20.65471839904785,0.0,0.0
TDS,2010-05-19 20:00:00-04:00,30.027599334716797,30.027599334716797,28.748849868774414,28.748849868774414,384907,19.342527389526367,0.0,0.0
TDS,2010-05-20 20:00:00-04:00,28.307268142700195,29.245630264282227,28.169273376464844,29.06163787841797,333166,19.5529727935791,0.0,0.0
TDS,2010-05-23 20:00:00-04:00,28.813247680664062,29.328426361083984,28.767248153686523,28.868444442749023,173268,19.42298698425293,0.0,0.0
TDS,2010-05-24 20:00:00-04:00,28.224470138549805,28.3532657623291,27.838085174560547,28.307268142700195,335122,19.045421600341797,0.0,0.0
TDS,2010-05-25 20:00:00-04:00,28.4820613861084,29.11683464050293,28.022079467773438,28.748849868774414,603176,19.342527389526367,0.0,0.0
TDS,2010-05-26 20:00:00-04:00,29.291627883911133,29.98160171508789,29.162832260131836,29.98160171508789,293925,20.171932220458984,0.0,0.0
TDS,2010-05-27 20:00:00-04:00,29.834407806396484,30.754369735717773,29.770008087158203,30.248390197753906,380450,20.351425170898438,0.0,0.0
TDS,2010-05-31 20:00:00-04:00,30.128795623779297,30.45998191833496,29.365224838256836,29.392824172973633,267619,19.775793075561523,0.0,0.0
TDS,2010-06-01 20:00:00-04:00,29.622814178466797,30.15639305114746,29.365224838256836,30.15639305114746,264793,20.289533615112305,0.0,0.0
TDS,2010-06-02 20:00:00-04:00,29.96320152282715,30.432382583618164,29.797607421875,29.889604568481445,286425,20.11004066467285,0.0,0.0
TDS,2010-06-03 20:00:00-04:00,29.282428741455078,29.76081085205078,29.01563835144043,29.172033309936523,315556,19.62725067138672,0.0,0.0
TDS,2010-06-06 20:00:00-04:00,29.291627883911133,29.291627883911133,28.57405662536621,28.629255294799805,177507,19.26205825805664,0.0,0.0
TDS,2010-06-07 20:00:00-04:00,28.721250534057617,28.748849868774414,28.086477279663086,28.399263381958008,400994,19.107318878173828,0.0,0.0
TDS,2010-06-08 20:00:00-04:00,28.436063766479492,29.365224838256836,28.436063766479492,28.6568546295166,273381,19.280630111694336,0.0,0.0
TDS,2010-06-09 20:00:00-04:00,29.162832260131836,29.74241065979004,29.15363311767578,29.714811325073242,153376,19.992429733276367,0.0,0.0
TDS,2010-06-10 20:00:00-04:00,29.365224838256836,29.990800857543945,29.365224838256836,29.889604568481445,236966,20.11004066467285,0.0,0.0
TDS,2010-06-13 20:00:00-04:00,30.045997619628906,30.23918914794922,29.512420654296875,29.613615036010742,286751,19.993885040283203,0.103956,0.0
TDS,2010-06-14 20:00:00-04:00,29.825206756591797,30.266788482666016,29.67801284790039,30.202392578125,548826,20.391403198242188,0.0,0.0
TDS,2010-06-15 20:00:00-04:00,30.11959457397461,30.275989532470703,29.632015228271484,30.091995239257812,382841,20.31686782836914,0.0,0.0
TDS,2010-06-16 20:00:00-04:00,30.193191528320312,30.275989532470703,29.74241065979004,30.009199142456055,270228,20.260971069335938,0.0,0.0
TDS,2010-06-17 20:00:00-04:00,30.03679847717285,30.055198669433594,29.43882179260254,29.604415893554688,827642,19.9876708984375,0.0,0.0
TDS,2010-06-20 20:00:00-04:00,29.972400665283203,29.972400665283203,29.19963264465332,29.31922721862793,328274,19.795122146606445,0.0,0.0
TDS,2010-06-21 20:00:00-04:00,29.383625030517578,29.84360694885254,29.21803092956543,29.245630264282227,272402,19.745433807373047,0.0,0.0
TDS,2010-06-22 20:00:00-04:00,29.162832260131836,29.889604568481445,29.070837020874023,29.54001808166504,413060,19.944194793701172,0.0,0.0
TDS,2010-06-23 20:00:00-04:00,29.374425888061523,29.622814178466797,28.721250534057617,28.7580509185791,371211,19.416242599487305,0.0,0.0
TDS,2010-06-24 20:00:00-04:00,28.804048538208008,29.310028076171875,28.629255294799805,28.969640731811523,723833,19.55909538269043,0.0,0.0
TDS,2010-06-27 20:00:00-04:00,29.135234832763672,29.21803092956543,28.850046157836914,29.09843635559082,230770,19.64605712890625,0.0,0.0
TDS,2010-06-28 20:00:00-04:00,28.63845443725586,28.730451583862305,27.77368927001953,27.930082321166992,419582,18.857234954833984,0.0,0.0
TDS,2010-06-29 20:00:00-04:00,27.810487747192383,28.57405662536621,27.700092315673828,27.95768165588379,491324,18.875869750976562,0.0,0.0
TDS,2010-06-30 20:00:00-04:00,27.89328384399414,28.01287841796875,27.608095169067383,27.865684509277344,420560,18.813758850097656,0.0,0.0
TDS,2010-07-01 20:00:00-04:00,28.01287841796875,28.031278610229492,27.589696884155273,27.828887939453125,198704,18.788911819458008,0.0,0.0
TDS,2010-07-05 20:00:00-04:00,28.09567642211914,28.390064239501953,27.295307159423828,27.451702117919922,489585,18.534250259399414,0.0,0.0
TDS,2010-07-06 20:00:00-04:00,27.617294311523438,28.4820613861084,27.617294311523438,28.399263381958008,715463,19.17400550842285,0.0,0.0
TDS,2010-07-07 20:00:00-04:00,28.647653579711914,28.942041397094727,28.509660720825195,28.942041397094727,249684,19.54047203063965,0.0,0.0
TDS,2010-07-08 20:00:00-04:00,28.99724006652832,29.172033309936523,28.822446823120117,28.91444206237793,159137,19.52182960510254,0.0,0.0
TDS,2010-07-11 20:00:00-04:00,28.730451583862305,29.172033309936523,28.6568546295166,28.813247680664062,275663,19.453508377075195,0.0,0.0
TDS,2010-07-12 20:00:00-04:00,29.162832260131836,29.714811325073242,29.126035690307617,29.64121437072754,225444,20.01251792907715,0.0,0.0
TDS,2010-07-13 20:00:00-04:00,29.52161979675293,29.604415893554688,29.31922721862793,29.54001808166504,199030,19.944194793701172,0.0,0.0
TDS,2010-07-14 20:00:00-04:00,29.549217224121094,29.64121437072754,29.107635498046875,29.512420654296875,153919,19.925565719604492,0.0,0.0
TDS,2010-07-15 20:00:00-04:00,29.328426361083984,29.346826553344727,28.31646728515625,28.3532657623291,160441,19.142946243286133,0.0,0.0
TDS,2010-07-18 20:00:00-04:00,28.426862716674805,28.4820613861084,28.086477279663086,28.325666427612305,139136,19.124313354492188,0.0,0.0
TDS,2010-07-19 20:00:00-04:00,28.049678802490234,28.969640731811523,27.985280990600586,28.923643112182617,272620,19.52804183959961,0.0,0.0
TDS,2010-07-20 20:00:00-04:00,29.11683464050293,29.816007614135742,28.97884178161621,29.291627883911133,401429,19.776487350463867,0.0,0.0
TDS,2010-07-21 20:00:00-04:00,29.76081085205078,30.634775161743164,29.705612182617188,30.588775634765625,288599,20.652273178100586,0.0,0.0
TDS,2010-07-22 20:00:00-04:00,30.469181060791016,31.10395622253418,30.22079086303711,31.02115821838379,236857,20.944198608398438,0.0,0.0
TDS,2010-07-25 20:00:00-04:00,31.12235450744629,31.58233642578125,31.030359268188477,31.5179386138916,197617,21.27960205078125,0.0,0.0
TDS,2010-07-26 20:00:00-04:00,31.7203311920166,31.7203311920166,31.131555557250977,31.398344039916992,354145,21.198856353759766,0.0,0.0
TDS,2010-07-27 20:00:00-04:00,31.4443416595459,31.58233642578125,31.168352127075195,31.195951461791992,165224,21.062211990356445,0.0,0.0
TDS,2010-07-28 20:00:00-04:00,31.46274185180664,31.563936233520508,30.84636688232422,31.315547943115234,215878,21.142953872680664,0.0,0.0
TDS,2010-07-29 20:00:00-04:00,30.975160598754883,31.62833595275879,30.80036735534668,31.398344039916992,195334,21.198856353759766,0.0,0.0
TDS,2010-08-01 20:00:00-04:00,31.959522247314453,32.16191482543945,31.674333572387695,32.14351272583008,228814,21.701963424682617,0.0,0.0
TDS,2010-08-02 20:00:00-04:00,32.10671615600586,32.10671615600586,31.398344039916992,31.435142517089844,168702,21.22369956970215,0.0,0.0
TDS,2010-08-03 20:00:00-04:00,31.62833595275879,31.812328338623047,31.4443416595459,31.62833595275879,187725,21.354143142700195,0.0,0.0
TDS,2010-08-04 20:00:00-04:00,31.352346420288086,32.11591339111328,31.02115821838379,31.959522247314453,188595,21.577747344970703,0.0,0.0
TDS,2010-08-05 20:00:00-04:00,31.729530334472656,31.729530334472656,30.128795623779297,30.496780395507812,257184,20.590166091918945,0.0,0.0
TDS,2010-08-08 20:00:00-04:00,30.487579345703125,30.52437973022461,29.705612182617188,30.32198715209961,308056,20.472156524658203,0.0,0.0
TDS,2010-08-09 20:00:00-04:00,30.055198669433594,30.06439781188965,29.080036163330078,29.668813705444336,327622,20.03115463256836,0.0,0.0
TDS,2010-08-10 20:00:00-04:00,29.208831787109375,29.273229598999023,28.445262908935547,28.748849868774414,265119,19.4100341796875,0.0,0.0
TDS,2010-08-11 20:00:00-04:00,28.104875564575195,29.006439208984375,28.068077087402344,28.868444442749023,309795,19.49077606201172,0.0,0.0
TDS,2010-08-12 20:00:00-04:00,28.702852249145508,28.886844635009766,28.57405662536621,28.592456817626953,182399,19.304441452026367,0.0,0.0
TDS,2010-08-15 20:00:00-04:00,28.3808650970459,28.923643112182617,28.344066619873047,28.91444206237793,221422,19.52182960510254,0.0,0.0
TDS,2010-08-16 20:00:00-04:00,29.264028549194336,29.374425888061523,29.024839401245117,29.245630264282227,230118,19.745433807373047,0.0,0.0
TDS,2010-08-17 20:00:00-04:00,29.30082893371582,29.751609802246094,28.942041397094727,29.549217224121094,197073,19.950403213500977,0.0,0.0
TDS,2010-08-18 20:00:00-04:00,29.273229598999023,29.383625030517578,28.6568546295166,28.85924530029297,184355,19.48455810546875,0.0,0.0
TDS,2010-08-19 20:00:00-04:00,28.69365119934082,28.868444442749023,28.436063766479492,28.73965072631836,142832,19.40382194519043,0.0,0.0
TDS,2010-08-22 20:00:00-04:00,28.969640731811523,28.969640731811523,28.325666427612305,28.344066619873047,257402,19.136747360229492,0.0,0.0
TDS,2010-08-23 20:00:00-04:00,28.068077087402344,28.104875564575195,27.718490600585938,27.727691650390625,219574,18.72058868408203,0.0,0.0
TDS,2010-08-24 20:00:00-04:00,27.562097549438477,28.01287841796875,27.341306686401367,27.920883178710938,263380,18.851022720336914,0.0,0.0
TDS,2010-08-25 20:00:00-04:00,28.003679275512695,28.16007423400879,27.77368927001953,27.819686889648438,204139,18.782691955566406,0.0,0.0
TDS,2010-08-26 20:00:00-04:00,28.16007423400879,28.36246681213379,27.451702117919922,28.307268142700195,172181,19.111888885498047,0.0,0.0
TDS,2010-08-29 20:00:00-04:00,28.1508731842041,28.4544620513916,27.828887939453125,27.99448013305664,362080,18.900711059570312,0.0,0.0
TDS,2010-08-30 20:00:00-04:00,27.902484893798828,27.99448013305664,26.53173828125,26.57773780822754,713942,17.944190979003906,0.0,0.0
TDS,2010-08-31 20:00:00-04:00,26.982521057128906,27.727691650390625,26.9365234375,27.617294311523438,367297,18.646053314208984,0.0,0.0
TDS,2010-09-01 20:00:00-04:00,27.75528907775879,27.810487747192383,27.460901260375977,27.810487747192383,236966,18.776487350463867,0.0,0.0
TDS,2010-09-02 20:00:00-04:00,28.233671188354492,28.546457290649414,28.068077087402344,28.500459671020508,284685,19.242326736450195,0.0,0.0
TDS,2010-09-06 20:00:00-04:00,28.334867477416992,28.4544620513916,27.939281463623047,28.022079467773438,303599,18.919349670410156,0.0,0.0
TDS,2010-09-07 20:00:00-04:00,28.01287841796875,28.647653579711914,28.01287841796875,28.399263381958008,366536,19.17400550842285,0.0,0.0
TDS,2010-09-08 20:00:00-04:00,28.813247680664062,29.144433975219727,28.610855102539062,28.63845443725586,311860,19.33549690246582,0.0,0.0
TDS,2010-09-09 20:00:00-04:00,28.785648345947266,28.89604377746582,28.620054244995117,28.647653579711914,245771,19.341707229614258,0.0,0.0
TDS,2010-09-12 20:00:00-04:00,28.99724006652832,29.135234832763672,28.785648345947266,28.840845108032227,222292,19.472145080566406,0.0,0.0
TDS,2010-09-13 20:00:00-04:00,28.7580509185791,28.951242446899414,28.610855102539062,28.712051391601562,214248,19.4553165435791,0.103956,0.0
TDS,2010-09-14 20:00:00-04:00,28.702852249145508,29.01563835144043,28.408464431762695,28.886844635009766,256858,19.573749542236328,0.0,0.0
TDS,2010-09-15 20:00:00-04:00,28.850046157836914,28.932842254638672,28.47286033630371,28.601655960083008,174681,19.380510330200195,0.0,0.0
TDS,2010-09-16 20:00:00-04:00,28.868444442749023,29.09843635559082,28.5832576751709,28.969640731811523,318600,19.629852294921875,0.0,0.0
TDS,2010-09-19 20:00:00-04:00,29.043237686157227,29.889604568481445,28.97884178161621,29.834407806396484,273924,20.215822219848633,0.0,0.0
TDS,2010-09-20 20:00:00-04:00,29.8988037109375,30.009199142456055,29.622814178466797,29.724010467529297,320991,20.141021728515625,0.0,0.0
TDS,2010-09-21 20:00:00-04:00,29.57681655883789,29.917203903198242,29.42042350769043,29.55841827392578,228161,20.0288143157959,0.0,0.0
TDS,2010-09-22 20:00:00-04:00,29.328426361083984,29.650413513183594,29.162832260131836,29.392824172973633,196856,19.91660499572754,0.0,0.0
TDS,2010-09-23 20:00:00-04:00,29.852806091308594,30.174793243408203,29.76081085205078,30.128795623779297,143484,20.415302276611328,0.0,0.0
TDS,2010-09-26 20:00:00-04:00,30.03679847717285,30.377185821533203,29.8988037109375,30.32198715209961,234683,20.546213150024414,0.0,0.0
TDS,2010-09-27 20:00:00-04:00,30.45998191833496,30.570377349853516,29.84360694885254,30.515178680419922,259793,20.67711639404297,0.0,0.0
TDS,2010-09-28 20:00:00-04:00,30.42318344116211,30.469181060791016,30.03679847717285,30.15639305114746,339144,20.433998107910156,0.0,0.0
TDS,2010-09-29 20:00:00-04:00,30.450782775878906,30.956762313842773,30.073596954345703,30.174793243408203,444800,20.44647789001465,0.0,0.0
TDS,2010-09-30 20:00:00-04:00,30.404783248901367,30.827966690063477,30.404783248901367,30.533578872680664,386537,20.689579010009766,0.0,0.0
TDS,2010-10-03 20:00:00-04:00,30.533578872680664,30.929162979125977,29.990800857543945,30.331186294555664,264902,20.552438735961914,0.0,0.0
TDS,2010-10-04 20:00:00-04:00,30.74517059326172,30.791168212890625,30.44158172607422,30.763568878173828,330557,20.84542465209961,0.0,0.0
TDS,2010-10-05 20:00:00-04:00,30.763568878173828,30.809568405151367,30.505979537963867,30.708372116088867,261641,20.808015823364258,0.0,0.0
TDS,2010-10-06 20:00:00-04:00,30.910764694213867,30.910764694213867,30.312786102294922,30.312786102294922,329687,20.53997802734375,0.0,0.0
TDS,2010-10-07 20:00:00-04:00,30.413982391357422,30.487579345703125,30.055198669433594,30.432382583618164,222183,20.621017456054688,0.0,0.0
TDS,2010-10-10 20:00:00-04:00,30.496780395507812,30.827966690063477,30.450782775878906,30.616374969482422,152180,20.745689392089844,0.0,0.0
TDS,2010-10-11 20:00:00-04:00,30.653173446655273,30.956762313842773,30.266788482666016,30.873964309692383,273815,20.920230865478516,0.0,0.0
TDS,2010-10-12 20:00:00-04:00,31.048757553100586,31.36154556274414,30.873964309692383,31.20515251159668,423169,21.144636154174805,0.0,0.0
TDS,2010-10-13 20:00:00-04:00,31.08555793762207,31.10395622253418,30.708372116088867,30.98436164855957,382841,20.995037078857422,0.0,0.0
TDS,2010-10-14 20:00:00-04:00,31.168352127075195,31.251150131225586,30.45998191833496,30.818767547607422,426104,20.882827758789062,0.0,0.0
TDS,2010-10-17 20:00:00-04:00,30.88316535949707,31.113155364990234,30.64397430419922,31.10395622253418,339796,21.076066970825195,0.0,0.0
TDS,2010-10-18 20:00:00-04:00,30.689971923828125,31.113155364990234,30.56117820739746,30.809568405151367,386646,20.876596450805664,0.0,0.0
TDS,2010-10-19 20:00:00-04:00,30.93836212158203,31.5455379486084,30.93836212158203,31.453542709350586,215987,21.31295394897461,0.0,0.0
TDS,2010-10-20 20:00:00-04:00,31.554737091064453,31.609935760498047,30.93836212158203,31.232751846313477,238923,21.163339614868164,0.0,0.0
TDS,2010-10-21 20:00:00-04:00,31.26034927368164,31.46274185180664,31.2419490814209,31.389144897460938,195443,21.26931381225586,0.0,0.0
TDS,2010-10-24 20:00:00-04:00,31.62833595275879,31.8491268157959,31.453542709350586,31.73872947692871,262619,21.506195068359375,0.0,0.0
TDS,2010-10-25 20:00:00-04:00,31.63753318786621,31.867525100708008,31.4167423248291,31.600736618041992,397081,21.412683486938477,0.0,0.0
TDS,2010-10-26 20:00:00-04:00,31.389144897460938,31.508739471435547,30.892364501953125,31.407543182373047,354579,21.281784057617188,0.0,0.0
TDS,2010-10-27 20:00:00-04:00,31.62833595275879,32.02391815185547,31.5179386138916,32.02391815185547,384363,21.699440002441406,0.0,0.0
TDS,2010-10-28 20:00:00-04:00,31.959522247314453,32.14351272583008,31.7203311920166,32.04231643676758,238053,21.71190071105957,0.0,0.0
TDS,2010-10-31 20:00:00-04:00,32.19871139526367,32.355106353759766,31.830726623535156,32.069915771484375,437844,21.730609893798828,0.0,0.0
TDS,2010-11-01 20:00:00-04:00,32.336708068847656,32.575897216796875,32.12511444091797,32.56669616699219,268598,22.067224502563477,0.0,0.0
TDS,2010-11-02 20:00:00-04:00,32.63109588623047,33.081878662109375,32.48390197753906,33.05427932739258,551544,22.39760971069336,0.0,0.0
TDS,2010-11-03 20:00:00-04:00,33.403865814208984,33.403865814208984,32.80588912963867,32.9622802734375,354688,22.33526611328125,0.0,0.0
TDS,2010-11-04 20:00:00-04:00,33.12787628173828,33.3670654296875,32.759891510009766,33.34866714477539,238705,22.597084045410156,0.0,0.0
TDS,2010-11-07 19:00:00-05:00,33.24747085571289,33.3394660949707,33.04507827758789,33.1370735168457,194573,22.453718185424805,0.0,0.0
TDS,2010-11-08 19:00:00-05:00,33.25667190551758,33.25667190551758,32.80588912963867,32.94388198852539,216857,22.322805404663086,0.0,0.0
TDS,2010-11-09 19:00:00-05:00,32.92548370361328,33.25667190551758,32.575897216796875,33.219871520996094,277511,22.509811401367188,0.0,0.0
TDS,2010-11-10 19:00:00-05:00,32.9622802734375,33.07267761230469,32.74148941040039,32.92548370361328,285664,22.310338973999023,0.0,0.0
TDS,2010-11-11 19:00:00-05:00,32.68629455566406,32.778289794921875,32.22631072998047,32.54829788208008,246749,22.054750442504883,0.0,0.0
TDS,2010-11-14 19:00:00-05:00,32.75069046020508,32.90708541870117,32.58509826660156,32.60349655151367,189790,22.0921630859375,0.0,0.0
TDS,2010-11-15 19:00:00-05:00,32.41950225830078,32.53909683227539,31.9227237701416,32.30910873413086,388276,21.89269256591797,0.0,0.0
TDS,2010-11-16 19:00:00-05:00,32.38270568847656,32.474700927734375,32.01471710205078,32.44710159301758,295664,21.986181259155273,0.0,0.0
TDS,2010-11-17 19:00:00-05:00,32.80588912963867,33.624656677246094,32.80588912963867,33.4958610534668,380450,22.696823120117188,0.0,0.0
TDS,2010-11-18 19:00:00-05:00,33.3670654296875,33.3670654296875,32.94388198852539,33.24747085571289,160550,22.528512954711914,0.0,0.0
TDS,2010-11-21 19:00:00-05:00,33.118675231933594,33.38546371459961,32.80588912963867,33.311866760253906,171855,22.572147369384766,0.0,0.0
TDS,2010-11-22 19:00:00-05:00,33.017478942871094,33.017478942871094,32.52989959716797,32.83348846435547,170333,22.248004913330078,0.0,0.0
TDS,2010-11-23 19:00:00-05:00,32.95308303833008,33.8454475402832,32.95308303833008,33.6982536315918,190008,22.833969116210938,0.0,0.0
TDS,2010-11-25 19:00:00-05:00,33.38546371459961,33.633853912353516,33.38546371459961,33.44986343383789,54894,22.665658950805664,0.0,0.0
TDS,2010-11-28 19:00:00-05:00,33.265869140625,33.27507019042969,32.63109588623047,33.081878662109375,182942,22.416309356689453,0.0,0.0
TDS,2010-11-29 19:00:00-05:00,32.75069046020508,32.95308303833008,32.56669616699219,32.82428741455078,330774,22.24177360534668,0.0,0.0
TDS,2010-11-30 19:00:00-05:00,33.38546371459961,33.86384582519531,33.1646728515625,33.6430549621582,249684,22.796558380126953,0.0,0.0
TDS,2010-12-01 19:00:00-05:00,33.624656677246094,33.670654296875,33.311866760253906,33.4958610534668,218270,22.696823120117188,0.0,0.0
TDS,2010-12-02 19:00:00-05:00,33.38546371459961,33.46826171875,33.201473236083984,33.311866760253906,193377,22.572147369384766,0.0,0.0
TDS,2010-12-05 19:00:00-05:00,33.302669525146484,33.3670654296875,33.05427932739258,33.18307113647461,188812,22.48488426208496,0.0,0.0
TDS,2010-12-06 19:00:00-05:00,33.47746276855469,33.47746276855469,33.12787628173828,33.28426742553711,334144,22.55345344543457,0.0,0.0
TDS,2010-12-07 19:00:00-05:00,33.3670654296875,33.532657623291016,33.02667999267578,33.15547561645508,240118,22.466184616088867,0.0,0.0
TDS,2010-12-08 19:00:00-05:00,33.413063049316406,33.44986343383789,33.02667999267578,33.27507019042969,177725,22.547216415405273,0.0,0.0
TDS,2010-12-09 19:00:00-05:00,33.2382698059082,33.44986343383789,33.02667999267578,33.431461334228516,159898,22.65318489074707,0.0,0.0
TDS,2010-12-12 19:00:00-05:00,33.5694580078125,33.5694580078125,32.92548370361328,33.0910758972168,362949,22.422542572021484,0.0,0.0
TDS,2010-12-13 19:00:00-05:00,33.210670471191406,33.514259338378906,33.1370735168457,33.311866760253906,166094,22.572147369384766,0.0,0.0
TDS,2010-12-14 19:00:00-05:00,33.1922721862793,33.70745086669922,33.1370735168457,33.22907257080078,290990,22.58654022216797,0.103956,0.0
TDS,2010-12-15 19:00:00-05:00,33.2934684753418,34.00183868408203,33.14627456665039,33.937442779541016,281642,23.068035125732422,0.0,0.0
TDS,2010-12-16 19:00:00-05:00,33.7718505859375,34.09383773803711,33.5970573425293,33.79024887084961,598828,22.967979431152344,0.0,0.0
TDS,2010-12-19 19:00:00-05:00,33.88224411010742,34.06623840332031,33.5970573425293,34.04783630371094,407082,23.143068313598633,0.0,0.0
TDS,2010-12-20 19:00:00-05:00,34.195030212402344,34.51701736450195,34.02943801879883,34.43422317504883,326535,23.40570640563965,0.0,0.0
TDS,2010-12-21 19:00:00-05:00,34.47101974487305,34.87580490112305,34.36982345581055,34.701011657714844,266315,23.5870361328125,0.0,0.0
TDS,2010-12-22 19:00:00-05:00,34.682613372802734,34.72861099243164,34.21343231201172,34.241031646728516,122505,23.274385452270508,0.0,0.0
TDS,2010-12-26 19:00:00-05:00,34.12143325805664,34.28702926635742,33.82704544067383,34.176631927490234,117070,23.230619430541992,0.0,0.0
TDS,2010-12-27 19:00:00-05:00,34.21343231201172,34.241031646728516,33.96504211425781,34.038639068603516,103591,23.136821746826172,0.0,0.0
TDS,2010-12-28 19:00:00-05:00,34.14903259277344,34.14903259277344,33.89144515991211,33.919044494628906,99569,23.055526733398438,0.0,0.0
TDS,2010-12-29 19:00:00-05:00,33.96504211425781,34.075435638427734,33.79944610595703,33.873046875,87830,23.024261474609375,0.0,0.0
TDS,2010-12-30 19:00:00-05:00,33.90984344482422,34.02943801879883,33.624656677246094,33.624656677246094,195443,22.855422973632812,0.0,0.0
TDS,2011-01-02 19:00:00-05:00,33.937442779541016,34.32382583618164,33.76264953613281,33.99264144897461,288055,23.105554580688477,0.0,0.0
TDS,2011-01-03 19:00:00-05:00,34.176631927490234,34.42502212524414,33.79944610595703,34.13063430786133,250445,23.199350357055664,0.0,0.0
TDS,2011-01-04 19:00:00-05:00,34.075435638427734,34.11223602294922,33.82704544067383,33.89144515991211,262184,23.036767959594727,0.0,0.0
TDS,2011-01-05 19:00:00-05:00,33.873046875,33.98344039916992,33.04507827758789,33.22907257080078,302403,22.58654022216797,0.0,0.0
TDS,2011-01-06 19:00:00-05:00,33.3394660949707,33.56025695800781,32.64029312133789,33.0634765625,207182,22.47397804260254,0.0,0.0
TDS,2011-01-09 19:00:00-05:00,32.95308303833008,33.56025695800781,32.74148941040039,33.46826171875,339905,22.74911117553711,0.0,0.0
TDS,2011-01-10 19:00:00-05:00,33.66145324707031,33.753448486328125,33.27507019042969,33.532657623291016,167398,22.792888641357422,0.0,0.0
TDS,2011-01-11 19:00:00-05:00,33.82704544067383,33.873046875,33.17387390136719,33.37626647949219,200117,22.68659210205078,0.0,0.0
TDS,2011-01-12 19:00:00-05:00,33.4406623840332,33.532657623291016,33.109474182128906,33.24747085571289,205226,22.599037170410156,0.0,0.0
TDS,2011-01-13 19:00:00-05:00,33.1922721862793,33.6430549621582,33.1922721862793,33.422264099121094,179138,22.717849731445312,0.0,0.0
TDS,2011-01-17 19:00:00-05:00,33.3946647644043,33.633853912353516,33.05427932739258,33.5970573425293,461649,22.8366641998291,0.0,0.0
TDS,2011-01-18 19:00:00-05:00,33.523460388183594,33.58785629272461,32.90708541870117,33.100276947021484,192943,22.498992919921875,0.0,0.0
TDS,2011-01-19 19:00:00-05:00,33.017478942871094,33.2382698059082,32.76908874511719,33.07267761230469,183268,22.480228424072266,0.0,0.0
TDS,2011-01-20 19:00:00-05:00,33.311866760253906,33.3946647644043,32.85188674926758,32.916282653808594,159246,22.37392807006836,0.0,0.0
TDS,2011-01-23 19:00:00-05:00,32.9898796081543,33.28426742553711,32.861087799072266,33.2382698059082,118918,22.592792510986328,0.0,0.0
TDS,2011-01-24 19:00:00-05:00,33.1646728515625,33.22907257080078,32.861087799072266,33.201473236083984,169681,22.567773818969727,0.0,0.0
TDS,2011-01-25 19:00:00-05:00,33.34866714477539,33.34866714477539,32.97148132324219,33.210670471191406,178812,22.574026107788086,0.0,0.0
TDS,2011-01-26 19:00:00-05:00,33.2382698059082,33.2382698059082,32.980682373046875,33.118675231933594,132505,22.511493682861328,0.0,0.0
TDS,2011-01-27 19:00:00-05:00,33.1646728515625,33.18307113647461,32.64949417114258,32.95308303833008,390885,22.39893913269043,0.0,0.0
TDS,2011-01-30 19:00:00-05:00,33.0358772277832,33.431461334228516,32.85188674926758,32.8886833190918,421647,22.355167388916016,0.0,0.0
TDS,2011-01-31 19:00:00-05:00,33.17387390136719,33.4406623840332,33.109474182128906,33.15547561645508,199573,22.53651237487793,0.0,0.0
TDS,2011-02-01 19:00:00-05:00,33.100276947021484,33.18307113647461,32.80588912963867,32.82428741455078,103265,22.311389923095703,0.0,0.0
TDS,2011-02-02 19:00:00-05:00,32.70469284057617,32.815086364746094,32.30910873413086,32.74148941040039,244249,22.255109786987305,0.0,0.0
TDS,2011-02-03 19:00:00-05:00,32.695491790771484,33.02667999267578,32.48390197753906,33.02667999267578,221639,22.448970794677734,0.0,0.0
TDS,2011-02-06 19:00:00-05:00,33.0358772277832,33.210670471191406,32.64949417114258,32.9898796081543,280881,22.423952102661133,0.0,0.0
TDS,2011-02-07 19:00:00-05:00,33.02667999267578,33.109474182128906,32.713890075683594,33.02667999267578,315339,22.448970794677734,0.0,0.0
TDS,2011-02-08 19:00:00-05:00,32.9898796081543,32.999080657958984,32.62189483642578,32.72309112548828,303925,22.24260902404785,0.0,0.0
TDS,2011-02-09 19:00:00-05:00,32.73229217529297,33.0358772277832,32.62189483642578,32.73229217529297,166420,22.248859405517578,0.0,0.0
TDS,2011-02-10 19:00:00-05:00,32.52069854736328,32.83348846435547,32.52069854736328,32.658695220947266,232075,22.198837280273438,0.0,0.0
TDS,2011-02-13 19:00:00-05:00,32.68629455566406,32.74148941040039,32.40110397338867,32.493099212646484,183486,22.086275100708008,0.0,0.0
TDS,2011-02-14 19:00:00-05:00,32.43790054321289,32.43790054321289,32.134315490722656,32.22631072998047,286098,21.90494155883789,0.0,0.0
TDS,2011-02-15 19:00:00-05:00,32.34590530395508,32.40110397338867,32.04231643676758,32.16191482543945,266750,21.861162185668945,0.0,0.0
TDS,2011-02-16 19:00:00-05:00,32.12511444091797,32.21710968017578,31.36154556274414,31.398344039916992,393820,21.342153549194336,0.0,0.0
TDS,2011-02-17 19:00:00-05:00,31.48114013671875,31.63753318786621,31.22355079650879,31.5455379486084,323817,21.442203521728516,0.0,0.0
TDS,2011-02-21 19:00:00-05:00,31.251150131225586,31.499540328979492,30.929162979125977,30.993560791015625,265119,21.067005157470703,0.0,0.0
TDS,2011-02-22 19:00:00-05:00,31.03955841064453,31.12235450744629,29.96320152282715,30.03679847717285,633069,20.416677474975586,0.0,0.0
TDS,2011-02-23 19:00:00-05:00,29.586017608642578,30.52437973022461,29.494020462036133,30.3035888671875,504042,20.5980224609375,0.0,0.0
TDS,2011-02-24 19:00:00-05:00,30.505979537963867,31.048757553100586,30.395584106445312,30.892364501953125,368058,20.99822235107422,0.0,0.0
TDS,2011-02-27 19:00:00-05:00,31.03955841064453,31.389144897460938,30.956762313842773,30.956762313842773,1286465,21.0419921875,0.0,0.0
TDS,2011-02-28 19:00:00-05:00,31.00275993347168,31.02115821838379,29.834407806396484,30.0,804163,20.391672134399414,0.0,0.0
TDS,2011-03-01 19:00:00-05:00,30.082796096801758,30.386384963989258,29.770008087158203,30.009199142456055,331861,20.397918701171875,0.0,0.0
TDS,2011-03-02 19:00:00-05:00,30.285188674926758,31.30634880065918,30.211591720581055,30.947561264038086,421756,21.035743713378906,0.0,0.0
TDS,2011-03-03 19:00:00-05:00,30.855566024780273,30.993560791015625,29.834407806396484,30.027599334716797,344470,20.41042709350586,0.0,0.0
TDS,2011-03-06 19:00:00-05:00,30.11959457397461,30.45998191833496,29.687213897705078,29.954002380371094,335774,20.360403060913086,0.0,0.0
TDS,2011-03-07 19:00:00-05:00,30.06439781188965,30.625574111938477,29.751609802246094,30.377185821533203,445235,20.64805030822754,0.0,0.0
TDS,2011-03-08 19:00:00-05:00,30.395584106445312,30.570377349853516,30.229991912841797,30.469181060791016,230553,20.710575103759766,0.0,0.0
TDS,2011-03-09 19:00:00-05:00,30.06439781188965,30.147193908691406,29.687213897705078,29.751609802246094,310556,20.22283172607422,0.0,0.0
TDS,2011-03-10 19:00:00-05:00,30.0,30.0,29.383625030517578,29.74241065979004,198486,20.216575622558594,0.0,0.0
TDS,2011-03-13 20:00:00-04:00,29.54001808166504,29.751609802246094,29.21803092956543,29.43882179260254,264032,20.01021385192871,0.0,0.0
TDS,2011-03-14 20:00:00-04:00,28.67525291442871,29.31922721862793,28.564857482910156,29.01563835144043,257836,19.795568466186523,0.108556,0.0
TDS,2011-03-15 20:00:00-04:00,28.923643112182617,29.236431121826172,28.601655960083008,28.684452056884766,422952,19.569622039794922,0.0,0.0
TDS,2011-03-16 20:00:00-04:00,29.107635498046875,29.245630264282227,28.721250534057617,28.85924530029297,245879,19.688865661621094,0.0,0.0
TDS,2011-03-17 20:00:00-04:00,29.208831787109375,29.402023315429688,29.06163787841797,29.245630264282227,472628,19.952476501464844,0.0,0.0
TDS,2011-03-20 20:00:00-04:00,29.64121437072754,29.8988037109375,29.466421127319336,29.595216751098633,318382,20.190980911254883,0.0,0.0
TDS,2011-03-21 20:00:00-04:00,29.549217224121094,29.76081085205078,29.25482940673828,29.57681655883789,263054,20.178424835205078,0.0,0.0
TDS,2011-03-22 20:00:00-04:00,29.484821319580078,29.77920913696289,29.33762550354004,29.64121437072754,244358,20.22235870361328,0.0,0.0
TDS,2011-03-23 20:00:00-04:00,29.825206756591797,29.889604568481445,29.374425888061523,29.788408279418945,233814,20.32278823852539,0.0,0.0
TDS,2011-03-24 20:00:00-04:00,29.816007614135742,29.990800857543945,29.54001808166504,29.6964111328125,273163,20.2600154876709,0.0,0.0
TDS,2011-03-27 20:00:00-04:00,29.797607421875,30.588775634765625,29.751609802246094,30.331186294555664,343275,20.69308853149414,0.0,0.0
TDS,2011-03-28 20:00:00-04:00,30.266788482666016,30.432382583618164,29.954002380371094,30.183992385864258,279903,20.592662811279297,0.0,0.0
TDS,2011-03-29 20:00:00-04:00,30.312786102294922,30.588775634765625,30.312786102294922,30.515178680419922,272728,20.8186092376709,0.0,0.0
TDS,2011-03-30 20:00:00-04:00,30.450782775878906,31.159154891967773,30.450782775878906,31.00275993347168,494802,21.151260375976562,0.0,0.0
TDS,2011-03-31 20:00:00-04:00,31.08555793762207,31.609935760498047,30.93836212158203,31.48114013671875,355884,21.477628707885742,0.0,0.0
TDS,2011-04-03 20:00:00-04:00,31.48114013671875,31.6467342376709,31.251150131225586,31.36154556274414,254902,21.396038055419922,0.0,0.0
TDS,2011-04-04 20:00:00-04:00,31.278749465942383,31.563936233520508,31.048757553100586,31.32474708557129,221639,21.370925903320312,0.0,0.0
TDS,2011-04-05 20:00:00-04:00,31.379945755004883,31.563936233520508,31.10395622253418,31.269548416137695,263054,21.33326530456543,0.0,0.0
TDS,2011-04-06 20:00:00-04:00,31.269548416137695,31.352346420288086,31.076356887817383,31.20515251159668,192073,21.28934097290039,0.0,0.0
TDS,2011-04-07 20:00:00-04:00,31.297147750854492,31.352346420288086,30.533578872680664,30.551977157592773,294903,20.84371566772461,0.0,0.0
TDS,2011-04-10 20:00:00-04:00,30.551977157592773,30.837167739868164,30.47838020324707,30.56117820739746,239792,20.84999656677246,0.0,0.0
TDS,2011-04-11 20:00:00-04:00,30.432382583618164,30.56117820739746,30.23918914794922,30.266788482666016,221313,20.649147033691406,0.0,0.0
TDS,2011-04-12 20:00:00-04:00,30.45998191833496,30.634775161743164,30.349586486816406,30.607175827026367,213487,20.881378173828125,0.0,0.0
TDS,2011-04-13 20:00:00-04:00,30.386384963989258,30.487579345703125,30.211591720581055,30.312786102294922,246206,20.680530548095703,0.0,0.0
TDS,2011-04-14 20:00:00-04:00,30.312786102294922,30.469181060791016,30.312786102294922,30.413982391357422,305882,20.74957275390625,0.0,0.0
TDS,2011-04-17 20:00:00-04:00,30.03679847717285,30.128795623779297,29.30082893371582,29.64121437072754,333383,20.22235870361328,0.0,0.0
TDS,2011-04-18 20:00:00-04:00,29.705612182617188,29.871204376220703,29.650413513183594,29.871204376220703,397299,20.379268646240234,0.0,0.0
TDS,2011-04-19 20:00:00-04:00,30.25758934020996,30.285188674926758,29.96320152282715,30.11959457397461,222074,20.54872703552246,0.0,0.0
TDS,2011-04-20 20:00:00-04:00,30.211591720581055,30.44158172607422,29.972400665283203,30.35878562927246,120548,20.7119140625,0.0,0.0
TDS,2011-04-24 20:00:00-04:00,30.312786102294922,30.377185821533203,30.073596954345703,30.248390197753906,140332,20.63658905029297,0.0,0.0
TDS,2011-04-25 20:00:00-04:00,30.266788482666016,30.616374969482422,30.211591720581055,30.551977157592773,279033,20.84371566772461,0.0,0.0
TDS,2011-04-26 20:00:00-04:00,30.570377349853516,30.956762313842773,30.505979537963867,30.947561264038086,255119,21.11359977722168,0.0,0.0
TDS,2011-04-27 20:00:00-04:00,30.84636688232422,31.030359268188477,30.74517059326172,31.00275993347168,221096,21.151260375976562,0.0,0.0
TDS,2011-04-28 20:00:00-04:00,31.030359268188477,31.131555557250977,30.763568878173828,30.873964309692383,266315,21.06338882446289,0.0,0.0
TDS,2011-05-01 20:00:00-04:00,30.873964309692383,30.993560791015625,30.625574111938477,30.689971923828125,253271,20.937864303588867,0.0,0.0
TDS,2011-05-02 20:00:00-04:00,30.68077278137207,30.90156364440918,30.54277801513672,30.69917106628418,182616,20.94413948059082,0.0,0.0
TDS,2011-05-03 20:00:00-04:00,30.689971923828125,30.84636688232422,30.248390197753906,30.52437973022461,188051,20.82489013671875,0.0,0.0
TDS,2011-05-04 20:00:00-04:00,30.349586486816406,30.827966690063477,30.331186294555664,30.487579345703125,253271,20.79978370666504,0.0,0.0
TDS,2011-05-05 20:00:00-04:00,30.873964309692383,31.4167423248291,30.653173446655273,31.076356887817383,355014,21.201467514038086,0.0,0.0
TDS,2011-05-08 20:00:00-04:00,31.10395622253418,32.24470901489258,31.00275993347168,32.051517486572266,336970,21.86675453186035,0.0,0.0
TDS,2011-05-09 20:00:00-04:00,32.14351272583008,32.97148132324219,31.977920532226562,32.84268569946289,531978,22.40652847290039,0.0,0.0
TDS,2011-05-10 20:00:00-04:00,32.677093505859375,32.74148941040039,31.766328811645508,31.913522720336914,329035,21.77261734008789,0.0,0.0
TDS,2011-05-11 20:00:00-04:00,31.775529861450195,32.474700927734375,31.7479305267334,32.290706634521484,294577,22.029949188232422,0.0,0.0
TDS,2011-05-12 20:00:00-04:00,32.336708068847656,32.41030502319336,31.692731857299805,31.8215274810791,257510,21.70985221862793,0.0,0.0
TDS,2011-05-15 20:00:00-04:00,31.73872947692871,31.94112205505371,31.58233642578125,31.58233642578125,277402,21.546669006347656,0.0,0.0
TDS,2011-05-16 20:00:00-04:00,31.48114013671875,31.499540328979492,30.082796096801758,30.22079086303711,941559,20.617769241333008,0.0,0.0
TDS,2011-05-17 20:00:00-04:00,30.312786102294922,30.809568405151367,30.174793243408203,30.515178680419922,458279,20.8186092376709,0.0,0.0
TDS,2011-05-18 20:00:00-04:00,30.625574111938477,30.74517059326172,30.312786102294922,30.312786102294922,510455,20.680530548095703,0.0,0.0
TDS,2011-05-19 20:00:00-04:00,30.275989532470703,30.35878562927246,29.6964111328125,29.990800857543945,752530,20.460861206054688,0.0,0.0
TDS,2011-05-22 20:00:00-04:00,29.57681655883789,29.632015228271484,29.31922721862793,29.448022842407227,430561,20.090557098388672,0.0,0.0
TDS,2011-05-23 20:00:00-04:00,29.595216751098633,29.595216751098633,28.932842254638672,28.932842254638672,903514,19.73907470703125,0.0,0.0
TDS,2011-05-24 20:00:00-04:00,28.79484748840332,29.208831787109375,28.592456817626953,29.043237686157227,798619,19.81439971923828,0.0,0.0
TDS,2011-05-25 20:00:00-04:00,28.932842254638672,29.687213897705078,28.932842254638672,29.57681655883789,591654,20.178424835205078,0.0,0.0
TDS,2011-05-26 20:00:00-04:00,29.6964111328125,30.06439781188965,29.567617416381836,29.852806091308594,615677,20.36671257019043,0.0,0.0
TDS,2011-05-30 20:00:00-04:00,30.110395431518555,30.174793243408203,29.705612182617188,30.082796096801758,2586625,20.523622512817383,0.0,0.0
TDS,2011-05-31 20:00:00-04:00,29.954002380371094,30.229991912841797,29.852806091308594,29.954002380371094,738290,20.435758590698242,0.0,0.0
TDS,2011-06-01 20:00:00-04:00,30.03679847717285,30.174793243408203,29.806808471679688,30.01839828491211,470345,20.479690551757812,0.0,0.0
TDS,2011-06-02 20:00:00-04:00,29.55841827392578,29.622814178466797,28.99724006652832,29.01563835144043,373385,19.795568466186523,0.0,0.0
TDS,2011-06-05 20:00:00-04:00,28.99724006652832,29.107635498046875,28.63845443725586,28.785648345947266,380559,19.63865852355957,0.0,0.0
TDS,2011-06-06 20:00:00-04:00,28.87764549255371,28.951242446899414,28.546457290649414,28.57405662536621,406103,19.494306564331055,0.0,0.0
TDS,2011-06-07 20:00:00-04:00,28.41766357421875,28.564857482910156,28.141674041748047,28.169273376464844,575893,19.218141555786133,0.0,0.0
TDS,2011-06-08 20:00:00-04:00,28.270469665527344,28.31646728515625,27.801288604736328,27.99448013305664,722964,19.098894119262695,0.0,0.0
TDS,2011-06-09 20:00:00-04:00,27.810487747192383,28.123275756835938,27.79208755493164,27.810487747192383,573175,18.973363876342773,0.0,0.0
TDS,2011-06-12 20:00:00-04:00,27.828887939453125,28.141674041748047,27.718490600585938,28.086477279663086,490454,19.161653518676758,0.0,0.0
TDS,2011-06-13 20:00:00-04:00,28.344066619873047,28.41766357421875,28.141674041748047,28.16007423400879,303599,19.211872100830078,0.0,0.0
TDS,2011-06-14 20:00:00-04:00,27.87488555908203,27.87488555908203,27.451702117919922,27.57129669189453,364797,18.882978439331055,0.108556,0.0
TDS,2011-06-15 20:00:00-04:00,27.617294311523438,27.77368927001953,27.405704498291016,27.608095169067383,371102,18.908178329467773,0.0,0.0
TDS,2011-06-16 20:00:00-04:00,27.838085174560547,27.97608184814453,27.709291458129883,27.847286224365234,767422,19.071998596191406,0.0,0.0
TDS,2011-06-19 20:00:00-04:00,27.73689079284668,28.233671188354492,27.709291458129883,28.1508731842041,280555,19.2799129486084,0.0,0.0
TDS,2011-06-20 20:00:00-04:00,28.26127052307129,28.47286033630371,28.21527099609375,28.344066619873047,284577,19.412229537963867,0.0,0.0
TDS,2011-06-21 20:00:00-04:00,28.19687271118164,28.592456817626953,28.132474899291992,28.3808650970459,338818,19.43743324279785,0.0,0.0
TDS,2011-06-22 20:00:00-04:00,28.05887794494629,28.702852249145508,27.746089935302734,28.647653579711914,733399,19.62014389038086,0.0,0.0
TDS,2011-06-23 20:00:00-04:00,28.666053771972656,28.684452056884766,28.1784725189209,28.288867950439453,591872,19.374418258666992,0.0,0.0
TDS,2011-06-26 20:00:00-04:00,28.233671188354492,28.564857482910156,28.05887794494629,28.41766357421875,250010,19.462627410888672,0.0,0.0
TDS,2011-06-27 20:00:00-04:00,28.51885986328125,28.932842254638672,28.399263381958008,28.87764549255371,334035,19.777660369873047,0.0,0.0
TDS,2011-06-28 20:00:00-04:00,28.99724006652832,29.11683464050293,28.77644920349121,28.969640731811523,231096,19.840667724609375,0.0,0.0
TDS,2011-06-29 20:00:00-04:00,29.024839401245117,29.126035690307617,28.592456817626953,28.592456817626953,460888,19.582347869873047,0.0,0.0
TDS,2011-06-30 20:00:00-04:00,28.6568546295166,29.31922721862793,28.399263381958008,29.30082893371582,436322,20.06749725341797,0.0,0.0
TDS,2011-07-04 20:00:00-04:00,29.365224838256836,29.43882179260254,28.813247680664062,29.043237686157227,313491,19.891082763671875,0.0,0.0
TDS,2011-07-05 20:00:00-04:00,29.034038543701172,29.135234832763672,28.721250534057617,29.024839401245117,344362,19.87847900390625,0.0,0.0
TDS,2011-07-06 20:00:00-04:00,29.282428741455078,29.291627883911133,28.988040924072266,29.273229598999023,170876,20.048587799072266,0.0,0.0
TDS,2011-07-07 20:00:00-04:00,28.99724006652832,29.310028076171875,28.886844635009766,29.30082893371582,363493,20.06749725341797,0.0,0.0
TDS,2011-07-10 20:00:00-04:00,28.942041397094727,28.97884178161621,28.334867477416992,28.436063766479492,290229,19.475238800048828,0.0,0.0
TDS,2011-07-11 20:00:00-04:00,28.3532657623291,28.850046157836914,28.325666427612305,28.629255294799805,273598,19.607545852661133,0.0,0.0
TDS,2011-07-12 20:00:00-04:00,28.804048538208008,28.96044158935547,28.5832576751709,28.5832576751709,281424,19.5760440826416,0.0,0.0
TDS,2011-07-13 20:00:00-04:00,28.702852249145508,28.73965072631836,27.85648536682129,27.89328384399414,366319,19.103496551513672,0.0,0.0
TDS,2011-07-14 20:00:00-04:00,28.040477752685547,28.104875564575195,27.838085174560547,27.939281463623047,256967,19.13500213623047,0.0,0.0
TDS,2011-07-17 20:00:00-04:00,27.920883178710938,28.003679275512695,27.240110397338867,27.295307159423828,527521,18.693958282470703,0.0,0.0
TDS,2011-07-18 20:00:00-04:00,27.47010040283203,27.58049774169922,27.249309539794922,27.433303833007812,441974,18.788471221923828,0.0,0.0
TDS,2011-07-19 20:00:00-04:00,27.497699737548828,27.608095169067383,27.240110397338867,27.41490364074707,304577,18.77586555480957,0.0,0.0
TDS,2011-07-20 20:00:00-04:00,27.562097549438477,27.99448013305664,27.497699737548828,27.87488555908203,329144,19.090898513793945,0.0,0.0
TDS,2011-07-21 20:00:00-04:00,27.884084701538086,27.89328384399414,27.58049774169922,27.764488220214844,159789,19.01529312133789,0.0,0.0
TDS,2011-07-24 20:00:00-04:00,27.562097549438477,27.884084701538086,27.37810516357422,27.644893646240234,254358,18.933382034301758,0.0,0.0
TDS,2011-07-25 20:00:00-04:00,27.681692123413086,27.966880798339844,27.589696884155273,27.654094696044922,264685,18.939682006835938,0.0,0.0
TDS,2011-07-26 20:00:00-04:00,27.497699737548828,27.552898406982422,26.816926956176758,26.85372543334961,271641,18.39152717590332,0.0,0.0
TDS,2011-07-27 20:00:00-04:00,26.85372543334961,27.065317153930664,26.29254722595215,26.421342849731445,342731,18.095394134521484,0.0,0.0
TDS,2011-07-28 20:00:00-04:00,26.182153701782227,26.182153701782227,25.869365692138672,26.09015655517578,557848,17.868574142456055,0.0,0.0
TDS,2011-07-31 20:00:00-04:00,26.329347610473633,26.329347610473633,25.685373306274414,25.961362838745117,341862,17.780370712280273,0.0,0.0
TDS,2011-08-01 20:00:00-04:00,25.740570068359375,25.768169403076172,24.82980728149414,24.857406616210938,387516,17.024293899536133,0.0,0.0
TDS,2011-08-02 20:00:00-04:00,24.921802520751953,25.335786819458008,24.287029266357422,25.30818748474121,494150,17.333026885986328,0.0,0.0
TDS,2011-08-03 20:00:00-04:00,24.940202713012695,25.105796813964844,23.679853439331055,23.781049728393555,580349,16.287118911743164,0.0,0.0
TDS,2011-08-04 20:00:00-04:00,24.084636688232422,24.11223602294922,22.78748893737793,23.43146324157715,542087,16.04769515991211,0.0,0.0
TDS,2011-08-07 20:00:00-04:00,22.796688079833984,23.1646728515625,19.64121437072754,19.64121437072754,1587564,13.451830863952637,0.0,0.0
TDS,2011-08-08 20:00:00-04:00,20.009199142456055,20.93836212158203,18.67525291442871,20.892364501953125,1732895,14.308725357055664,0.0,0.0
TDS,2011-08-09 20:00:00-04:00,20.44158172607422,20.772769927978516,19.86200523376465,19.889604568481445,1228962,13.621955871582031,0.0,0.0
TDS,2011-08-10 20:00:00-04:00,20.01839828491211,21.269548416137695,19.852806091308594,20.827966690063477,867100,14.264612197875977,0.0,0.0
TDS,2011-08-11 20:00:00-04:00,21.048757553100586,21.177553176879883,20.533578872680664,20.837167739868164,547087,14.270919799804688,0.0,0.0
TDS,2011-08-14 20:00:00-04:00,21.14075469970703,21.90432357788086,21.113155364990234,21.88592529296875,1349184,14.989192008972168,0.0,0.0
TDS,2011-08-15 20:00:00-04:00,21.62833595275879,21.867525100708008,21.46274185180664,21.692731857299805,695028,14.856871604919434,0.0,0.0
TDS,2011-08-16 20:00:00-04:00,21.830726623535156,22.069917678833008,21.665132522583008,22.00551986694336,519369,15.071104049682617,0.0,0.0
TDS,2011-08-17 20:00:00-04:00,21.30634880065918,21.573137283325195,20.864765167236328,21.076356887817383,442192,14.434737205505371,0.0,0.0
TDS,2011-08-18 20:00:00-04:00,20.671573638916016,21.52713966369629,20.66237449645996,20.855566024780273,447518,14.283523559570312,0.0,0.0
TDS,2011-08-21 20:00:00-04:00,21.453542709350586,21.573137283325195,20.607175827026367,20.78196907043457,535456,14.233115196228027,0.0,0.0
TDS,2011-08-22 20:00:00-04:00,20.93836212158203,21.931922912597656,20.726770401000977,21.931922912597656,654809,15.0206937789917,0.0,0.0
TDS,2011-08-23 20:00:00-04:00,21.88592529296875,22.52069854736328,21.80312728881836,22.502300262451172,1007975,15.411335945129395,0.0,0.0
TDS,2011-08-24 20:00:00-04:00,22.58509635925293,22.649494171142578,21.959522247314453,22.069917678833008,729921,15.115206718444824,0.0,0.0
TDS,2011-08-25 20:00:00-04:00,21.90432357788086,22.502300262451172,21.46274185180664,22.318307876586914,458823,15.285322189331055,0.0,0.0
TDS,2011-08-28 20:00:00-04:00,22.539098739624023,23.072677612304688,22.539098739624023,23.072677612304688,549913,15.801969528198242,0.0,0.0
TDS,2011-08-29 20:00:00-04:00,22.90708351135254,23.321067810058594,22.72309112548828,23.1646728515625,448931,15.864978790283203,0.0,0.0
TDS,2011-08-30 20:00:00-04:00,23.33026695251465,23.661453247070312,23.256669998168945,23.578657150268555,518934,16.14850616455078,0.0,0.0
TDS,2011-08-31 20:00:00-04:00,23.70745277404785,23.762649536132812,22.971481323242188,23.035879135131836,709920,15.776765823364258,0.0,0.0
TDS,2011-09-01 20:00:00-04:00,22.52069854736328,22.888683319091797,22.235511779785156,22.410303115844727,418930,15.348326683044434,0.0,0.0
TDS,2011-09-05 20:00:00-04:00,21.655933380126953,22.115915298461914,21.453542709350586,21.950321197509766,449257,15.033297538757324,0.0,0.0
TDS,2011-09-06 20:00:00-04:00,22.447101593017578,23.00827980041504,22.32750701904297,22.833486557006836,1068195,15.638155937194824,0.0,0.0
TDS,2011-09-07 20:00:00-04:00,22.74148941040039,23.054277420043945,22.474700927734375,22.603496551513672,1673980,15.48064136505127,0.0,0.0
TDS,2011-09-08 20:00:00-04:00,22.336706161499023,22.456302642822266,21.159154891967773,21.389144897460938,1027541,14.648957252502441,0.0,0.0
TDS,2011-09-11 20:00:00-04:00,21.011959075927734,21.5455379486084,20.90156364440918,21.536338806152344,746443,14.749765396118164,0.0,0.0
TDS,2011-09-12 20:00:00-04:00,21.665132522583008,21.9227237701416,21.297147750854492,21.499540328979492,685680,14.724565505981445,0.0,0.0
TDS,2011-09-13 20:00:00-04:00,21.609935760498047,22.217111587524414,21.232751846313477,21.867525100708008,834599,15.052594184875488,0.108556,0.0
TDS,2011-09-14 20:00:00-04:00,22.134315490722656,22.281509399414062,21.90432357788086,22.088315963745117,826664,15.20457649230957,0.0,0.0
TDS,2011-09-15 20:00:00-04:00,22.217111587524414,22.336706161499023,21.4167423248291,21.52713966369629,829381,14.818288803100586,0.0,0.0
TDS,2011-09-18 20:00:00-04:00,21.08555793762207,21.573137283325195,20.74517059326172,21.42594337463379,525347,14.748629570007324,0.0,0.0
TDS,2011-09-19 20:00:00-04:00,21.591535568237305,21.867525100708008,21.076356887817383,21.08555793762207,566653,14.514323234558105,0.0,0.0
TDS,2011-09-20 20:00:00-04:00,21.113155364990234,21.186752319335938,20.11959457397461,20.13799476623535,383820,13.862062454223633,0.0,0.0
TDS,2011-09-21 20:00:00-04:00,19.47562026977539,19.64121437072754,18.89604377746582,19.55841827392578,939929,13.463111877441406,0.0,0.0
TDS,2011-09-22 20:00:00-04:00,19.35602569580078,20.091995239257812,19.172033309936523,19.567617416381836,1041672,13.469439506530762,0.0,0.0
TDS,2011-09-25 20:00:00-04:00,19.816007614135742,19.926403045654297,19.374425888061523,19.816007614135742,861665,13.640425682067871,0.0,0.0
TDS,2011-09-26 20:00:00-04:00,20.229991912841797,20.90156364440918,19.908004760742188,20.073596954345703,1554519,13.817733764648438,0.0,0.0
TDS,2011-09-27 20:00:00-04:00,20.22079086303711,20.432382583618164,19.54001808166504,19.595216751098633,764487,13.488445281982422,0.0,0.0
TDS,2011-09-28 20:00:00-04:00,20.027599334716797,20.377185821533203,19.852806091308594,20.331186294555664,812206,13.995043754577637,0.0,0.0
TDS,2011-09-29 20:00:00-04:00,19.93560218811035,20.01839828491211,19.54001808166504,19.549217224121094,541326,13.456772804260254,0.0,0.0
TDS,2011-10-02 20:00:00-04:00,19.494020462036133,19.871204376220703,18.21527099609375,18.288867950439453,818837,12.589211463928223,0.0,0.0
TDS,2011-10-03 20:00:00-04:00,18.104875564575195,19.31922721862793,17.782888412475586,19.31922721862793,1054716,13.29845905303955,0.0,0.0
TDS,2011-10-04 20:00:00-04:00,19.31922721862793,19.751609802246094,19.09843635559082,19.57681655883789,951451,13.475780487060547,0.0,0.0
TDS,2011-10-05 20:00:00-04:00,19.567617416381836,20.055198669433594,19.512420654296875,19.74241065979004,1340706,13.58975887298584,0.0,0.0
TDS,2011-10-06 20:00:00-04:00,19.944801330566406,19.944801330566406,18.96044158935547,19.107635498046875,723181,13.152813911437988,0.0,0.0
TDS,2011-10-09 20:00:00-04:00,19.55841827392578,19.6964111328125,19.21803092956543,19.503219604492188,519151,13.42510986328125,0.0,0.0
TDS,2011-10-10 20:00:00-04:00,19.282428741455078,19.613615036010742,19.181232452392578,19.35602569580078,638395,13.323787689208984,0.0,0.0
TDS,2011-10-11 20:00:00-04:00,19.530818939208984,20.11959457397461,19.530818939208984,19.825206756591797,1085261,13.64675521850586,0.0,0.0
TDS,2011-10-12 20:00:00-04:00,19.724010467529297,20.193191528320312,19.52161979675293,20.110395431518555,713398,13.843066215515137,0.0,0.0
TDS,2011-10-13 20:00:00-04:00,20.377185821533203,20.515178680419922,19.98160171508789,20.25758934020996,568501,13.94438648223877,0.0,0.0
TDS,2011-10-16 20:00:00-04:00,20.1011962890625,20.147193908691406,19.825206756591797,20.03679847717285,681332,13.792407035827637,0.0,0.0
TDS,2011-10-17 20:00:00-04:00,20.1011962890625,20.671573638916016,19.852806091308594,20.47838020324707,635134,14.096373558044434,0.0,0.0
TDS,2011-10-18 20:00:00-04:00,20.450782775878906,20.708372116088867,20.3035888671875,20.395584106445312,543065,14.039373397827148,0.0,0.0
TDS,2011-10-19 20:00:00-04:00,20.450782775878906,20.450782775878906,19.466421127319336,19.825206756591797,840903,13.64675521850586,0.0,0.0
TDS,2011-10-20 20:00:00-04:00,20.13799476623535,20.754369735717773,20.06439781188965,20.735971450805664,507846,14.273679733276367,0.0,0.0
TDS,2011-10-23 20:00:00-04:00,20.735971450805664,21.573137283325195,20.735971450805664,21.536338806152344,673831,14.824621200561523,0.0,0.0
TDS,2011-10-24 20:00:00-04:00,21.389144897460938,21.499540328979492,20.80036735534668,20.855566024780273,420669,14.356006622314453,0.0,0.0
TDS,2011-10-25 20:00:00-04:00,21.177553176879883,21.876724243164062,20.855566024780273,21.83992576599121,893188,15.03359603881836,0.0,0.0
TDS,2011-10-26 20:00:00-04:00,22.26310920715332,22.82428741455078,21.876724243164062,22.603496551513672,456105,15.559208869934082,0.0,0.0
TDS,2011-10-27 20:00:00-04:00,22.575897216796875,22.68629264831543,21.98712158203125,22.10671615600586,365776,15.217244148254395,0.0,0.0
TDS,2011-10-30 20:00:00-04:00,21.766328811645508,21.766328811645508,21.2419490814209,21.32474708557129,718833,14.678971290588379,0.0,0.0
TDS,2011-10-31 20:00:00-04:00,20.726770401000977,21.113155364990234,20.32198715209961,20.505979537963867,619590,14.11536693572998,0.0,0.0
TDS,2011-11-01 20:00:00-04:00,20.791168212890625,21.6191349029541,20.717571258544922,21.591535568237305,739921,14.862611770629883,0.0,0.0
TDS,2011-11-02 20:00:00-04:00,21.950321197509766,22.069917678833008,21.554737091064453,22.00551986694336,451540,15.147587776184082,0.0,0.0
TDS,2011-11-03 20:00:00-04:00,21.63753318786621,22.281509399414062,20.837167739868164,21.42594337463379,942755,14.748629570007324,0.0,0.0
TDS,2011-11-06 19:00:00-05:00,21.600736618041992,22.667892456054688,21.36154556274414,22.566696166992188,606220,15.533867835998535,0.0,0.0
TDS,2011-11-07 19:00:00-05:00,22.796688079833984,23.413063049316406,22.557498931884766,23.348665237426758,787532,16.07213592529297,0.0,0.0
TDS,2011-11-08 19:00:00-05:00,22.897884368896484,23.578657150268555,22.64029312133789,23.321067810058594,817968,16.05314064025879,0.0,0.0
TDS,2011-11-09 19:00:00-05:00,23.70745277404785,23.753450393676758,23.265869140625,23.357866287231445,560892,16.078475952148438,0.0,0.0
TDS,2011-11-10 19:00:00-05:00,23.661453247070312,24.231830596923828,23.569456100463867,23.873044967651367,621873,16.4330997467041,0.0,0.0
TDS,2011-11-13 19:00:00-05:00,23.873044967651367,23.919042587280273,23.385465621948242,23.597055435180664,628612,16.243122100830078,0.0,0.0
TDS,2011-11-14 19:00:00-05:00,23.33026695251465,24.001840591430664,23.155473709106445,23.891443252563477,604807,16.445764541625977,0.0,0.0
TDS,2011-11-15 19:00:00-05:00,23.74424934387207,23.80864715576172,23.192272186279297,23.275068283081055,488715,16.021480560302734,0.0,0.0
TDS,2011-11-16 19:00:00-05:00,23.321067810058594,23.735050201416016,23.0634765625,23.394664764404297,560457,16.10380744934082,0.0,0.0
TDS,2011-11-17 19:00:00-05:00,23.578657150268555,23.72585105895996,23.339466094970703,23.46826171875,291533,16.15446662902832,0.0,0.0
TDS,2011-11-20 19:00:00-05:00,23.0634765625,23.173873901367188,22.649494171142578,23.054277420043945,450779,15.869499206542969,0.0,0.0
TDS,2011-11-21 19:00:00-05:00,23.081876754760742,23.081876754760742,22.612695693969727,22.94388198852539,578284,15.793505668640137,0.0,0.0
TDS,2011-11-22 19:00:00-05:00,22.649494171142578,22.649494171142578,21.490339279174805,21.490339279174805,484802,14.792957305908203,0.0,0.0
TDS,2011-11-24 19:00:00-05:00,21.407543182373047,22.079116821289062,21.36154556274414,21.46274185180664,232292,14.773963928222656,0.0,0.0
TDS,2011-11-27 19:00:00-05:00,22.318307876586914,22.63109588623047,21.959522247314453,22.272308349609375,562740,15.331229209899902,0.0,0.0
TDS,2011-11-28 19:00:00-05:00,22.336706161499023,23.82704734802246,22.30910873413086,23.72585105895996,1375707,16.33177947998047,0.0,0.0
TDS,2011-11-29 19:00:00-05:00,24.599815368652344,25.142593383789062,24.443422317504883,24.82980728149414,1168199,17.091690063476562,0.0,0.0
TDS,2011-11-30 19:00:00-05:00,24.71021270751953,24.894203186035156,24.075437545776367,24.11223602294922,768726,16.597745895385742,0.0,0.0
TDS,2011-12-01 19:00:00-05:00,24.342226028442383,24.360626220703125,23.92824363708496,24.04783821105957,639700,16.55341911315918,0.0,0.0
TDS,2011-12-04 19:00:00-05:00,24.544618606567383,25.059797286987305,24.47102165222168,24.72861099243164,659157,17.02202796936035,0.0,0.0
TDS,2011-12-05 19:00:00-05:00,24.69181251525879,24.894203186035156,24.40662384033203,24.50782012939453,630460,16.870052337646484,0.0,0.0
TDS,2011-12-06 19:00:00-05:00,24.287029266357422,24.379024505615234,23.68905258178711,24.103036880493164,855469,16.59141731262207,0.0,0.0
TDS,2011-12-07 19:00:00-05:00,23.937442779541016,24.06623649597168,22.989879608154297,23.100276947021484,790575,15.901166915893555,0.0,0.0
TDS,2011-12-08 19:00:00-05:00,23.265869140625,23.70745277404785,23.12787437438965,23.62465476989746,486541,16.262117385864258,0.0,0.0
TDS,2011-12-11 19:00:00-05:00,23.321067810058594,23.459062576293945,22.815086364746094,23.10947608947754,695245,15.907493591308594,0.0,0.0
TDS,2011-12-12 19:00:00-05:00,23.339466094970703,23.52345848083496,22.667892456054688,22.796688079833984,510564,15.692190170288086,0.0,0.0
TDS,2011-12-13 19:00:00-05:00,22.704692840576172,22.934682846069336,22.575897216796875,22.64029312133789,3986790,15.584532737731934,0.0,0.0
TDS,2011-12-14 19:00:00-05:00,22.870285034179688,23.265869140625,22.778289794921875,23.054277420043945,521217,15.94596004486084,0.108556,0.0
TDS,2011-12-15 19:00:00-05:00,23.21067237854004,23.413063049316406,22.48390007019043,22.833486557006836,1155264,15.793243408203125,0.0,0.0
TDS,2011-12-18 19:00:00-05:00,22.888683319091797,23.293468475341797,22.26310920715332,22.373504638671875,655570,15.475083351135254,0.0,0.0
TDS,2011-12-19 19:00:00-05:00,22.897884368896484,23.394664764404297,22.851886749267578,23.173873901367188,462410,16.028676986694336,0.0,0.0
TDS,2011-12-20 19:00:00-05:00,23.017478942871094,23.33026695251465,22.833486557006836,23.284269332885742,385124,16.10503578186035,0.0,0.0
TDS,2011-12-21 19:00:00-05:00,23.33026695251465,23.68905258178711,23.238269805908203,23.43146324157715,369797,16.206844329833984,0.0,0.0
TDS,2011-12-22 19:00:00-05:00,23.46826171875,23.771848678588867,23.275068283081055,23.615455627441406,217726,16.3341064453125,0.0,0.0
TDS,2011-12-26 19:00:00-05:00,23.459062576293945,23.919042587280273,23.449861526489258,23.771848678588867,361210,16.44228172302246,0.0,0.0
TDS,2011-12-27 19:00:00-05:00,23.661453247070312,23.698251724243164,23.22907066345215,23.679853439331055,499694,16.378646850585938,0.0,0.0
TDS,2011-12-28 19:00:00-05:00,23.80864715576172,23.863845825195312,23.578657150268555,23.817846298217773,297729,16.474092483520508,0.0,0.0
TDS,2011-12-29 19:00:00-05:00,23.753450393676758,23.955841064453125,23.477460861206055,23.817846298217773,298273,16.474092483520508,0.0,0.0
TDS,2012-01-02 19:00:00-05:00,24.360626220703125,24.765409469604492,24.084636688232422,24.11223602294922,387407,16.677717208862305,0.0,0.0
TDS,2012-01-03 19:00:00-05:00,24.103036880493164,24.185832977294922,23.716651916503906,24.093835830688477,451322,16.664989471435547,0.0,0.0
TDS,2012-01-04 19:00:00-05:00,24.038637161254883,24.296228408813477,23.60625648498535,24.16743278503418,701550,16.71589469909668,0.0,0.0
TDS,2012-01-05 19:00:00-05:00,24.213430404663086,24.682613372802734,24.084636688232422,24.185832977294922,405886,16.728614807128906,0.0,0.0
TDS,2012-01-08 19:00:00-05:00,24.30542755126953,24.30542755126953,23.854646682739258,24.01103973388672,704593,16.607723236083984,0.0,0.0
TDS,2012-01-09 19:00:00-05:00,24.360626220703125,25.004600524902344,24.323827743530273,24.9126033782959,412082,17.23130226135254,0.0,0.0
TDS,2012-01-10 19:00:00-05:00,24.885005950927734,25.381784439086914,24.802207946777344,25.317386627197266,343057,17.511280059814453,0.0,0.0
TDS,2012-01-11 19:00:00-05:00,25.344985961914062,25.841766357421875,25.041397094726562,25.758970260620117,356753,17.816713333129883,0.0,0.0
TDS,2012-01-12 19:00:00-05:00,25.49217987060547,25.758970260620117,25.243789672851562,25.676172256469727,366863,17.759441375732422,0.0,0.0
TDS,2012-01-16 19:00:00-05:00,25.942962646484375,26.099355697631836,25.381784439086914,25.740570068359375,445670,17.803983688354492,0.0,0.0
TDS,2012-01-17 19:00:00-05:00,25.74976921081543,26.044158935546875,25.602575302124023,25.961362838745117,312295,17.956695556640625,0.0,0.0
TDS,2012-01-18 19:00:00-05:00,26.09015655517578,26.347745895385742,25.98896026611328,26.136154174804688,314687,18.077598571777344,0.0,0.0
TDS,2012-01-19 19:00:00-05:00,26.099355697631836,26.504140853881836,26.09015655517578,26.283348083496094,242184,18.179407119750977,0.0,0.0
TDS,2012-01-22 19:00:00-05:00,26.338546752929688,26.79852867126465,26.27414894104004,26.39374351501465,296642,18.255765914916992,0.0,0.0
TDS,2012-01-23 19:00:00-05:00,26.218950271606445,26.97332191467285,26.117755889892578,26.95492172241211,1974970,18.643917083740234,0.0,0.0
TDS,2012-01-24 19:00:00-05:00,27.030000686645508,28.479999542236328,27.030000686645508,28.260000228881836,602000,19.546600341796875,0.0,1.087
TDS,2012-01-25 19:00:00-05:00,28.31999969482422,28.31999969482422,26.81999969482422,27.1200008392334,674600,18.758089065551758,0.0,0.0
TDS,2012-01-26 19:00:00-05:00,26.90999984741211,27.309999465942383,26.75,26.899999618530273,608100,18.605920791625977,0.0,0.0
TDS,2012-01-29 19:00:00-05:00,26.59000015258789,26.639999389648438,26.270000457763672,26.360000610351562,593700,18.2324275970459,0.0,0.0
TDS,2012-01-30 19:00:00-05:00,26.559999465942383,26.559999465942383,25.670000076293945,26.299999237060547,885700,18.190929412841797,0.0,0.0
TDS,2012-01-31 19:00:00-05:00,26.579999923706055,26.709999084472656,26.290000915527344,26.649999618530273,702600,18.433006286621094,0.0,0.0
TDS,2012-02-01 19:00:00-05:00,26.68000030517578,26.969999313354492,26.530000686645508,26.639999389648438,488500,18.426090240478516,0.0,0.0
TDS,2012-02-02 19:00:00-05:00,26.950000762939453,27.1200008392334,26.649999618530273,26.969999313354492,441900,18.65434455871582,0.0,0.0
TDS,2012-02-05 19:00:00-05:00,26.850000381469727,27.020000457763672,26.329999923706055,26.719999313354492,396500,18.48143196105957,0.0,0.0
TDS,2012-02-06 19:00:00-05:00,26.68000030517578,26.8700008392334,26.540000915527344,26.690000534057617,251200,18.46068000793457,0.0,0.0
TDS,2012-02-07 19:00:00-05:00,26.770000457763672,26.940000534057617,26.5,26.639999389648438,368100,18.426090240478516,0.0,0.0
TDS,2012-02-08 19:00:00-05:00,26.770000457763672,26.90999984741211,26.280000686645508,26.729999542236328,375500,18.48834991455078,0.0,0.0
TDS,2012-02-09 19:00:00-05:00,26.510000228881836,26.959999084472656,26.43000030517578,26.899999618530273,380200,18.605920791625977,0.0,0.0
TDS,2012-02-12 19:00:00-05:00,27.149999618530273,27.43000030517578,26.860000610351562,27.3700008392334,363300,18.931015014648438,0.0,0.0
TDS,2012-02-13 19:00:00-05:00,27.31999969482422,27.579999923706055,27.219999313354492,27.579999923706055,548400,19.07626724243164,0.0,0.0
TDS,2012-02-14 19:00:00-05:00,27.700000762939453,27.899999618530273,27.450000762939453,27.729999542236328,563100,19.180015563964844,0.0,0.0
TDS,2012-02-15 19:00:00-05:00,27.690000534057617,28.719999313354492,27.559999465942383,28.65999984741211,626700,19.823265075683594,0.0,0.0
TDS,2012-02-16 19:00:00-05:00,28.729999542236328,28.90999984741211,28.600000381469727,28.8799991607666,354400,19.975435256958008,0.0,0.0
TDS,2012-02-20 19:00:00-05:00,28.8700008392334,28.989999771118164,28.450000762939453,28.579999923706055,293000,19.767927169799805,0.0,0.0
TDS,2012-02-21 19:00:00-05:00,28.6200008392334,29.139999389648438,28.049999237060547,28.6200008392334,523900,19.79560089111328,0.0,0.0
TDS,2012-02-22 19:00:00-05:00,28.579999923706055,28.799999237060547,28.209999084472656,28.610000610351562,630100,19.78868293762207,0.0,0.0
TDS,2012-02-23 19:00:00-05:00,28.030000686645508,28.610000610351562,27.110000610351562,27.299999237060547,925300,18.882596969604492,0.0,0.0
TDS,2012-02-26 19:00:00-05:00,26.93000030517578,27.399999618530273,26.610000610351562,27.020000457763672,652300,18.688926696777344,0.0,0.0
TDS,2012-02-27 19:00:00-05:00,26.969999313354492,27.170000076293945,26.59000015258789,26.610000610351562,672000,18.40534210205078,0.0,0.0
TDS,2012-02-28 19:00:00-05:00,26.700000762939453,26.700000762939453,25.260000228881836,25.270000457763672,1236100,17.478506088256836,0.0,0.0
TDS,2012-02-29 19:00:00-05:00,25.360000610351562,25.610000610351562,24.90999984741211,25.15999984741211,886500,17.40241813659668,0.0,0.0
TDS,2012-03-01 19:00:00-05:00,25.18000030517578,25.610000610351562,24.81999969482422,24.81999969482422,691100,17.16725730895996,0.0,0.0
TDS,2012-03-04 19:00:00-05:00,24.719999313354492,25.219999313354492,24.420000076293945,25.1299991607666,540700,17.381668090820312,0.0,0.0
TDS,2012-03-05 19:00:00-05:00,24.809999465942383,24.8700008392334,24.110000610351562,24.43000030517578,669700,16.897502899169922,0.0,0.0
TDS,2012-03-06 19:00:00-05:00,24.56999969482422,24.799999237060547,24.25,24.600000381469727,343300,17.01508331298828,0.0,0.0
TDS,2012-03-07 19:00:00-05:00,24.81999969482422,24.93000030517578,24.139999389648438,24.18000030517578,709900,16.72458839416504,0.0,0.0
TDS,2012-03-08 19:00:00-05:00,24.239999771118164,24.860000610351562,24.139999389648438,24.56999969482422,435000,16.99433135986328,0.0,0.0
TDS,2012-03-11 20:00:00-04:00,24.56999969482422,24.719999313354492,24.360000610351562,24.489999771118164,342100,16.939002990722656,0.0,0.0
TDS,2012-03-12 20:00:00-04:00,24.649999618530273,24.790000915527344,24.420000076293945,24.780000686645508,615800,17.139591217041016,0.0,0.0
TDS,2012-03-13 20:00:00-04:00,24.639999389648438,24.8799991607666,24.09000015258789,24.170000076293945,450000,16.801057815551758,0.123,0.0
TDS,2012-03-14 20:00:00-04:00,24.200000762939453,24.6200008392334,24.030000686645508,24.559999465942383,503200,17.072160720825195,0.0,0.0
TDS,2012-03-15 20:00:00-04:00,24.389999389648438,24.469999313354492,24.079999923706055,24.31999969482422,609800,16.90533447265625,0.0,0.0
TDS,2012-03-18 20:00:00-04:00,24.350000381469727,24.549999237060547,23.950000762939453,24.010000228881836,458200,16.68984603881836,0.0,0.0
TDS,2012-03-19 20:00:00-04:00,23.84000015258789,23.8700008392334,23.40999984741211,23.549999237060547,706700,16.370086669921875,0.0,0.0
TDS,2012-03-20 20:00:00-04:00,23.649999618530273,23.899999618530273,23.40999984741211,23.770000457763672,381400,16.523012161254883,0.0,0.0
TDS,2012-03-21 20:00:00-04:00,23.600000381469727,23.90999984741211,23.420000076293945,23.65999984741211,425600,16.446556091308594,0.0,0.0
TDS,2012-03-22 20:00:00-04:00,23.75,23.760000228881836,23.3700008392334,23.6200008392334,376900,16.418750762939453,0.0,0.0
TDS,2012-03-25 20:00:00-04:00,23.799999237060547,23.920000076293945,23.290000915527344,23.5,475300,16.335330963134766,0.0,0.0
TDS,2012-03-26 20:00:00-04:00,23.530000686645508,23.670000076293945,23.290000915527344,23.290000915527344,419600,16.189361572265625,0.0,0.0
TDS,2012-03-27 20:00:00-04:00,23.270000457763672,23.40999984741211,22.90999984741211,23.049999237060547,418600,16.02252769470215,0.0,0.0
TDS,2012-03-28 20:00:00-04:00,22.920000076293945,23.31999969482422,22.790000915527344,23.219999313354492,365800,16.140701293945312,0.0,0.0
TDS,2012-03-29 20:00:00-04:00,23.389999389648438,23.389999389648438,22.979999542236328,23.149999618530273,566500,16.092044830322266,0.0,0.0
TDS,2012-04-01 20:00:00-04:00,23.1200008392334,23.43000030517578,22.889999389648438,22.989999771118164,721100,15.980820655822754,0.0,0.0
TDS,2012-04-02 20:00:00-04:00,23.010000228881836,23.3700008392334,22.979999542236328,23.309999465942383,734900,16.20325469970703,0.0,0.0
TDS,2012-04-03 20:00:00-04:00,23.100000381469727,23.3799991607666,22.889999389648438,23.09000015258789,590500,16.050331115722656,0.0,0.0
TDS,2012-04-04 20:00:00-04:00,23.059999465942383,23.219999313354492,22.93000030517578,23.049999237060547,509400,16.02252769470215,0.0,0.0
TDS,2012-04-08 20:00:00-04:00,22.729999542236328,22.90999984741211,22.559999465942383,22.860000610351562,559100,15.890457153320312,0.0,0.0
TDS,2012-04-09 20:00:00-04:00,22.84000015258789,23.100000381469727,22.260000228881836,22.360000610351562,544200,15.54289436340332,0.0,0.0
TDS,2012-04-10 20:00:00-04:00,22.59000015258789,22.90999984741211,22.459999084472656,22.780000686645508,533900,15.834846496582031,0.0,0.0
TDS,2012-04-11 20:00:00-04:00,22.829999923706055,23.3700008392334,22.829999923706055,23.059999465942383,545900,16.02947998046875,0.0,0.0
TDS,2012-04-12 20:00:00-04:00,23.049999237060547,23.420000076293945,22.989999771118164,23.200000762939453,722300,16.126794815063477,0.0,0.0
TDS,2012-04-15 20:00:00-04:00,23.3799991607666,23.639999389648438,23.1299991607666,23.549999237060547,684800,16.370086669921875,0.0,0.0
TDS,2012-04-16 20:00:00-04:00,23.75,24.139999389648438,23.649999618530273,23.729999542236328,700500,16.495210647583008,0.0,0.0
TDS,2012-04-17 20:00:00-04:00,23.56999969482422,23.739999771118164,23.040000915527344,23.110000610351562,505700,16.064237594604492,0.0,0.0
TDS,2012-04-18 20:00:00-04:00,23.139999389648438,23.690000534057617,22.90999984741211,23.139999389648438,602700,16.085084915161133,0.0,0.0
TDS,2012-04-19 20:00:00-04:00,23.290000915527344,23.559999465942383,23.239999771118164,23.440000534057617,395000,16.293622970581055,0.0,0.0
TDS,2012-04-22 20:00:00-04:00,23.18000030517578,23.329999923706055,22.829999923706055,23.149999618530273,419400,16.092044830322266,0.0,0.0
TDS,2012-04-23 20:00:00-04:00,23.209999084472656,23.920000076293945,23.200000762939453,23.8700008392334,655000,16.592525482177734,0.0,0.0
TDS,2012-04-24 20:00:00-04:00,24.190000534057617,24.350000381469727,23.989999771118164,24.329999923706055,747700,16.91228485107422,0.0,0.0
TDS,2012-04-25 20:00:00-04:00,24.229999542236328,24.600000381469727,24.030000686645508,24.600000381469727,753200,17.099964141845703,0.0,0.0
TDS,2012-04-26 20:00:00-04:00,24.600000381469727,24.68000030517578,24.0,24.06999969482422,771400,16.731550216674805,0.0,0.0
TDS,2012-04-29 20:00:00-04:00,24.079999923706055,24.399999618530273,23.950000762939453,24.290000915527344,790000,16.884477615356445,0.0,0.0
TDS,2012-04-30 20:00:00-04:00,24.350000381469727,24.770000457763672,24.190000534057617,24.360000610351562,477700,16.933135986328125,0.0,0.0
TDS,2012-05-01 20:00:00-04:00,24.239999771118164,24.59000015258789,24.149999618530273,24.270000457763672,486400,16.870574951171875,0.0,0.0
TDS,2012-05-02 20:00:00-04:00,24.31999969482422,24.75,24.15999984741211,24.440000534057617,778400,16.98874855041504,0.0,0.0
TDS,2012-05-03 20:00:00-04:00,24.209999084472656,24.34000015258789,22.75,22.829999923706055,802000,15.869601249694824,0.0,0.0
TDS,2012-05-06 20:00:00-04:00,22.690000534057617,23.469999313354492,22.5,23.350000381469727,690800,16.23106575012207,0.0,0.0
TDS,2012-05-07 20:00:00-04:00,23.139999389648438,23.389999389648438,22.610000610351562,22.790000915527344,719700,15.841794967651367,0.0,0.0
TDS,2012-05-08 20:00:00-04:00,22.5,22.6299991607666,22.219999313354492,22.3700008392334,684700,15.54985237121582,0.0,0.0
TDS,2012-05-09 20:00:00-04:00,22.469999313354492,22.549999237060547,21.93000030517578,21.989999771118164,639400,15.28570556640625,0.0,0.0
TDS,2012-05-10 20:00:00-04:00,21.809999465942383,22.399999618530273,21.799999237060547,22.010000228881836,538900,15.299606323242188,0.0,0.0
TDS,2012-05-13 20:00:00-04:00,21.770000457763672,21.8799991607666,21.1299991607666,21.1299991607666,731800,14.687895774841309,0.0,0.0
TDS,2012-05-14 20:00:00-04:00,21.06999969482422,21.270000457763672,20.829999923706055,21.079999923706055,627200,14.653138160705566,0.0,0.0
TDS,2012-05-15 20:00:00-04:00,21.139999389648438,21.34000015258789,20.760000228881836,20.790000915527344,544700,14.451555252075195,0.0,0.0
TDS,2012-05-16 20:00:00-04:00,20.75,20.860000610351562,20.1200008392334,20.1200008392334,508200,13.985823631286621,0.0,0.0
TDS,2012-05-17 20:00:00-04:00,20.170000076293945,20.219999313354492,19.8700008392334,20.049999237060547,546300,13.937164306640625,0.0,0.0
TDS,2012-05-20 20:00:00-04:00,20.1299991607666,20.15999984741211,19.829999923706055,20.049999237060547,421700,13.937164306640625,0.0,0.0
TDS,2012-05-21 20:00:00-04:00,20.049999237060547,20.329999923706055,19.899999618530273,20.049999237060547,516600,13.937164306640625,0.0,0.0
TDS,2012-05-22 20:00:00-04:00,19.899999618530273,19.989999771118164,19.59000015258789,19.979999542236328,395000,13.888509750366211,0.0,0.0
TDS,2012-05-23 20:00:00-04:00,20.049999237060547,20.139999389648438,19.670000076293945,19.829999923706055,569800,13.784239768981934,0.0,0.0
TDS,2012-05-24 20:00:00-04:00,19.84000015258789,19.979999542236328,19.790000915527344,19.889999389648438,329500,13.825943946838379,0.0,0.0
TDS,2012-05-28 20:00:00-04:00,20.110000610351562,20.260000228881836,19.969999313354492,20.1299991607666,405500,13.992773056030273,0.0,0.0
TDS,2012-05-29 20:00:00-04:00,19.920000076293945,20.149999618530273,19.729999542236328,19.889999389648438,473300,13.825943946838379,0.0,0.0
TDS,2012-05-30 20:00:00-04:00,19.93000030517578,20.0,19.649999618530273,19.850000381469727,510600,13.798140525817871,0.0,0.0
TDS,2012-05-31 20:00:00-04:00,19.549999237060547,19.649999618530273,19.440000534057617,19.450000762939453,394600,13.520095825195312,0.0,0.0
TDS,2012-06-03 20:00:00-04:00,19.520000457763672,19.600000381469727,19.209999084472656,19.420000076293945,506000,13.499242782592773,0.0,0.0
TDS,2012-06-04 20:00:00-04:00,19.31999969482422,19.75,19.200000762939453,19.700000762939453,685200,13.693872451782227,0.0,0.0
TDS,2012-06-05 20:00:00-04:00,19.739999771118164,20.6299991607666,19.690000534057617,20.56999969482422,650900,14.298629760742188,0.0,0.0
TDS,2012-06-06 20:00:00-04:00,20.600000381469727,21.1299991607666,20.40999984741211,20.43000030517578,623400,14.201315879821777,0.0,0.0
TDS,2012-06-07 20:00:00-04:00,20.290000915527344,20.530000686645508,20.06999969482422,20.399999618530273,507000,14.180459022521973,0.0,0.0
TDS,2012-06-10 20:00:00-04:00,20.6200008392334,20.649999618530273,20.34000015258789,20.3700008392334,449200,14.15960693359375,0.0,0.0
TDS,2012-06-11 20:00:00-04:00,20.459999084472656,20.799999237060547,20.309999465942383,20.760000228881836,343800,14.430700302124023,0.0,0.0
TDS,2012-06-12 20:00:00-04:00,20.610000610351562,21.079999923706055,20.540000915527344,20.8700008392334,395600,14.593632698059082,0.123,0.0
TDS,2012-06-13 20:00:00-04:00,20.860000610351562,21.170000076293945,20.68000030517578,21.079999923706055,368900,14.740472793579102,0.0,0.0
TDS,2012-06-14 20:00:00-04:00,21.09000015258789,21.31999969482422,20.979999542236328,21.309999465942383,738700,14.901305198669434,0.0,0.0
TDS,2012-06-17 20:00:00-04:00,21.1299991607666,21.440000534057617,21.010000228881836,21.299999237060547,537700,14.89431381225586,0.0,0.0
TDS,2012-06-18 20:00:00-04:00,21.40999984741211,21.899999618530273,21.239999771118164,21.649999618530273,830300,15.139057159423828,0.0,0.0
TDS,2012-06-19 20:00:00-04:00,21.610000610351562,21.610000610351562,21.0,21.09000015258789,503200,14.747467041015625,0.0,0.0
TDS,2012-06-20 20:00:00-04:00,21.15999984741211,21.200000762939453,20.600000381469727,20.610000610351562,425600,14.411824226379395,0.0,0.0
TDS,2012-06-21 20:00:00-04:00,20.760000228881836,20.84000015258789,20.549999237060547,20.610000610351562,745500,14.411824226379395,0.0,0.0
TDS,2012-06-24 20:00:00-04:00,20.40999984741211,20.530000686645508,20.299999237060547,20.3700008392334,274300,14.243998527526855,0.0,0.0
TDS,2012-06-25 20:00:00-04:00,20.469999313354492,20.860000610351562,20.34000015258789,20.479999542236328,721100,14.320915222167969,0.0,0.0
TDS,2012-06-26 20:00:00-04:00,20.610000610351562,21.149999618530273,20.530000686645508,20.75,691500,14.509721755981445,0.0,0.0
TDS,2012-06-27 20:00:00-04:00,20.610000610351562,21.010000228881836,20.600000381469727,20.790000915527344,768800,14.537690162658691,0.0,0.0
TDS,2012-06-28 20:00:00-04:00,21.25,21.479999542236328,21.059999465942383,21.290000915527344,991600,14.887322425842285,0.0,0.0
TDS,2012-07-01 20:00:00-04:00,21.3799991607666,22.3799991607666,21.299999237060547,22.170000076293945,1555200,15.502671241760254,0.0,0.0
TDS,2012-07-02 20:00:00-04:00,22.15999984741211,22.420000076293945,21.959999084472656,22.100000381469727,536300,15.453726768493652,0.0,0.0
TDS,2012-07-04 20:00:00-04:00,22.020000457763672,22.110000610351562,21.68000030517578,21.75,1170000,15.208978652954102,0.0,0.0
TDS,2012-07-05 20:00:00-04:00,21.579999923706055,21.829999923706055,21.440000534057617,21.700000762939453,672800,15.174022674560547,0.0,0.0
TDS,2012-07-08 20:00:00-04:00,21.719999313354492,22.030000686645508,21.6200008392334,21.8700008392334,1004100,15.292890548706055,0.0,0.0
TDS,2012-07-09 20:00:00-04:00,22.049999237060547,22.229999542236328,21.799999237060547,21.860000610351562,936100,15.28589916229248,0.0,0.0
TDS,2012-07-10 20:00:00-04:00,21.93000030517578,22.360000610351562,21.8700008392334,22.110000610351562,1020300,15.46071720123291,0.0,0.0
TDS,2012-07-11 20:00:00-04:00,21.969999313354492,22.34000015258789,21.639999389648438,22.110000610351562,886500,15.46071720123291,0.0,0.0
TDS,2012-07-12 20:00:00-04:00,22.260000228881836,22.889999389648438,22.260000228881836,22.579999923706055,902100,15.789376258850098,0.0,0.0
TDS,2012-07-15 20:00:00-04:00,22.670000076293945,22.780000686645508,22.229999542236328,22.559999465942383,851700,15.775386810302734,0.0,0.0
TDS,2012-07-16 20:00:00-04:00,22.6299991607666,23.549999237060547,22.6299991607666,23.389999389648438,1357000,16.355772018432617,0.0,0.0
TDS,2012-07-17 20:00:00-04:00,23.3700008392334,23.68000030517578,23.229999542236328,23.559999465942383,844600,16.474651336669922,0.0,0.0
TDS,2012-07-18 20:00:00-04:00,23.549999237060547,23.559999465942383,23.260000228881836,23.3700008392334,853800,16.341794967651367,0.0,0.0
TDS,2012-07-19 20:00:00-04:00,23.239999771118164,23.639999389648438,22.75,23.459999084472656,4428100,16.404720306396484,0.0,0.0
TDS,2012-07-22 20:00:00-04:00,23.010000228881836,23.270000457763672,22.440000534057617,23.100000381469727,490500,16.152990341186523,0.0,0.0
TDS,2012-07-23 20:00:00-04:00,23.209999084472656,23.219999313354492,22.450000762939453,22.579999923706055,494300,15.789376258850098,0.0,0.0
TDS,2012-07-24 20:00:00-04:00,22.690000534057617,22.75,22.43000030517578,22.610000610351562,708600,15.810351371765137,0.0,0.0
TDS,2012-07-25 20:00:00-04:00,23.049999237060547,23.459999084472656,22.829999923706055,23.399999618530273,497000,16.362762451171875,0.0,0.0
TDS,2012-07-26 20:00:00-04:00,23.610000610351562,23.940000534057617,23.360000610351562,23.860000610351562,418800,16.684431076049805,0.0,0.0
TDS,2012-07-29 20:00:00-04:00,23.84000015258789,24.030000686645508,23.700000762939453,23.989999771118164,472500,16.775331497192383,0.0,0.0
TDS,2012-07-30 20:00:00-04:00,23.8799991607666,24.270000457763672,23.829999923706055,24.229999542236328,654800,16.94315528869629,0.0,0.0
TDS,2012-07-31 20:00:00-04:00,24.3700008392334,24.440000534057617,24.010000228881836,24.049999237060547,588400,16.817289352416992,0.0,0.0
TDS,2012-08-01 20:00:00-04:00,23.90999984741211,24.15999984741211,23.600000381469727,23.989999771118164,697900,16.775331497192383,0.0,0.0
TDS,2012-08-02 20:00:00-04:00,23.8799991607666,24.0,22.610000610351562,22.649999618530273,920900,15.838318824768066,0.0,0.0
TDS,2012-08-05 20:00:00-04:00,22.649999618530273,22.93000030517578,22.479999542236328,22.709999084472656,642300,15.88027286529541,0.0,0.0
TDS,2012-08-06 20:00:00-04:00,22.790000915527344,23.09000015258789,22.579999923706055,22.889999389648438,597900,16.006141662597656,0.0,0.0
TDS,2012-08-07 20:00:00-04:00,22.8799991607666,24.18000030517578,22.8799991607666,24.09000015258789,1059600,16.84526252746582,0.0,0.0
TDS,2012-08-08 20:00:00-04:00,24.09000015258789,24.239999771118164,23.90999984741211,24.110000610351562,489900,16.859243392944336,0.0,0.0
TDS,2012-08-09 20:00:00-04:00,23.950000762939453,24.389999389648438,23.81999969482422,24.350000381469727,436700,17.027070999145508,0.0,0.0
TDS,2012-08-12 20:00:00-04:00,24.34000015258789,24.459999084472656,24.059999465942383,24.270000457763672,345900,16.97113037109375,0.0,0.0
TDS,2012-08-13 20:00:00-04:00,24.40999984741211,24.56999969482422,24.100000381469727,24.209999084472656,456600,16.92917251586914,0.0,0.0
TDS,2012-08-14 20:00:00-04:00,24.229999542236328,24.6299991607666,24.1299991607666,24.559999465942383,329100,17.173908233642578,0.0,0.0
TDS,2012-08-15 20:00:00-04:00,24.520000457763672,24.549999237060547,24.049999237060547,24.399999618530273,769300,17.062034606933594,0.0,0.0
TDS,2012-08-16 20:00:00-04:00,24.309999465942383,24.43000030517578,24.059999465942383,24.31999969482422,671500,17.00609588623047,0.0,0.0
TDS,2012-08-19 20:00:00-04:00,24.31999969482422,24.530000686645508,24.100000381469727,24.3700008392334,452600,17.041051864624023,0.0,0.0
TDS,2012-08-20 20:00:00-04:00,24.5,25.059999465942383,24.299999237060547,24.440000534057617,511100,17.090007781982422,0.0,0.0
TDS,2012-08-21 20:00:00-04:00,24.450000762939453,24.469999313354492,24.010000228881836,24.110000610351562,298000,16.859243392944336,0.0,0.0
TDS,2012-08-22 20:00:00-04:00,24.1200008392334,24.170000076293945,23.780000686645508,23.969999313354492,414900,16.7613468170166,0.0,0.0
TDS,2012-08-23 20:00:00-04:00,23.93000030517578,24.360000610351562,23.739999771118164,24.190000534057617,311900,16.915184020996094,0.0,0.0
TDS,2012-08-26 20:00:00-04:00,24.280000686645508,24.31999969482422,23.899999618530273,23.989999771118164,357500,16.775331497192383,0.0,0.0
TDS,2012-08-27 20:00:00-04:00,24.010000228881836,24.489999771118164,23.959999084472656,24.190000534057617,381400,16.915184020996094,0.0,0.0
TDS,2012-08-28 20:00:00-04:00,24.290000915527344,24.6299991607666,24.209999084472656,24.440000534057617,309200,17.090007781982422,0.0,0.0
TDS,2012-08-29 20:00:00-04:00,24.34000015258789,24.6200008392334,24.100000381469727,24.530000686645508,815900,17.152936935424805,0.0,0.0
TDS,2012-08-30 20:00:00-04:00,24.68000030517578,24.959999084472656,24.469999313354492,24.520000457763672,593300,17.14594268798828,0.0,0.0
TDS,2012-09-03 20:00:00-04:00,24.459999084472656,24.90999984741211,24.1200008392334,24.600000381469727,663800,17.20188331604004,0.0,0.0
TDS,2012-09-04 20:00:00-04:00,24.700000762939453,24.899999618530273,24.420000076293945,24.5,721800,17.131954193115234,0.0,0.0
TDS,2012-09-05 20:00:00-04:00,24.610000610351562,25.290000915527344,24.610000610351562,25.18000030517578,617600,17.60746192932129,0.0,0.0
TDS,2012-09-06 20:00:00-04:00,25.18000030517578,25.56999969482422,25.100000381469727,25.31999969482422,457500,17.705350875854492,0.0,0.0
TDS,2012-09-09 20:00:00-04:00,25.270000457763672,25.440000534057617,25.1200008392334,25.1200008392334,351000,17.565505981445312,0.0,0.0
TDS,2012-09-10 20:00:00-04:00,25.100000381469727,25.469999313354492,25.049999237060547,25.25,344000,17.65640640258789,0.0,0.0
TDS,2012-09-11 20:00:00-04:00,25.329999923706055,25.450000762939453,25.170000076293945,25.420000076293945,213900,17.862295150756836,0.123,0.0
TDS,2012-09-12 20:00:00-04:00,25.239999771118164,25.579999923706055,25.040000915527344,25.399999618530273,366200,17.848236083984375,0.0,0.0
TDS,2012-09-13 20:00:00-04:00,25.34000015258789,25.850000381469727,25.34000015258789,25.59000015258789,396400,17.98175048828125,0.0,0.0
TDS,2012-09-16 20:00:00-04:00,25.459999084472656,25.6299991607666,25.170000076293945,25.190000534057617,379900,17.700681686401367,0.0,0.0
TDS,2012-09-17 20:00:00-04:00,25.170000076293945,25.399999618530273,25.110000610351562,25.190000534057617,388400,17.700681686401367,0.0,0.0
TDS,2012-09-18 20:00:00-04:00,25.290000915527344,25.459999084472656,25.0,25.420000076293945,420800,17.862295150756836,0.0,0.0
TDS,2012-09-19 20:00:00-04:00,25.280000686645508,25.469999313354492,25.1200008392334,25.40999984741211,300700,17.85526466369629,0.0,0.0
TDS,2012-09-20 20:00:00-04:00,25.600000381469727,26.25,25.579999923706055,25.959999084472656,1450800,18.241741180419922,0.0,0.0
TDS,2012-09-23 20:00:00-04:00,25.899999618530273,25.969999313354492,25.389999389648438,25.850000381469727,421900,18.164451599121094,0.0,0.0
TDS,2012-09-24 20:00:00-04:00,25.959999084472656,26.149999618530273,25.469999313354492,25.5,333800,17.918514251708984,0.0,0.0
TDS,2012-09-25 20:00:00-04:00,25.540000915527344,25.719999313354492,25.389999389648438,25.489999771118164,378500,17.91148567199707,0.0,0.0
TDS,2012-09-26 20:00:00-04:00,25.6200008392334,25.93000030517578,25.479999542236328,25.84000015258789,329800,18.157421112060547,0.0,0.0
TDS,2012-09-27 20:00:00-04:00,25.670000076293945,25.760000228881836,25.489999771118164,25.610000610351562,403200,17.99580192565918,0.0,0.0
TDS,2012-09-30 20:00:00-04:00,25.760000228881836,25.940000534057617,25.34000015258789,25.389999389648438,674700,17.841209411621094,0.0,0.0
TDS,2012-10-01 20:00:00-04:00,25.520000457763672,25.899999618530273,25.389999389648438,25.739999771118164,447400,18.08715057373047,0.0,0.0
TDS,2012-10-02 20:00:00-04:00,25.739999771118164,26.059999465942383,25.579999923706055,25.639999389648438,595100,18.01688003540039,0.0,0.0
TDS,2012-10-03 20:00:00-04:00,25.719999313354492,25.950000762939453,25.610000610351562,25.81999969482422,639400,18.143360137939453,0.0,0.0
TDS,2012-10-04 20:00:00-04:00,25.889999389648438,26.040000915527344,25.459999084472656,25.459999084472656,664600,17.890399932861328,0.0,0.0
TDS,2012-10-07 20:00:00-04:00,25.34000015258789,25.670000076293945,25.34000015258789,25.43000030517578,362300,17.869325637817383,0.0,0.0
TDS,2012-10-08 20:00:00-04:00,25.43000030517578,25.520000457763672,25.06999969482422,25.09000015258789,381500,17.630409240722656,0.0,0.0
TDS,2012-10-09 20:00:00-04:00,25.09000015258789,25.200000762939453,24.700000762939453,24.760000228881836,370000,17.398515701293945,0.0,0.0
TDS,2012-10-10 20:00:00-04:00,24.959999084472656,25.09000015258789,24.739999771118164,24.8799991607666,443700,17.482837677001953,0.0,0.0
TDS,2012-10-11 20:00:00-04:00,24.8799991607666,25.1200008392334,24.790000915527344,24.989999771118164,604000,17.56014060974121,0.0,0.0
TDS,2012-10-14 20:00:00-04:00,25.1200008392334,25.190000534057617,24.56999969482422,24.8700008392334,606800,17.475814819335938,0.0,0.0
TDS,2012-10-15 20:00:00-04:00,25.010000228881836,25.459999084472656,24.790000915527344,25.420000076293945,519300,17.862295150756836,0.0,0.0
TDS,2012-10-16 20:00:00-04:00,25.5,26.079999923706055,25.40999984741211,25.899999618530273,506400,18.199588775634766,0.0,0.0
TDS,2012-10-17 20:00:00-04:00,25.8700008392334,26.239999771118164,25.81999969482422,26.100000381469727,453100,18.340124130249023,0.0,0.0
TDS,2012-10-18 20:00:00-04:00,26.0,26.170000076293945,25.399999618530273,25.420000076293945,1402800,17.862295150756836,0.0,0.0
TDS,2012-10-21 20:00:00-04:00,25.43000030517578,25.649999618530273,24.979999542236328,25.1299991607666,374900,17.658512115478516,0.0,0.0
TDS,2012-10-22 20:00:00-04:00,24.809999465942383,24.940000534057617,24.510000228881836,24.760000228881836,367400,17.398515701293945,0.0,0.0
TDS,2012-10-23 20:00:00-04:00,24.770000457763672,25.030000686645508,24.110000610351562,24.760000228881836,434500,17.398515701293945,0.0,0.0
TDS,2012-10-24 20:00:00-04:00,24.920000076293945,25.020000457763672,24.420000076293945,24.649999618530273,314200,17.321216583251953,0.0,0.0
TDS,2012-10-25 20:00:00-04:00,24.6200008392334,24.739999771118164,24.399999618530273,24.6299991607666,171500,17.307167053222656,0.0,0.0
TDS,2012-10-30 20:00:00-04:00,24.709999084472656,24.920000076293945,24.40999984741211,24.8700008392334,544200,17.475814819335938,0.0,0.0
TDS,2012-10-31 20:00:00-04:00,24.93000030517578,25.450000762939453,24.68000030517578,25.43000030517578,718200,17.869325637817383,0.0,0.0
TDS,2012-11-01 20:00:00-04:00,25.239999771118164,26.010000228881836,25.15999984741211,26.0,795700,18.26985740661621,0.0,0.0
TDS,2012-11-04 19:00:00-05:00,25.84000015258789,25.860000610351562,25.209999084472656,25.260000228881836,388900,17.749868392944336,0.0,0.0
TDS,2012-11-05 19:00:00-05:00,25.450000762939453,26.43000030517578,25.360000610351562,26.209999084472656,566000,18.41741371154785,0.0,0.0
TDS,2012-11-06 19:00:00-05:00,25.690000534057617,26.989999771118164,21.670000076293945,21.8700008392334,1947800,15.367754936218262,0.0,0.0
TDS,2012-11-07 19:00:00-05:00,22.860000610351562,22.93000030517578,22.049999237060547,22.579999923706055,1128000,15.866662979125977,0.0,0.0
TDS,2012-11-08 19:00:00-05:00,22.549999237060547,23.0,22.440000534057617,22.56999969482422,709100,15.859635353088379,0.0,0.0
TDS,2012-11-11 19:00:00-05:00,22.860000610351562,23.6299991607666,22.790000915527344,23.3799991607666,801100,16.428813934326172,0.0,0.0
TDS,2012-11-12 19:00:00-05:00,23.200000762939453,24.0,23.1200008392334,23.700000762939453,979100,16.653669357299805,0.0,0.0
TDS,2012-11-13 19:00:00-05:00,23.489999771118164,23.639999389648438,22.639999389648438,22.719999313354492,1107800,15.965035438537598,0.0,0.0
TDS,2012-11-14 19:00:00-05:00,22.6200008392334,23.079999923706055,22.440000534057617,22.530000686645508,625000,15.831527709960938,0.0,0.0
TDS,2012-11-15 19:00:00-05:00,22.549999237060547,22.799999237060547,22.229999542236328,22.639999389648438,540700,15.908824920654297,0.0,0.0
TDS,2012-11-18 19:00:00-05:00,22.8799991607666,22.950000762939453,22.360000610351562,22.389999389648438,900800,15.733144760131836,0.0,0.0
TDS,2012-11-19 19:00:00-05:00,22.520000457763672,22.979999542236328,22.329999923706055,22.520000457763672,588300,15.824501991271973,0.0,0.0
TDS,2012-11-20 19:00:00-05:00,22.59000015258789,22.84000015258789,22.5,22.799999237060547,357800,16.02125358581543,0.0,0.0
TDS,2012-11-22 19:00:00-05:00,22.899999618530273,23.170000076293945,22.780000686645508,23.040000915527344,167200,16.189897537231445,0.0,0.0
TDS,2012-11-25 19:00:00-05:00,22.899999618530273,23.18000030517578,22.84000015258789,23.030000686645508,358800,16.182872772216797,0.0,0.0
TDS,2012-11-26 19:00:00-05:00,23.049999237060547,23.049999237060547,22.5,22.540000915527344,467000,15.838560104370117,0.0,0.0
TDS,2012-11-27 19:00:00-05:00,22.479999542236328,22.729999542236328,22.06999969482422,22.729999542236328,421200,15.972066879272461,0.0,0.0
TDS,2012-11-28 19:00:00-05:00,22.8799991607666,23.09000015258789,22.6200008392334,22.889999389648438,518300,16.084497451782227,0.0,0.0
TDS,2012-11-29 19:00:00-05:00,22.889999389648438,23.100000381469727,22.700000762939453,23.010000228881836,1388100,16.168813705444336,0.0,0.0
TDS,2012-12-02 19:00:00-05:00,23.110000610351562,23.200000762939453,22.59000015258789,22.770000457763672,610200,16.000173568725586,0.0,0.0
TDS,2012-12-03 19:00:00-05:00,22.729999542236328,22.829999923706055,22.420000076293945,22.6200008392334,457900,15.894763946533203,0.0,0.0
TDS,2012-12-04 19:00:00-05:00,22.65999984741211,22.760000228881836,22.110000610351562,22.1200008392334,807000,15.543425559997559,0.0,0.0
TDS,2012-12-05 19:00:00-05:00,22.149999618530273,22.450000762939453,22.049999237060547,22.209999084472656,801400,15.606668472290039,0.0,0.0
TDS,2012-12-06 19:00:00-05:00,22.270000457763672,22.770000457763672,21.979999542236328,22.649999618530273,545800,15.915852546691895,0.0,0.0
TDS,2012-12-09 19:00:00-05:00,22.639999389648438,22.700000762939453,22.420000076293945,22.489999771118164,492200,15.803426742553711,0.0,0.0
TDS,2012-12-10 19:00:00-05:00,22.579999923706055,22.790000915527344,22.290000915527344,22.6200008392334,607500,15.894763946533203,0.0,0.0
TDS,2012-12-11 19:00:00-05:00,22.670000076293945,22.81999969482422,22.540000915527344,22.600000381469727,413100,15.880716323852539,0.0,0.0
TDS,2012-12-12 19:00:00-05:00,22.520000457763672,22.780000686645508,22.25,22.299999237060547,374000,15.754961967468262,0.122,0.0
TDS,2012-12-13 19:00:00-05:00,22.239999771118164,22.40999984741211,22.010000228881836,22.110000610351562,373000,15.6207275390625,0.0,0.0
TDS,2012-12-16 19:00:00-05:00,22.200000762939453,22.75,22.15999984741211,22.739999771118164,423700,16.065818786621094,0.0,0.0
TDS,2012-12-17 19:00:00-05:00,22.729999542236328,22.959999084472656,22.6200008392334,22.8799991607666,495600,16.164730072021484,0.0,0.0
TDS,2012-12-18 19:00:00-05:00,22.8799991607666,23.329999923706055,22.729999542236328,23.040000915527344,575500,16.277767181396484,0.0,0.0
TDS,2012-12-19 19:00:00-05:00,23.170000076293945,23.729999542236328,23.170000076293945,23.579999923706055,646400,16.65928077697754,0.0,0.0
TDS,2012-12-20 19:00:00-05:00,23.34000015258789,23.6200008392334,23.219999313354492,23.610000610351562,1166900,16.680477142333984,0.0,0.0
TDS,2012-12-23 19:00:00-05:00,23.34000015258789,23.520000457763672,23.049999237060547,23.100000381469727,156700,16.320159912109375,0.0,0.0
TDS,2012-12-25 19:00:00-05:00,23.09000015258789,23.09000015258789,22.5,22.6200008392334,288600,15.981030464172363,0.0,0.0
TDS,2012-12-26 19:00:00-05:00,22.6200008392334,22.68000030517578,22.110000610351562,22.34000015258789,417000,15.783223152160645,0.0,0.0
TDS,2012-12-27 19:00:00-05:00,22.15999984741211,22.209999084472656,21.809999465942383,21.84000015258789,424500,15.42996883392334,0.0,0.0
TDS,2012-12-30 19:00:00-05:00,21.799999237060547,22.139999389648438,21.68000030517578,22.139999389648438,435900,15.641915321350098,0.0,0.0
TDS,2013-01-01 19:00:00-05:00,22.81999969482422,23.100000381469727,22.350000381469727,22.860000610351562,654200,16.150602340698242,0.0,0.0
TDS,2013-01-02 19:00:00-05:00,22.940000534057617,23.639999389648438,22.90999984741211,23.360000610351562,524500,16.503847122192383,0.0,0.0
TDS,2013-01-03 19:00:00-05:00,23.389999389648438,23.559999465942383,23.389999389648438,23.489999771118164,329700,16.595701217651367,0.0,0.0
TDS,2013-01-06 19:00:00-05:00,23.3799991607666,23.690000534057617,23.329999923706055,23.469999313354492,419800,16.581565856933594,0.0,0.0
TDS,2013-01-07 19:00:00-05:00,23.420000076293945,23.670000076293945,22.8700008392334,22.969999313354492,660200,16.22831916809082,0.0,0.0
TDS,2013-01-08 19:00:00-05:00,23.079999923706055,23.440000534057617,22.959999084472656,23.020000457763672,322900,16.26363754272461,0.0,0.0
TDS,2013-01-09 19:00:00-05:00,23.200000762939453,23.350000381469727,23.040000915527344,23.09000015258789,609600,16.313093185424805,0.0,0.0
TDS,2013-01-10 19:00:00-05:00,23.1299991607666,23.219999313354492,22.989999771118164,23.1200008392334,847300,16.33429527282715,0.0,0.0
TDS,2013-01-13 19:00:00-05:00,23.1200008392334,23.31999969482422,22.610000610351562,22.639999389648438,568600,15.995166778564453,0.0,0.0
TDS,2013-01-14 19:00:00-05:00,22.56999969482422,22.6299991607666,22.170000076293945,22.59000015258789,560700,15.95984935760498,0.0,0.0
TDS,2013-01-15 19:00:00-05:00,22.5,22.670000076293945,22.309999465942383,22.34000015258789,384100,15.783223152160645,0.0,0.0
TDS,2013-01-16 19:00:00-05:00,22.450000762939453,22.510000228881836,22.1200008392334,22.3700008392334,687300,15.804418563842773,0.0,0.0
TDS,2013-01-17 19:00:00-05:00,22.31999969482422,23.520000457763672,22.06999969482422,23.399999618530273,1276500,16.5321102142334,0.0,0.0
TDS,2013-01-21 19:00:00-05:00,23.420000076293945,23.6200008392334,23.149999618530273,23.56999969482422,368500,16.65221405029297,0.0,0.0
TDS,2013-01-22 19:00:00-05:00,23.5,24.719999313354492,23.489999771118164,24.510000228881836,1029900,17.316320419311523,0.0,0.0
TDS,2013-01-23 19:00:00-05:00,24.510000228881836,24.670000076293945,24.3799991607666,24.65999984741211,627900,17.422300338745117,0.0,0.0
TDS,2013-01-24 19:00:00-05:00,24.850000381469727,24.8799991607666,24.5,24.850000381469727,573600,17.556533813476562,0.0,0.0
TDS,2013-01-27 19:00:00-05:00,24.860000610351562,25.170000076293945,24.75,25.09000015258789,534800,17.726097106933594,0.0,0.0
TDS,2013-01-28 19:00:00-05:00,25.09000015258789,25.219999313354492,24.920000076293945,25.079999923706055,563000,17.719032287597656,0.0,0.0
TDS,2013-01-29 19:00:00-05:00,25.040000915527344,25.1200008392334,24.709999084472656,24.979999542236328,727200,17.648372650146484,0.0,0.0
TDS,2013-01-30 19:00:00-05:00,24.920000076293945,25.440000534057617,24.920000076293945,25.290000915527344,752400,17.867401123046875,0.0,0.0
TDS,2013-01-31 19:00:00-05:00,25.469999313354492,25.81999969482422,25.290000915527344,25.760000228881836,576100,18.19944953918457,0.0,0.0
TDS,2013-02-03 19:00:00-05:00,25.520000457763672,25.850000381469727,25.479999542236328,25.5,625200,18.015762329101562,0.0,0.0
TDS,2013-02-04 19:00:00-05:00,25.559999465942383,25.729999542236328,25.40999984741211,25.43000030517578,639700,17.966304779052734,0.0,0.0
TDS,2013-02-05 19:00:00-05:00,25.3799991607666,25.6299991607666,25.229999542236328,25.600000381469727,458300,18.086416244506836,0.0,0.0
TDS,2013-02-06 19:00:00-05:00,25.6200008392334,25.829999923706055,25.299999237060547,25.540000915527344,498300,18.044021606445312,0.0,0.0
TDS,2013-02-07 19:00:00-05:00,25.6200008392334,25.81999969482422,25.40999984741211,25.450000762939453,294400,17.98043441772461,0.0,0.0
TDS,2013-02-10 19:00:00-05:00,25.459999084472656,25.479999542236328,25.1200008392334,25.170000076293945,466100,17.78261947631836,0.0,0.0
TDS,2013-02-11 19:00:00-05:00,25.18000030517578,25.850000381469727,25.18000030517578,25.709999084472656,386500,18.16413116455078,0.0,0.0
TDS,2013-02-12 19:00:00-05:00,25.719999313354492,25.8799991607666,25.420000076293945,25.56999969482422,500900,18.065214157104492,0.0,0.0
TDS,2013-02-13 19:00:00-05:00,25.40999984741211,25.729999542236328,25.280000686645508,25.56999969482422,333700,18.065214157104492,0.0,0.0
TDS,2013-02-14 19:00:00-05:00,25.610000610351562,25.780000686645508,25.510000228881836,25.649999618530273,324000,18.121740341186523,0.0,0.0
TDS,2013-02-18 19:00:00-05:00,25.729999542236328,25.969999313354492,25.65999984741211,25.84000015258789,611000,18.255971908569336,0.0,0.0
TDS,2013-02-19 19:00:00-05:00,25.790000915527344,25.989999771118164,25.68000030517578,25.719999313354492,499000,18.17119026184082,0.0,0.0
TDS,2013-02-20 19:00:00-05:00,25.579999923706055,25.850000381469727,25.559999465942383,25.610000610351562,438300,18.093475341796875,0.0,0.0
TDS,2013-02-21 19:00:00-05:00,25.770000457763672,25.959999084472656,25.65999984741211,25.799999237060547,249000,18.22770881652832,0.0,0.0
TDS,2013-02-24 19:00:00-05:00,25.90999984741211,26.170000076293945,25.3700008392334,25.3700008392334,512200,17.923913955688477,0.0,0.0
TDS,2013-02-25 19:00:00-05:00,25.399999618530273,25.700000762939453,23.260000228881836,23.360000610351562,1471100,16.503847122192383,0.0,0.0
TDS,2013-02-26 19:00:00-05:00,23.3799991607666,23.670000076293945,22.760000228881836,23.31999969482422,760900,16.47559356689453,0.0,0.0
TDS,2013-02-27 19:00:00-05:00,23.25,23.579999923706055,22.889999389648438,22.889999389648438,2340600,16.171791076660156,0.0,0.0
TDS,2013-02-28 19:00:00-05:00,22.84000015258789,22.8799991607666,22.079999923706055,22.440000534057617,906700,15.853877067565918,0.0,0.0
TDS,2013-03-03 19:00:00-05:00,22.43000030517578,22.6200008392334,22.31999969482422,22.440000534057617,732600,15.853877067565918,0.0,0.0
TDS,2013-03-04 19:00:00-05:00,22.540000915527344,22.670000076293945,22.149999618530273,22.420000076293945,660600,15.839740753173828,0.0,0.0
TDS,2013-03-05 19:00:00-05:00,22.5,22.6299991607666,22.3700008392334,22.5,508200,15.896261215209961,0.0,0.0
TDS,2013-03-06 19:00:00-05:00,22.469999313354492,22.6299991607666,22.440000534057617,22.540000915527344,599600,15.924520492553711,0.0,0.0
TDS,2013-03-07 19:00:00-05:00,22.600000381469727,22.739999771118164,22.489999771118164,22.670000076293945,471700,16.01636505126953,0.0,0.0
TDS,2013-03-10 20:00:00-04:00,22.559999465942383,22.649999618530273,22.329999923706055,22.469999313354492,512100,15.875064849853516,0.0,0.0
TDS,2013-03-11 20:00:00-04:00,22.479999542236328,22.559999465942383,22.309999465942383,22.329999923706055,471800,15.77615737915039,0.0,0.0
TDS,2013-03-12 20:00:00-04:00,22.270000457763672,22.450000762939453,22.049999237060547,22.15999984741211,562400,15.746307373046875,0.128,0.0
TDS,2013-03-13 20:00:00-04:00,22.15999984741211,22.440000534057617,22.100000381469727,22.200000762939453,913200,15.774730682373047,0.0,0.0
TDS,2013-03-14 20:00:00-04:00,22.209999084472656,22.209999084472656,21.8799991607666,21.989999771118164,2252900,15.62551212310791,0.0,0.0
TDS,2013-03-17 20:00:00-04:00,21.709999084472656,21.959999084472656,21.65999984741211,21.760000228881836,478300,15.46208667755127,0.0,0.0
TDS,2013-03-18 20:00:00-04:00,21.809999465942383,21.860000610351562,21.389999389648438,21.40999984741211,591700,15.213373184204102,0.0,0.0
TDS,2013-03-19 20:00:00-04:00,21.469999313354492,21.739999771118164,21.40999984741211,21.540000915527344,336600,15.30575180053711,0.0,0.0
TDS,2013-03-20 20:00:00-04:00,21.360000610351562,21.540000915527344,21.100000381469727,21.149999618530273,538000,15.028632164001465,0.0,0.0
TDS,2013-03-21 20:00:00-04:00,21.270000457763672,21.360000610351562,21.049999237060547,21.110000610351562,388300,15.000202178955078,0.0,0.0
TDS,2013-03-24 20:00:00-04:00,21.149999618530273,21.389999389648438,21.040000915527344,21.25,306100,15.099687576293945,0.0,0.0
TDS,2013-03-25 20:00:00-04:00,21.299999237060547,21.399999618530273,21.010000228881836,21.1200008392334,412600,15.007315635681152,0.0,0.0
TDS,2013-03-26 20:00:00-04:00,20.969999313354492,21.15999984741211,20.940000534057617,21.0,381700,14.92204475402832,0.0,0.0
TDS,2013-03-27 20:00:00-04:00,20.940000534057617,21.219999313354492,20.790000915527344,21.06999969482422,801100,14.971785545349121,0.0,0.0
TDS,2013-03-31 20:00:00-04:00,21.079999923706055,21.209999084472656,20.809999465942383,21.059999465942383,403800,14.964679718017578,0.0,0.0
TDS,2013-04-01 20:00:00-04:00,21.190000534057617,21.25,20.90999984741211,21.0,432100,14.92204475402832,0.0,0.0
TDS,2013-04-02 20:00:00-04:00,21.040000915527344,21.110000610351562,20.770000457763672,20.84000015258789,578000,14.808355331420898,0.0,0.0
TDS,2013-04-03 20:00:00-04:00,20.8700008392334,21.06999969482422,20.860000610351562,20.920000076293945,691100,14.865200996398926,0.0,0.0
TDS,2013-04-04 20:00:00-04:00,20.709999084472656,20.790000915527344,20.56999969482422,20.709999084472656,742700,14.715978622436523,0.0,0.0
TDS,2013-04-07 20:00:00-04:00,20.75,20.889999389648438,20.610000610351562,20.8700008392334,516100,14.829672813415527,0.0,0.0
TDS,2013-04-08 20:00:00-04:00,20.889999389648438,20.989999771118164,20.75,20.75,378000,14.744400978088379,0.0,0.0
TDS,2013-04-09 20:00:00-04:00,20.850000381469727,21.56999969482422,20.850000381469727,21.549999237060547,661600,15.312861442565918,0.0,0.0
TDS,2013-04-10 20:00:00-04:00,21.59000015258789,21.90999984741211,21.530000686645508,21.68000030517578,540600,15.405233383178711,0.0,0.0
TDS,2013-04-11 20:00:00-04:00,21.610000610351562,21.770000457763672,21.31999969482422,21.690000534057617,425400,15.412343978881836,0.0,0.0
TDS,2013-04-14 20:00:00-04:00,21.649999618530273,21.700000762939453,21.06999969482422,21.1299991607666,665300,15.014415740966797,0.0,0.0
TDS,2013-04-15 20:00:00-04:00,21.280000686645508,21.649999618530273,21.149999618530273,21.639999389648438,518000,15.37680721282959,0.0,0.0
TDS,2013-04-16 20:00:00-04:00,21.59000015258789,21.780000686645508,21.209999084472656,21.31999969482422,463800,15.149431228637695,0.0,0.0
TDS,2013-04-17 20:00:00-04:00,21.389999389648438,21.610000610351562,21.229999542236328,21.479999542236328,600600,15.263124465942383,0.0,0.0
TDS,2013-04-18 20:00:00-04:00,21.559999465942383,21.729999542236328,21.3700008392334,21.729999542236328,1706400,15.440764427185059,0.0,0.0
TDS,2013-04-21 20:00:00-04:00,21.760000228881836,21.760000228881836,20.959999084472656,21.34000015258789,563600,15.163639068603516,0.0,0.0
TDS,2013-04-22 20:00:00-04:00,21.40999984741211,21.6200008392334,21.270000457763672,21.540000915527344,608500,15.30575180053711,0.0,0.0
TDS,2013-04-23 20:00:00-04:00,21.440000534057617,21.84000015258789,21.329999923706055,21.729999542236328,463000,15.440764427185059,0.0,0.0
TDS,2013-04-24 20:00:00-04:00,21.860000610351562,22.079999923706055,21.700000762939453,22.0,450000,15.632620811462402,0.0,0.0
TDS,2013-04-25 20:00:00-04:00,22.030000686645508,22.06999969482422,21.729999542236328,21.889999389648438,432000,15.554457664489746,0.0,0.0
TDS,2013-04-28 20:00:00-04:00,21.940000534057617,22.139999389648438,21.84000015258789,22.139999389648438,512700,15.732094764709473,0.0,0.0
TDS,2013-04-29 20:00:00-04:00,22.170000076293945,22.469999313354492,22.110000610351562,22.440000534057617,629500,15.945274353027344,0.0,0.0
TDS,2013-04-30 20:00:00-04:00,22.489999771118164,22.559999465942383,22.280000686645508,22.299999237060547,497100,15.845791816711426,0.0,0.0
TDS,2013-05-01 20:00:00-04:00,22.540000915527344,22.729999542236328,22.280000686645508,22.670000076293945,627500,16.108699798583984,0.0,0.0
TDS,2013-05-02 20:00:00-04:00,22.829999923706055,22.829999923706055,21.940000534057617,22.709999084472656,1053300,16.137123107910156,0.0,0.0
TDS,2013-05-05 20:00:00-04:00,22.729999542236328,22.959999084472656,22.440000534057617,22.610000610351562,482900,16.066070556640625,0.0,0.0
TDS,2013-05-06 20:00:00-04:00,22.700000762939453,22.90999984741211,22.65999984741211,22.850000381469727,574900,16.236608505249023,0.0,0.0
TDS,2013-05-07 20:00:00-04:00,22.8700008392334,22.90999984741211,22.719999313354492,22.780000686645508,699300,16.186866760253906,0.0,0.0
TDS,2013-05-08 20:00:00-04:00,22.649999618530273,22.940000534057617,22.540000915527344,22.6200008392334,541200,16.073163986206055,0.0,0.0
TDS,2013-05-09 20:00:00-04:00,22.690000534057617,22.84000015258789,22.469999313354492,22.600000381469727,909800,16.058963775634766,0.0,0.0
TDS,2013-05-12 20:00:00-04:00,22.6200008392334,22.760000228881836,22.59000015258789,22.719999313354492,400400,16.144229888916016,0.0,0.0
TDS,2013-05-13 20:00:00-04:00,22.780000686645508,22.959999084472656,22.65999984741211,22.8799991607666,497200,16.257925033569336,0.0,0.0
TDS,2013-05-14 20:00:00-04:00,22.780000686645508,22.899999618530273,22.520000457763672,22.780000686645508,611900,16.186866760253906,0.0,0.0
TDS,2013-05-15 20:00:00-04:00,22.780000686645508,23.200000762939453,22.780000686645508,23.030000686645508,613300,16.364513397216797,0.0,0.0
TDS,2013-05-16 20:00:00-04:00,23.139999389648438,24.0,22.979999542236328,23.719999313354492,1592800,16.854806900024414,0.0,0.0
TDS,2013-05-19 20:00:00-04:00,23.68000030517578,24.079999923706055,23.68000030517578,23.84000015258789,875100,16.940067291259766,0.0,0.0
TDS,2013-05-20 20:00:00-04:00,23.8799991607666,24.860000610351562,23.8700008392334,24.860000610351562,838100,17.66485595703125,0.0,0.0
TDS,2013-05-21 20:00:00-04:00,24.809999465942383,24.8700008392334,24.239999771118164,24.299999237060547,637800,17.266937255859375,0.0,0.0
TDS,2013-05-22 20:00:00-04:00,24.020000457763672,24.200000762939453,23.850000381469727,23.959999084472656,628400,17.02533721923828,0.0,0.0
TDS,2013-05-23 20:00:00-04:00,23.81999969482422,23.940000534057617,23.739999771118164,23.940000534057617,202700,17.01112937927246,0.0,0.0
TDS,2013-05-27 20:00:00-04:00,24.200000762939453,24.31999969482422,23.940000534057617,24.049999237060547,460500,17.089298248291016,0.0,0.0
TDS,2013-05-28 20:00:00-04:00,23.8700008392334,23.969999313354492,23.219999313354492,23.25,509700,16.520837783813477,0.0,0.0
TDS,2013-05-29 20:00:00-04:00,23.260000228881836,23.559999465942383,23.1200008392334,23.260000228881836,661900,16.52794075012207,0.0,0.0
TDS,2013-05-30 20:00:00-04:00,23.18000030517578,23.43000030517578,23.1299991607666,23.25,398500,16.520837783813477,0.0,0.0
TDS,2013-06-02 20:00:00-04:00,23.34000015258789,23.399999618530273,22.979999542236328,23.350000381469727,365100,16.59189224243164,0.0,0.0
TDS,2013-06-03 20:00:00-04:00,23.309999465942383,23.559999465942383,22.829999923706055,23.079999923706055,356700,16.400041580200195,0.0,0.0
TDS,2013-06-04 20:00:00-04:00,22.969999313354492,23.059999465942383,22.549999237060547,22.549999237060547,477200,16.0234317779541,0.0,0.0
TDS,2013-06-05 20:00:00-04:00,22.579999923706055,22.700000762939453,22.420000076293945,22.600000381469727,563700,16.058963775634766,0.0,0.0
TDS,2013-06-06 20:00:00-04:00,22.709999084472656,22.760000228881836,22.31999969482422,22.739999771118164,369400,16.158445358276367,0.0,0.0
TDS,2013-06-09 20:00:00-04:00,22.780000686645508,23.09000015258789,22.770000457763672,22.940000534057617,473100,16.300559997558594,0.0,0.0
TDS,2013-06-10 20:00:00-04:00,22.90999984741211,23.31999969482422,22.719999313354492,23.059999465942383,603600,16.38582420349121,0.0,0.0
TDS,2013-06-11 20:00:00-04:00,23.079999923706055,23.190000534057617,22.8700008392334,22.940000534057617,592800,16.39154052734375,0.128,0.0
TDS,2013-06-12 20:00:00-04:00,22.969999313354492,23.6299991607666,22.969999313354492,23.540000915527344,462100,16.82027244567871,0.0,0.0
TDS,2013-06-13 20:00:00-04:00,23.469999313354492,23.75,23.25,23.639999389648438,406900,16.891725540161133,0.0,0.0
TDS,2013-06-16 20:00:00-04:00,23.809999465942383,23.809999465942383,23.350000381469727,23.510000228881836,445300,16.798830032348633,0.0,0.0
TDS,2013-06-17 20:00:00-04:00,23.520000457763672,23.729999542236328,23.489999771118164,23.65999984741211,379100,16.906009674072266,0.0,0.0
TDS,2013-06-18 20:00:00-04:00,23.59000015258789,23.739999771118164,23.190000534057617,23.219999313354492,494400,16.59161376953125,0.0,0.0
TDS,2013-06-19 20:00:00-04:00,23.010000228881836,23.010000228881836,22.149999618530273,22.5,730100,16.077146530151367,0.0,0.0
TDS,2013-06-20 20:00:00-04:00,22.549999237060547,22.65999984741211,22.280000686645508,22.579999923706055,676100,16.134305953979492,0.0,0.0
TDS,2013-06-23 20:00:00-04:00,22.34000015258789,22.3700008392334,21.709999084472656,21.850000381469727,599000,15.612696647644043,0.0,0.0
TDS,2013-06-24 20:00:00-04:00,22.010000228881836,22.40999984741211,21.739999771118164,22.3700008392334,618200,15.984258651733398,0.0,0.0
TDS,2013-06-25 20:00:00-04:00,22.549999237060547,22.610000610351562,22.34000015258789,22.459999084472656,486600,16.048561096191406,0.0,0.0
TDS,2013-06-26 20:00:00-04:00,22.610000610351562,23.149999618530273,22.530000686645508,23.079999923706055,506000,16.491579055786133,0.0,0.0
TDS,2013-06-27 20:00:00-04:00,23.059999465942383,24.739999771118164,23.059999465942383,24.649999618530273,1163800,17.613401412963867,0.0,0.0
TDS,2013-06-30 20:00:00-04:00,24.649999618530273,25.299999237060547,23.770000457763672,23.809999465942383,726100,17.0131893157959,0.0,0.0
TDS,2013-07-01 20:00:00-04:00,23.850000381469727,24.219999313354492,23.6299991607666,23.829999923706055,534000,17.027484893798828,0.0,0.0
TDS,2013-07-02 20:00:00-04:00,23.780000686645508,23.780000686645508,23.3799991607666,23.530000686645508,270200,16.81312370300293,0.0,0.0
TDS,2013-07-04 20:00:00-04:00,23.739999771118164,23.799999237060547,23.209999084472656,23.739999771118164,332700,16.96317481994629,0.0,0.0
TDS,2013-07-07 20:00:00-04:00,23.889999389648438,24.280000686645508,23.809999465942383,23.940000534057617,732400,17.106081008911133,0.0,0.0
TDS,2013-07-08 20:00:00-04:00,24.1299991607666,24.229999542236328,23.729999542236328,23.790000915527344,484300,16.998905181884766,0.0,0.0
TDS,2013-07-09 20:00:00-04:00,23.760000228881836,23.979999542236328,23.459999084472656,23.649999618530273,695700,16.898868560791016,0.0,0.0
TDS,2013-07-10 20:00:00-04:00,23.940000534057617,24.1299991607666,23.690000534057617,24.1200008392334,557100,17.234704971313477,0.0,0.0
TDS,2013-07-11 20:00:00-04:00,24.110000610351562,24.329999923706055,23.899999618530273,24.18000030517578,301100,17.277572631835938,0.0,0.0
TDS,2013-07-14 20:00:00-04:00,24.850000381469727,26.059999465942383,24.850000381469727,25.899999618530273,1836600,18.5065860748291,0.0,0.0
TDS,2013-07-15 20:00:00-04:00,25.90999984741211,26.899999618530273,25.90999984741211,26.360000610351562,874900,18.83527183532715,0.0,0.0
TDS,2013-07-16 20:00:00-04:00,26.489999771118164,26.690000534057617,26.260000228881836,26.59000015258789,718500,18.999614715576172,0.0,0.0
TDS,2013-07-17 20:00:00-04:00,26.59000015258789,27.1299991607666,26.59000015258789,27.0,650900,19.292570114135742,0.0,0.0
TDS,2013-07-18 20:00:00-04:00,27.030000686645508,27.399999618530273,26.809999465942383,27.110000610351562,1808500,19.37116813659668,0.0,0.0
TDS,2013-07-21 20:00:00-04:00,27.170000076293945,27.719999313354492,27.06999969482422,27.3700008392334,557600,19.55695343017578,0.0,0.0
TDS,2013-07-22 20:00:00-04:00,27.479999542236328,27.479999542236328,27.1200008392334,27.34000015258789,608900,19.535518646240234,0.0,0.0
TDS,2013-07-23 20:00:00-04:00,27.18000030517578,27.450000762939453,26.8799991607666,26.989999771118164,533700,19.285429000854492,0.0,0.0
TDS,2013-07-24 20:00:00-04:00,26.969999313354492,27.209999084472656,26.790000915527344,26.959999084472656,464400,19.26399040222168,0.0,0.0
TDS,2013-07-25 20:00:00-04:00,26.850000381469727,26.950000762939453,26.670000076293945,26.799999237060547,320100,19.149667739868164,0.0,0.0
TDS,2013-07-28 20:00:00-04:00,26.760000228881836,26.780000686645508,26.389999389648438,26.459999084472656,613200,18.90672492980957,0.0,0.0
TDS,2013-07-29 20:00:00-04:00,26.739999771118164,26.739999771118164,26.329999923706055,26.3700008392334,443900,18.84241485595703,0.0,0.0
TDS,2013-07-30 20:00:00-04:00,26.40999984741211,26.68000030517578,26.15999984741211,26.510000228881836,707100,18.942447662353516,0.0,0.0
TDS,2013-07-31 20:00:00-04:00,26.739999771118164,27.389999389648438,26.739999771118164,26.790000915527344,1149800,19.142520904541016,0.0,0.0
TDS,2013-08-01 20:00:00-04:00,27.0,27.90999984741211,26.34000015258789,26.81999969482422,1186700,19.16395378112793,0.0,0.0
TDS,2013-08-04 20:00:00-04:00,26.829999923706055,28.649999618530273,26.829999923706055,28.639999389648438,1362000,20.464414596557617,0.0,0.0
TDS,2013-08-05 20:00:00-04:00,28.510000228881836,29.389999389648438,28.510000228881836,29.25,1473100,20.900287628173828,0.0,0.0
TDS,2013-08-06 20:00:00-04:00,29.010000228881836,29.239999771118164,28.709999084472656,29.139999389648438,1051200,20.821693420410156,0.0,0.0
TDS,2013-08-07 20:00:00-04:00,29.34000015258789,29.5,28.969999313354492,29.040000915527344,905100,20.75023651123047,0.0,0.0
TDS,2013-08-08 20:00:00-04:00,28.979999542236328,29.6299991607666,28.84000015258789,29.510000228881836,646500,21.0860652923584,0.0,0.0
TDS,2013-08-11 20:00:00-04:00,29.420000076293945,29.600000381469727,29.18000030517578,29.260000228881836,597100,20.90743637084961,0.0,0.0
TDS,2013-08-12 20:00:00-04:00,29.270000457763672,29.360000610351562,28.899999618530273,29.18000030517578,582200,20.85026741027832,0.0,0.0
TDS,2013-08-13 20:00:00-04:00,29.110000610351562,29.309999465942383,28.829999923706055,29.09000015258789,555400,20.785961151123047,0.0,0.0
TDS,2013-08-14 20:00:00-04:00,28.799999237060547,29.030000686645508,28.350000381469727,28.479999542236328,594200,20.3500919342041,0.0,0.0
TDS,2013-08-15 20:00:00-04:00,28.489999771118164,28.510000228881836,28.079999923706055,28.1299991607666,562400,20.100006103515625,0.0,0.0
TDS,2013-08-18 20:00:00-04:00,28.149999618530273,28.579999923706055,27.920000076293945,28.459999084472656,491500,20.33580207824707,0.0,0.0
TDS,2013-08-19 20:00:00-04:00,28.549999237060547,28.600000381469727,28.309999465942383,28.3799991607666,352800,20.278640747070312,0.0,0.0
TDS,2013-08-20 20:00:00-04:00,28.299999237060547,28.31999969482422,27.850000381469727,27.989999771118164,394500,19.999963760375977,0.0,0.0
TDS,2013-08-21 20:00:00-04:00,28.15999984741211,28.520000457763672,27.959999084472656,28.299999237060547,304800,20.22147560119629,0.0,0.0
TDS,2013-08-22 20:00:00-04:00,28.309999465942383,28.309999465942383,27.93000030517578,28.25,501100,20.185752868652344,0.0,0.0
TDS,2013-08-25 20:00:00-04:00,28.299999237060547,28.90999984741211,28.299999237060547,28.3799991607666,416400,20.278640747070312,0.0,0.0
TDS,2013-08-26 20:00:00-04:00,28.06999969482422,28.170000076293945,27.770000457763672,27.93000030517578,523700,19.95709991455078,0.0,0.0
TDS,2013-08-27 20:00:00-04:00,27.90999984741211,28.219999313354492,27.739999771118164,27.989999771118164,550400,19.999963760375977,0.0,0.0
TDS,2013-08-28 20:00:00-04:00,27.8799991607666,28.600000381469727,27.8799991607666,28.360000610351562,1052500,20.264345169067383,0.0,0.0
TDS,2013-08-29 20:00:00-04:00,28.360000610351562,28.43000030517578,27.59000015258789,27.690000534057617,758900,19.785608291625977,0.0,0.0
TDS,2013-09-02 20:00:00-04:00,28.010000228881836,28.18000030517578,27.270000457763672,27.5,1230900,19.64984130859375,0.0,0.0
TDS,2013-09-03 20:00:00-04:00,27.540000915527344,27.8799991607666,27.5,27.790000915527344,502200,19.857053756713867,0.0,0.0
TDS,2013-09-04 20:00:00-04:00,27.760000228881836,28.1200008392334,27.739999771118164,27.780000686645508,577800,19.849910736083984,0.0,0.0
TDS,2013-09-05 20:00:00-04:00,27.920000076293945,28.049999237060547,27.5,27.690000534057617,722700,19.785608291625977,0.0,0.0
TDS,2013-09-08 20:00:00-04:00,27.709999084472656,28.5,27.709999084472656,28.479999542236328,514300,20.3500919342041,0.0,0.0
TDS,2013-09-09 20:00:00-04:00,28.6200008392334,28.899999618530273,28.5,28.899999618530273,512800,20.650203704833984,0.0,0.0
TDS,2013-09-10 20:00:00-04:00,28.90999984741211,29.170000076293945,28.760000228881836,28.93000030517578,532000,20.671632766723633,0.0,0.0
TDS,2013-09-11 20:00:00-04:00,28.8700008392334,28.950000762939453,28.25,28.290000915527344,532500,20.304168701171875,0.128,0.0
TDS,2013-09-12 20:00:00-04:00,28.389999389648438,28.709999084472656,28.219999313354492,28.68000030517578,402900,20.58407974243164,0.0,0.0
TDS,2013-09-15 20:00:00-04:00,28.959999084472656,29.030000686645508,27.75,27.780000686645508,752200,19.93813133239746,0.0,0.0
TDS,2013-09-16 20:00:00-04:00,27.780000686645508,28.34000015258789,27.700000762939453,28.270000457763672,396300,20.289810180664062,0.0,0.0
TDS,2013-09-17 20:00:00-04:00,28.290000915527344,28.68000030517578,27.969999313354492,28.31999969482422,697400,20.325695037841797,0.0,0.0
TDS,2013-09-18 20:00:00-04:00,28.34000015258789,28.440000534057617,28.18000030517578,28.329999923706055,318400,20.3328800201416,0.0,0.0
TDS,2013-09-19 20:00:00-04:00,28.479999542236328,28.670000076293945,28.34000015258789,28.489999771118164,940100,20.447708129882812,0.0,0.0
TDS,2013-09-22 20:00:00-04:00,28.520000457763672,29.31999969482422,28.440000534057617,29.209999084472656,665200,20.964462280273438,0.0,0.0
TDS,2013-09-23 20:00:00-04:00,29.270000457763672,29.6200008392334,29.040000915527344,29.469999313354492,562300,21.151071548461914,0.0,0.0
TDS,2013-09-24 20:00:00-04:00,29.450000762939453,29.700000762939453,29.34000015258789,29.489999771118164,304100,21.165424346923828,0.0,0.0
TDS,2013-09-25 20:00:00-04:00,29.530000686645508,29.809999465942383,29.40999984741211,29.780000686645508,359300,21.373558044433594,0.0,0.0
TDS,2013-09-26 20:00:00-04:00,29.700000762939453,29.829999923706055,29.459999084472656,29.6299991607666,325500,21.265905380249023,0.0,0.0
TDS,2013-09-29 20:00:00-04:00,29.260000228881836,29.719999313354492,29.06999969482422,29.549999237060547,630000,21.20848846435547,0.0,0.0
TDS,2013-09-30 20:00:00-04:00,29.6200008392334,29.989999771118164,29.459999084472656,29.709999084472656,900500,21.32332420349121,0.0,0.0
TDS,2013-10-01 20:00:00-04:00,29.579999923706055,30.15999984741211,29.40999984741211,30.0,582000,21.531461715698242,0.0,0.0
TDS,2013-10-02 20:00:00-04:00,30.010000228881836,30.09000015258789,29.510000228881836,29.65999984741211,668500,21.287437438964844,0.0,0.0
TDS,2013-10-03 20:00:00-04:00,29.700000762939453,29.850000381469727,29.100000381469727,29.209999084472656,756600,20.964462280273438,0.0,0.0
TDS,2013-10-06 20:00:00-04:00,28.90999984741211,29.139999389648438,28.829999923706055,28.899999618530273,656800,20.741975784301758,0.0,0.0
TDS,2013-10-07 20:00:00-04:00,28.950000762939453,29.110000610351562,28.309999465942383,28.3700008392334,619200,20.361583709716797,0.0,0.0
TDS,2013-10-08 20:00:00-04:00,28.440000534057617,28.68000030517578,28.149999618530273,28.200000762939453,615100,20.239574432373047,0.0,0.0
TDS,2013-10-09 20:00:00-04:00,28.510000228881836,29.1200008392334,28.510000228881836,29.059999465942383,638000,20.856807708740234,0.0,0.0
TDS,2013-10-10 20:00:00-04:00,29.100000381469727,29.3700008392334,28.950000762939453,29.219999313354492,508300,20.971643447875977,0.0,0.0
TDS,2013-10-13 20:00:00-04:00,29.079999923706055,29.280000686645508,28.700000762939453,29.149999618530273,596300,20.921401977539062,0.0,0.0
TDS,2013-10-14 20:00:00-04:00,29.149999618530273,29.270000457763672,28.950000762939453,28.989999771118164,949100,20.806568145751953,0.0,0.0
TDS,2013-10-15 20:00:00-04:00,29.219999313354492,29.610000610351562,29.170000076293945,29.549999237060547,479700,21.20848846435547,0.0,0.0
TDS,2013-10-16 20:00:00-04:00,29.510000228881836,29.950000762939453,29.399999618530273,29.860000610351562,588800,21.430978775024414,0.0,0.0
TDS,2013-10-17 20:00:00-04:00,30.0,30.399999618530273,29.719999313354492,30.09000015258789,1276100,21.596054077148438,0.0,0.0
TDS,2013-10-20 20:00:00-04:00,30.18000030517578,30.229999542236328,29.690000534057617,29.81999969482422,475200,21.402267456054688,0.0,0.0
TDS,2013-10-21 20:00:00-04:00,29.959999084472656,30.299999237060547,29.790000915527344,30.15999984741211,535900,21.646299362182617,0.0,0.0
TDS,2013-10-22 20:00:00-04:00,29.959999084472656,30.15999984741211,29.81999969482422,29.979999542236328,396900,21.517105102539062,0.0,0.0
TDS,2013-10-23 20:00:00-04:00,29.989999771118164,30.1200008392334,29.780000686645508,30.049999237060547,334400,21.567344665527344,0.0,0.0
TDS,2013-10-24 20:00:00-04:00,30.1299991607666,30.899999618530273,29.8799991607666,30.899999618530273,453400,22.177398681640625,0.0,0.0
TDS,2013-10-27 20:00:00-04:00,30.969999313354492,31.520000457763672,30.829999923706055,31.3799991607666,675300,22.521900177001953,0.0,0.0
TDS,2013-10-28 20:00:00-04:00,31.3700008392334,31.520000457763672,30.979999542236328,30.989999771118164,845200,22.241992950439453,0.0,0.0
TDS,2013-10-29 20:00:00-04:00,31.079999923706055,31.170000076293945,30.729999542236328,30.93000030517578,494400,22.19893455505371,0.0,0.0
TDS,2013-10-30 20:00:00-04:00,30.989999771118164,31.389999389648438,30.540000915527344,31.18000030517578,596500,22.378368377685547,0.0,0.0
TDS,2013-10-31 20:00:00-04:00,31.15999984741211,31.200000762939453,30.049999237060547,30.639999389648438,977200,21.990795135498047,0.0,0.0
TDS,2013-11-03 19:00:00-05:00,30.799999237060547,31.010000228881836,30.059999465942383,30.209999084472656,816700,21.682174682617188,0.0,0.0
TDS,2013-11-04 19:00:00-05:00,30.209999084472656,30.780000686645508,30.139999389648438,30.469999313354492,809000,21.86878204345703,0.0,0.0
TDS,2013-11-05 19:00:00-05:00,30.690000534057617,30.829999923706055,30.309999465942383,30.799999237060547,583200,22.105627059936523,0.0,0.0
TDS,2013-11-06 19:00:00-05:00,30.770000457763672,30.770000457763672,29.25,29.270000457763672,1062900,21.007530212402344,0.0,0.0
TDS,2013-11-07 19:00:00-05:00,29.290000915527344,29.3700008392334,28.860000610351562,29.360000610351562,622000,21.07211685180664,0.0,0.0
TDS,2013-11-10 19:00:00-05:00,29.350000381469727,29.65999984741211,29.260000228881836,29.43000030517578,248400,21.12236213684082,0.0,0.0
TDS,2013-11-11 19:00:00-05:00,29.40999984741211,29.559999465942383,29.149999618530273,29.209999084472656,389300,20.964462280273438,0.0,0.0
TDS,2013-11-12 19:00:00-05:00,29.170000076293945,29.549999237060547,28.969999313354492,29.440000534057617,476200,21.12953758239746,0.0,0.0
TDS,2013-11-13 19:00:00-05:00,29.5,29.6200008392334,29.34000015258789,29.469999313354492,321600,21.151071548461914,0.0,0.0
TDS,2013-11-14 19:00:00-05:00,29.579999923706055,29.84000015258789,29.3700008392334,29.639999389648438,334100,21.2730770111084,0.0,0.0
TDS,2013-11-17 19:00:00-05:00,29.739999771118164,29.760000228881836,29.170000076293945,29.229999542236328,662200,20.97882080078125,0.0,0.0
TDS,2013-11-18 19:00:00-05:00,29.170000076293945,29.200000762939453,28.700000762939453,28.889999389648438,780400,20.734798431396484,0.0,0.0
TDS,2013-11-19 19:00:00-05:00,28.959999084472656,29.309999465942383,28.709999084472656,28.81999969482422,383600,20.684553146362305,0.0,0.0
TDS,2013-11-20 19:00:00-05:00,28.8799991607666,29.549999237060547,28.809999465942383,29.350000381469727,510300,21.064943313598633,0.0,0.0
TDS,2013-11-21 19:00:00-05:00,29.360000610351562,29.43000030517578,28.75,28.860000610351562,272300,20.71326446533203,0.0,0.0
TDS,2013-11-24 19:00:00-05:00,28.8700008392334,28.8700008392334,28.239999771118164,28.299999237060547,332500,20.31134605407715,0.0,0.0
TDS,2013-11-25 19:00:00-05:00,28.280000686645508,28.469999313354492,28.139999389648438,28.25,385300,20.27545928955078,0.0,0.0
TDS,2013-11-26 19:00:00-05:00,28.270000457763672,28.280000686645508,27.770000457763672,27.809999465942383,437600,19.95966339111328,0.0,0.0
TDS,2013-11-28 19:00:00-05:00,27.81999969482422,28.020000457763672,27.729999542236328,27.809999465942383,281000,19.95966339111328,0.0,0.0
TDS,2013-12-01 19:00:00-05:00,27.790000915527344,28.030000686645508,27.18000030517578,27.229999542236328,577700,19.543384552001953,0.0,0.0
TDS,2013-12-02 19:00:00-05:00,27.1200008392334,27.219999313354492,26.700000762939453,27.209999084472656,750700,19.529035568237305,0.0,0.0
TDS,2013-12-03 19:00:00-05:00,27.100000381469727,27.239999771118164,26.65999984741211,26.729999542236328,711300,19.184532165527344,0.0,0.0
TDS,2013-12-04 19:00:00-05:00,26.719999313354492,26.8700008392334,26.190000534057617,26.280000686645508,735700,18.86155891418457,0.0,0.0
TDS,2013-12-05 19:00:00-05:00,26.549999237060547,27.139999389648438,26.479999542236328,26.610000610351562,568600,19.098400115966797,0.0,0.0
TDS,2013-12-08 19:00:00-05:00,26.469999313354492,26.549999237060547,25.5,25.68000030517578,1304800,18.430931091308594,0.0,0.0
TDS,2013-12-09 19:00:00-05:00,25.579999923706055,25.739999771118164,24.700000762939453,25.06999969482422,1807900,17.99312400817871,0.0,0.0
TDS,2013-12-10 19:00:00-05:00,25.079999923706055,25.329999923706055,24.700000762939453,24.739999771118164,794000,17.756282806396484,0.0,0.0
TDS,2013-12-11 19:00:00-05:00,24.770000457763672,24.799999237060547,24.459999084472656,24.75,734100,17.855836868286133,0.128,0.0
TDS,2013-12-12 19:00:00-05:00,24.860000610351562,24.899999618530273,24.34000015258789,24.690000534057617,876200,17.81255340576172,0.0,0.0
TDS,2013-12-15 19:00:00-05:00,24.799999237060547,25.229999542236328,24.700000762939453,25.149999618530273,781900,18.144407272338867,0.0,0.0
TDS,2013-12-16 19:00:00-05:00,25.360000610351562,25.360000610351562,24.899999618530273,25.1299991607666,577400,18.129989624023438,0.0,0.0
TDS,2013-12-17 19:00:00-05:00,25.110000610351562,25.139999389648438,24.219999313354492,24.59000015258789,1035300,17.74041175842285,0.0,0.0
TDS,2013-12-18 19:00:00-05:00,24.59000015258789,24.770000457763672,24.489999771118164,24.719999313354492,493400,17.834190368652344,0.0,0.0
TDS,2013-12-19 19:00:00-05:00,24.719999313354492,25.079999923706055,24.719999313354492,25.049999237060547,790200,18.072267532348633,0.0,0.0
TDS,2013-12-22 19:00:00-05:00,25.260000228881836,25.6200008392334,25.209999084472656,25.600000381469727,618800,18.469070434570312,0.0,0.0
TDS,2013-12-23 19:00:00-05:00,25.649999618530273,25.84000015258789,25.600000381469727,25.829999923706055,190100,18.635000228881836,0.0,0.0
TDS,2013-12-25 19:00:00-05:00,25.8700008392334,26.290000915527344,25.559999465942383,26.290000915527344,679300,18.966869354248047,0.0,0.0
TDS,2013-12-26 19:00:00-05:00,26.440000534057617,26.510000228881836,26.299999237060547,26.3799991607666,542600,19.03179359436035,0.0,0.0
TDS,2013-12-29 19:00:00-05:00,26.389999389648438,26.479999542236328,25.899999618530273,25.899999618530273,503400,18.685503005981445,0.0,0.0
TDS,2013-12-30 19:00:00-05:00,25.889999389648438,26.020000457763672,25.649999618530273,25.780000686645508,383800,18.598928451538086,0.0,0.0
TDS,2014-01-01 19:00:00-05:00,25.760000228881836,25.8700008392334,25.350000381469727,25.65999984741211,476300,18.512351989746094,0.0,0.0
TDS,2014-01-02 19:00:00-05:00,25.639999389648438,26.139999389648438,25.530000686645508,26.040000915527344,389100,18.7865047454834,0.0,0.0
TDS,2014-01-05 19:00:00-05:00,26.139999389648438,26.559999465942383,26.049999237060547,26.479999542236328,559200,19.103939056396484,0.0,0.0
TDS,2014-01-06 19:00:00-05:00,26.530000686645508,27.260000228881836,26.469999313354492,26.989999771118164,766300,19.471879959106445,0.0,0.0
TDS,2014-01-07 19:00:00-05:00,26.950000762939453,27.43000030517578,26.780000686645508,27.43000030517578,1021200,19.789318084716797,0.0,0.0
TDS,2014-01-08 19:00:00-05:00,27.469999313354492,27.469999313354492,27.09000015258789,27.18000030517578,1034000,19.608957290649414,0.0,0.0
TDS,2014-01-09 19:00:00-05:00,27.200000762939453,27.299999237060547,26.860000610351562,27.110000610351562,1189100,19.558452606201172,0.0,0.0
TDS,2014-01-12 19:00:00-05:00,26.989999771118164,27.329999923706055,26.850000381469727,26.959999084472656,769700,19.45023536682129,0.0,0.0
TDS,2014-01-13 19:00:00-05:00,27.0,27.31999969482422,26.940000534057617,27.270000457763672,531000,19.673885345458984,0.0,0.0
TDS,2014-01-14 19:00:00-05:00,27.31999969482422,27.770000457763672,27.190000534057617,27.459999084472656,508500,19.810958862304688,0.0,0.0
TDS,2014-01-15 19:00:00-05:00,27.360000610351562,27.530000686645508,27.200000762939453,27.440000534057617,504700,19.796537399291992,0.0,0.0
TDS,2014-01-16 19:00:00-05:00,27.440000534057617,27.59000015258789,27.100000381469727,27.200000762939453,1239400,19.623382568359375,0.0,0.0
TDS,2014-01-20 19:00:00-05:00,27.31999969482422,27.809999465942383,27.299999237060547,27.799999237060547,598100,20.056249618530273,0.0,0.0
TDS,2014-01-21 19:00:00-05:00,27.809999465942383,27.899999618530273,27.5,27.84000015258789,498100,20.08510971069336,0.0,0.0
TDS,2014-01-22 19:00:00-05:00,27.75,27.799999237060547,27.420000076293945,27.719999313354492,442800,19.9985408782959,0.0,0.0
TDS,2014-01-23 19:00:00-05:00,27.6299991607666,27.6299991607666,27.18000030517578,27.360000610351562,1046600,19.73880958557129,0.0,0.0
TDS,2014-01-26 19:00:00-05:00,27.360000610351562,27.459999084472656,27.079999923706055,27.149999618530273,1005500,19.587310791015625,0.0,0.0
TDS,2014-01-27 19:00:00-05:00,27.219999313354492,27.5,27.030000686645508,27.420000076293945,843100,19.7821044921875,0.0,0.0
TDS,2014-01-28 19:00:00-05:00,27.110000610351562,27.149999618530273,26.600000381469727,26.729999542236328,982500,19.284303665161133,0.0,0.0
TDS,2014-01-29 19:00:00-05:00,27.010000228881836,27.15999984741211,26.760000228881836,26.959999084472656,882400,19.45023536682129,0.0,0.0
TDS,2014-01-30 19:00:00-05:00,26.639999389648438,27.31999969482422,26.639999389648438,27.020000457763672,633000,19.49352264404297,0.0,0.0
TDS,2014-02-02 19:00:00-05:00,27.040000915527344,27.09000015258789,26.200000762939453,26.200000762939453,1205900,18.901933670043945,0.0,0.0
TDS,2014-02-03 19:00:00-05:00,26.290000915527344,26.290000915527344,25.690000534057617,25.709999084472656,729400,18.548429489135742,0.0,0.0
TDS,2014-02-04 19:00:00-05:00,25.530000686645508,25.65999984741211,24.90999984741211,24.959999084472656,774800,18.00733757019043,0.0,0.0
TDS,2014-02-05 19:00:00-05:00,24.969999313354492,25.209999084472656,24.850000381469727,25.110000610351562,341900,18.11556053161621,0.0,0.0
TDS,2014-02-06 19:00:00-05:00,25.25,25.40999984741211,25.0,25.170000076293945,342300,18.158842086791992,0.0,0.0
TDS,2014-02-09 19:00:00-05:00,25.1299991607666,25.149999618530273,24.8700008392334,25.06999969482422,407400,18.086698532104492,0.0,0.0
TDS,2014-02-10 19:00:00-05:00,25.270000457763672,25.399999618530273,25.059999465942383,25.260000228881836,500500,18.223777770996094,0.0,0.0
TDS,2014-02-11 19:00:00-05:00,25.270000457763672,25.469999313354492,24.760000228881836,24.799999237060547,677800,17.89191246032715,0.0,0.0
TDS,2014-02-12 19:00:00-05:00,24.690000534057617,25.489999771118164,24.649999618530273,25.299999237060547,672300,18.252628326416016,0.0,0.0
TDS,2014-02-13 19:00:00-05:00,25.260000228881836,25.440000534057617,24.959999084472656,25.15999984741211,402600,18.151628494262695,0.0,0.0
TDS,2014-02-17 19:00:00-05:00,25.149999618530273,25.239999771118164,24.670000076293945,24.709999084472656,497200,17.82697868347168,0.0,0.0
TDS,2014-02-18 19:00:00-05:00,24.6200008392334,24.770000457763672,24.440000534057617,24.65999984741211,615500,17.790903091430664,0.0,0.0
TDS,2014-02-19 19:00:00-05:00,24.729999542236328,24.899999618530273,24.549999237060547,24.84000015258789,289900,17.92076873779297,0.0,0.0
TDS,2014-02-20 19:00:00-05:00,24.90999984741211,25.09000015258789,24.799999237060547,25.010000228881836,362900,18.043413162231445,0.0,0.0
TDS,2014-02-23 19:00:00-05:00,24.950000762939453,25.09000015258789,24.6200008392334,24.65999984741211,463300,17.790903091430664,0.0,0.0
TDS,2014-02-24 19:00:00-05:00,24.649999618530273,24.700000762939453,24.350000381469727,24.3700008392334,706200,17.581687927246094,0.0,0.0
TDS,2014-02-25 19:00:00-05:00,24.450000762939453,24.469999313354492,21.299999237060547,22.3799991607666,2221900,16.14600372314453,0.0,0.0
TDS,2014-02-26 19:00:00-05:00,22.510000228881836,23.969999313354492,22.510000228881836,23.34000015258789,1521300,16.838592529296875,0.0,0.0
TDS,2014-02-27 19:00:00-05:00,23.219999313354492,23.280000686645508,22.649999618530273,22.790000915527344,1162100,16.441804885864258,0.0,0.0
TDS,2014-03-02 19:00:00-05:00,23.270000457763672,25.219999313354492,23.270000457763672,24.40999984741211,1607300,17.61054801940918,0.0,0.0
TDS,2014-03-03 19:00:00-05:00,24.56999969482422,25.040000915527344,24.149999618530273,24.56999969482422,1378200,17.72597312927246,0.0,0.0
TDS,2014-03-04 19:00:00-05:00,24.549999237060547,24.799999237060547,23.920000076293945,23.950000762939453,832800,17.27867889404297,0.0,0.0
TDS,2014-03-05 19:00:00-05:00,23.950000762939453,24.149999618530273,23.770000457763672,23.950000762939453,1226400,17.27867889404297,0.0,0.0
TDS,2014-03-06 19:00:00-05:00,23.959999084472656,24.09000015258789,23.43000030517578,23.649999618530273,1057700,17.062246322631836,0.0,0.0
TDS,2014-03-09 20:00:00-04:00,23.649999618530273,23.790000915527344,23.40999984741211,23.700000762939453,803000,17.098318099975586,0.0,0.0
TDS,2014-03-10 20:00:00-04:00,23.709999084472656,23.770000457763672,23.450000762939453,23.6299991607666,1116700,17.047813415527344,0.0,0.0
TDS,2014-03-11 20:00:00-04:00,23.34000015258789,23.510000228881836,23.139999389648438,23.3799991607666,685200,16.963645935058594,0.134,0.0
TDS,2014-03-12 20:00:00-04:00,23.420000076293945,23.510000228881836,23.18000030517578,23.280000686645508,797000,16.891094207763672,0.0,0.0
TDS,2014-03-13 20:00:00-04:00,23.270000457763672,23.489999771118164,23.079999923706055,23.260000228881836,534100,16.876583099365234,0.0,0.0
TDS,2014-03-16 20:00:00-04:00,23.309999465942383,23.950000762939453,23.229999542236328,23.90999984741211,735200,17.348196029663086,0.0,0.0
TDS,2014-03-17 20:00:00-04:00,23.959999084472656,24.829999923706055,23.90999984741211,24.489999771118164,1234700,17.76902198791504,0.0,0.0
TDS,2014-03-18 20:00:00-04:00,24.510000228881836,24.75,24.329999923706055,24.399999618530273,582100,17.70372772216797,0.0,0.0
TDS,2014-03-19 20:00:00-04:00,24.399999618530273,25.219999313354492,24.3700008392334,25.1200008392334,571400,18.22612953186035,0.0,0.0
TDS,2014-03-20 20:00:00-04:00,25.280000686645508,25.520000457763672,25.020000457763672,25.290000915527344,1206600,18.34947967529297,0.0,0.0
TDS,2014-03-23 20:00:00-04:00,25.440000534057617,25.559999465942383,25.09000015258789,25.510000228881836,684600,18.50910186767578,0.0,0.0
TDS,2014-03-24 20:00:00-04:00,25.520000457763672,25.81999969482422,24.709999084472656,24.90999984741211,543500,18.07376480102539,0.0,0.0
TDS,2014-03-25 20:00:00-04:00,25.059999465942383,25.270000457763672,24.950000762939453,25.1299991607666,802500,18.233383178710938,0.0,0.0
TDS,2014-03-26 20:00:00-04:00,25.149999618530273,25.649999618530273,25.149999618530273,25.260000228881836,602400,18.327707290649414,0.0,0.0
TDS,2014-03-27 20:00:00-04:00,25.299999237060547,25.709999084472656,25.25,25.540000915527344,514400,18.530864715576172,0.0,0.0
TDS,2014-03-30 20:00:00-04:00,25.729999542236328,26.219999313354492,25.510000228881836,26.209999084472656,654200,19.01698875427246,0.0,0.0
TDS,2014-03-31 20:00:00-04:00,26.260000228881836,26.93000030517578,25.969999313354492,26.809999465942383,913300,19.452335357666016,0.0,0.0
TDS,2014-04-01 20:00:00-04:00,26.760000228881836,26.920000076293945,26.6200008392334,26.719999313354492,487100,19.387022018432617,0.0,0.0
TDS,2014-04-02 20:00:00-04:00,26.719999313354492,26.760000228881836,26.5,26.5,468300,19.22740364074707,0.0,0.0
TDS,2014-04-03 20:00:00-04:00,26.59000015258789,26.729999542236328,26.149999618530273,26.25,467000,19.0460147857666,0.0,0.0
TDS,2014-04-06 20:00:00-04:00,26.15999984741211,26.34000015258789,25.969999313354492,26.270000457763672,515500,19.060523986816406,0.0,0.0
TDS,2014-04-07 20:00:00-04:00,26.34000015258789,26.649999618530273,26.190000534057617,26.350000381469727,683400,19.118572235107422,0.0,0.0
TDS,2014-04-08 20:00:00-04:00,26.479999542236328,26.6200008392334,26.219999313354492,26.489999771118164,572100,19.220151901245117,0.0,0.0
TDS,2014-04-09 20:00:00-04:00,26.450000762939453,26.68000030517578,26.059999465942383,26.25,686500,19.0460147857666,0.0,0.0
TDS,2014-04-10 20:00:00-04:00,26.010000228881836,26.360000610351562,25.950000762939453,26.139999389648438,766500,18.966203689575195,0.0,0.0
TDS,2014-04-13 20:00:00-04:00,26.440000534057617,26.979999542236328,26.209999084472656,26.290000915527344,587100,19.075040817260742,0.0,0.0
TDS,2014-04-14 20:00:00-04:00,26.270000457763672,26.440000534057617,26.030000686645508,26.3700008392334,609800,19.133073806762695,0.0,0.0
TDS,2014-04-15 20:00:00-04:00,26.549999237060547,26.549999237060547,26.030000686645508,26.389999389648438,432800,19.14759635925293,0.0,0.0
TDS,2014-04-16 20:00:00-04:00,26.31999969482422,26.959999084472656,26.31999969482422,26.770000457763672,1282600,19.42330551147461,0.0,0.0
TDS,2014-04-20 20:00:00-04:00,26.790000915527344,26.799999237060547,26.219999313354492,26.3700008392334,449100,19.133073806762695,0.0,0.0
TDS,2014-04-21 20:00:00-04:00,26.31999969482422,26.969999313354492,26.25,26.959999084472656,560300,19.561159133911133,0.0,0.0
TDS,2014-04-22 20:00:00-04:00,26.8700008392334,27.079999923706055,26.469999313354492,26.700000762939453,695800,19.372520446777344,0.0,0.0
TDS,2014-04-23 20:00:00-04:00,26.790000915527344,26.790000915527344,26.149999618530273,26.469999313354492,583300,19.20564079284668,0.0,0.0
TDS,2014-04-24 20:00:00-04:00,26.40999984741211,26.719999313354492,26.200000762939453,26.309999465942383,435000,19.089548110961914,0.0,0.0
TDS,2014-04-27 20:00:00-04:00,26.389999389648438,26.670000076293945,26.200000762939453,26.3700008392334,573900,19.133073806762695,0.0,0.0
TDS,2014-04-28 20:00:00-04:00,26.489999771118164,26.989999771118164,26.40999984741211,26.43000030517578,378700,19.176616668701172,0.0,0.0
TDS,2014-04-29 20:00:00-04:00,26.40999984741211,27.239999771118164,26.3799991607666,27.190000534057617,481000,19.728038787841797,0.0,0.0
TDS,2014-04-30 20:00:00-04:00,27.299999237060547,27.610000610351562,26.860000610351562,27.5,1292900,19.95296859741211,0.0,0.0
TDS,2014-05-01 20:00:00-04:00,27.739999771118164,28.25,27.010000228881836,27.020000457763672,713200,19.60469627380371,0.0,0.0
TDS,2014-05-04 20:00:00-04:00,26.8700008392334,27.350000381469727,26.770000457763672,27.229999542236328,645600,19.75705909729004,0.0,0.0
TDS,2014-05-05 20:00:00-04:00,27.209999084472656,27.5,27.100000381469727,27.420000076293945,410700,19.89491844177246,0.0,0.0
TDS,2014-05-06 20:00:00-04:00,27.43000030517578,27.6200008392334,27.15999984741211,27.59000015258789,491100,20.01827049255371,0.0,0.0
TDS,2014-05-07 20:00:00-04:00,27.520000457763672,27.950000762939453,27.1200008392334,27.1200008392334,479700,19.677249908447266,0.0,0.0
TDS,2014-05-08 20:00:00-04:00,27.079999923706055,27.299999237060547,26.989999771118164,27.020000457763672,640300,19.60469627380371,0.0,0.0
TDS,2014-05-11 20:00:00-04:00,27.030000686645508,27.43000030517578,27.0,27.40999984741211,504200,19.887662887573242,0.0,0.0
TDS,2014-05-12 20:00:00-04:00,27.450000762939453,27.479999542236328,27.219999313354492,27.34000015258789,694100,19.83687973022461,0.0,0.0
TDS,2014-05-13 20:00:00-04:00,27.299999237060547,27.459999084472656,27.09000015258789,27.139999389648438,337000,19.691755294799805,0.0,0.0
TDS,2014-05-14 20:00:00-04:00,27.110000610351562,27.239999771118164,26.520000457763672,26.760000228881836,433000,19.41604995727539,0.0,0.0
TDS,2014-05-15 20:00:00-04:00,26.829999923706055,27.010000228881836,26.68000030517578,26.829999923706055,383400,19.466838836669922,0.0,0.0
TDS,2014-05-18 20:00:00-04:00,26.84000015258789,27.020000457763672,26.59000015258789,26.65999984741211,753900,19.343496322631836,0.0,0.0
TDS,2014-05-19 20:00:00-04:00,26.6299991607666,26.760000228881836,26.190000534057617,26.200000762939453,444400,19.009735107421875,0.0,0.0
TDS,2014-05-20 20:00:00-04:00,26.229999542236328,26.450000762939453,26.209999084472656,26.239999771118164,348000,19.038755416870117,0.0,0.0
TDS,2014-05-21 20:00:00-04:00,26.25,26.84000015258789,26.25,26.59000015258789,362500,19.29270362854004,0.0,0.0
TDS,2014-05-22 20:00:00-04:00,26.56999969482422,27.0,26.530000686645508,26.889999389648438,337200,19.510377883911133,0.0,0.0
TDS,2014-05-26 20:00:00-04:00,27.0,27.020000457763672,26.690000534057617,26.760000228881836,270500,19.41604995727539,0.0,0.0
TDS,2014-05-27 20:00:00-04:00,26.75,26.979999542236328,26.510000228881836,26.700000762939453,465800,19.372520446777344,0.0,0.0
TDS,2014-05-28 20:00:00-04:00,26.799999237060547,27.3700008392334,26.6299991607666,27.190000534057617,308200,19.728038787841797,0.0,0.0
TDS,2014-05-29 20:00:00-04:00,27.600000381469727,28.40999984741211,27.420000076293945,27.709999084472656,571400,20.105335235595703,0.0,0.0
TDS,2014-06-01 20:00:00-04:00,27.700000762939453,27.780000686645508,26.989999771118164,27.100000381469727,476600,19.66274642944336,0.0,0.0
TDS,2014-06-02 20:00:00-04:00,27.06999969482422,27.280000686645508,26.8700008392334,26.979999542236328,447400,19.57567024230957,0.0,0.0
TDS,2014-06-03 20:00:00-04:00,27.0,27.0,26.56999969482422,26.610000610351562,349100,19.307218551635742,0.0,0.0
TDS,2014-06-04 20:00:00-04:00,26.709999084472656,26.790000915527344,26.309999465942383,26.770000457763672,374800,19.42330551147461,0.0,0.0
TDS,2014-06-05 20:00:00-04:00,26.81999969482422,27.0,26.459999084472656,26.459999084472656,351700,19.198383331298828,0.0,0.0
TDS,2014-06-08 20:00:00-04:00,26.469999313354492,26.6299991607666,26.209999084472656,26.360000610351562,486900,19.125835418701172,0.0,0.0
TDS,2014-06-09 20:00:00-04:00,26.3799991607666,26.479999542236328,26.1299991607666,26.360000610351562,367100,19.125835418701172,0.0,0.0
TDS,2014-06-10 20:00:00-04:00,26.209999084472656,26.350000381469727,25.59000015258789,25.670000076293945,449400,18.720352172851562,0.134,0.0
TDS,2014-06-11 20:00:00-04:00,25.59000015258789,25.719999313354492,25.149999618530273,25.219999313354492,502000,18.392181396484375,0.0,0.0
TDS,2014-06-12 20:00:00-04:00,25.229999542236328,25.510000228881836,25.049999237060547,25.350000381469727,660300,18.48697853088379,0.0,0.0
TDS,2014-06-15 20:00:00-04:00,25.309999465942383,25.350000381469727,24.670000076293945,25.31999969482422,707200,18.46510887145996,0.0,0.0
TDS,2014-06-16 20:00:00-04:00,25.329999923706055,25.81999969482422,25.31999969482422,25.579999923706055,661000,18.65471839904785,0.0,0.0
TDS,2014-06-17 20:00:00-04:00,25.56999969482422,26.049999237060547,25.540000915527344,26.0,1656600,18.96101188659668,0.0,0.0
TDS,2014-06-18 20:00:00-04:00,26.0,26.079999923706055,25.760000228881836,25.989999771118164,441700,18.953720092773438,0.0,0.0
TDS,2014-06-19 20:00:00-04:00,26.0,26.020000457763672,25.260000228881836,25.760000228881836,1101400,18.785985946655273,0.0,0.0
TDS,2014-06-22 20:00:00-04:00,25.799999237060547,25.799999237060547,25.219999313354492,25.489999771118164,538100,18.589082717895508,0.0,0.0
TDS,2014-06-23 20:00:00-04:00,25.40999984741211,25.850000381469727,25.299999237060547,25.350000381469727,654100,18.48697853088379,0.0,0.0
TDS,2014-06-24 20:00:00-04:00,25.329999923706055,25.8799991607666,25.31999969482422,25.8799991607666,494600,18.87350082397461,0.0,0.0
TDS,2014-06-25 20:00:00-04:00,25.829999923706055,25.90999984741211,25.6299991607666,25.799999237060547,403600,18.815156936645508,0.0,0.0
TDS,2014-06-26 20:00:00-04:00,25.690000534057617,26.049999237060547,25.549999237060547,26.0,916800,18.96101188659668,0.0,0.0
TDS,2014-06-29 20:00:00-04:00,25.940000534057617,26.15999984741211,25.68000030517578,26.110000610351562,838400,19.041221618652344,0.0,0.0
TDS,2014-06-30 20:00:00-04:00,26.200000762939453,26.290000915527344,25.600000381469727,25.670000076293945,866000,18.720352172851562,0.0,0.0
TDS,2014-07-01 20:00:00-04:00,25.75,26.3700008392334,25.65999984741211,26.079999923706055,677300,19.019351959228516,0.0,0.0
TDS,2014-07-02 20:00:00-04:00,26.110000610351562,26.31999969482422,25.950000762939453,26.31999969482422,494100,19.194374084472656,0.0,0.0
TDS,2014-07-06 20:00:00-04:00,26.18000030517578,26.34000015258789,25.780000686645508,25.950000762939453,495600,18.924545288085938,0.0,0.0
TDS,2014-07-07 20:00:00-04:00,25.8700008392334,25.950000762939453,25.190000534057617,25.40999984741211,710500,18.530736923217773,0.0,0.0
TDS,2014-07-08 20:00:00-04:00,25.520000457763672,25.579999923706055,25.040000915527344,25.18000030517578,582500,18.363012313842773,0.0,0.0
TDS,2014-07-09 20:00:00-04:00,24.90999984741211,25.40999984741211,24.780000686645508,25.280000686645508,506700,18.435935974121094,0.0,0.0
TDS,2014-07-10 20:00:00-04:00,25.329999923706055,25.399999618530273,24.969999313354492,25.239999771118164,485000,18.406763076782227,0.0,0.0
TDS,2014-07-13 20:00:00-04:00,25.43000030517578,25.649999618530273,25.280000686645508,25.479999542236328,436900,18.58179473876953,0.0,0.0
TDS,2014-07-14 20:00:00-04:00,25.469999313354492,25.530000686645508,25.040000915527344,25.270000457763672,451700,18.428640365600586,0.0,0.0
TDS,2014-07-15 20:00:00-04:00,25.420000076293945,25.90999984741211,25.06999969482422,25.690000534057617,914400,18.734935760498047,0.0,0.0
TDS,2014-07-16 20:00:00-04:00,25.549999237060547,25.639999389648438,25.030000686645508,25.15999984741211,568700,18.348421096801758,0.0,0.0
TDS,2014-07-17 20:00:00-04:00,25.200000762939453,25.549999237060547,25.100000381469727,25.530000686645508,1500700,18.618257522583008,0.0,0.0
TDS,2014-07-20 20:00:00-04:00,25.43000030517578,25.43000030517578,24.6299991607666,24.709999084472656,847800,18.020254135131836,0.0,0.0
TDS,2014-07-21 20:00:00-04:00,24.84000015258789,25.1200008392334,24.3700008392334,24.450000762939453,872400,17.83064079284668,0.0,0.0
TDS,2014-07-22 20:00:00-04:00,24.489999771118164,24.75,24.290000915527344,24.729999542236328,679100,18.03483772277832,0.0,0.0
TDS,2014-07-23 20:00:00-04:00,24.75,24.93000030517578,24.6200008392334,24.8700008392334,428900,18.13693618774414,0.0,0.0
TDS,2014-07-24 20:00:00-04:00,24.799999237060547,24.899999618530273,24.450000762939453,24.469999313354492,461500,17.84522819519043,0.0,0.0
TDS,2014-07-27 20:00:00-04:00,24.5,24.65999984741211,24.43000030517578,24.649999618530273,321900,17.976497650146484,0.0,0.0
TDS,2014-07-28 20:00:00-04:00,24.90999984741211,26.049999237060547,24.899999618530273,25.920000076293945,1111900,18.902671813964844,0.0,0.0
TDS,2014-07-29 20:00:00-04:00,25.93000030517578,26.0,25.06999969482422,25.280000686645508,550200,18.435935974121094,0.0,0.0
TDS,2014-07-30 20:00:00-04:00,25.1200008392334,25.239999771118164,24.860000610351562,25.0,711600,18.231739044189453,0.0,0.0
TDS,2014-07-31 20:00:00-04:00,24.520000457763672,24.889999389648438,23.450000762939453,24.5,1422700,17.867111206054688,0.0,0.0
TDS,2014-08-03 20:00:00-04:00,24.5,24.56999969482422,23.079999923706055,23.469999313354492,1852200,17.115957260131836,0.0,0.0
TDS,2014-08-04 20:00:00-04:00,24.309999465942383,26.049999237060547,24.299999237060547,25.549999237060547,2353200,18.632843017578125,0.0,0.0
TDS,2014-08-05 20:00:00-04:00,25.43000030517578,25.530000686645508,24.5,24.600000381469727,1208900,17.940034866333008,0.0,0.0
TDS,2014-08-06 20:00:00-04:00,24.799999237060547,24.899999618530273,24.520000457763672,24.700000762939453,697000,18.01296043395996,0.0,0.0
TDS,2014-08-07 20:00:00-04:00,24.68000030517578,24.889999389648438,24.389999389648438,24.889999389648438,711700,18.151517868041992,0.0,0.0
TDS,2014-08-10 20:00:00-04:00,24.889999389648438,25.079999923706055,24.549999237060547,24.670000076293945,394400,17.991077423095703,0.0,0.0
TDS,2014-08-11 20:00:00-04:00,24.670000076293945,25.5,24.649999618530273,25.299999237060547,641300,18.450523376464844,0.0,0.0
TDS,2014-08-12 20:00:00-04:00,25.40999984741211,25.520000457763672,25.18000030517578,25.34000015258789,448200,18.479694366455078,0.0,0.0
TDS,2014-08-13 20:00:00-04:00,25.389999389648438,25.510000228881836,25.31999969482422,25.5,499300,18.59637451171875,0.0,0.0
TDS,2014-08-14 20:00:00-04:00,25.610000610351562,25.690000534057617,25.09000015258789,25.329999923706055,391400,18.472394943237305,0.0,0.0
TDS,2014-08-17 20:00:00-04:00,25.469999313354492,25.530000686645508,25.3799991607666,25.5,411200,18.59637451171875,0.0,0.0
TDS,2014-08-18 20:00:00-04:00,25.5,25.610000610351562,25.3700008392334,25.420000076293945,475000,18.538034439086914,0.0,0.0
TDS,2014-08-19 20:00:00-04:00,25.329999923706055,25.520000457763672,25.209999084472656,25.5,391900,18.59637451171875,0.0,0.0
TDS,2014-08-20 20:00:00-04:00,25.520000457763672,25.690000534057617,25.450000762939453,25.479999542236328,496300,18.58179473876953,0.0,0.0
TDS,2014-08-21 20:00:00-04:00,25.489999771118164,25.65999984741211,25.360000610351562,25.6200008392334,320600,18.683887481689453,0.0,0.0
TDS,2014-08-24 20:00:00-04:00,25.700000762939453,25.829999923706055,25.549999237060547,25.59000015258789,290100,18.662010192871094,0.0,0.0
TDS,2014-08-25 20:00:00-04:00,25.600000381469727,25.889999389648438,25.5,25.829999923706055,342000,18.837032318115234,0.0,0.0
TDS,2014-08-26 20:00:00-04:00,25.8799991607666,26.1299991607666,25.6200008392334,26.020000457763672,302800,18.975597381591797,0.0,0.0
TDS,2014-08-27 20:00:00-04:00,25.959999084472656,25.959999084472656,25.56999969482422,25.719999313354492,385600,18.756818771362305,0.0,0.0
TDS,2014-08-28 20:00:00-04:00,25.770000457763672,26.420000076293945,25.6299991607666,26.34000015258789,433000,19.208967208862305,0.0,0.0
TDS,2014-09-01 20:00:00-04:00,26.31999969482422,26.469999313354492,25.850000381469727,26.450000762939453,776900,19.2891788482666,0.0,0.0
TDS,2014-09-02 20:00:00-04:00,26.450000762939453,26.780000686645508,26.420000076293945,26.510000228881836,296100,19.332937240600586,0.0,0.0
TDS,2014-09-03 20:00:00-04:00,26.56999969482422,26.93000030517578,26.3700008392334,26.579999923706055,381500,19.38398551940918,0.0,0.0
TDS,2014-09-04 20:00:00-04:00,26.600000381469727,26.799999237060547,26.420000076293945,26.729999542236328,293100,19.493379592895508,0.0,0.0
TDS,2014-09-07 20:00:00-04:00,26.700000762939453,26.889999389648438,26.459999084472656,26.760000228881836,463900,19.515256881713867,0.0,0.0
TDS,2014-09-08 20:00:00-04:00,26.760000228881836,26.760000228881836,26.079999923706055,26.190000534057617,392300,19.09957504272461,0.0,0.0
TDS,2014-09-09 20:00:00-04:00,26.209999084472656,26.309999465942383,25.790000915527344,26.18000030517578,349900,19.092273712158203,0.0,0.0
TDS,2014-09-10 20:00:00-04:00,25.90999984741211,26.520000457763672,25.809999465942383,26.440000534057617,540300,19.38109588623047,0.134,0.0
TDS,2014-09-11 20:00:00-04:00,26.43000030517578,26.540000915527344,25.81999969482422,25.8799991607666,619100,18.970598220825195,0.0,0.0
TDS,2014-09-14 20:00:00-04:00,26.0,26.100000381469727,25.649999618530273,25.75,288400,18.875301361083984,0.0,0.0
TDS,2014-09-15 20:00:00-04:00,25.700000762939453,25.920000076293945,25.530000686645508,25.719999313354492,618400,18.853317260742188,0.0,0.0
TDS,2014-09-16 20:00:00-04:00,25.690000534057617,25.959999084472656,25.5,25.790000915527344,373300,18.904624938964844,0.0,0.0
TDS,2014-09-17 20:00:00-04:00,25.799999237060547,26.030000686645508,25.739999771118164,25.75,250300,18.875301361083984,0.0,0.0
TDS,2014-09-18 20:00:00-04:00,25.790000915527344,25.790000915527344,25.079999923706055,25.309999465942383,758900,18.552776336669922,0.0,0.0
TDS,2014-09-21 20:00:00-04:00,25.280000686645508,25.280000686645508,24.81999969482422,24.8799991607666,322900,18.237573623657227,0.0,0.0
TDS,2014-09-22 20:00:00-04:00,24.790000915527344,24.8799991607666,24.479999542236328,24.520000457763672,327400,17.973690032958984,0.0,0.0
TDS,2014-09-23 20:00:00-04:00,24.559999465942383,24.770000457763672,24.219999313354492,24.690000534057617,374900,18.098302841186523,0.0,0.0
TDS,2014-09-24 20:00:00-04:00,24.549999237060547,24.559999465942383,24.100000381469727,24.280000686645508,472500,17.797761917114258,0.0,0.0
TDS,2014-09-25 20:00:00-04:00,24.31999969482422,24.600000381469727,24.239999771118164,24.489999771118164,373000,17.951698303222656,0.0,0.0
TDS,2014-09-28 20:00:00-04:00,24.309999465942383,24.440000534057617,23.780000686645508,23.969999313354492,422900,17.57052993774414,0.0,0.0
TDS,2014-09-29 20:00:00-04:00,23.90999984741211,24.139999389648438,23.760000228881836,23.959999084472656,426900,17.563201904296875,0.0,0.0
TDS,2014-09-30 20:00:00-04:00,23.950000762939453,24.190000534057617,23.420000076293945,23.43000030517578,880600,17.17469024658203,0.0,0.0
TDS,2014-10-01 20:00:00-04:00,23.360000610351562,23.760000228881836,22.959999084472656,23.440000534057617,504900,17.182022094726562,0.0,0.0
TDS,2014-10-02 20:00:00-04:00,23.610000610351562,23.719999313354492,23.299999237060547,23.43000030517578,418200,17.17469024658203,0.0,0.0
TDS,2014-10-05 20:00:00-04:00,23.540000915527344,23.770000457763672,23.360000610351562,23.549999237060547,381100,17.262659072875977,0.0,0.0
TDS,2014-10-06 20:00:00-04:00,23.3799991607666,23.760000228881836,23.31999969482422,23.5,568800,17.22600555419922,0.0,0.0
TDS,2014-10-07 20:00:00-04:00,23.540000915527344,23.65999984741211,22.989999771118164,23.6299991607666,474900,17.32130241394043,0.0,0.0
TDS,2014-10-08 20:00:00-04:00,23.549999237060547,23.860000610351562,22.739999771118164,22.860000610351562,592500,16.756872177124023,0.0,0.0
TDS,2014-10-09 20:00:00-04:00,22.81999969482422,23.139999389648438,22.219999313354492,22.229999542236328,441300,16.29506492614746,0.0,0.0
TDS,2014-10-12 20:00:00-04:00,22.260000228881836,22.8799991607666,22.260000228881836,22.399999618530273,549800,16.419681549072266,0.0,0.0
TDS,2014-10-13 20:00:00-04:00,22.520000457763672,22.760000228881836,22.350000381469727,22.479999542236328,527900,16.47832679748535,0.0,0.0
TDS,2014-10-14 20:00:00-04:00,22.25,23.489999771118164,22.190000534057617,23.200000762939453,719400,17.0060977935791,0.0,0.0
TDS,2014-10-15 20:00:00-04:00,22.809999465942383,23.549999237060547,22.610000610351562,23.399999618530273,730500,17.152706146240234,0.0,0.0
TDS,2014-10-16 20:00:00-04:00,23.68000030517578,23.729999542236328,23.110000610351562,23.399999618530273,1133800,17.152706146240234,0.0,0.0
TDS,2014-10-19 20:00:00-04:00,23.329999923706055,24.299999237060547,23.329999923706055,24.059999465942383,449700,17.636497497558594,0.0,0.0
TDS,2014-10-20 20:00:00-04:00,24.079999923706055,24.610000610351562,24.079999923706055,24.520000457763672,380200,17.973690032958984,0.0,0.0
TDS,2014-10-21 20:00:00-04:00,24.559999465942383,24.790000915527344,24.350000381469727,24.43000030517578,371500,17.90771484375,0.0,0.0
TDS,2014-10-22 20:00:00-04:00,24.6200008392334,24.90999984741211,24.049999237060547,24.799999237060547,350600,18.178930282592773,0.0,0.0
TDS,2014-10-23 20:00:00-04:00,24.8799991607666,24.90999984741211,24.59000015258789,24.799999237060547,258900,18.178930282592773,0.0,0.0
TDS,2014-10-26 20:00:00-04:00,24.68000030517578,24.969999313354492,24.520000457763672,24.889999389648438,276100,18.244905471801758,0.0,0.0
TDS,2014-10-27 20:00:00-04:00,25.110000610351562,25.149999618530273,24.84000015258789,25.1200008392334,555900,18.413501739501953,0.0,0.0
TDS,2014-10-28 20:00:00-04:00,25.079999923706055,25.350000381469727,24.850000381469727,25.0,586100,18.32554054260254,0.0,0.0
TDS,2014-10-29 20:00:00-04:00,24.940000534057617,25.06999969482422,24.850000381469727,24.93000030517578,898500,18.27422523498535,0.0,0.0
TDS,2014-10-30 20:00:00-04:00,25.68000030517578,26.110000610351562,24.559999465942383,25.639999389648438,1051000,18.7946720123291,0.0,0.0
TDS,2014-11-02 19:00:00-05:00,25.690000534057617,26.280000686645508,25.510000228881836,25.59000015258789,1125700,18.758020401000977,0.0,0.0
TDS,2014-11-03 19:00:00-05:00,25.40999984741211,26.06999969482422,25.399999618530273,26.0,836300,19.058565139770508,0.0,0.0
TDS,2014-11-04 19:00:00-05:00,26.09000015258789,26.09000015258789,25.6299991607666,25.68000030517578,467100,18.823989868164062,0.0,0.0
TDS,2014-11-05 19:00:00-05:00,25.670000076293945,25.790000915527344,25.3799991607666,25.690000534057617,384000,18.831327438354492,0.0,0.0
TDS,2014-11-06 19:00:00-05:00,25.65999984741211,26.3799991607666,25.559999465942383,26.350000381469727,407100,19.315114974975586,0.0,0.0
TDS,2014-11-09 19:00:00-05:00,26.31999969482422,26.489999771118164,25.84000015258789,26.030000686645508,501000,19.080547332763672,0.0,0.0
TDS,2014-11-10 19:00:00-05:00,26.059999465942383,26.1299991607666,25.65999984741211,25.850000381469727,414500,18.948610305786133,0.0,0.0
TDS,2014-11-11 19:00:00-05:00,25.719999313354492,26.1299991607666,25.649999618530273,25.979999542236328,353100,19.04389762878418,0.0,0.0
TDS,2014-11-12 19:00:00-05:00,25.959999084472656,26.09000015258789,25.440000534057617,25.489999771118164,419800,18.684722900390625,0.0,0.0
TDS,2014-11-13 19:00:00-05:00,25.459999084472656,25.90999984741211,25.450000762939453,25.829999923706055,346600,18.93394660949707,0.0,0.0
TDS,2014-11-16 19:00:00-05:00,25.709999084472656,25.860000610351562,25.40999984741211,25.65999984741211,315600,18.80933380126953,0.0,0.0
TDS,2014-11-17 19:00:00-05:00,25.690000534057617,25.790000915527344,25.540000915527344,25.639999389648438,408800,18.7946720123291,0.0,0.0
TDS,2014-11-18 19:00:00-05:00,25.59000015258789,25.59000015258789,24.979999542236328,25.149999618530273,447900,18.435497283935547,0.0,0.0
TDS,2014-11-19 19:00:00-05:00,25.0,25.290000915527344,24.93000030517578,25.239999771118164,326900,18.501461029052734,0.0,0.0
TDS,2014-11-20 19:00:00-05:00,25.520000457763672,25.579999923706055,25.1200008392334,25.280000686645508,304200,18.53078842163086,0.0,0.0
TDS,2014-11-23 19:00:00-05:00,25.469999313354492,25.469999313354492,25.100000381469727,25.209999084472656,418200,18.47947883605957,0.0,0.0
TDS,2014-11-24 19:00:00-05:00,25.219999313354492,25.239999771118164,24.889999389648438,24.950000762939453,826300,18.28888702392578,0.0,0.0
TDS,2014-11-25 19:00:00-05:00,24.950000762939453,25.170000076293945,24.75,24.84000015258789,778300,18.208251953125,0.0,0.0
TDS,2014-11-27 19:00:00-05:00,24.84000015258789,25.68000030517578,24.6200008392334,25.559999465942383,306100,18.736034393310547,0.0,0.0
TDS,2014-11-30 19:00:00-05:00,25.559999465942383,25.579999923706055,25.110000610351562,25.1299991607666,419000,18.42082977294922,0.0,0.0
TDS,2014-12-01 19:00:00-05:00,25.09000015258789,25.290000915527344,24.899999618530273,25.0,354400,18.32554054260254,0.0,0.0
TDS,2014-12-02 19:00:00-05:00,25.020000457763672,25.15999984741211,24.75,24.84000015258789,362200,18.208251953125,0.0,0.0
TDS,2014-12-03 19:00:00-05:00,24.799999237060547,24.8799991607666,24.450000762939453,24.84000015258789,445200,18.208251953125,0.0,0.0
TDS,2014-12-04 19:00:00-05:00,24.90999984741211,25.139999389648438,24.610000610351562,24.81999969482422,347400,18.19359588623047,0.0,0.0
TDS,2014-12-07 19:00:00-05:00,24.700000762939453,24.8700008392334,24.59000015258789,24.770000457763672,345700,18.156946182250977,0.0,0.0
TDS,2014-12-08 19:00:00-05:00,24.450000762939453,24.8700008392334,24.270000457763672,24.799999237060547,394100,18.178930282592773,0.0,0.0
TDS,2014-12-09 19:00:00-05:00,24.719999313354492,24.790000915527344,23.850000381469727,23.860000610351562,479500,17.489896774291992,0.0,0.0
TDS,2014-12-10 19:00:00-05:00,23.81999969482422,24.239999771118164,23.790000915527344,23.850000381469727,391700,17.581300735473633,0.134,0.0
TDS,2014-12-11 19:00:00-05:00,23.610000610351562,23.739999771118164,23.260000228881836,23.360000610351562,380900,17.220090866088867,0.0,0.0
TDS,2014-12-14 19:00:00-05:00,23.440000534057617,23.520000457763672,22.93000030517578,22.950000762939453,508700,16.917858123779297,0.0,0.0
TDS,2014-12-15 19:00:00-05:00,22.829999923706055,23.489999771118164,22.770000457763672,23.149999618530273,514700,17.065290451049805,0.0,0.0
TDS,2014-12-16 19:00:00-05:00,23.149999618530273,23.940000534057617,22.950000762939453,23.860000610351562,381000,17.588668823242188,0.0,0.0
TDS,2014-12-17 19:00:00-05:00,24.190000534057617,24.540000915527344,24.040000915527344,24.40999984741211,492500,17.99411392211914,0.0,0.0
TDS,2014-12-18 19:00:00-05:00,24.3700008392334,24.84000015258789,24.270000457763672,24.829999923706055,1004900,18.30371856689453,0.0,0.0
TDS,2014-12-21 19:00:00-05:00,24.860000610351562,25.010000228881836,24.6200008392334,24.969999313354492,303700,18.406919479370117,0.0,0.0
TDS,2014-12-22 19:00:00-05:00,25.1299991607666,25.3799991607666,24.75,24.829999923706055,253600,18.30371856689453,0.0,0.0
TDS,2014-12-23 19:00:00-05:00,24.760000228881836,24.790000915527344,24.25,24.469999313354492,292400,18.03834342956543,0.0,0.0
TDS,2014-12-25 19:00:00-05:00,24.549999237060547,24.760000228881836,24.350000381469727,24.670000076293945,369100,18.185771942138672,0.0,0.0
TDS,2014-12-28 19:00:00-05:00,24.579999923706055,26.09000015258789,24.559999465942383,26.010000228881836,594600,19.173572540283203,0.0,0.0
TDS,2014-12-29 19:00:00-05:00,25.760000228881836,26.3700008392334,25.59000015258789,26.079999923706055,620300,19.225173950195312,0.0,0.0
TDS,2014-12-30 19:00:00-05:00,26.18000030517578,26.18000030517578,25.229999542236328,25.25,715000,18.613327026367188,0.0,0.0
TDS,2015-01-01 19:00:00-05:00,25.3799991607666,25.5,25.110000610351562,25.309999465942383,433100,18.657556533813477,0.0,0.0
TDS,2015-01-04 19:00:00-05:00,25.309999465942383,25.329999923706055,23.520000457763672,23.950000762939453,920400,17.655019760131836,0.0,0.0
TDS,2015-01-05 19:00:00-05:00,23.959999084472656,24.360000610351562,23.540000915527344,23.690000534057617,1253700,17.463356018066406,0.0,0.0
TDS,2015-01-06 19:00:00-05:00,23.899999618530273,23.899999618530273,23.360000610351562,23.75,843900,17.50758934020996,0.0,0.0
TDS,2015-01-07 19:00:00-05:00,24.020000457763672,24.770000457763672,23.75,24.579999923706055,832400,18.119430541992188,0.0,0.0
TDS,2015-01-08 19:00:00-05:00,24.549999237060547,24.600000381469727,24.1200008392334,24.200000762939453,589900,17.839311599731445,0.0,0.0
TDS,2015-01-11 19:00:00-05:00,24.219999313354492,24.56999969482422,24.030000686645508,24.469999313354492,403500,18.03834342956543,0.0,0.0
TDS,2015-01-12 19:00:00-05:00,24.600000381469727,24.989999771118164,24.190000534057617,24.420000076293945,645900,18.001483917236328,0.0,0.0
TDS,2015-01-13 19:00:00-05:00,24.260000228881836,24.399999618530273,23.450000762939453,23.93000030517578,531500,17.640277862548828,0.0,0.0
TDS,2015-01-14 19:00:00-05:00,23.979999542236328,23.989999771118164,23.290000915527344,23.40999984741211,430300,17.2569522857666,0.0,0.0
TDS,2015-01-15 19:00:00-05:00,23.420000076293945,23.959999084472656,23.34000015258789,23.8799991607666,440200,17.603408813476562,0.0,0.0
TDS,2015-01-19 19:00:00-05:00,23.8700008392334,24.219999313354492,23.520000457763672,23.969999313354492,538300,17.669763565063477,0.0,0.0
TDS,2015-01-20 19:00:00-05:00,23.8700008392334,24.190000534057617,23.649999618530273,24.030000686645508,367600,17.7139892578125,0.0,0.0
TDS,2015-01-21 19:00:00-05:00,24.110000610351562,24.5,23.920000076293945,24.3700008392334,475100,17.96462631225586,0.0,0.0
TDS,2015-01-22 19:00:00-05:00,24.299999237060547,24.420000076293945,23.950000762939453,24.15999984741211,330400,17.80982208251953,0.0,0.0
TDS,2015-01-25 19:00:00-05:00,24.079999923706055,24.489999771118164,23.670000076293945,24.450000762939453,462100,18.02359390258789,0.0,0.0
TDS,2015-01-26 19:00:00-05:00,24.15999984741211,24.31999969482422,23.969999313354492,24.010000228881836,487900,17.699247360229492,0.0,0.0
TDS,2015-01-27 19:00:00-05:00,24.209999084472656,24.399999618530273,23.850000381469727,23.959999084472656,597800,17.662389755249023,0.0,0.0
TDS,2015-01-28 19:00:00-05:00,23.8799991607666,23.889999389648438,23.209999084472656,23.25,996100,17.139009475708008,0.0,0.0
TDS,2015-01-29 19:00:00-05:00,23.010000228881836,23.399999618530273,23.0,23.25,2053800,17.139009475708008,0.0,0.0
TDS,2015-02-01 19:00:00-05:00,23.260000228881836,23.920000076293945,23.170000076293945,23.809999465942383,647800,17.55181884765625,0.0,0.0
TDS,2015-02-02 19:00:00-05:00,24.059999465942383,24.770000457763672,23.90999984741211,24.68000030517578,583100,18.193143844604492,0.0,0.0
TDS,2015-02-03 19:00:00-05:00,24.559999465942383,24.8700008392334,24.3799991607666,24.6200008392334,451900,18.148916244506836,0.0,0.0
TDS,2015-02-04 19:00:00-05:00,24.760000228881836,25.459999084472656,24.59000015258789,25.440000534057617,502600,18.753389358520508,0.0,0.0
TDS,2015-02-05 19:00:00-05:00,25.549999237060547,26.040000915527344,25.40999984741211,25.979999542236328,869000,19.151453018188477,0.0,0.0
TDS,2015-02-08 19:00:00-05:00,25.81999969482422,26.389999389648438,25.739999771118164,26.100000381469727,554000,19.239912033081055,0.0,0.0
TDS,2015-02-09 19:00:00-05:00,26.280000686645508,26.309999465942383,25.81999969482422,26.25,247200,19.350492477416992,0.0,0.0
TDS,2015-02-10 19:00:00-05:00,26.219999313354492,26.43000030517578,25.979999542236328,26.360000610351562,256600,19.431577682495117,0.0,0.0
TDS,2015-02-11 19:00:00-05:00,26.5,26.639999389648438,26.18000030517578,26.239999771118164,316700,19.343120574951172,0.0,0.0
TDS,2015-02-12 19:00:00-05:00,26.239999771118164,26.56999969482422,26.100000381469727,26.229999542236328,369300,19.335744857788086,0.0,0.0
TDS,2015-02-16 19:00:00-05:00,26.170000076293945,26.260000228881836,25.200000762939453,25.290000915527344,971300,18.6428165435791,0.0,0.0
TDS,2015-02-17 19:00:00-05:00,25.139999389648438,25.350000381469727,24.780000686645508,25.139999389648438,680100,18.53223991394043,0.0,0.0
TDS,2015-02-18 19:00:00-05:00,25.100000381469727,25.459999084472656,24.989999771118164,25.25,388700,18.613327026367188,0.0,0.0
TDS,2015-02-19 19:00:00-05:00,25.25,25.350000381469727,24.84000015258789,25.309999465942383,257200,18.657556533813477,0.0,0.0
TDS,2015-02-22 19:00:00-05:00,25.280000686645508,25.3799991607666,24.790000915527344,25.1299991607666,407800,18.52486801147461,0.0,0.0
TDS,2015-02-23 19:00:00-05:00,25.06999969482422,25.459999084472656,25.0,25.25,342200,18.613327026367188,0.0,0.0
TDS,2015-02-24 19:00:00-05:00,25.15999984741211,26.6200008392334,25.15999984741211,26.489999771118164,685600,19.52741050720215,0.0,0.0
TDS,2015-02-25 19:00:00-05:00,26.25,26.459999084472656,25.1200008392334,25.190000534057617,583600,18.569101333618164,0.0,0.0
TDS,2015-02-26 19:00:00-05:00,25.1299991607666,25.65999984741211,25.1299991607666,25.440000534057617,449000,18.753389358520508,0.0,0.0
TDS,2015-03-01 19:00:00-05:00,25.40999984741211,25.459999084472656,24.899999618530273,25.309999465942383,398600,18.657556533813477,0.0,0.0
TDS,2015-03-02 19:00:00-05:00,25.18000030517578,25.360000610351562,24.790000915527344,24.850000381469727,470300,18.318466186523438,0.0,0.0
TDS,2015-03-03 19:00:00-05:00,24.8700008392334,24.93000030517578,24.459999084472656,24.489999771118164,455100,18.053083419799805,0.0,0.0
TDS,2015-03-04 19:00:00-05:00,24.489999771118164,25.25,24.389999389648438,25.1200008392334,931400,18.517501831054688,0.0,0.0
TDS,2015-03-05 19:00:00-05:00,25.040000915527344,25.3799991607666,24.8700008392334,25.25,1480700,18.613327026367188,0.0,0.0
TDS,2015-03-08 20:00:00-04:00,25.309999465942383,25.639999389648438,25.270000457763672,25.290000915527344,646200,18.6428165435791,0.0,0.0
TDS,2015-03-09 20:00:00-04:00,25.040000915527344,25.209999084472656,24.639999389648438,24.760000228881836,494700,18.252117156982422,0.0,0.0
TDS,2015-03-10 20:00:00-04:00,24.770000457763672,25.18000030517578,24.280000686645508,24.989999771118164,760300,18.421663284301758,0.0,0.0
TDS,2015-03-11 20:00:00-04:00,25.020000457763672,25.610000610351562,25.020000457763672,25.530000686645508,577000,18.926523208618164,0.141,0.0
TDS,2015-03-12 20:00:00-04:00,25.43000030517578,25.6299991607666,25.09000015258789,25.360000610351562,562600,18.800493240356445,0.0,0.0
TDS,2015-03-15 20:00:00-04:00,25.440000534057617,25.989999771118164,25.3700008392334,25.790000915527344,424600,19.119272232055664,0.0,0.0
TDS,2015-03-16 20:00:00-04:00,25.75,25.989999771118164,25.579999923706055,25.950000762939453,1136500,19.237884521484375,0.0,0.0
TDS,2015-03-17 20:00:00-04:00,25.920000076293945,26.280000686645508,25.770000457763672,26.1299991607666,755000,19.3713321685791,0.0,0.0
TDS,2015-03-18 20:00:00-04:00,26.030000686645508,26.209999084472656,25.850000381469727,26.110000610351562,282000,19.356502532958984,0.0,0.0
TDS,2015-03-19 20:00:00-04:00,26.209999084472656,26.479999542236328,26.1200008392334,26.270000457763672,1135700,19.475116729736328,0.0,0.0
TDS,2015-03-22 20:00:00-04:00,26.270000457763672,26.420000076293945,26.190000534057617,26.3700008392334,670200,19.549251556396484,0.0,0.0
TDS,2015-03-23 20:00:00-04:00,26.3700008392334,26.450000762939453,25.84000015258789,25.860000610351562,455400,19.17116355895996,0.0,0.0
TDS,2015-03-24 20:00:00-04:00,25.8700008392334,26.059999465942383,25.3799991607666,25.3799991607666,446800,18.81531524658203,0.0,0.0
TDS,2015-03-25 20:00:00-04:00,25.31999969482422,25.489999771118164,25.020000457763672,25.229999542236328,514000,18.704118728637695,0.0,0.0
TDS,2015-03-26 20:00:00-04:00,25.18000030517578,25.190000534057617,24.850000381469727,24.969999313354492,424800,18.511367797851562,0.0,0.0
TDS,2015-03-29 20:00:00-04:00,25.06999969482422,25.219999313354492,24.90999984741211,25.139999389648438,785300,18.63739585876465,0.0,0.0
TDS,2015-03-30 20:00:00-04:00,25.040000915527344,25.200000762939453,24.709999084472656,24.899999618530273,904600,18.459470748901367,0.0,0.0
TDS,2015-03-31 20:00:00-04:00,24.93000030517578,25.190000534057617,24.84000015258789,25.170000076293945,1448400,18.659635543823242,0.0,0.0
TDS,2015-04-01 20:00:00-04:00,25.18000030517578,26.440000534057617,25.059999465942383,26.3799991607666,723200,19.556659698486328,0.0,0.0
TDS,2015-04-05 20:00:00-04:00,26.280000686645508,26.829999923706055,26.270000457763672,26.760000228881836,876200,19.8383731842041,0.0,0.0
TDS,2015-04-06 20:00:00-04:00,26.829999923706055,27.25,26.6200008392334,27.06999969482422,765400,20.06818962097168,0.0,0.0
TDS,2015-04-07 20:00:00-04:00,27.079999923706055,27.270000457763672,26.959999084472656,27.049999237060547,456900,20.053363800048828,0.0,0.0
TDS,2015-04-08 20:00:00-04:00,26.969999313354492,27.229999542236328,26.790000915527344,26.8700008392334,445600,19.9199275970459,0.0,0.0
TDS,2015-04-09 20:00:00-04:00,26.860000610351562,27.200000762939453,26.760000228881836,26.809999465942383,432000,19.87544059753418,0.0,0.0
TDS,2015-04-12 20:00:00-04:00,26.780000686645508,26.969999313354492,26.579999923706055,26.649999618530273,241900,19.756826400756836,0.0,0.0
TDS,2015-04-13 20:00:00-04:00,26.65999984741211,26.829999923706055,26.420000076293945,26.799999237060547,240500,19.86802864074707,0.0,0.0
TDS,2015-04-14 20:00:00-04:00,26.959999084472656,27.149999618530273,26.739999771118164,26.969999313354492,327600,19.994056701660156,0.0,0.0
TDS,2015-04-15 20:00:00-04:00,26.860000610351562,26.950000762939453,26.579999923706055,26.690000534057617,236000,19.786481857299805,0.0,0.0
TDS,2015-04-16 20:00:00-04:00,26.559999465942383,26.559999465942383,26.059999465942383,26.200000762939453,265500,19.42322540283203,0.0,0.0
TDS,2015-04-19 20:00:00-04:00,26.219999313354492,26.6200008392334,26.1299991607666,26.579999923706055,194100,19.704933166503906,0.0,0.0
TDS,2015-04-20 20:00:00-04:00,26.719999313354492,26.84000015258789,26.360000610351562,26.510000228881836,275400,19.653043746948242,0.0,0.0
TDS,2015-04-21 20:00:00-04:00,26.540000915527344,27.049999237060547,26.5,27.040000915527344,333900,20.04595375061035,0.0,0.0
TDS,2015-04-22 20:00:00-04:00,27.06999969482422,27.399999618530273,26.739999771118164,26.790000915527344,519400,19.860612869262695,0.0,0.0
TDS,2015-04-23 20:00:00-04:00,26.81999969482422,27.209999084472656,26.670000076293945,27.209999084472656,682200,20.171977996826172,0.0,0.0
TDS,2015-04-26 20:00:00-04:00,27.270000457763672,27.399999618530273,26.729999542236328,26.799999237060547,394200,19.86802864074707,0.0,0.0
TDS,2015-04-27 20:00:00-04:00,26.860000610351562,27.06999969482422,26.709999084472656,26.920000076293945,542500,19.956995010375977,0.0,0.0
TDS,2015-04-28 20:00:00-04:00,26.850000381469727,27.1200008392334,26.639999389648438,26.709999084472656,449000,19.801305770874023,0.0,0.0
TDS,2015-04-29 20:00:00-04:00,26.59000015258789,26.770000457763672,26.34000015258789,26.709999084472656,1323100,19.801305770874023,0.0,0.0
TDS,2015-04-30 20:00:00-04:00,26.889999389648438,29.239999771118164,26.889999389648438,28.809999465942383,1359200,21.35812759399414,0.0,0.0
TDS,2015-05-03 20:00:00-04:00,28.93000030517578,29.389999389648438,28.81999969482422,29.260000228881836,1393200,21.69173240661621,0.0,0.0
TDS,2015-05-04 20:00:00-04:00,29.200000762939453,29.440000534057617,28.8799991607666,28.969999313354492,669700,21.476747512817383,0.0,0.0
TDS,2015-05-05 20:00:00-04:00,29.09000015258789,29.18000030517578,28.760000228881836,28.84000015258789,595600,21.38037109375,0.0,0.0
TDS,2015-05-06 20:00:00-04:00,28.75,29.239999771118164,28.719999313354492,28.899999618530273,724900,21.42485237121582,0.0,0.0
TDS,2015-05-07 20:00:00-04:00,29.229999542236328,29.329999923706055,28.84000015258789,29.280000686645508,871100,21.706562042236328,0.0,0.0
TDS,2015-05-10 20:00:00-04:00,29.299999237060547,29.5,29.15999984741211,29.260000228881836,914300,21.69173240661621,0.0,0.0
TDS,2015-05-11 20:00:00-04:00,29.280000686645508,29.8799991607666,29.030000686645508,29.780000686645508,876700,22.077232360839844,0.0,0.0
TDS,2015-05-12 20:00:00-04:00,29.850000381469727,30.0,29.610000610351562,29.860000610351562,850200,22.13654899597168,0.0,0.0
TDS,2015-05-13 20:00:00-04:00,29.989999771118164,29.989999771118164,29.579999923706055,29.709999084472656,582100,22.025341033935547,0.0,0.0
TDS,2015-05-14 20:00:00-04:00,29.760000228881836,30.049999237060547,29.639999389648438,29.989999771118164,816400,22.2329158782959,0.0,0.0
TDS,2015-05-17 20:00:00-04:00,29.829999923706055,30.31999969482422,29.790000915527344,30.049999237060547,789500,22.277393341064453,0.0,0.0
TDS,2015-05-18 20:00:00-04:00,30.030000686645508,30.030000686645508,28.889999389648438,29.34000015258789,502100,21.751049041748047,0.0,0.0
TDS,2015-05-19 20:00:00-04:00,29.34000015258789,29.860000610351562,29.190000534057617,29.809999465942383,683200,22.099470138549805,0.0,0.0
TDS,2015-05-20 20:00:00-04:00,29.700000762939453,30.09000015258789,29.639999389648438,29.850000381469727,523100,22.12912940979004,0.0,0.0
TDS,2015-05-21 20:00:00-04:00,29.809999465942383,29.90999984741211,29.389999389648438,29.700000762939453,413500,22.01793098449707,0.0,0.0
TDS,2015-05-25 20:00:00-04:00,29.530000686645508,29.760000228881836,29.15999984741211,29.540000915527344,552400,21.899309158325195,0.0,0.0
TDS,2015-05-26 20:00:00-04:00,29.579999923706055,30.299999237060547,29.450000762939453,30.280000686645508,595900,22.447914123535156,0.0,0.0
TDS,2015-05-27 20:00:00-04:00,30.1200008392334,30.170000076293945,29.549999237060547,29.700000762939453,444500,22.01793098449707,0.0,0.0
TDS,2015-05-28 20:00:00-04:00,29.610000610351562,29.770000457763672,29.270000457763672,29.690000534057617,591300,22.01051139831543,0.0,0.0
TDS,2015-05-31 20:00:00-04:00,29.829999923706055,29.969999313354492,29.489999771118164,29.540000915527344,618100,21.899309158325195,0.0,0.0
TDS,2015-06-01 20:00:00-04:00,29.420000076293945,29.790000915527344,29.280000686645508,29.579999923706055,504700,21.92896842956543,0.0,0.0
TDS,2015-06-02 20:00:00-04:00,29.719999313354492,30.1200008392334,29.6200008392334,29.90999984741211,457700,22.173608779907227,0.0,0.0
TDS,2015-06-03 20:00:00-04:00,29.899999618530273,30.25,29.690000534057617,30.020000457763672,593200,22.255159378051758,0.0,0.0
TDS,2015-06-04 20:00:00-04:00,30.020000457763672,30.040000915527344,29.610000610351562,29.899999618530273,494300,22.16619110107422,0.0,0.0
TDS,2015-06-07 20:00:00-04:00,29.850000381469727,29.940000534057617,29.760000228881836,29.829999923706055,330000,22.11429786682129,0.0,0.0
TDS,2015-06-08 20:00:00-04:00,29.770000457763672,30.040000915527344,29.6299991607666,29.979999542236328,458500,22.225505828857422,0.0,0.0
TDS,2015-06-09 20:00:00-04:00,30.139999389648438,30.760000228881836,29.989999771118164,30.469999313354492,735500,22.588762283325195,0.0,0.0
TDS,2015-06-10 20:00:00-04:00,30.450000762939453,30.690000534057617,30.25,30.559999465942383,602800,22.655487060546875,0.0,0.0
TDS,2015-06-11 20:00:00-04:00,30.18000030517578,30.479999542236328,30.15999984741211,30.190000534057617,357100,22.484926223754883,0.141,0.0
TDS,2015-06-14 20:00:00-04:00,29.8799991607666,30.110000610351562,29.209999084472656,29.6299991607666,484800,22.067853927612305,0.0,0.0
TDS,2015-06-15 20:00:00-04:00,29.510000228881836,29.540000915527344,29.229999542236328,29.489999771118164,572500,21.963584899902344,0.0,0.0
TDS,2015-06-16 20:00:00-04:00,29.5,29.600000381469727,29.270000457763672,29.420000076293945,475400,21.911447525024414,0.0,0.0
TDS,2015-06-17 20:00:00-04:00,29.389999389648438,29.790000915527344,29.360000610351562,29.68000030517578,569200,22.105091094970703,0.0,0.0
TDS,2015-06-18 20:00:00-04:00,29.670000076293945,29.940000534057617,29.34000015258789,29.360000610351562,788400,21.86676025390625,0.0,0.0
TDS,2015-06-21 20:00:00-04:00,29.6299991607666,29.860000610351562,29.489999771118164,29.639999389648438,463200,22.075300216674805,0.0,0.0
TDS,2015-06-22 20:00:00-04:00,29.760000228881836,30.139999389648438,29.649999618530273,30.09000015258789,466400,22.41045379638672,0.0,0.0
TDS,2015-06-23 20:00:00-04:00,30.010000228881836,30.170000076293945,29.799999237060547,29.979999542236328,482100,22.328523635864258,0.0,0.0
TDS,2015-06-24 20:00:00-04:00,30.15999984741211,30.25,29.979999542236328,30.149999618530273,534700,22.45513153076172,0.0,0.0
TDS,2015-06-25 20:00:00-04:00,30.229999542236328,30.34000015258789,30.010000228881836,30.170000076293945,570900,22.470035552978516,0.0,0.0
TDS,2015-06-28 20:00:00-04:00,29.889999389648438,30.15999984741211,29.360000610351562,29.3799991607666,338300,21.881654739379883,0.0,0.0
TDS,2015-06-29 20:00:00-04:00,29.700000762939453,29.700000762939453,29.06999969482422,29.399999618530273,500800,21.89655113220215,0.0,0.0
TDS,2015-06-30 20:00:00-04:00,29.68000030517578,29.790000915527344,29.270000457763672,29.399999618530273,570700,21.89655113220215,0.0,0.0
TDS,2015-07-01 20:00:00-04:00,29.510000228881836,29.530000686645508,29.170000076293945,29.43000030517578,260500,21.918893814086914,0.0,0.0
TDS,2015-07-05 20:00:00-04:00,29.139999389648438,29.25,28.829999923706055,29.1200008392334,342400,21.68801498413086,0.0,0.0
TDS,2015-07-06 20:00:00-04:00,29.139999389648438,29.170000076293945,28.40999984741211,28.829999923706055,476800,21.47201919555664,0.0,0.0
TDS,2015-07-07 20:00:00-04:00,28.540000915527344,28.829999923706055,28.34000015258789,28.440000534057617,462300,21.181560516357422,0.0,0.0
TDS,2015-07-08 20:00:00-04:00,28.8799991607666,28.950000762939453,28.290000915527344,28.290000915527344,399600,21.06984519958496,0.0,0.0
TDS,2015-07-09 20:00:00-04:00,28.6299991607666,29.1299991607666,28.6299991607666,28.829999923706055,265300,21.47201919555664,0.0,0.0
TDS,2015-07-12 20:00:00-04:00,29.06999969482422,29.110000610351562,28.81999969482422,28.989999771118164,247000,21.591196060180664,0.0,0.0
TDS,2015-07-13 20:00:00-04:00,28.950000762939453,29.510000228881836,28.950000762939453,29.479999542236328,243000,21.956140518188477,0.0,0.0
TDS,2015-07-14 20:00:00-04:00,29.489999771118164,29.549999237060547,29.09000015258789,29.170000076293945,225400,21.72525405883789,0.0,0.0
TDS,2015-07-15 20:00:00-04:00,29.360000610351562,29.600000381469727,29.010000228881836,29.200000762939453,308100,21.747594833374023,0.0,0.0
TDS,2015-07-16 20:00:00-04:00,29.229999542236328,29.239999771118164,28.6299991607666,28.90999984741211,399100,21.5316104888916,0.0,0.0
TDS,2015-07-19 20:00:00-04:00,28.920000076293945,28.920000076293945,28.450000762939453,28.700000762939453,368100,21.375207901000977,0.0,0.0
TDS,2015-07-20 20:00:00-04:00,28.700000762939453,28.84000015258789,28.34000015258789,28.399999618530273,585000,21.151769638061523,0.0,0.0
TDS,2015-07-21 20:00:00-04:00,28.260000228881836,28.40999984741211,28.139999389648438,28.25,330700,21.040058135986328,0.0,0.0
TDS,2015-07-22 20:00:00-04:00,28.290000915527344,28.510000228881836,28.030000686645508,28.280000686645508,332000,21.062395095825195,0.0,0.0
TDS,2015-07-23 20:00:00-04:00,28.299999237060547,28.3799991607666,27.690000534057617,27.799999237060547,338400,20.704904556274414,0.0,0.0
TDS,2015-07-26 20:00:00-04:00,27.530000686645508,27.75,27.389999389648438,27.489999771118164,373400,20.47402000427246,0.0,0.0
TDS,2015-07-27 20:00:00-04:00,27.670000076293945,27.829999923706055,27.329999923706055,27.5,578800,20.481470108032227,0.0,0.0
TDS,2015-07-28 20:00:00-04:00,27.440000534057617,27.899999618530273,27.31999969482422,27.75,474700,20.667659759521484,0.0,0.0
TDS,2015-07-29 20:00:00-04:00,27.700000762939453,27.780000686645508,27.139999389648438,27.43000030517578,648900,20.42933464050293,0.0,0.0
TDS,2015-07-30 20:00:00-04:00,28.079999923706055,30.020000457763672,27.760000228881836,29.40999984741211,1103400,21.904001235961914,0.0,0.0
TDS,2015-08-02 20:00:00-04:00,29.469999313354492,30.100000381469727,29.299999237060547,30.049999237060547,839600,22.38066291809082,0.0,0.0
TDS,2015-08-03 20:00:00-04:00,29.899999618530273,30.290000915527344,29.34000015258789,29.389999389648438,522800,21.88909912109375,0.0,0.0
TDS,2015-08-04 20:00:00-04:00,29.6200008392334,29.639999389648438,28.989999771118164,29.15999984741211,510400,21.717802047729492,0.0,0.0
TDS,2015-08-05 20:00:00-04:00,29.170000076293945,29.40999984741211,28.979999542236328,29.309999465942383,339600,21.829519271850586,0.0,0.0
TDS,2015-08-06 20:00:00-04:00,29.209999084472656,29.520000457763672,29.06999969482422,29.299999237060547,290900,21.82207679748535,0.0,0.0
TDS,2015-08-09 20:00:00-04:00,29.520000457763672,30.34000015258789,29.520000457763672,30.309999465942383,351700,22.574302673339844,0.0,0.0
TDS,2015-08-10 20:00:00-04:00,30.010000228881836,30.309999465942383,29.690000534057617,30.040000915527344,404900,22.373207092285156,0.0,0.0
TDS,2015-08-11 20:00:00-04:00,29.799999237060547,29.979999542236328,29.010000228881836,29.639999389648438,414300,22.075300216674805,0.0,0.0
TDS,2015-08-12 20:00:00-04:00,29.59000015258789,29.75,29.43000030517578,29.540000915527344,351600,22.000822067260742,0.0,0.0
TDS,2015-08-13 20:00:00-04:00,29.520000457763672,30.170000076293945,29.420000076293945,30.040000915527344,294500,22.373207092285156,0.0,0.0
TDS,2015-08-16 20:00:00-04:00,29.860000610351562,30.59000015258789,29.850000381469727,30.489999771118164,396000,22.708364486694336,0.0,0.0
TDS,2015-08-17 20:00:00-04:00,30.399999618530273,30.639999389648438,30.190000534057617,30.309999465942383,320300,22.574302673339844,0.0,0.0
TDS,2015-08-18 20:00:00-04:00,30.100000381469727,30.309999465942383,29.6299991607666,30.149999618530273,347200,22.45513153076172,0.0,0.0
TDS,2015-08-19 20:00:00-04:00,29.760000228881836,30.049999237060547,29.489999771118164,29.5,297000,21.971027374267578,0.0,0.0
TDS,2015-08-20 20:00:00-04:00,29.209999084472656,29.540000915527344,28.979999542236328,28.989999771118164,376900,21.591196060180664,0.0,0.0
TDS,2015-08-23 20:00:00-04:00,27.760000228881836,29.0,26.81999969482422,27.559999465942383,840100,20.526153564453125,0.0,0.0
TDS,2015-08-24 20:00:00-04:00,28.360000610351562,28.420000076293945,26.889999389648438,26.93000030517578,622200,20.056943893432617,0.0,0.0
TDS,2015-08-25 20:00:00-04:00,27.59000015258789,27.709999084472656,26.739999771118164,27.360000610351562,579800,20.377201080322266,0.0,0.0
TDS,2015-08-26 20:00:00-04:00,27.639999389648438,28.459999084472656,27.56999969482422,28.329999923706055,480900,21.099637985229492,0.0,0.0
TDS,2015-08-27 20:00:00-04:00,28.239999771118164,28.700000762939453,28.239999771118164,28.530000686645508,374400,21.248594284057617,0.0,0.0
TDS,2015-08-30 20:00:00-04:00,28.3799991607666,28.540000915527344,28.0,28.440000534057617,441200,21.181560516357422,0.0,0.0
TDS,2015-08-31 20:00:00-04:00,28.079999923706055,28.200000762939453,27.1299991607666,27.190000534057617,429800,20.250581741333008,0.0,0.0
TDS,2015-09-01 20:00:00-04:00,27.639999389648438,27.780000686645508,26.81999969482422,27.280000686645508,656200,20.317615509033203,0.0,0.0
TDS,2015-09-02 20:00:00-04:00,27.239999771118164,27.68000030517578,27.239999771118164,27.600000381469727,384900,20.555946350097656,0.0,0.0
TDS,2015-09-03 20:00:00-04:00,27.170000076293945,27.450000762939453,27.09000015258789,27.18000030517578,343600,20.24314308166504,0.0,0.0
TDS,2015-09-07 20:00:00-04:00,27.690000534057617,27.690000534057617,27.260000228881836,27.6200008392334,403800,20.570842742919922,0.0,0.0
TDS,2015-09-08 20:00:00-04:00,27.959999084472656,28.06999969482422,27.0,27.059999465942383,374500,20.153762817382812,0.0,0.0
TDS,2015-09-09 20:00:00-04:00,26.889999389648438,27.239999771118164,26.770000457763672,26.809999465942383,514800,19.967567443847656,0.0,0.0
TDS,2015-09-10 20:00:00-04:00,26.65999984741211,26.790000915527344,26.299999237060547,26.5,667100,19.736682891845703,0.0,0.0
TDS,2015-09-13 20:00:00-04:00,26.479999542236328,26.93000030517578,26.149999618530273,26.309999465942383,433400,19.699996948242188,0.141,0.0
TDS,2015-09-14 20:00:00-04:00,26.5,26.690000534057617,26.100000381469727,26.5,472200,19.842256546020508,0.0,0.0
TDS,2015-09-15 20:00:00-04:00,26.5,26.860000610351562,26.31999969482422,26.739999771118164,663200,20.02196502685547,0.0,0.0
TDS,2015-09-16 20:00:00-04:00,26.719999313354492,26.989999771118164,26.209999084472656,26.639999389648438,672200,19.94709014892578,0.0,0.0
TDS,2015-09-17 20:00:00-04:00,26.280000686645508,26.440000534057617,25.899999618530273,26.239999771118164,1295100,19.647581100463867,0.0,0.0
TDS,2015-09-20 20:00:00-04:00,26.3799991607666,27.0,26.100000381469727,26.68000030517578,828400,19.977039337158203,0.0,0.0
TDS,2015-09-21 20:00:00-04:00,26.399999618530273,26.399999618530273,25.850000381469727,26.030000686645508,544300,19.490341186523438,0.0,0.0
TDS,2015-09-22 20:00:00-04:00,26.18000030517578,26.520000457763672,26.030000686645508,26.309999465942383,433800,19.699996948242188,0.0,0.0
TDS,2015-09-23 20:00:00-04:00,26.139999389648438,26.139999389648438,25.709999084472656,26.020000457763672,375500,19.48285675048828,0.0,0.0
TDS,2015-09-24 20:00:00-04:00,26.299999237060547,26.360000610351562,25.6299991607666,25.670000076293945,405800,19.220788955688477,0.0,0.0
TDS,2015-09-27 20:00:00-04:00,25.56999969482422,25.690000534057617,24.90999984741211,24.989999771118164,499800,18.71163558959961,0.0,0.0
TDS,2015-09-28 20:00:00-04:00,25.059999465942383,25.219999313354492,24.510000228881836,24.65999984741211,503600,18.464534759521484,0.0,0.0
TDS,2015-09-29 20:00:00-04:00,25.0,25.219999313354492,24.610000610351562,24.959999084472656,606300,18.689163208007812,0.0,0.0
TDS,2015-09-30 20:00:00-04:00,24.979999542236328,25.309999465942383,24.829999923706055,25.079999923706055,904200,18.77901268005371,0.0,0.0
TDS,2015-10-01 20:00:00-04:00,24.920000076293945,25.420000076293945,24.829999923706055,25.389999389648438,624200,19.011131286621094,0.0,0.0
TDS,2015-10-04 20:00:00-04:00,25.6200008392334,26.149999618530273,25.530000686645508,25.989999771118164,449400,19.460390090942383,0.0,0.0
TDS,2015-10-05 20:00:00-04:00,25.90999984741211,26.149999618530273,25.780000686645508,26.020000457763672,375100,19.48285675048828,0.0,0.0
TDS,2015-10-06 20:00:00-04:00,26.149999618530273,26.3799991607666,26.0,26.229999542236328,438200,19.640094757080078,0.0,0.0
TDS,2015-10-07 20:00:00-04:00,26.18000030517578,26.600000381469727,26.0,26.530000686645508,368400,19.864727020263672,0.0,0.0
TDS,2015-10-08 20:00:00-04:00,26.56999969482422,26.68000030517578,26.040000915527344,26.09000015258789,472600,19.53527069091797,0.0,0.0
TDS,2015-10-11 20:00:00-04:00,26.1299991607666,26.729999542236328,26.049999237060547,26.65999984741211,337700,19.962066650390625,0.0,0.0
TDS,2015-10-12 20:00:00-04:00,26.549999237060547,26.8799991607666,26.34000015258789,26.3700008392334,273400,19.744918823242188,0.0,0.0
TDS,2015-10-13 20:00:00-04:00,26.399999618530273,26.530000686645508,26.049999237060547,26.100000381469727,282800,19.54275894165039,0.0,0.0
TDS,2015-10-14 20:00:00-04:00,26.229999542236328,26.43000030517578,26.049999237060547,26.40999984741211,206800,19.774877548217773,0.0,0.0
TDS,2015-10-15 20:00:00-04:00,26.469999313354492,26.559999465942383,26.1200008392334,26.270000457763672,206300,19.6700496673584,0.0,0.0
TDS,2015-10-18 20:00:00-04:00,26.190000534057617,26.610000610351562,26.1200008392334,26.450000762939453,262200,19.804824829101562,0.0,0.0
TDS,2015-10-19 20:00:00-04:00,26.420000076293945,26.760000228881836,26.329999923706055,26.739999771118164,218500,20.02196502685547,0.0,0.0
TDS,2015-10-20 20:00:00-04:00,26.84000015258789,26.84000015258789,26.049999237060547,26.100000381469727,230700,19.54275894165039,0.0,0.0
TDS,2015-10-21 20:00:00-04:00,26.270000457763672,26.8700008392334,26.15999984741211,26.739999771118164,323600,20.02196502685547,0.0,0.0
TDS,2015-10-22 20:00:00-04:00,27.110000610351562,27.110000610351562,26.75,26.920000076293945,349500,20.156740188598633,0.0,0.0
TDS,2015-10-25 20:00:00-04:00,26.920000076293945,27.25,26.760000228881836,27.149999618530273,411700,20.328954696655273,0.0,0.0
TDS,2015-10-26 20:00:00-04:00,26.989999771118164,26.989999771118164,26.09000015258789,26.31999969482422,550800,19.707489013671875,0.0,0.0
TDS,2015-10-27 20:00:00-04:00,26.459999084472656,27.459999084472656,26.360000610351562,27.40999984741211,697600,20.52363395690918,0.0,0.0
TDS,2015-10-28 20:00:00-04:00,27.3700008392334,27.56999969482422,27.049999237060547,27.219999313354492,677900,20.381376266479492,0.0,0.0
TDS,2015-10-29 20:00:00-04:00,28.149999618530273,29.329999923706055,27.739999771118164,28.639999389648438,1951600,21.44462013244629,0.0,0.0
TDS,2015-11-01 19:00:00-05:00,28.969999313354492,30.59000015258789,28.709999084472656,30.489999771118164,1231000,22.829833984375,0.0,0.0
TDS,2015-11-02 19:00:00-05:00,30.40999984741211,30.40999984741211,29.530000686645508,29.68000030517578,786700,22.223337173461914,0.0,0.0
TDS,2015-11-03 19:00:00-05:00,29.709999084472656,29.959999084472656,29.299999237060547,29.489999771118164,634300,22.081073760986328,0.0,0.0
TDS,2015-11-04 19:00:00-05:00,29.510000228881836,29.860000610351562,29.31999969482422,29.450000762939453,363300,22.051118850708008,0.0,0.0
TDS,2015-11-05 19:00:00-05:00,29.40999984741211,29.420000076293945,28.84000015258789,29.040000915527344,471100,21.744125366210938,0.0,0.0
TDS,2015-11-08 19:00:00-05:00,29.030000686645508,29.030000686645508,28.760000228881836,28.889999389648438,363900,21.631816864013672,0.0,0.0
TDS,2015-11-09 19:00:00-05:00,28.889999389648438,28.93000030517578,28.399999618530273,28.459999084472656,416700,21.30984115600586,0.0,0.0
TDS,2015-11-10 19:00:00-05:00,28.579999923706055,28.700000762939453,27.989999771118164,27.989999771118164,719000,20.957923889160156,0.0,0.0
TDS,2015-11-11 19:00:00-05:00,27.799999237060547,28.059999465942383,27.670000076293945,27.709999084472656,331600,20.748268127441406,0.0,0.0
TDS,2015-11-12 19:00:00-05:00,27.579999923706055,27.84000015258789,27.530000686645508,27.559999465942383,319600,20.635950088500977,0.0,0.0
TDS,2015-11-15 19:00:00-05:00,27.520000457763672,27.90999984741211,27.309999465942383,27.8799991607666,281400,20.87555694580078,0.0,0.0
TDS,2015-11-16 19:00:00-05:00,27.889999389648438,28.260000228881836,27.799999237060547,28.040000915527344,244200,20.995363235473633,0.0,0.0
TDS,2015-11-17 19:00:00-05:00,28.139999389648438,28.81999969482422,28.020000457763672,28.799999237060547,468500,21.564416885375977,0.0,0.0
TDS,2015-11-18 19:00:00-05:00,28.75,29.260000228881836,28.65999984741211,29.1200008392334,494800,21.804027557373047,0.0,0.0
TDS,2015-11-19 19:00:00-05:00,29.299999237060547,29.299999237060547,28.549999237060547,28.6200008392334,368700,21.429641723632812,0.0,0.0
TDS,2015-11-22 19:00:00-05:00,28.649999618530273,28.799999237060547,28.3799991607666,28.43000030517578,232100,21.28738021850586,0.0,0.0
TDS,2015-11-23 19:00:00-05:00,28.350000381469727,28.829999923706055,28.200000762939453,28.790000915527344,478000,21.556936264038086,0.0,0.0
TDS,2015-11-24 19:00:00-05:00,28.799999237060547,28.799999237060547,28.299999237060547,28.389999389648438,208800,21.257429122924805,0.0,0.0
TDS,2015-11-26 19:00:00-05:00,28.489999771118164,28.65999984741211,28.25,28.540000915527344,103600,21.369747161865234,0.0,0.0
TDS,2015-11-29 19:00:00-05:00,28.700000762939453,28.700000762939453,28.170000076293945,28.290000915527344,366900,21.182554244995117,0.0,0.0
TDS,2015-11-30 19:00:00-05:00,28.3700008392334,28.600000381469727,28.190000534057617,28.56999969482422,343200,21.39220428466797,0.0,0.0
TDS,2015-12-01 19:00:00-05:00,28.540000915527344,28.639999389648438,28.1200008392334,28.170000076293945,273100,21.092697143554688,0.0,0.0
TDS,2015-12-02 19:00:00-05:00,28.280000686645508,28.34000015258789,27.84000015258789,27.969999313354492,356500,20.94294548034668,0.0,0.0
TDS,2015-12-03 19:00:00-05:00,28.010000228881836,28.15999984741211,27.760000228881836,27.979999542236328,231100,20.9504337310791,0.0,0.0
TDS,2015-12-06 19:00:00-05:00,27.889999389648438,28.100000381469727,27.68000030517578,28.0,346300,20.965408325195312,0.0,0.0
TDS,2015-12-07 19:00:00-05:00,27.719999313354492,28.059999465942383,27.56999969482422,28.020000457763672,438400,20.980382919311523,0.0,0.0
TDS,2015-12-08 19:00:00-05:00,27.979999542236328,28.360000610351562,27.110000610351562,27.149999618530273,456100,20.328954696655273,0.0,0.0
TDS,2015-12-09 19:00:00-05:00,27.170000076293945,27.469999313354492,26.989999771118164,27.059999465942383,395900,20.261571884155273,0.0,0.0
TDS,2015-12-10 19:00:00-05:00,26.770000457763672,27.020000457763672,26.200000762939453,26.31999969482422,367000,19.707489013671875,0.0,0.0
TDS,2015-12-13 19:00:00-05:00,26.209999084472656,26.510000228881836,25.75,26.170000076293945,422200,19.700714111328125,0.141,0.0
TDS,2015-12-14 19:00:00-05:00,26.440000534057617,26.6200008392334,26.260000228881836,26.280000686645508,419500,19.783519744873047,0.0,0.0
TDS,2015-12-15 19:00:00-05:00,26.549999237060547,26.81999969482422,26.329999923706055,26.770000457763672,314800,20.152385711669922,0.0,0.0
TDS,2015-12-16 19:00:00-05:00,26.809999465942383,26.81999969482422,26.079999923706055,26.100000381469727,362600,19.648019790649414,0.0,0.0
TDS,2015-12-17 19:00:00-05:00,25.979999542236328,25.979999542236328,25.290000915527344,25.299999237060547,1208700,19.045778274536133,0.0,0.0
TDS,2015-12-20 19:00:00-05:00,25.5,26.139999389648438,25.420000076293945,26.1299991607666,554700,19.67059898376465,0.0,0.0
TDS,2015-12-21 19:00:00-05:00,26.219999313354492,26.309999465942383,25.829999923706055,26.190000534057617,326200,19.71576499938965,0.0,0.0
TDS,2015-12-22 19:00:00-05:00,26.3799991607666,26.84000015258789,26.34000015258789,26.670000076293945,319200,20.077106475830078,0.0,0.0
TDS,2015-12-23 19:00:00-05:00,26.65999984741211,26.780000686645508,26.489999771118164,26.579999923706055,186200,20.009357452392578,0.0,0.0
TDS,2015-12-27 19:00:00-05:00,26.450000762939453,26.829999923706055,26.25,26.739999771118164,324300,20.129806518554688,0.0,0.0
TDS,2015-12-28 19:00:00-05:00,26.959999084472656,26.969999313354492,26.350000381469727,26.65999984741211,429100,20.0695858001709,0.0,0.0
TDS,2015-12-29 19:00:00-05:00,26.540000915527344,26.610000610351562,26.219999313354492,26.239999771118164,314400,19.75340461730957,0.0,0.0
TDS,2015-12-30 19:00:00-05:00,26.100000381469727,26.270000457763672,25.889999389648438,25.889999389648438,368700,19.489931106567383,0.0,0.0
TDS,2016-01-03 19:00:00-05:00,25.5,25.5,24.799999237060547,25.040000915527344,899600,18.850048065185547,0.0,0.0
TDS,2016-01-04 19:00:00-05:00,25.040000915527344,25.18000030517578,24.559999465942383,25.149999618530273,666900,18.93285369873047,0.0,0.0
TDS,2016-01-05 19:00:00-05:00,24.770000457763672,24.90999984741211,24.309999465942383,24.56999969482422,698300,18.496232986450195,0.0,0.0
TDS,2016-01-06 19:00:00-05:00,24.110000610351562,24.219999313354492,23.610000610351562,23.739999771118164,726000,17.87141227722168,0.0,0.0
TDS,2016-01-07 19:00:00-05:00,23.920000076293945,24.25,23.770000457763672,23.850000381469727,583900,17.9542179107666,0.0,0.0
TDS,2016-01-10 19:00:00-05:00,23.989999771118164,24.229999542236328,23.719999313354492,23.989999771118164,496100,18.05961036682129,0.0,0.0
TDS,2016-01-11 19:00:00-05:00,24.290000915527344,24.489999771118164,23.75,23.969999313354492,531000,18.044559478759766,0.0,0.0
TDS,2016-01-12 19:00:00-05:00,24.1200008392334,24.219999313354492,22.760000228881836,22.770000457763672,638400,17.14120101928711,0.0,0.0
TDS,2016-01-13 19:00:00-05:00,22.790000915527344,23.209999084472656,22.149999618530273,23.010000228881836,959700,17.321868896484375,0.0,0.0
TDS,2016-01-14 19:00:00-05:00,22.440000534057617,22.68000030517578,21.770000457763672,21.90999984741211,1199400,16.493789672851562,0.0,0.0
TDS,2016-01-18 19:00:00-05:00,22.209999084472656,22.440000534057617,21.8799991607666,22.020000457763672,959100,16.576601028442383,0.0,0.0
TDS,2016-01-19 19:00:00-05:00,21.6299991607666,21.700000762939453,20.829999923706055,21.399999618530273,788900,16.109867095947266,0.0,0.0
TDS,2016-01-20 19:00:00-05:00,21.459999084472656,21.600000381469727,20.93000030517578,20.989999771118164,848200,15.801220893859863,0.0,0.0
TDS,2016-01-21 19:00:00-05:00,21.3799991607666,21.8700008392334,21.09000015258789,21.739999771118164,781600,16.365814208984375,0.0,0.0
TDS,2016-01-24 19:00:00-05:00,21.670000076293945,22.450000762939453,21.350000381469727,21.889999389648438,702300,16.47873306274414,0.0,0.0
TDS,2016-01-25 19:00:00-05:00,22.100000381469727,22.889999389648438,22.040000915527344,22.65999984741211,605600,17.05838966369629,0.0,0.0
TDS,2016-01-26 19:00:00-05:00,22.540000915527344,22.809999465942383,22.280000686645508,22.56999969482422,505100,16.990636825561523,0.0,0.0
TDS,2016-01-27 19:00:00-05:00,22.899999618530273,22.969999313354492,22.530000686645508,22.68000030517578,458100,17.073450088500977,0.0,0.0
TDS,2016-01-28 19:00:00-05:00,22.860000610351562,23.200000762939453,22.559999465942383,23.190000534057617,869300,17.457374572753906,0.0,0.0
TDS,2016-01-31 19:00:00-05:00,23.049999237060547,23.25,22.799999237060547,23.1299991607666,591000,17.412202835083008,0.0,0.0
TDS,2016-02-01 19:00:00-05:00,22.889999389648438,23.239999771118164,22.489999771118164,23.15999984741211,731900,17.43479347229004,0.0,0.0
TDS,2016-02-02 19:00:00-05:00,23.40999984741211,24.59000015258789,23.31999969482422,24.170000076293945,1296100,18.195114135742188,0.0,0.0
TDS,2016-02-03 19:00:00-05:00,24.059999465942383,24.8799991607666,24.059999465942383,24.56999969482422,843800,18.496232986450195,0.0,0.0
TDS,2016-02-04 19:00:00-05:00,24.56999969482422,25.270000457763672,23.959999084472656,23.979999542236328,2489600,18.052082061767578,0.0,0.0
TDS,2016-02-07 19:00:00-05:00,23.850000381469727,23.93000030517578,22.559999465942383,22.860000610351562,1217900,17.208951950073242,0.0,0.0
TDS,2016-02-08 19:00:00-05:00,22.420000076293945,22.90999984741211,22.229999542236328,22.729999542236328,720000,17.111087799072266,0.0,0.0
TDS,2016-02-09 19:00:00-05:00,22.84000015258789,23.149999618530273,22.5,22.959999084472656,404500,17.284229278564453,0.0,0.0
TDS,2016-02-10 19:00:00-05:00,22.489999771118164,23.100000381469727,22.290000915527344,22.979999542236328,619600,17.299283981323242,0.0,0.0
TDS,2016-02-11 19:00:00-05:00,22.889999389648438,23.5,22.559999465942383,23.360000610351562,447100,17.585350036621094,0.0,0.0
TDS,2016-02-15 19:00:00-05:00,23.579999923706055,23.719999313354492,23.149999618530273,23.459999084472656,472800,17.66062355041504,0.0,0.0
TDS,2016-02-16 19:00:00-05:00,23.68000030517578,23.8799991607666,23.56999969482422,23.8799991607666,703000,17.9768009185791,0.0,0.0
TDS,2016-02-17 19:00:00-05:00,23.8700008392334,24.049999237060547,23.5,23.829999923706055,927700,17.939159393310547,0.0,0.0
TDS,2016-02-18 19:00:00-05:00,24.34000015258789,24.700000762939453,21.049999237060547,22.579999923706055,2147800,16.9981689453125,0.0,0.0
TDS,2016-02-21 19:00:00-05:00,22.889999389648438,24.940000534057617,22.280000686645508,23.940000534057617,2002400,18.021974563598633,0.0,0.0
TDS,2016-02-22 19:00:00-05:00,23.950000762939453,25.530000686645508,23.790000915527344,24.920000076293945,1130000,18.75971221923828,0.0,0.0
TDS,2016-02-23 19:00:00-05:00,24.729999542236328,25.790000915527344,24.56999969482422,25.600000381469727,1180300,19.271617889404297,0.0,0.0
TDS,2016-02-24 19:00:00-05:00,25.600000381469727,26.1200008392334,25.549999237060547,26.09000015258789,607100,19.640483856201172,0.0,0.0
TDS,2016-02-25 19:00:00-05:00,26.200000762939453,26.399999618530273,25.969999313354492,26.3799991607666,662400,19.858793258666992,0.0,0.0
TDS,2016-02-28 19:00:00-05:00,26.309999465942383,26.790000915527344,26.15999984741211,26.719999313354492,636700,20.114748001098633,0.0,0.0
TDS,2016-02-29 19:00:00-05:00,26.8700008392334,27.059999465942383,26.5,26.940000534057617,567300,20.280363082885742,0.0,0.0
TDS,2016-03-01 19:00:00-05:00,26.81999969482422,27.329999923706055,26.469999313354492,27.309999465942383,506300,20.558900833129883,0.0,0.0
TDS,2016-03-02 19:00:00-05:00,27.329999923706055,27.559999465942383,27.229999542236328,27.530000686645508,560300,20.72451400756836,0.0,0.0
TDS,2016-03-03 19:00:00-05:00,27.6299991607666,27.8799991607666,27.360000610351562,27.56999969482422,547400,20.754623413085938,0.0,0.0
TDS,2016-03-06 19:00:00-05:00,27.40999984741211,27.93000030517578,27.229999542236328,27.780000686645508,468600,20.91271209716797,0.0,0.0
TDS,2016-03-07 19:00:00-05:00,27.690000534057617,27.920000076293945,27.479999542236328,27.790000915527344,667800,20.920242309570312,0.0,0.0
TDS,2016-03-08 19:00:00-05:00,27.8799991607666,28.079999923706055,27.030000686645508,27.209999084472656,642000,20.483619689941406,0.0,0.0
TDS,2016-03-09 19:00:00-05:00,27.350000381469727,27.559999465942383,26.899999618530273,27.200000762939453,724600,20.47609519958496,0.0,0.0
TDS,2016-03-10 19:00:00-05:00,27.56999969482422,28.1299991607666,27.299999237060547,27.940000534057617,433300,21.033164978027344,0.0,0.0
TDS,2016-03-13 20:00:00-04:00,27.770000457763672,28.010000228881836,27.440000534057617,27.700000762939453,463000,20.85249137878418,0.0,0.0
TDS,2016-03-14 20:00:00-04:00,27.450000762939453,28.1299991607666,27.40999984741211,27.6299991607666,348700,20.911523818969727,0.148,0.0
TDS,2016-03-15 20:00:00-04:00,27.649999618530273,28.15999984741211,27.649999618530273,27.889999389648438,502000,21.108301162719727,0.0,0.0
TDS,2016-03-16 20:00:00-04:00,27.8799991607666,28.600000381469727,27.790000915527344,28.540000915527344,369900,21.600252151489258,0.0,0.0
TDS,2016-03-17 20:00:00-04:00,28.56999969482422,28.799999237060547,28.059999465942383,28.260000228881836,915200,21.388334274291992,0.0,0.0
TDS,2016-03-20 20:00:00-04:00,28.18000030517578,28.5,27.920000076293945,28.5,596100,21.569976806640625,0.0,0.0
TDS,2016-03-21 20:00:00-04:00,28.3799991607666,28.799999237060547,28.290000915527344,28.559999465942383,497500,21.615385055541992,0.0,0.0
TDS,2016-03-22 20:00:00-04:00,28.559999465942383,28.790000915527344,28.34000015258789,28.56999969482422,527000,21.622955322265625,0.0,0.0
TDS,2016-03-23 20:00:00-04:00,28.360000610351562,28.43000030517578,27.520000457763672,28.43000030517578,577200,21.517000198364258,0.0,0.0
TDS,2016-03-27 20:00:00-04:00,28.549999237060547,29.09000015258789,28.530000686645508,29.020000457763672,362400,21.963531494140625,0.0,0.0
TDS,2016-03-28 20:00:00-04:00,29.010000228881836,29.75,28.65999984741211,29.739999771118164,565700,22.508453369140625,0.0,0.0
TDS,2016-03-29 20:00:00-04:00,29.850000381469727,30.209999084472656,29.579999923706055,29.940000534057617,640000,22.659828186035156,0.0,0.0
TDS,2016-03-30 20:00:00-04:00,29.940000534057617,30.290000915527344,29.770000457763672,30.09000015258789,740700,22.773353576660156,0.0,0.0
TDS,2016-03-31 20:00:00-04:00,29.799999237060547,30.510000228881836,29.5,30.43000030517578,849600,23.030677795410156,0.0,0.0
TDS,2016-04-03 20:00:00-04:00,30.450000762939453,30.700000762939453,30.260000228881836,30.559999465942383,646900,23.12906837463379,0.0,0.0
TDS,2016-04-04 20:00:00-04:00,30.420000076293945,30.530000686645508,29.40999984741211,29.469999313354492,1650700,22.304113388061523,0.0,0.0
TDS,2016-04-05 20:00:00-04:00,29.510000228881836,29.579999923706055,29.1299991607666,29.489999771118164,677300,22.319250106811523,0.0,0.0
TDS,2016-04-06 20:00:00-04:00,29.350000381469727,29.350000381469727,28.850000381469727,28.959999084472656,600900,21.91812515258789,0.0,0.0
TDS,2016-04-07 20:00:00-04:00,29.239999771118164,29.3700008392334,28.860000610351562,29.0,402400,21.948394775390625,0.0,0.0
TDS,2016-04-10 20:00:00-04:00,29.25,29.25,28.729999542236328,28.899999618530273,452600,21.872711181640625,0.0,0.0
TDS,2016-04-11 20:00:00-04:00,28.979999542236328,29.3700008392334,28.920000076293945,29.010000228881836,481300,21.955963134765625,0.0,0.0
TDS,2016-04-12 20:00:00-04:00,29.15999984741211,29.489999771118164,28.610000610351562,29.43000030517578,472500,22.273839950561523,0.0,0.0
TDS,2016-04-13 20:00:00-04:00,29.34000015258789,29.809999465942383,29.329999923706055,29.540000915527344,319300,22.35708999633789,0.0,0.0
TDS,2016-04-14 20:00:00-04:00,29.59000015258789,30.1299991607666,29.59000015258789,30.010000228881836,579800,22.712810516357422,0.0,0.0
TDS,2016-04-17 20:00:00-04:00,29.84000015258789,30.1200008392334,29.649999618530273,30.06999969482422,289900,22.75821876525879,0.0,0.0
TDS,2016-04-18 20:00:00-04:00,30.200000762939453,30.59000015258789,30.200000762939453,30.34000015258789,263200,22.962568283081055,0.0,0.0
TDS,2016-04-19 20:00:00-04:00,30.360000610351562,30.469999313354492,29.940000534057617,29.959999084472656,332600,22.674959182739258,0.0,0.0
TDS,2016-04-20 20:00:00-04:00,29.950000762939453,30.010000228881836,29.469999313354492,29.700000762939453,465000,22.478181838989258,0.0,0.0
TDS,2016-04-21 20:00:00-04:00,29.700000762939453,30.049999237060547,29.549999237060547,29.899999618530273,450700,22.629552841186523,0.0,0.0
TDS,2016-04-24 20:00:00-04:00,29.889999389648438,29.940000534057617,29.530000686645508,29.719999313354492,556700,22.493324279785156,0.0,0.0
TDS,2016-04-25 20:00:00-04:00,29.989999771118164,30.229999542236328,29.739999771118164,30.110000610351562,516200,22.788482666015625,0.0,0.0
TDS,2016-04-26 20:00:00-04:00,30.020000457763672,30.520000457763672,29.93000030517578,30.209999084472656,317200,22.864177703857422,0.0,0.0
TDS,2016-04-27 20:00:00-04:00,29.989999771118164,30.299999237060547,29.739999771118164,29.780000686645508,372900,22.53873062133789,0.0,0.0
TDS,2016-04-28 20:00:00-04:00,29.75,30.170000076293945,29.09000015258789,29.56999969482422,747700,22.379796981811523,0.0,0.0
TDS,2016-05-01 20:00:00-04:00,29.649999618530273,30.1200008392334,29.399999618530273,30.1200008392334,521400,22.796056747436523,0.0,0.0
TDS,2016-05-02 20:00:00-04:00,30.020000457763672,30.149999618530273,29.459999084472656,29.760000228881836,358400,22.523590087890625,0.0,0.0
TDS,2016-05-03 20:00:00-04:00,29.479999542236328,29.739999771118164,29.459999084472656,29.6299991607666,358700,22.425209045410156,0.0,0.0
TDS,2016-05-04 20:00:00-04:00,29.790000915527344,29.90999984741211,29.489999771118164,29.579999923706055,420600,22.387365341186523,0.0,0.0
TDS,2016-05-05 20:00:00-04:00,28.239999771118164,28.40999984741211,25.540000915527344,26.760000228881836,2225800,20.253076553344727,0.0,0.0
TDS,2016-05-08 20:00:00-04:00,26.670000076293945,27.690000534057617,26.670000076293945,27.56999969482422,866400,20.866111755371094,0.0,0.0
TDS,2016-05-09 20:00:00-04:00,27.6299991607666,28.229999542236328,27.6299991607666,28.040000915527344,914200,21.22182846069336,0.0,0.0
TDS,2016-05-10 20:00:00-04:00,28.079999923706055,28.219999313354492,27.799999237060547,27.850000381469727,516500,21.07802963256836,0.0,0.0
TDS,2016-05-11 20:00:00-04:00,28.020000457763672,28.290000915527344,27.940000534057617,28.1299991607666,514900,21.28993797302246,0.0,0.0
TDS,2016-05-12 20:00:00-04:00,28.059999465942383,28.350000381469727,27.75,27.780000686645508,407600,21.025047302246094,0.0,0.0
TDS,2016-05-15 20:00:00-04:00,27.790000915527344,28.15999984741211,27.719999313354492,27.920000076293945,400400,21.13100814819336,0.0,0.0
TDS,2016-05-16 20:00:00-04:00,27.799999237060547,28.280000686645508,27.56999969482422,27.670000076293945,486200,20.941801071166992,0.0,0.0
TDS,2016-05-17 20:00:00-04:00,27.6200008392334,27.799999237060547,27.079999923706055,27.290000915527344,350700,20.654197692871094,0.0,0.0
TDS,2016-05-18 20:00:00-04:00,27.170000076293945,27.420000076293945,26.959999084472656,27.34000015258789,349400,20.69203758239746,0.0,0.0
TDS,2016-05-19 20:00:00-04:00,27.459999084472656,27.729999542236328,27.190000534057617,27.520000457763672,403000,20.828275680541992,0.0,0.0
TDS,2016-05-22 20:00:00-04:00,27.520000457763672,27.850000381469727,27.290000915527344,27.479999542236328,481500,20.797996520996094,0.0,0.0
TDS,2016-05-23 20:00:00-04:00,27.649999618530273,27.780000686645508,27.25,27.670000076293945,375200,20.941801071166992,0.0,0.0
TDS,2016-05-24 20:00:00-04:00,27.8700008392334,28.280000686645508,27.34000015258789,28.020000457763672,1169600,21.206689834594727,0.0,0.0
TDS,2016-05-25 20:00:00-04:00,28.139999389648438,28.610000610351562,27.829999923706055,28.510000228881836,499000,21.57754135131836,0.0,0.0
TDS,2016-05-26 20:00:00-04:00,28.549999237060547,28.84000015258789,28.309999465942383,28.700000762939453,446500,21.721345901489258,0.0,0.0
TDS,2016-05-30 20:00:00-04:00,28.8700008392334,29.190000534057617,28.65999984741211,28.790000915527344,507700,21.789464950561523,0.0,0.0
TDS,2016-05-31 20:00:00-04:00,28.639999389648438,28.979999542236328,28.229999542236328,28.239999771118164,385200,21.37319564819336,0.0,0.0
TDS,2016-06-01 20:00:00-04:00,28.139999389648438,28.6200008392334,27.979999542236328,28.6200008392334,370300,21.66079330444336,0.0,0.0
TDS,2016-06-02 20:00:00-04:00,28.6200008392334,28.780000686645508,28.329999923706055,28.489999771118164,402100,21.56241226196289,0.0,0.0
TDS,2016-06-05 20:00:00-04:00,28.6200008392334,29.170000076293945,28.510000228881836,28.81999969482422,368500,21.812164306640625,0.0,0.0
TDS,2016-06-06 20:00:00-04:00,28.920000076293945,29.100000381469727,28.75,28.950000762939453,255700,21.910551071166992,0.0,0.0
TDS,2016-06-07 20:00:00-04:00,28.959999084472656,29.110000610351562,28.84000015258789,28.899999618530273,305300,21.872711181640625,0.0,0.0
TDS,2016-06-08 20:00:00-04:00,28.700000762939453,28.959999084472656,28.190000534057617,28.549999237060547,504300,21.607818603515625,0.0,0.0
TDS,2016-06-09 20:00:00-04:00,28.299999237060547,28.420000076293945,27.809999465942383,27.809999465942383,353300,21.047758102416992,0.0,0.0
TDS,2016-06-12 20:00:00-04:00,27.700000762939453,27.8799991607666,27.420000076293945,27.579999923706055,443800,20.873682022094727,0.0,0.0
TDS,2016-06-13 20:00:00-04:00,27.440000534057617,27.860000610351562,27.440000534057617,27.700000762939453,473900,21.077611923217773,0.148,0.0
TDS,2016-06-14 20:00:00-04:00,27.760000228881836,27.950000762939453,27.579999923706055,27.700000762939453,332800,21.077611923217773,0.0,0.0
TDS,2016-06-15 20:00:00-04:00,27.479999542236328,27.950000762939453,27.31999969482422,27.940000534057617,576000,21.26023292541504,0.0,0.0
TDS,2016-06-16 20:00:00-04:00,27.829999923706055,27.989999771118164,27.579999923706055,27.950000762939453,777600,21.26784324645996,0.0,0.0
TDS,2016-06-19 20:00:00-04:00,28.260000228881836,28.6299991607666,28.040000915527344,28.260000228881836,487600,21.503726959228516,0.0,0.0
TDS,2016-06-20 20:00:00-04:00,28.3799991607666,28.959999084472656,28.209999084472656,28.899999618530273,457700,21.9907169342041,0.0,0.0
TDS,2016-06-21 20:00:00-04:00,28.920000076293945,29.049999237060547,28.420000076293945,28.469999313354492,342500,21.66352081298828,0.0,0.0
TDS,2016-06-22 20:00:00-04:00,28.850000381469727,29.25,28.75,29.239999771118164,335900,22.249433517456055,0.0,0.0
TDS,2016-06-23 20:00:00-04:00,28.09000015258789,28.559999465942383,27.920000076293945,28.09000015258789,624100,21.374366760253906,0.0,0.0
TDS,2016-06-26 20:00:00-04:00,27.850000381469727,28.030000686645508,27.34000015258789,27.56999969482422,447900,20.97868537902832,0.0,0.0
TDS,2016-06-27 20:00:00-04:00,27.790000915527344,28.40999984741211,27.649999618530273,28.3700008392334,547000,21.58742904663086,0.0,0.0
TDS,2016-06-28 20:00:00-04:00,28.700000762939453,29.049999237060547,28.610000610351562,28.90999984741211,565200,21.998327255249023,0.0,0.0
TDS,2016-06-29 20:00:00-04:00,29.010000228881836,29.68000030517578,28.809999465942383,29.65999984741211,673500,22.569021224975586,0.0,0.0
TDS,2016-06-30 20:00:00-04:00,29.65999984741211,29.90999984741211,29.399999618530273,29.829999923706055,481300,22.698375701904297,0.0,0.0
TDS,2016-07-04 20:00:00-04:00,29.639999389648438,29.93000030517578,29.260000228881836,29.299999237060547,660900,22.29509162902832,0.0,0.0
TDS,2016-07-05 20:00:00-04:00,29.280000686645508,29.329999923706055,28.940000534057617,29.229999542236328,1034300,22.241819381713867,0.0,0.0
TDS,2016-07-06 20:00:00-04:00,29.239999771118164,29.389999389648438,28.920000076293945,29.110000610351562,305500,22.1505184173584,0.0,0.0
TDS,2016-07-07 20:00:00-04:00,29.260000228881836,29.600000381469727,29.18000030517578,29.600000381469727,477700,22.523374557495117,0.0,0.0
TDS,2016-07-10 20:00:00-04:00,29.639999389648438,30.079999923706055,29.469999313354492,30.079999923706055,563700,22.888607025146484,0.0,0.0
TDS,2016-07-11 20:00:00-04:00,30.329999923706055,30.969999313354492,30.290000915527344,30.850000381469727,468100,23.474523544311523,0.0,0.0
TDS,2016-07-12 20:00:00-04:00,30.959999084472656,31.299999237060547,30.690000534057617,31.25,531900,23.778892517089844,0.0,0.0
TDS,2016-07-13 20:00:00-04:00,31.440000534057617,31.6200008392334,31.350000381469727,31.540000915527344,517400,23.999563217163086,0.0,0.0
TDS,2016-07-14 20:00:00-04:00,31.579999923706055,31.770000457763672,31.530000686645508,31.719999313354492,398400,24.136526107788086,0.0,0.0
TDS,2016-07-17 20:00:00-04:00,31.56999969482422,31.56999969482422,30.90999984741211,31.34000015258789,362400,23.847370147705078,0.0,0.0
TDS,2016-07-18 20:00:00-04:00,31.270000457763672,31.440000534057617,31.059999465942383,31.139999389648438,435800,23.695188522338867,0.0,0.0
TDS,2016-07-19 20:00:00-04:00,31.15999984741211,31.31999969482422,30.75,31.25,380900,23.778892517089844,0.0,0.0
TDS,2016-07-20 20:00:00-04:00,31.270000457763672,31.56999969482422,30.860000610351562,31.040000915527344,533800,23.619096755981445,0.0,0.0
TDS,2016-07-21 20:00:00-04:00,31.1299991607666,31.829999923706055,31.059999465942383,31.75,326900,24.15935707092285,0.0,0.0
TDS,2016-07-24 20:00:00-04:00,31.739999771118164,31.920000076293945,31.510000228881836,31.56999969482422,479000,24.022382736206055,0.0,0.0
TDS,2016-07-25 20:00:00-04:00,31.469999313354492,31.770000457763672,31.420000076293945,31.510000228881836,405300,23.976734161376953,0.0,0.0
TDS,2016-07-26 20:00:00-04:00,31.639999389648438,31.68000030517578,31.229999542236328,31.260000228881836,497800,23.786500930786133,0.0,0.0
TDS,2016-07-27 20:00:00-04:00,31.139999389648438,31.520000457763672,31.010000228881836,31.469999313354492,545900,23.9462947845459,0.0,0.0
TDS,2016-07-28 20:00:00-04:00,31.469999313354492,31.799999237060547,31.299999237060547,31.489999771118164,641800,23.961511611938477,0.0,0.0
TDS,2016-07-31 20:00:00-04:00,31.5,31.690000534057617,31.06999969482422,31.1200008392334,479400,23.679969787597656,0.0,0.0
TDS,2016-08-01 20:00:00-04:00,31.15999984741211,31.229999542236328,30.450000762939453,30.510000228881836,503300,23.215810775756836,0.0,0.0
TDS,2016-08-02 20:00:00-04:00,30.469999313354492,30.829999923706055,30.389999389648438,30.809999465942383,475100,23.44408416748047,0.0,0.0
TDS,2016-08-03 20:00:00-04:00,30.780000686645508,30.959999084472656,30.56999969482422,30.899999618530273,385100,23.5125675201416,0.0,0.0
TDS,2016-08-04 20:00:00-04:00,31.899999618530273,32.0,30.889999389648438,31.34000015258789,438000,23.847370147705078,0.0,0.0
TDS,2016-08-07 20:00:00-04:00,31.34000015258789,31.40999984741211,30.440000534057617,30.489999771118164,670200,23.200586318969727,0.0,0.0
TDS,2016-08-08 20:00:00-04:00,30.559999465942383,30.649999618530273,30.290000915527344,30.389999389648438,402100,23.124494552612305,0.0,0.0
TDS,2016-08-09 20:00:00-04:00,30.440000534057617,30.440000534057617,30.030000686645508,30.1299991607666,320500,22.926654815673828,0.0,0.0
TDS,2016-08-10 20:00:00-04:00,30.280000686645508,30.280000686645508,29.780000686645508,29.90999984741211,580700,22.759252548217773,0.0,0.0
TDS,2016-08-11 20:00:00-04:00,29.860000610351562,29.90999984741211,29.40999984741211,29.469999313354492,464900,22.424448013305664,0.0,0.0
TDS,2016-08-14 20:00:00-04:00,29.579999923706055,29.829999923706055,29.3700008392334,29.450000762939453,460200,22.409229278564453,0.0,0.0
TDS,2016-08-15 20:00:00-04:00,29.31999969482422,29.440000534057617,28.790000915527344,28.809999465942383,440900,21.922239303588867,0.0,0.0
TDS,2016-08-16 20:00:00-04:00,28.81999969482422,28.8799991607666,28.389999389648438,28.719999313354492,575700,21.853750228881836,0.0,0.0
TDS,2016-08-17 20:00:00-04:00,28.770000457763672,28.989999771118164,28.6200008392334,28.989999771118164,332600,22.0592041015625,0.0,0.0
TDS,2016-08-18 20:00:00-04:00,28.790000915527344,28.790000915527344,28.280000686645508,28.510000228881836,412100,21.693960189819336,0.0,0.0
TDS,2016-08-21 20:00:00-04:00,28.399999618530273,28.43000030517578,28.149999618530273,28.3700008392334,327500,21.58742904663086,0.0,0.0
TDS,2016-08-22 20:00:00-04:00,28.510000228881836,28.690000534057617,28.31999969482422,28.31999969482422,270200,21.549381256103516,0.0,0.0
TDS,2016-08-23 20:00:00-04:00,28.260000228881836,28.420000076293945,27.940000534057617,28.0,321800,21.305885314941406,0.0,0.0
TDS,2016-08-24 20:00:00-04:00,27.979999542236328,28.3799991607666,27.940000534057617,28.31999969482422,381100,21.549381256103516,0.0,0.0
TDS,2016-08-25 20:00:00-04:00,28.31999969482422,28.479999542236328,27.719999313354492,27.860000610351562,383700,21.19936180114746,0.0,0.0
TDS,2016-08-28 20:00:00-04:00,27.979999542236328,28.239999771118164,27.8700008392334,28.1299991607666,385400,21.404802322387695,0.0,0.0
TDS,2016-08-29 20:00:00-04:00,28.1200008392334,28.170000076293945,27.84000015258789,28.0,277000,21.305885314941406,0.0,0.0
TDS,2016-08-30 20:00:00-04:00,27.969999313354492,28.040000915527344,27.610000610351562,27.8700008392334,418300,21.206968307495117,0.0,0.0
TDS,2016-08-31 20:00:00-04:00,27.889999389648438,27.889999389648438,27.479999542236328,27.780000686645508,606800,21.13848304748535,0.0,0.0
TDS,2016-09-01 20:00:00-04:00,28.0,28.229999542236328,27.959999084472656,28.139999389648438,347400,21.412416458129883,0.0,0.0
TDS,2016-09-05 20:00:00-04:00,28.15999984741211,28.170000076293945,27.729999542236328,27.760000228881836,408900,21.123262405395508,0.0,0.0
TDS,2016-09-06 20:00:00-04:00,27.799999237060547,28.399999618530273,27.719999313354492,28.389999389648438,558600,21.60264015197754,0.0,0.0
TDS,2016-09-07 20:00:00-04:00,28.34000015258789,28.40999984741211,28.110000610351562,28.299999237060547,410500,21.534164428710938,0.0,0.0
TDS,2016-09-08 20:00:00-04:00,28.030000686645508,28.049999237060547,27.040000915527344,27.040000915527344,563900,20.575401306152344,0.0,0.0
TDS,2016-09-11 20:00:00-04:00,26.829999923706055,27.610000610351562,26.739999771118164,27.59000015258789,491200,20.993907928466797,0.0,0.0
TDS,2016-09-12 20:00:00-04:00,27.31999969482422,27.31999969482422,26.459999084472656,26.780000686645508,683700,20.377561569213867,0.0,0.0
TDS,2016-09-13 20:00:00-04:00,26.670000076293945,26.8799991607666,26.459999084472656,26.729999542236328,503900,20.452547073364258,0.148,0.0
TDS,2016-09-14 20:00:00-04:00,26.700000762939453,27.260000228881836,26.68000030517578,27.1200008392334,467800,20.750953674316406,0.0,0.0
TDS,2016-09-15 20:00:00-04:00,27.020000457763672,27.309999465942383,26.809999465942383,27.280000686645508,1174500,20.87337875366211,0.0,0.0
TDS,2016-09-18 20:00:00-04:00,27.440000534057617,27.549999237060547,26.950000762939453,26.989999771118164,402400,20.651485443115234,0.0,0.0
TDS,2016-09-19 20:00:00-04:00,27.170000076293945,27.18000030517578,26.700000762939453,26.700000762939453,337200,20.429588317871094,0.0,0.0
TDS,2016-09-20 20:00:00-04:00,26.860000610351562,27.229999542236328,26.739999771118164,27.139999389648438,373900,20.766260147094727,0.0,0.0
TDS,2016-09-21 20:00:00-04:00,27.31999969482422,27.649999618530273,27.219999313354492,27.59000015258789,423800,21.11057472229004,0.0,0.0
TDS,2016-09-22 20:00:00-04:00,27.399999618530273,27.530000686645508,27.190000534057617,27.239999771118164,320100,20.842769622802734,0.0,0.0
TDS,2016-09-25 20:00:00-04:00,27.09000015258789,27.559999465942383,27.030000686645508,27.229999542236328,379500,20.83512306213379,0.0,0.0
TDS,2016-09-26 20:00:00-04:00,27.239999771118164,27.389999389648438,27.059999465942383,27.149999618530273,312600,20.773908615112305,0.0,0.0
TDS,2016-09-27 20:00:00-04:00,27.190000534057617,27.719999313354492,27.079999923706055,27.700000762939453,440500,21.19474220275879,0.0,0.0
TDS,2016-09-28 20:00:00-04:00,27.59000015258789,27.850000381469727,27.350000381469727,27.360000610351562,309300,20.934589385986328,0.0,0.0
TDS,2016-09-29 20:00:00-04:00,27.469999313354492,27.520000457763672,27.170000076293945,27.18000030517578,451200,20.796859741210938,0.0,0.0
TDS,2016-10-02 20:00:00-04:00,27.1200008392334,27.270000457763672,26.940000534057617,27.200000762939453,422700,20.812166213989258,0.0,0.0
TDS,2016-10-03 20:00:00-04:00,27.200000762939453,27.489999771118164,27.020000457763672,27.34000015258789,483000,20.919286727905273,0.0,0.0
TDS,2016-10-04 20:00:00-04:00,27.479999542236328,27.56999969482422,27.100000381469727,27.200000762939453,929100,20.812166213989258,0.0,0.0
TDS,2016-10-05 20:00:00-04:00,27.1299991607666,27.170000076293945,26.75,27.06999969482422,339500,20.712696075439453,0.0,0.0
TDS,2016-10-06 20:00:00-04:00,27.100000381469727,27.149999618530273,26.559999465942383,26.68000030517578,373000,20.41428565979004,0.0,0.0
TDS,2016-10-09 20:00:00-04:00,26.8700008392334,27.329999923706055,26.8700008392334,27.200000762939453,298900,20.812166213989258,0.0,0.0
TDS,2016-10-10 20:00:00-04:00,27.100000381469727,27.139999389648438,26.610000610351562,26.780000686645508,397200,20.49080467224121,0.0,0.0
TDS,2016-10-11 20:00:00-04:00,26.84000015258789,26.979999542236328,26.709999084472656,26.920000076293945,378200,20.597923278808594,0.0,0.0
TDS,2016-10-12 20:00:00-04:00,26.719999313354492,26.760000228881836,26.549999237060547,26.610000610351562,292200,20.360727310180664,0.0,0.0
TDS,2016-10-13 20:00:00-04:00,26.760000228881836,27.049999237060547,26.68000030517578,26.75,287400,20.467849731445312,0.0,0.0
TDS,2016-10-16 20:00:00-04:00,26.739999771118164,27.0,26.440000534057617,26.799999237060547,482300,20.506105422973633,0.0,0.0
TDS,2016-10-17 20:00:00-04:00,27.170000076293945,27.209999084472656,26.8700008392334,26.969999313354492,342800,20.63618278503418,0.0,0.0
TDS,2016-10-18 20:00:00-04:00,27.030000686645508,27.139999389648438,26.829999923706055,26.93000030517578,383700,20.60557746887207,0.0,0.0
TDS,2016-10-19 20:00:00-04:00,26.790000915527344,26.93000030517578,26.510000228881836,26.700000762939453,280500,20.429588317871094,0.0,0.0
TDS,2016-10-20 20:00:00-04:00,26.540000915527344,26.75,26.350000381469727,26.549999237060547,375100,20.314815521240234,0.0,0.0
TDS,2016-10-23 20:00:00-04:00,27.969999313354492,27.969999313354492,26.540000915527344,26.860000610351562,456000,20.55201530456543,0.0,0.0
TDS,2016-10-24 20:00:00-04:00,26.790000915527344,26.920000076293945,26.280000686645508,26.34000015258789,326200,20.15413475036621,0.0,0.0
TDS,2016-10-25 20:00:00-04:00,26.239999771118164,26.389999389648438,26.020000457763672,26.06999969482422,371800,19.947540283203125,0.0,0.0
TDS,2016-10-26 20:00:00-04:00,26.18000030517578,26.5,25.989999771118164,26.3700008392334,493000,20.17708969116211,0.0,0.0
TDS,2016-10-27 20:00:00-04:00,26.3700008392334,26.8799991607666,25.75,25.790000915527344,447000,19.733299255371094,0.0,0.0
TDS,2016-10-30 20:00:00-04:00,25.899999618530273,26.06999969482422,25.670000076293945,25.84000015258789,865500,19.771556854248047,0.0,0.0
TDS,2016-10-31 20:00:00-04:00,25.850000381469727,26.049999237060547,25.420000076293945,25.670000076293945,475600,19.641483306884766,0.0,0.0
TDS,2016-11-01 20:00:00-04:00,25.559999465942383,25.770000457763672,24.860000610351562,25.040000915527344,584600,19.159433364868164,0.0,0.0
TDS,2016-11-02 20:00:00-04:00,25.040000915527344,25.290000915527344,24.8799991607666,25.040000915527344,497100,19.159433364868164,0.0,0.0
TDS,2016-11-03 20:00:00-04:00,24.709999084472656,25.81999969482422,24.1200008392334,25.31999969482422,787900,19.373680114746094,0.0,0.0
TDS,2016-11-06 19:00:00-05:00,25.610000610351562,25.93000030517578,25.270000457763672,25.899999618530273,624600,19.817466735839844,0.0,0.0
TDS,2016-11-07 19:00:00-05:00,25.770000457763672,25.989999771118164,25.549999237060547,25.719999313354492,477900,19.679738998413086,0.0,0.0
TDS,2016-11-08 19:00:00-05:00,25.489999771118164,25.989999771118164,25.3799991607666,25.969999313354492,448000,19.871028900146484,0.0,0.0
TDS,2016-11-09 19:00:00-05:00,26.170000076293945,26.18000030517578,25.299999237060547,25.420000076293945,472600,19.450193405151367,0.0,0.0
TDS,2016-11-10 19:00:00-05:00,25.290000915527344,25.809999465942383,25.260000228881836,25.739999771118164,408400,19.695043563842773,0.0,0.0
TDS,2016-11-13 19:00:00-05:00,25.920000076293945,26.020000457763672,25.5,25.56999969482422,447200,19.564964294433594,0.0,0.0
TDS,2016-11-14 19:00:00-05:00,25.709999084472656,25.75,25.40999984741211,25.559999465942383,522500,19.55731201171875,0.0,0.0
TDS,2016-11-15 19:00:00-05:00,25.59000015258789,25.780000686645508,25.1299991607666,25.690000534057617,644600,19.65679168701172,0.0,0.0
TDS,2016-11-16 19:00:00-05:00,25.75,26.209999084472656,25.75,25.920000076293945,516700,19.832765579223633,0.0,0.0
TDS,2016-11-17 19:00:00-05:00,25.920000076293945,26.25,25.8700008392334,26.06999969482422,565000,19.947540283203125,0.0,0.0
TDS,2016-11-20 19:00:00-05:00,26.290000915527344,26.65999984741211,26.09000015258789,26.65999984741211,447300,20.398983001708984,0.0,0.0
TDS,2016-11-21 19:00:00-05:00,26.81999969482422,26.8799991607666,26.40999984741211,26.489999771118164,507400,20.268905639648438,0.0,0.0
TDS,2016-11-22 19:00:00-05:00,26.389999389648438,26.899999618530273,26.200000762939453,26.829999923706055,302500,20.529056549072266,0.0,0.0
TDS,2016-11-24 19:00:00-05:00,26.899999618530273,27.18000030517578,26.81999969482422,27.1299991607666,139900,20.758604049682617,0.0,0.0
TDS,2016-11-27 19:00:00-05:00,27.200000762939453,27.34000015258789,27.049999237060547,27.25,378500,20.85042381286621,0.0,0.0
TDS,2016-11-28 19:00:00-05:00,27.229999542236328,27.399999618530273,27.06999969482422,27.200000762939453,349100,20.812166213989258,0.0,0.0
TDS,2016-11-29 19:00:00-05:00,27.399999618530273,27.5,26.920000076293945,26.93000030517578,501600,20.60557746887207,0.0,0.0
TDS,2016-11-30 19:00:00-05:00,26.969999313354492,27.1299991607666,26.579999923706055,26.81999969482422,354300,20.521408081054688,0.0,0.0
TDS,2016-12-01 19:00:00-05:00,26.889999389648438,27.68000030517578,26.739999771118164,27.639999389648438,567000,21.14883041381836,0.0,0.0
TDS,2016-12-04 19:00:00-05:00,27.8700008392334,28.079999923706055,27.68000030517578,28.079999923706055,441500,21.485504150390625,0.0,0.0
TDS,2016-12-05 19:00:00-05:00,28.059999465942383,28.43000030517578,27.809999465942383,28.3700008392334,444800,21.707395553588867,0.0,0.0
TDS,2016-12-06 19:00:00-05:00,28.520000457763672,29.09000015258789,28.360000610351562,28.969999313354492,586100,22.166488647460938,0.0,0.0
TDS,2016-12-07 19:00:00-05:00,28.969999313354492,29.329999923706055,28.920000076293945,29.260000228881836,746300,22.388378143310547,0.0,0.0
TDS,2016-12-08 19:00:00-05:00,29.260000228881836,29.489999771118164,28.8700008392334,29.260000228881836,661900,22.388378143310547,0.0,0.0
TDS,2016-12-11 19:00:00-05:00,29.18000030517578,29.40999984741211,28.989999771118164,29.040000915527344,354600,22.220046997070312,0.0,0.0
TDS,2016-12-12 19:00:00-05:00,29.149999618530273,29.31999969482422,29.030000686645508,29.280000686645508,394200,22.403684616088867,0.0,0.0
TDS,2016-12-13 19:00:00-05:00,29.200000762939453,29.799999237060547,28.969999313354492,29.290000915527344,615100,22.52519416809082,0.148,0.0
TDS,2016-12-14 19:00:00-05:00,29.309999465942383,29.459999084472656,29.06999969482422,29.360000610351562,346000,22.579025268554688,0.0,0.0
TDS,2016-12-15 19:00:00-05:00,29.360000610351562,29.65999984741211,29.059999465942383,29.200000762939453,1013200,22.455976486206055,0.0,0.0
TDS,2016-12-18 19:00:00-05:00,29.280000686645508,29.6200008392334,29.010000228881836,29.450000762939453,385000,22.64824104309082,0.0,0.0
TDS,2016-12-19 19:00:00-05:00,29.5,29.739999771118164,29.170000076293945,29.260000228881836,455800,22.50212287902832,0.0,0.0
TDS,2016-12-20 19:00:00-05:00,29.219999313354492,29.850000381469727,29.06999969482422,29.479999542236328,394400,22.67131233215332,0.0,0.0
TDS,2016-12-21 19:00:00-05:00,29.469999313354492,29.530000686645508,29.139999389648438,29.440000534057617,270200,22.64055061340332,0.0,0.0
TDS,2016-12-22 19:00:00-05:00,29.450000762939453,29.739999771118164,29.229999542236328,29.600000381469727,197400,22.763593673706055,0.0,0.0
TDS,2016-12-26 19:00:00-05:00,29.59000015258789,30.170000076293945,29.440000534057617,29.8799991607666,288400,22.978925704956055,0.0,0.0
TDS,2016-12-27 19:00:00-05:00,29.850000381469727,29.969999313354492,29.350000381469727,29.399999618530273,227800,22.609786987304688,0.0,0.0
TDS,2016-12-28 19:00:00-05:00,29.440000534057617,29.579999923706055,29.309999465942383,29.43000030517578,290800,22.63286018371582,0.0,0.0
TDS,2016-12-29 19:00:00-05:00,29.510000228881836,29.510000228881836,28.75,28.8700008392334,433700,22.202194213867188,0.0,0.0
TDS,2017-01-02 19:00:00-05:00,29.149999618530273,30.549999237060547,29.0,30.399999618530273,856400,23.378829956054688,0.0,0.0
TDS,2017-01-03 19:00:00-05:00,30.34000015258789,31.25,30.31999969482422,31.1299991607666,681700,23.940223693847656,0.0,0.0
TDS,2017-01-04 19:00:00-05:00,31.139999389648438,31.34000015258789,30.739999771118164,30.889999389648438,878300,23.755661010742188,0.0,0.0
TDS,2017-01-05 19:00:00-05:00,30.889999389648438,30.989999771118164,30.540000915527344,30.770000457763672,430400,23.66337013244629,0.0,0.0
TDS,2017-01-08 19:00:00-05:00,30.690000534057617,30.690000534057617,30.049999237060547,30.239999771118164,446700,23.255783081054688,0.0,0.0
TDS,2017-01-09 19:00:00-05:00,30.31999969482422,30.3700008392334,30.020000457763672,30.239999771118164,500500,23.255783081054688,0.0,0.0
TDS,2017-01-10 19:00:00-05:00,30.190000534057617,30.760000228881836,30.06999969482422,30.149999618530273,527000,23.186567306518555,0.0,0.0
TDS,2017-01-11 19:00:00-05:00,29.969999313354492,30.149999618530273,29.389999389648438,29.829999923706055,399200,22.940475463867188,0.0,0.0
TDS,2017-01-12 19:00:00-05:00,29.8799991607666,30.18000030517578,29.670000076293945,29.770000457763672,257100,22.894330978393555,0.0,0.0
TDS,2017-01-16 19:00:00-05:00,29.790000915527344,30.549999237060547,29.56999969482422,30.15999984741211,443300,23.194263458251953,0.0,0.0
TDS,2017-01-17 19:00:00-05:00,30.25,30.25,29.520000457763672,29.670000076293945,407800,22.817426681518555,0.0,0.0
TDS,2017-01-18 19:00:00-05:00,29.799999237060547,30.030000686645508,29.520000457763672,29.799999237060547,400200,22.91739845275879,0.0,0.0
TDS,2017-01-19 19:00:00-05:00,30.010000228881836,30.270000457763672,29.700000762939453,29.809999465942383,264500,22.925090789794922,0.0,0.0
TDS,2017-01-22 19:00:00-05:00,29.780000686645508,29.81999969482422,29.530000686645508,29.700000762939453,263400,22.84050178527832,0.0,0.0
TDS,2017-01-23 19:00:00-05:00,29.700000762939453,29.799999237060547,29.229999542236328,29.639999389648438,435300,22.794355392456055,0.0,0.0
TDS,2017-01-24 19:00:00-05:00,29.760000228881836,29.8700008392334,29.459999084472656,29.81999969482422,368600,22.932783126831055,0.0,0.0
TDS,2017-01-25 19:00:00-05:00,29.690000534057617,30.389999389648438,29.6299991607666,30.360000610351562,359500,23.34806251525879,0.0,0.0
TDS,2017-01-26 19:00:00-05:00,30.459999084472656,30.729999542236328,30.25,30.719999313354492,479900,23.624921798706055,0.0,0.0
TDS,2017-01-29 19:00:00-05:00,30.59000015258789,30.670000076293945,30.1299991607666,30.639999389648438,440000,23.563400268554688,0.0,0.0
TDS,2017-01-30 19:00:00-05:00,30.56999969482422,30.8700008392334,30.510000228881836,30.649999618530273,1133900,23.571090698242188,0.0,0.0
TDS,2017-01-31 19:00:00-05:00,30.760000228881836,31.030000686645508,29.079999923706055,29.299999237060547,717400,22.532882690429688,0.0,0.0
TDS,2017-02-01 19:00:00-05:00,29.329999923706055,29.5,28.979999542236328,29.469999313354492,599400,22.66362190246582,0.0,0.0
TDS,2017-02-02 19:00:00-05:00,29.6200008392334,29.780000686645508,29.3799991607666,29.700000762939453,366400,22.84050178527832,0.0,0.0
TDS,2017-02-05 19:00:00-05:00,29.600000381469727,29.600000381469727,28.899999618530273,28.969999313354492,250000,22.279104232788086,0.0,0.0
TDS,2017-02-06 19:00:00-05:00,28.920000076293945,28.959999084472656,28.649999618530273,28.84000015258789,228500,22.179126739501953,0.0,0.0
TDS,2017-02-07 19:00:00-05:00,28.760000228881836,29.049999237060547,28.6200008392334,29.010000228881836,293300,22.30986213684082,0.0,0.0
TDS,2017-02-08 19:00:00-05:00,29.079999923706055,29.760000228881836,29.040000915527344,29.709999084472656,426200,22.848190307617188,0.0,0.0
TDS,2017-02-09 19:00:00-05:00,29.719999313354492,30.68000030517578,29.559999465942383,30.6299991607666,677000,23.555706024169922,0.0,0.0
TDS,2017-02-12 19:00:00-05:00,30.520000457763672,30.700000762939453,30.239999771118164,30.6299991607666,649800,23.555706024169922,0.0,0.0
TDS,2017-02-13 19:00:00-05:00,30.5,30.760000228881836,29.93000030517578,30.739999771118164,491500,23.640302658081055,0.0,0.0
TDS,2017-02-14 19:00:00-05:00,30.559999465942383,30.860000610351562,30.229999542236328,30.860000610351562,471700,23.732585906982422,0.0,0.0
TDS,2017-02-15 19:00:00-05:00,30.829999923706055,31.56999969482422,30.81999969482422,31.559999465942383,697400,24.27091407775879,0.0,0.0
TDS,2017-02-16 19:00:00-05:00,31.290000915527344,31.959999084472656,31.219999313354492,31.93000030517578,455900,24.55545997619629,0.0,0.0
TDS,2017-02-20 19:00:00-05:00,31.920000076293945,32.5,31.8700008392334,32.38999938964844,442100,24.909215927124023,0.0,0.0
TDS,2017-02-21 19:00:00-05:00,32.25,32.810001373291016,32.130001068115234,32.75,512100,25.18606948852539,0.0,0.0
TDS,2017-02-22 19:00:00-05:00,32.900001525878906,32.97999954223633,32.63999938964844,32.720001220703125,960200,25.16300392150879,0.0,0.0
TDS,2017-02-23 19:00:00-05:00,31.299999237060547,31.6200008392334,29.790000915527344,29.860000610351562,1288000,22.963546752929688,0.0,0.0
TDS,2017-02-26 19:00:00-05:00,29.149999618530273,29.149999618530273,28.3799991607666,28.469999313354492,1471400,21.894582748413086,0.0,0.0
TDS,2017-02-27 19:00:00-05:00,28.43000030517578,28.559999465942383,26.989999771118164,27.030000686645508,1112800,20.787160873413086,0.0,0.0
TDS,2017-02-28 19:00:00-05:00,27.1200008392334,27.479999542236328,26.780000686645508,26.989999771118164,1169800,20.75640106201172,0.0,0.0
TDS,2017-03-01 19:00:00-05:00,27.399999618530273,27.399999618530273,26.3799991607666,26.520000457763672,1119100,20.39495277404785,0.0,0.0
TDS,2017-03-02 19:00:00-05:00,26.309999465942383,26.530000686645508,26.149999618530273,26.3799991607666,1117300,20.287288665771484,0.0,0.0
TDS,2017-03-05 19:00:00-05:00,26.399999618530273,26.399999618530273,25.549999237060547,25.780000686645508,1353500,19.82585906982422,0.0,0.0
TDS,2017-03-06 19:00:00-05:00,25.670000076293945,25.700000762939453,25.209999084472656,25.420000076293945,982900,19.54901123046875,0.0,0.0
TDS,2017-03-07 19:00:00-05:00,25.31999969482422,25.40999984741211,25.0,25.1200008392334,874800,19.31829261779785,0.0,0.0
TDS,2017-03-08 19:00:00-05:00,25.1200008392334,25.75,25.100000381469727,25.700000762939453,894600,19.764333724975586,0.0,0.0
TDS,2017-03-09 19:00:00-05:00,25.6200008392334,26.229999542236328,25.600000381469727,26.079999923706055,1180000,20.05657386779785,0.0,0.0
TDS,2017-03-12 20:00:00-04:00,26.1200008392334,26.209999084472656,25.84000015258789,25.989999771118164,685600,19.98736000061035,0.0,0.0
TDS,2017-03-13 20:00:00-04:00,25.889999389648438,26.020000457763672,25.610000610351562,25.780000686645508,840500,19.82585906982422,0.0,0.0
TDS,2017-03-14 20:00:00-04:00,25.75,26.420000076293945,25.549999237060547,26.18000030517578,716400,20.25525665283203,0.155,0.0
TDS,2017-03-15 20:00:00-04:00,26.209999084472656,26.5,26.170000076293945,26.270000457763672,527700,20.324899673461914,0.0,0.0
TDS,2017-03-16 20:00:00-04:00,26.420000076293945,26.489999771118164,26.1299991607666,26.350000381469727,1427800,20.386783599853516,0.0,0.0
TDS,2017-03-19 20:00:00-04:00,26.34000015258789,26.3799991607666,25.899999618530273,26.25,552000,20.309423446655273,0.0,0.0
TDS,2017-03-20 20:00:00-04:00,26.190000534057617,26.350000381469727,25.56999969482422,25.6299991607666,864900,19.829727172851562,0.0,0.0
TDS,2017-03-21 20:00:00-04:00,25.65999984741211,25.729999542236328,25.030000686645508,25.299999237060547,794600,19.57441520690918,0.0,0.0
TDS,2017-03-22 20:00:00-04:00,25.280000686645508,25.59000015258789,25.149999618530273,25.25,455600,19.535720825195312,0.0,0.0
TDS,2017-03-23 20:00:00-04:00,25.260000228881836,25.510000228881836,25.09000015258789,25.34000015258789,716600,19.605358123779297,0.0,0.0
TDS,2017-03-26 20:00:00-04:00,25.100000381469727,25.34000015258789,25.030000686645508,25.200000762939453,418800,19.49703598022461,0.0,0.0
TDS,2017-03-27 20:00:00-04:00,25.170000076293945,25.6200008392334,24.84000015258789,25.5,930500,19.72914695739746,0.0,0.0
TDS,2017-03-28 20:00:00-04:00,25.450000762939453,26.079999923706055,25.420000076293945,25.940000534057617,745200,20.069576263427734,0.0,0.0
TDS,2017-03-29 20:00:00-04:00,25.93000030517578,26.6200008392334,25.770000457763672,26.399999618530273,682600,20.425474166870117,0.0,0.0
TDS,2017-03-30 20:00:00-04:00,26.389999389648438,26.610000610351562,26.270000457763672,26.510000228881836,951600,20.510578155517578,0.0,0.0
TDS,2017-04-02 20:00:00-04:00,26.479999542236328,26.479999542236328,25.760000228881836,26.100000381469727,700700,20.1933650970459,0.0,0.0
TDS,2017-04-03 20:00:00-04:00,26.030000686645508,26.709999084472656,25.920000076293945,26.6200008392334,754300,20.595687866210938,0.0,0.0
TDS,2017-04-04 20:00:00-04:00,26.65999984741211,26.93000030517578,26.459999084472656,26.549999237060547,1515800,20.541528701782227,0.0,0.0
TDS,2017-04-05 20:00:00-04:00,26.56999969482422,26.579999923706055,26.049999237060547,26.3700008392334,713500,20.402263641357422,0.0,0.0
TDS,2017-04-06 20:00:00-04:00,26.3700008392334,26.600000381469727,26.299999237060547,26.309999465942383,540400,20.3558406829834,0.0,0.0
TDS,2017-04-09 20:00:00-04:00,26.420000076293945,26.899999618530273,26.420000076293945,26.6299991607666,681800,20.603425979614258,0.0,0.0
TDS,2017-04-10 20:00:00-04:00,26.600000381469727,26.799999237060547,26.34000015258789,26.719999313354492,622200,20.67305564880371,0.0,0.0
TDS,2017-04-11 20:00:00-04:00,26.709999084472656,26.969999313354492,26.469999313354492,26.940000534057617,539300,20.843271255493164,0.0,0.0
TDS,2017-04-12 20:00:00-04:00,26.950000762939453,26.969999313354492,26.270000457763672,26.280000686645508,669500,20.332630157470703,0.0,0.0
TDS,2017-04-16 20:00:00-04:00,26.399999618530273,26.899999618530273,26.25,26.850000381469727,879300,20.773635864257812,0.0,0.0
TDS,2017-04-17 20:00:00-04:00,26.760000228881836,27.110000610351562,26.420000076293945,26.90999984741211,957700,20.820058822631836,0.0,0.0
TDS,2017-04-18 20:00:00-04:00,26.989999771118164,27.299999237060547,26.799999237060547,27.049999237060547,733700,20.928369522094727,0.0,0.0
TDS,2017-04-19 20:00:00-04:00,27.0,27.510000228881836,26.700000762939453,27.170000076293945,617100,21.021215438842773,0.0,0.0
TDS,2017-04-20 20:00:00-04:00,27.030000686645508,27.229999542236328,26.700000762939453,27.15999984741211,633800,21.013479232788086,0.0,0.0
TDS,2017-04-23 20:00:00-04:00,27.700000762939453,27.770000457763672,27.059999465942383,27.450000762939453,1492400,21.23784828186035,0.0,0.0
TDS,2017-04-24 20:00:00-04:00,27.600000381469727,27.920000076293945,27.34000015258789,27.610000610351562,980700,21.36164093017578,0.0,0.0
TDS,2017-04-25 20:00:00-04:00,27.56999969482422,27.84000015258789,27.260000228881836,27.479999542236328,1125500,21.261056900024414,0.0,0.0
TDS,2017-04-26 20:00:00-04:00,27.440000534057617,27.889999389648438,27.229999542236328,27.290000915527344,1122800,21.11406135559082,0.0,0.0
TDS,2017-04-27 20:00:00-04:00,27.31999969482422,27.899999618530273,27.100000381469727,27.459999084472656,4944700,21.245588302612305,0.0,0.0
TDS,2017-04-30 20:00:00-04:00,27.6200008392334,27.6200008392334,26.84000015258789,26.979999542236328,1490600,20.874210357666016,0.0,0.0
TDS,2017-05-01 20:00:00-04:00,27.020000457763672,27.209999084472656,26.649999618530273,27.18000030517578,942500,21.028955459594727,0.0,0.0
TDS,2017-05-02 20:00:00-04:00,27.09000015258789,27.18000030517578,25.979999542236328,26.040000915527344,1055900,20.146944046020508,0.0,0.0
TDS,2017-05-03 20:00:00-04:00,26.0,26.209999084472656,25.56999969482422,26.170000076293945,1414700,20.247522354125977,0.0,0.0
TDS,2017-05-04 20:00:00-04:00,26.34000015258789,27.799999237060547,26.34000015258789,27.459999084472656,1688200,21.245588302612305,0.0,0.0
TDS,2017-05-07 20:00:00-04:00,27.510000228881836,27.530000686645508,27.010000228881836,27.3799991607666,1147700,21.183692932128906,0.0,0.0
TDS,2017-05-08 20:00:00-04:00,27.440000534057617,27.600000381469727,27.1200008392334,27.5,1009600,21.27653694152832,0.0,0.0
TDS,2017-05-09 20:00:00-04:00,27.559999465942383,27.700000762939453,27.200000762939453,27.299999237060547,800300,21.12178611755371,0.0,0.0
TDS,2017-05-10 20:00:00-04:00,27.280000686645508,27.280000686645508,26.290000915527344,26.59000015258789,932100,20.57246971130371,0.0,0.0
TDS,2017-05-11 20:00:00-04:00,26.700000762939453,27.209999084472656,26.520000457763672,27.190000534057617,1344400,21.03668975830078,0.0,0.0
TDS,2017-05-14 20:00:00-04:00,27.270000457763672,27.690000534057617,27.09000015258789,27.219999313354492,747700,21.059900283813477,0.0,0.0
TDS,2017-05-15 20:00:00-04:00,27.360000610351562,27.360000610351562,26.850000381469727,26.899999618530273,801600,20.812318801879883,0.0,0.0
TDS,2017-05-16 20:00:00-04:00,26.899999618530273,26.899999618530273,26.18000030517578,26.190000534057617,758600,20.262998580932617,0.0,0.0
TDS,2017-05-17 20:00:00-04:00,26.18000030517578,26.40999984741211,25.899999618530273,26.280000686645508,1356700,20.332630157470703,0.0,0.0
TDS,2017-05-18 20:00:00-04:00,26.43000030517578,27.360000610351562,26.329999923706055,27.200000762939453,1604100,21.044422149658203,0.0,0.0
TDS,2017-05-21 20:00:00-04:00,27.149999618530273,27.760000228881836,27.06999969482422,27.610000610351562,838400,21.36164093017578,0.0,0.0
TDS,2017-05-22 20:00:00-04:00,27.56999969482422,27.81999969482422,27.450000762939453,27.610000610351562,745900,21.36164093017578,0.0,0.0
TDS,2017-05-23 20:00:00-04:00,27.639999389648438,27.809999465942383,27.389999389648438,27.790000915527344,576700,21.500905990600586,0.0,0.0
TDS,2017-05-24 20:00:00-04:00,27.829999923706055,28.219999313354492,27.799999237060547,28.09000015258789,446500,21.733007431030273,0.0,0.0
TDS,2017-05-25 20:00:00-04:00,28.059999465942383,28.059999465942383,27.670000076293945,27.860000610351562,420400,21.555065155029297,0.0,0.0
TDS,2017-05-29 20:00:00-04:00,27.75,28.1200008392334,27.649999618530273,28.0,414400,21.66337776184082,0.0,0.0
TDS,2017-05-30 20:00:00-04:00,28.100000381469727,28.559999465942383,27.8799991607666,28.530000686645508,883000,22.073434829711914,0.0,0.0
TDS,2017-05-31 20:00:00-04:00,28.579999923706055,29.06999969482422,28.43000030517578,29.040000915527344,892000,22.4680233001709,0.0,0.0
TDS,2017-06-01 20:00:00-04:00,29.09000015258789,29.309999465942383,28.90999984741211,29.100000381469727,918000,22.51444435119629,0.0,0.0
TDS,2017-06-04 20:00:00-04:00,29.06999969482422,29.190000534057617,28.920000076293945,29.079999923706055,355600,22.498966217041016,0.0,0.0
TDS,2017-06-05 20:00:00-04:00,28.93000030517578,28.950000762939453,28.56999969482422,28.610000610351562,612400,22.135332107543945,0.0,0.0
TDS,2017-06-06 20:00:00-04:00,28.520000457763672,28.649999618530273,28.389999389648438,28.520000457763672,707500,22.065702438354492,0.0,0.0
TDS,2017-06-07 20:00:00-04:00,28.510000228881836,28.700000762939453,28.350000381469727,28.540000915527344,479500,22.0811767578125,0.0,0.0
TDS,2017-06-08 20:00:00-04:00,28.510000228881836,28.709999084472656,28.149999618530273,28.299999237060547,538000,21.89548683166504,0.0,0.0
TDS,2017-06-11 20:00:00-04:00,28.280000686645508,28.90999984741211,28.239999771118164,28.68000030517578,871100,22.189491271972656,0.0,0.0
TDS,2017-06-12 20:00:00-04:00,28.729999542236328,28.739999771118164,28.049999237060547,28.290000915527344,586500,21.88775062561035,0.0,0.0
TDS,2017-06-13 20:00:00-04:00,28.290000915527344,28.459999084472656,27.969999313354492,28.209999084472656,463900,21.946096420288086,0.155,0.0
TDS,2017-06-14 20:00:00-04:00,27.90999984741211,28.280000686645508,27.829999923706055,27.959999084472656,386800,21.751609802246094,0.0,0.0
TDS,2017-06-15 20:00:00-04:00,27.899999618530273,28.510000228881836,27.780000686645508,28.06999969482422,986800,21.83718490600586,0.0,0.0
TDS,2017-06-18 20:00:00-04:00,28.1200008392334,28.280000686645508,27.700000762939453,28.010000228881836,1978000,21.790508270263672,0.0,0.0
TDS,2017-06-19 20:00:00-04:00,27.979999542236328,28.170000076293945,27.5,27.739999771118164,425500,21.580459594726562,0.0,0.0
TDS,2017-06-20 20:00:00-04:00,27.809999465942383,27.93000030517578,27.549999237060547,27.68000030517578,702900,21.533782958984375,0.0,0.0
TDS,2017-06-21 20:00:00-04:00,27.68000030517578,27.75,27.43000030517578,27.56999969482422,418400,21.44820785522461,0.0,0.0
TDS,2017-06-22 20:00:00-04:00,27.56999969482422,27.8700008392334,27.31999969482422,27.65999984741211,736400,21.518217086791992,0.0,0.0
TDS,2017-06-25 20:00:00-04:00,27.809999465942383,28.200000762939453,27.68000030517578,28.040000915527344,461700,21.813846588134766,0.0,0.0
TDS,2017-06-26 20:00:00-04:00,27.969999313354492,28.760000228881836,27.84000015258789,28.229999542236328,775700,21.961660385131836,0.0,0.0
TDS,2017-06-27 20:00:00-04:00,28.3700008392334,28.6200008392334,28.15999984741211,28.459999084472656,572100,22.14058494567871,0.0,0.0
TDS,2017-06-28 20:00:00-04:00,28.40999984741211,28.420000076293945,27.6299991607666,27.84000015258789,389900,21.65825080871582,0.0,0.0
TDS,2017-06-29 20:00:00-04:00,27.940000534057617,27.940000534057617,27.549999237060547,27.75,527200,21.588237762451172,0.0,0.0
TDS,2017-07-02 20:00:00-04:00,27.829999923706055,28.389999389648438,27.799999237060547,28.170000076293945,221900,21.914979934692383,0.0,0.0
TDS,2017-07-04 20:00:00-04:00,28.100000381469727,28.209999084472656,27.719999313354492,27.920000076293945,489700,21.720491409301758,0.0,0.0
TDS,2017-07-05 20:00:00-04:00,27.729999542236328,28.1299991607666,27.700000762939453,27.829999923706055,880500,21.650476455688477,0.0,0.0
TDS,2017-07-06 20:00:00-04:00,27.8700008392334,28.139999389648438,27.549999237060547,27.65999984741211,585800,21.518217086791992,0.0,0.0
TDS,2017-07-09 20:00:00-04:00,27.530000686645508,27.8799991607666,27.43000030517578,27.459999084472656,562200,21.362638473510742,0.0,0.0
TDS,2017-07-10 20:00:00-04:00,27.479999542236328,27.81999969482422,27.399999618530273,27.559999465942383,1263200,21.4404239654541,0.0,0.0
TDS,2017-07-11 20:00:00-04:00,27.729999542236328,28.049999237060547,27.260000228881836,27.270000457763672,385600,21.214818954467773,0.0,0.0
TDS,2017-07-12 20:00:00-04:00,27.280000686645508,27.43000030517578,27.0,27.229999542236328,501600,21.183704376220703,0.0,0.0
TDS,2017-07-13 20:00:00-04:00,27.260000228881836,27.700000762939453,27.260000228881836,27.59000015258789,476200,21.463762283325195,0.0,0.0
TDS,2017-07-16 20:00:00-04:00,27.579999923706055,28.110000610351562,27.530000686645508,27.829999923706055,434000,21.650476455688477,0.0,0.0
TDS,2017-07-17 20:00:00-04:00,27.81999969482422,27.81999969482422,27.209999084472656,27.6200008392334,608400,21.48710823059082,0.0,0.0
TDS,2017-07-18 20:00:00-04:00,27.649999618530273,28.100000381469727,27.649999618530273,28.020000457763672,706500,21.798290252685547,0.0,0.0
TDS,2017-07-19 20:00:00-04:00,28.149999618530273,28.610000610351562,28.049999237060547,28.200000762939453,544700,21.938316345214844,0.0,0.0
TDS,2017-07-20 20:00:00-04:00,28.18000030517578,28.459999084472656,28.059999465942383,28.399999618530273,565400,22.09390640258789,0.0,0.0
TDS,2017-07-23 20:00:00-04:00,28.350000381469727,28.540000915527344,28.030000686645508,28.040000915527344,466800,21.813846588134766,0.0,0.0
TDS,2017-07-24 20:00:00-04:00,28.209999084472656,29.030000686645508,28.100000381469727,28.850000381469727,803700,22.443988800048828,0.0,0.0
TDS,2017-07-25 20:00:00-04:00,29.040000915527344,29.040000915527344,28.40999984741211,28.43000030517578,475100,22.11724853515625,0.0,0.0
TDS,2017-07-26 20:00:00-04:00,28.520000457763672,29.049999237060547,28.309999465942383,28.68000030517578,660900,22.311737060546875,0.0,0.0
TDS,2017-07-27 20:00:00-04:00,28.579999923706055,28.670000076293945,28.149999618530273,28.299999237060547,609900,22.01611328125,0.0,0.0
TDS,2017-07-30 20:00:00-04:00,28.25,28.489999771118164,27.850000381469727,28.43000030517578,1209700,22.11724853515625,0.0,0.0
TDS,2017-07-31 20:00:00-04:00,28.65999984741211,28.950000762939453,28.520000457763672,28.829999923706055,487900,22.42843246459961,0.0,0.0
TDS,2017-08-01 20:00:00-04:00,28.739999771118164,28.979999542236328,28.3799991607666,28.670000076293945,359800,22.303955078125,0.0,0.0
TDS,2017-08-02 20:00:00-04:00,28.729999542236328,28.790000915527344,28.25,28.469999313354492,605300,22.148365020751953,0.0,0.0
TDS,2017-08-03 20:00:00-04:00,27.34000015258789,28.850000381469727,27.170000076293945,28.809999465942383,895200,22.412872314453125,0.0,0.0
TDS,2017-08-06 20:00:00-04:00,28.799999237060547,29.790000915527344,28.799999237060547,29.68000030517578,615300,23.089689254760742,0.0,0.0
TDS,2017-08-07 20:00:00-04:00,29.450000762939453,29.700000762939453,29.219999313354492,29.260000228881836,561500,22.762954711914062,0.0,0.0
TDS,2017-08-08 20:00:00-04:00,29.040000915527344,29.280000686645508,28.780000686645508,28.8700008392334,327700,22.45954704284668,0.0,0.0
TDS,2017-08-09 20:00:00-04:00,28.729999542236328,28.90999984741211,28.329999923706055,28.510000228881836,547600,22.179487228393555,0.0,0.0
TDS,2017-08-10 20:00:00-04:00,28.31999969482422,28.75,28.100000381469727,28.700000762939453,375000,22.32729721069336,0.0,0.0
TDS,2017-08-13 20:00:00-04:00,28.84000015258789,29.43000030517578,28.770000457763672,29.360000610351562,486000,22.84074592590332,0.0,0.0
TDS,2017-08-14 20:00:00-04:00,29.40999984741211,29.40999984741211,28.579999923706055,28.719999313354492,408900,22.342853546142578,0.0,0.0
TDS,2017-08-15 20:00:00-04:00,28.729999542236328,29.09000015258789,28.690000534057617,28.969999313354492,373900,22.53734588623047,0.0,0.0
TDS,2017-08-16 20:00:00-04:00,28.8799991607666,29.239999771118164,28.399999618530273,28.420000076293945,354500,22.109468460083008,0.0,0.0
TDS,2017-08-17 20:00:00-04:00,28.34000015258789,28.75,28.239999771118164,28.56999969482422,366500,22.22616195678711,0.0,0.0
TDS,2017-08-20 20:00:00-04:00,28.540000915527344,28.68000030517578,28.489999771118164,28.540000915527344,1385500,22.202823638916016,0.0,0.0
TDS,2017-08-21 20:00:00-04:00,28.649999618530273,29.059999465942383,28.639999389648438,28.979999542236328,384700,22.54511833190918,0.0,0.0
TDS,2017-08-22 20:00:00-04:00,28.809999465942383,29.530000686645508,28.809999465942383,29.3700008392334,325800,22.848526000976562,0.0,0.0
TDS,2017-08-23 20:00:00-04:00,29.549999237060547,29.549999237060547,29.219999313354492,29.309999465942383,428000,22.80184555053711,0.0,0.0
TDS,2017-08-24 20:00:00-04:00,29.420000076293945,29.719999313354492,29.31999969482422,29.56999969482422,336200,23.004119873046875,0.0,0.0
TDS,2017-08-27 20:00:00-04:00,29.6200008392334,29.719999313354492,29.40999984741211,29.479999542236328,499000,22.934099197387695,0.0,0.0
TDS,2017-08-28 20:00:00-04:00,29.299999237060547,29.549999237060547,29.190000534057617,29.3700008392334,605100,22.848526000976562,0.0,0.0
TDS,2017-08-29 20:00:00-04:00,29.309999465942383,29.43000030517578,29.139999389648438,29.170000076293945,556200,22.692935943603516,0.0,0.0
TDS,2017-08-30 20:00:00-04:00,29.219999313354492,29.719999313354492,29.09000015258789,29.309999465942383,607600,22.80184555053711,0.0,0.0
TDS,2017-08-31 20:00:00-04:00,29.450000762939453,29.8700008392334,29.389999389648438,29.850000381469727,290900,23.22194480895996,0.0,0.0
TDS,2017-09-04 20:00:00-04:00,29.700000762939453,29.709999084472656,28.979999542236328,29.200000762939453,506700,22.716266632080078,0.0,0.0
TDS,2017-09-05 20:00:00-04:00,29.280000686645508,29.31999969482422,28.079999923706055,28.079999923706055,863600,21.844961166381836,0.0,0.0
TDS,2017-09-06 20:00:00-04:00,28.149999618530273,28.200000762939453,27.239999771118164,27.309999465942383,800700,21.245939254760742,0.0,0.0
TDS,2017-09-07 20:00:00-04:00,27.209999084472656,27.329999923706055,26.690000534057617,27.100000381469727,735500,21.082563400268555,0.0,0.0
TDS,2017-09-10 20:00:00-04:00,27.309999465942383,27.31999969482422,26.760000228881836,26.780000686645508,665000,20.833621978759766,0.0,0.0
TDS,2017-09-11 20:00:00-04:00,26.860000610351562,27.489999771118164,26.860000610351562,27.239999771118164,646600,21.191486358642578,0.0,0.0
TDS,2017-09-12 20:00:00-04:00,27.239999771118164,27.350000381469727,26.739999771118164,26.829999923706055,469300,20.872520446777344,0.0,0.0
TDS,2017-09-13 20:00:00-04:00,26.559999465942383,26.649999618530273,26.3700008392334,26.489999771118164,513100,20.727767944335938,0.155,0.0
TDS,2017-09-14 20:00:00-04:00,26.360000610351562,26.899999618530273,26.329999923706055,26.8799991607666,1566100,21.032928466796875,0.0,0.0
TDS,2017-09-17 20:00:00-04:00,26.8799991607666,27.149999618530273,26.610000610351562,27.059999465942383,769200,21.17377281188965,0.0,0.0
TDS,2017-09-18 20:00:00-04:00,27.079999923706055,27.549999237060547,26.90999984741211,27.479999542236328,631800,21.502412796020508,0.0,0.0
TDS,2017-09-19 20:00:00-04:00,27.600000381469727,27.850000381469727,27.579999923706055,27.719999313354492,571500,21.69020652770996,0.0,0.0
TDS,2017-09-20 20:00:00-04:00,27.690000534057617,27.690000534057617,27.479999542236328,27.6200008392334,339900,21.611963272094727,0.0,0.0
TDS,2017-09-21 20:00:00-04:00,27.75,27.959999084472656,27.579999923706055,27.770000457763672,284100,21.72933006286621,0.0,0.0
TDS,2017-09-24 20:00:00-04:00,27.700000762939453,27.979999542236328,27.68000030517578,27.8700008392334,432800,21.807575225830078,0.0,0.0
TDS,2017-09-25 20:00:00-04:00,27.860000610351562,28.25,27.780000686645508,28.15999984741211,433600,22.03449249267578,0.0,0.0
TDS,2017-09-26 20:00:00-04:00,28.190000534057617,28.309999465942383,27.780000686645508,28.079999923706055,384100,21.971900939941406,0.0,0.0
TDS,2017-09-27 20:00:00-04:00,28.049999237060547,28.059999465942383,27.81999969482422,28.040000915527344,347400,21.940601348876953,0.0,0.0
TDS,2017-09-28 20:00:00-04:00,28.030000686645508,28.229999542236328,27.68000030517578,27.889999389648438,577600,21.82322883605957,0.0,0.0
TDS,2017-10-01 20:00:00-04:00,27.90999984741211,27.950000762939453,27.59000015258789,27.899999618530273,496900,21.831050872802734,0.0,0.0
TDS,2017-10-02 20:00:00-04:00,27.979999542236328,28.309999465942383,27.81999969482422,28.270000457763672,447500,22.120567321777344,0.0,0.0
TDS,2017-10-03 20:00:00-04:00,28.290000915527344,29.030000686645508,28.280000686645508,28.65999984741211,892200,22.42573356628418,0.0,0.0
TDS,2017-10-04 20:00:00-04:00,28.780000686645508,29.309999465942383,28.56999969482422,28.6299991607666,430500,22.402259826660156,0.0,0.0
TDS,2017-10-05 20:00:00-04:00,28.559999465942383,28.75,28.260000228881836,28.649999618530273,437800,22.417911529541016,0.0,0.0
TDS,2017-10-08 20:00:00-04:00,28.649999618530273,28.760000228881836,28.360000610351562,28.479999542236328,256100,22.284887313842773,0.0,0.0
TDS,2017-10-09 20:00:00-04:00,28.709999084472656,29.030000686645508,28.540000915527344,28.84000015258789,363700,22.566577911376953,0.0,0.0
TDS,2017-10-10 20:00:00-04:00,28.729999542236328,29.100000381469727,28.700000762939453,29.020000457763672,608500,22.707426071166992,0.0,0.0
TDS,2017-10-11 20:00:00-04:00,29.010000228881836,29.06999969482422,28.299999237060547,28.65999984741211,562100,22.42573356628418,0.0,0.0
TDS,2017-10-12 20:00:00-04:00,28.65999984741211,28.790000915527344,28.420000076293945,28.700000762939453,238700,22.457033157348633,0.0,0.0
TDS,2017-10-15 20:00:00-04:00,28.809999465942383,28.829999923706055,28.479999542236328,28.520000457763672,252800,22.31618881225586,0.0,0.0
TDS,2017-10-16 20:00:00-04:00,28.610000610351562,28.920000076293945,28.3700008392334,28.43000030517578,289500,22.24576187133789,0.0,0.0
TDS,2017-10-17 20:00:00-04:00,28.540000915527344,28.56999969482422,28.219999313354492,28.530000686645508,383300,22.324012756347656,0.0,0.0
TDS,2017-10-18 20:00:00-04:00,28.510000228881836,28.760000228881836,28.399999618530273,28.59000015258789,218800,22.370962142944336,0.0,0.0
TDS,2017-10-19 20:00:00-04:00,28.739999771118164,28.760000228881836,28.43000030517578,28.520000457763672,263300,22.31618881225586,0.0,0.0
TDS,2017-10-22 20:00:00-04:00,28.549999237060547,28.649999618530273,28.190000534057617,28.260000228881836,456400,22.112741470336914,0.0,0.0
TDS,2017-10-23 20:00:00-04:00,28.309999465942383,28.540000915527344,28.200000762939453,28.309999465942383,325500,22.151866912841797,0.0,0.0
TDS,2017-10-24 20:00:00-04:00,28.170000076293945,28.170000076293945,27.75,28.149999618530273,409100,22.026670455932617,0.0,0.0
TDS,2017-10-25 20:00:00-04:00,28.219999313354492,28.43000030517578,28.139999389648438,28.309999465942383,300100,22.151866912841797,0.0,0.0
TDS,2017-10-26 20:00:00-04:00,28.350000381469727,28.479999542236328,28.0,28.479999542236328,309000,22.284887313842773,0.0,0.0
TDS,2017-10-29 20:00:00-04:00,28.420000076293945,28.700000762939453,28.110000610351562,28.15999984741211,543200,22.03449249267578,0.0,0.0
TDS,2017-10-30 20:00:00-04:00,28.200000762939453,29.229999542236328,28.1299991607666,29.149999618530273,1301200,22.809146881103516,0.0,0.0
TDS,2017-10-31 20:00:00-04:00,29.229999542236328,29.25,28.34000015258789,28.459999084472656,461600,22.26923942565918,0.0,0.0
TDS,2017-11-01 20:00:00-04:00,28.440000534057617,28.649999618530273,27.93000030517578,28.139999389648438,334200,22.01884651184082,0.0,0.0
TDS,2017-11-02 20:00:00-04:00,28.229999542236328,28.229999542236328,27.399999618530273,27.760000228881836,427900,21.72150421142578,0.0,0.0
TDS,2017-11-05 19:00:00-05:00,27.610000610351562,27.850000381469727,27.309999465942383,27.799999237060547,491300,21.752805709838867,0.0,0.0
TDS,2017-11-06 19:00:00-05:00,27.84000015258789,27.84000015258789,27.0,27.139999389648438,699000,21.236371994018555,0.0,0.0
TDS,2017-11-07 19:00:00-05:00,27.110000610351562,27.799999237060547,24.56999969482422,25.329999923706055,1792600,19.820093154907227,0.0,0.0
TDS,2017-11-08 19:00:00-05:00,25.850000381469727,26.530000686645508,25.559999465942383,26.06999969482422,1008000,20.39912223815918,0.0,0.0
TDS,2017-11-09 19:00:00-05:00,26.15999984741211,26.329999923706055,25.399999618530273,25.489999771118164,1221000,19.945287704467773,0.0,0.0
TDS,2017-11-12 19:00:00-05:00,25.420000076293945,25.420000076293945,24.81999969482422,25.219999313354492,863000,19.73401641845703,0.0,0.0
TDS,2017-11-13 19:00:00-05:00,25.219999313354492,25.440000534057617,25.040000915527344,25.229999542236328,654800,19.741844177246094,0.0,0.0
TDS,2017-11-14 19:00:00-05:00,25.149999618530273,25.149999618530273,24.700000762939453,24.809999465942383,627900,19.41320037841797,0.0,0.0
TDS,2017-11-15 19:00:00-05:00,24.93000030517578,25.59000015258789,24.81999969482422,25.440000534057617,633500,19.906164169311523,0.0,0.0
TDS,2017-11-16 19:00:00-05:00,25.440000534057617,26.239999771118164,25.440000534057617,26.09000015258789,769600,20.414772033691406,0.0,0.0
TDS,2017-11-19 19:00:00-05:00,26.100000381469727,26.229999542236328,25.90999984741211,26.200000762939453,335200,20.500844955444336,0.0,0.0
TDS,2017-11-20 19:00:00-05:00,26.139999389648438,26.610000610351562,26.110000610351562,26.450000762939453,474100,20.69646644592285,0.0,0.0
TDS,2017-11-21 19:00:00-05:00,26.360000610351562,27.010000228881836,26.360000610351562,26.81999969482422,517400,20.985977172851562,0.0,0.0
TDS,2017-11-23 19:00:00-05:00,26.84000015258789,26.979999542236328,26.450000762939453,26.729999542236328,214200,20.91555404663086,0.0,0.0
TDS,2017-11-26 19:00:00-05:00,26.790000915527344,27.40999984741211,26.790000915527344,27.309999465942383,434900,21.36939239501953,0.0,0.0
TDS,2017-11-27 19:00:00-05:00,27.34000015258789,27.600000381469727,27.219999313354492,27.479999542236328,443500,21.502412796020508,0.0,0.0
TDS,2017-11-28 19:00:00-05:00,27.540000915527344,27.739999771118164,27.299999237060547,27.489999771118164,717300,21.510236740112305,0.0,0.0
TDS,2017-11-29 19:00:00-05:00,27.65999984741211,28.020000457763672,27.489999771118164,27.690000534057617,746900,21.666728973388672,0.0,0.0
TDS,2017-11-30 19:00:00-05:00,27.649999618530273,27.979999542236328,27.209999084472656,27.31999969482422,735700,21.377220153808594,0.0,0.0
TDS,2017-12-03 19:00:00-05:00,27.489999771118164,27.790000915527344,27.270000457763672,27.600000381469727,514000,21.596303939819336,0.0,0.0
TDS,2017-12-04 19:00:00-05:00,27.709999084472656,28.079999923706055,27.5,27.770000457763672,489100,21.72933006286621,0.0,0.0
TDS,2017-12-05 19:00:00-05:00,27.799999237060547,27.829999923706055,26.65999984741211,26.719999313354492,711500,20.907733917236328,0.0,0.0
TDS,2017-12-06 19:00:00-05:00,26.639999389648438,26.8799991607666,26.399999618530273,26.459999084472656,545100,20.704288482666016,0.0,0.0
TDS,2017-12-07 19:00:00-05:00,26.520000457763672,26.6299991607666,26.239999771118164,26.59000015258789,389000,20.806007385253906,0.0,0.0
TDS,2017-12-10 19:00:00-05:00,27.030000686645508,27.209999084472656,26.549999237060547,26.989999771118164,354800,21.11899757385254,0.0,0.0
TDS,2017-12-11 19:00:00-05:00,27.100000381469727,27.360000610351562,27.0,27.1200008392334,311200,21.220726013183594,0.0,0.0
TDS,2017-12-12 19:00:00-05:00,27.15999984741211,27.360000610351562,26.780000686645508,27.020000457763672,470800,21.142475128173828,0.0,0.0
TDS,2017-12-13 19:00:00-05:00,26.950000762939453,26.950000762939453,26.219999313354492,26.239999771118164,542600,20.650606155395508,0.155,0.0
TDS,2017-12-14 19:00:00-05:00,26.31999969482422,26.440000534057617,25.8799991607666,25.950000762939453,1602100,20.42237663269043,0.0,0.0
TDS,2017-12-17 19:00:00-05:00,26.100000381469727,26.40999984741211,25.690000534057617,26.09000015258789,1230700,20.532554626464844,0.0,0.0
TDS,2017-12-18 19:00:00-05:00,26.09000015258789,26.420000076293945,25.969999313354492,26.280000686645508,588500,20.682086944580078,0.0,0.0
TDS,2017-12-19 19:00:00-05:00,26.40999984741211,27.25,26.360000610351562,26.8700008392334,1609900,21.14640998840332,0.0,0.0
TDS,2017-12-20 19:00:00-05:00,26.940000534057617,27.549999237060547,26.829999923706055,27.360000610351562,372600,21.53203582763672,0.0,0.0
TDS,2017-12-21 19:00:00-05:00,27.510000228881836,27.920000076293945,27.3700008392334,27.790000915527344,661500,21.870437622070312,0.0,0.0
TDS,2017-12-25 19:00:00-05:00,27.700000762939453,28.3799991607666,27.700000762939453,28.110000610351562,312700,22.122272491455078,0.0,0.0
TDS,2017-12-26 19:00:00-05:00,28.110000610351562,28.5,27.950000762939453,28.190000534057617,452800,22.18523406982422,0.0,0.0
TDS,2017-12-27 19:00:00-05:00,28.190000534057617,28.31999969482422,28.06999969482422,28.270000457763672,309200,22.24819564819336,0.0,0.0
TDS,2017-12-28 19:00:00-05:00,28.299999237060547,28.479999542236328,27.799999237060547,27.799999237060547,396600,21.87830924987793,0.0,0.0
TDS,2018-01-01 19:00:00-05:00,27.950000762939453,28.239999771118164,27.75,27.920000076293945,596800,21.972749710083008,0.0,0.0
TDS,2018-01-02 19:00:00-05:00,27.8799991607666,28.15999984741211,27.729999542236328,27.770000457763672,598000,21.85470199584961,0.0,0.0
TDS,2018-01-03 19:00:00-05:00,27.809999465942383,28.079999923706055,27.530000686645508,27.770000457763672,643400,21.85470199584961,0.0,0.0
TDS,2018-01-04 19:00:00-05:00,27.809999465942383,28.209999084472656,27.639999389648438,28.1200008392334,606600,22.130146026611328,0.0,0.0
TDS,2018-01-07 19:00:00-05:00,28.1200008392334,28.280000686645508,27.670000076293945,27.709999084472656,535900,21.80748176574707,0.0,0.0
TDS,2018-01-08 19:00:00-05:00,27.81999969482422,27.81999969482422,27.219999313354492,27.31999969482422,810100,21.500553131103516,0.0,0.0
TDS,2018-01-09 19:00:00-05:00,27.31999969482422,27.31999969482422,26.389999389648438,26.540000915527344,529300,20.886699676513672,0.0,0.0
TDS,2018-01-10 19:00:00-05:00,26.65999984741211,27.059999465942383,26.6299991607666,26.889999389648438,608800,21.162153244018555,0.0,0.0
TDS,2018-01-11 19:00:00-05:00,26.84000015258789,27.239999771118164,26.65999984741211,27.15999984741211,375200,21.374635696411133,0.0,0.0
TDS,2018-01-15 19:00:00-05:00,27.299999237060547,27.3700008392334,26.6299991607666,26.770000457763672,435000,21.067710876464844,0.0,0.0
TDS,2018-01-16 19:00:00-05:00,26.920000076293945,26.979999542236328,26.56999969482422,26.860000610351562,345400,21.138540267944336,0.0,0.0
TDS,2018-01-17 19:00:00-05:00,26.860000610351562,26.8700008392334,26.610000610351562,26.690000534057617,414900,21.004749298095703,0.0,0.0
TDS,2018-01-18 19:00:00-05:00,26.799999237060547,26.860000610351562,26.610000610351562,26.850000381469727,261400,21.13066864013672,0.0,0.0
TDS,2018-01-21 19:00:00-05:00,26.790000915527344,27.100000381469727,26.729999542236328,27.09000015258789,400700,21.31954574584961,0.0,0.0
TDS,2018-01-22 19:00:00-05:00,27.170000076293945,27.170000076293945,26.610000610351562,26.770000457763672,317900,21.067710876464844,0.0,0.0
TDS,2018-01-23 19:00:00-05:00,26.729999542236328,26.889999389648438,26.469999313354492,26.5,697100,20.8552188873291,0.0,0.0
TDS,2018-01-24 19:00:00-05:00,26.65999984741211,27.049999237060547,26.530000686645508,26.950000762939453,442500,21.209369659423828,0.0,0.0
TDS,2018-01-25 19:00:00-05:00,27.079999923706055,27.309999465942383,26.780000686645508,27.270000457763672,308900,21.461204528808594,0.0,0.0
TDS,2018-01-28 19:00:00-05:00,27.09000015258789,27.31999969482422,26.709999084472656,27.239999771118164,497400,21.437591552734375,0.0,0.0
TDS,2018-01-29 19:00:00-05:00,27.15999984741211,27.81999969482422,27.15999984741211,27.690000534057617,548700,21.791736602783203,0.0,0.0
TDS,2018-01-30 19:00:00-05:00,27.84000015258789,28.09000015258789,27.31999969482422,27.43000030517578,2091800,21.587121963500977,0.0,0.0
TDS,2018-01-31 19:00:00-05:00,27.270000457763672,27.559999465942383,26.56999969482422,26.959999084472656,520200,21.21723747253418,0.0,0.0
TDS,2018-02-01 19:00:00-05:00,26.8799991607666,26.8799991607666,26.299999237060547,26.31999969482422,416500,20.713560104370117,0.0,0.0
TDS,2018-02-04 19:00:00-05:00,26.100000381469727,26.510000228881836,25.440000534057617,25.450000762939453,748000,20.02889060974121,0.0,0.0
TDS,2018-02-05 19:00:00-05:00,24.959999084472656,25.100000381469727,24.200000762939453,24.93000030517578,1275700,19.61964988708496,0.0,0.0
TDS,2018-02-06 19:00:00-05:00,24.889999389648438,25.450000762939453,24.889999389648438,25.06999969482422,638000,19.72983169555664,0.0,0.0
TDS,2018-02-07 19:00:00-05:00,25.1200008392334,25.280000686645508,24.420000076293945,24.450000762939453,686500,19.241893768310547,0.0,0.0
TDS,2018-02-08 19:00:00-05:00,24.559999465942383,24.729999542236328,23.540000915527344,24.299999237060547,750400,19.123842239379883,0.0,0.0
TDS,2018-02-11 19:00:00-05:00,24.299999237060547,24.700000762939453,24.229999542236328,24.459999084472656,452300,19.249759674072266,0.0,0.0
TDS,2018-02-12 19:00:00-05:00,24.309999465942383,24.3700008392334,23.8799991607666,24.299999237060547,449200,19.123842239379883,0.0,0.0
TDS,2018-02-13 19:00:00-05:00,24.15999984741211,24.510000228881836,24.020000457763672,24.43000030517578,505700,19.226152420043945,0.0,0.0
TDS,2018-02-14 19:00:00-05:00,24.56999969482422,25.510000228881836,24.34000015258789,25.459999084472656,524300,20.03675651550293,0.0,0.0
TDS,2018-02-15 19:00:00-05:00,25.469999313354492,25.760000228881836,25.219999313354492,25.68000030517578,956100,20.20989227294922,0.0,0.0
TDS,2018-02-19 19:00:00-05:00,25.540000915527344,25.790000915527344,25.459999084472656,25.6299991607666,874000,20.170536041259766,0.0,0.0
TDS,2018-02-20 19:00:00-05:00,25.639999389648438,26.09000015258789,25.239999771118164,25.239999771118164,663900,19.863615036010742,0.0,0.0
TDS,2018-02-21 19:00:00-05:00,25.3700008392334,25.540000915527344,25.020000457763672,25.030000686645508,517700,19.698348999023438,0.0,0.0
TDS,2018-02-22 19:00:00-05:00,26.030000686645508,28.040000915527344,26.010000228881836,27.739999771118164,1237900,21.831090927124023,0.0,0.0
TDS,2018-02-25 19:00:00-05:00,27.760000228881836,27.950000762939453,26.770000457763672,27.06999969482422,1011900,21.30380630493164,0.0,0.0
TDS,2018-02-26 19:00:00-05:00,27.149999618530273,27.780000686645508,26.799999237060547,26.809999465942383,1062200,21.09918975830078,0.0,0.0
TDS,2018-02-27 19:00:00-05:00,27.010000228881836,28.290000915527344,26.90999984741211,28.040000915527344,1067500,22.067190170288086,0.0,0.0
TDS,2018-02-28 19:00:00-05:00,28.079999923706055,28.639999389648438,27.8700008392334,28.489999771118164,731300,22.421335220336914,0.0,0.0
TDS,2018-03-01 19:00:00-05:00,28.209999084472656,28.989999771118164,28.100000381469727,28.940000534057617,674600,22.77547836303711,0.0,0.0
TDS,2018-03-04 19:00:00-05:00,28.850000381469727,29.239999771118164,28.68000030517578,29.139999389648438,637600,22.93287467956543,0.0,0.0
TDS,2018-03-05 19:00:00-05:00,29.239999771118164,29.559999465942383,29.0,29.40999984741211,663800,23.145366668701172,0.0,0.0
TDS,2018-03-06 19:00:00-05:00,29.1200008392334,29.389999389648438,29.020000457763672,29.149999618530273,848200,22.940746307373047,0.0,0.0
TDS,2018-03-07 19:00:00-05:00,29.350000381469727,29.5,28.760000228881836,29.18000030517578,827700,22.9643611907959,0.0,0.0
TDS,2018-03-08 19:00:00-05:00,29.360000610351562,29.360000610351562,28.860000610351562,28.959999084472656,755700,22.791217803955078,0.0,0.0
TDS,2018-03-11 20:00:00-04:00,29.020000457763672,29.139999389648438,28.229999542236328,28.729999542236328,769800,22.610210418701172,0.0,0.0
TDS,2018-03-12 20:00:00-04:00,28.959999084472656,29.020000457763672,28.229999542236328,28.309999465942383,1496600,22.279674530029297,0.0,0.0
TDS,2018-03-13 20:00:00-04:00,28.469999313354492,28.8700008392334,28.200000762939453,28.770000457763672,725300,22.641691207885742,0.0,0.0
TDS,2018-03-14 20:00:00-04:00,28.729999542236328,28.950000762939453,28.18000030517578,28.25,680300,22.356786727905273,0.16,0.0
TDS,2018-03-15 20:00:00-04:00,28.34000015258789,28.799999237060547,28.299999237060547,28.729999542236328,1655000,22.73666000366211,0.0,0.0
TDS,2018-03-18 20:00:00-04:00,28.780000686645508,28.809999465942383,28.170000076293945,28.25,640100,22.356786727905273,0.0,0.0
TDS,2018-03-19 20:00:00-04:00,28.229999542236328,28.489999771118164,28.09000015258789,28.440000534057617,875700,22.50715446472168,0.0,0.0
TDS,2018-03-20 20:00:00-04:00,28.520000457763672,28.790000915527344,28.209999084472656,28.34000015258789,516000,22.428010940551758,0.0,0.0
TDS,2018-03-21 20:00:00-04:00,28.209999084472656,28.59000015258789,27.93000030517578,27.93000030517578,609100,22.103544235229492,0.0,0.0
TDS,2018-03-22 20:00:00-04:00,28.06999969482422,28.219999313354492,27.729999542236328,27.760000228881836,488800,21.969009399414062,0.0,0.0
TDS,2018-03-25 20:00:00-04:00,27.969999313354492,28.030000686645508,27.489999771118164,27.920000076293945,550200,22.09563446044922,0.0,0.0
TDS,2018-03-26 20:00:00-04:00,27.979999542236328,28.299999237060547,27.579999923706055,27.68000030517578,482100,21.90569496154785,0.0,0.0
TDS,2018-03-27 20:00:00-04:00,27.790000915527344,28.149999618530273,27.729999542236328,27.950000762939453,675500,22.119367599487305,0.0,0.0
TDS,2018-03-28 20:00:00-04:00,28.100000381469727,28.1299991607666,27.829999923706055,28.030000686645508,541700,22.18268585205078,0.0,0.0
TDS,2018-04-01 20:00:00-04:00,27.8700008392334,28.030000686645508,27.100000381469727,27.149999618530273,498500,21.48625946044922,0.0,0.0
TDS,2018-04-02 20:00:00-04:00,27.350000381469727,27.809999465942383,27.31999969482422,27.670000076293945,1086400,21.89777946472168,0.0,0.0
TDS,2018-04-03 20:00:00-04:00,27.440000534057617,28.049999237060547,27.34000015258789,28.0,892300,22.158939361572266,0.0,0.0
TDS,2018-04-04 20:00:00-04:00,28.239999771118164,28.389999389648438,28.020000457763672,28.329999923706055,813900,22.42009925842285,0.0,0.0
TDS,2018-04-05 20:00:00-04:00,28.25,28.649999618530273,27.979999542236328,28.149999618530273,593200,22.27764892578125,0.0,0.0
TDS,2018-04-08 20:00:00-04:00,28.309999465942383,28.440000534057617,27.979999542236328,28.059999465942383,688100,22.206424713134766,0.0,0.0
TDS,2018-04-09 20:00:00-04:00,28.420000076293945,28.829999923706055,28.040000915527344,28.260000228881836,1101100,22.364704132080078,0.0,0.0
TDS,2018-04-10 20:00:00-04:00,28.1200008392334,28.639999389648438,28.110000610351562,28.450000762939453,413600,22.515071868896484,0.0,0.0
TDS,2018-04-11 20:00:00-04:00,28.579999923706055,28.579999923706055,28.219999313354492,28.290000915527344,406800,22.388446807861328,0.0,0.0
TDS,2018-04-12 20:00:00-04:00,28.459999084472656,28.469999313354492,28.219999313354492,28.31999969482422,361900,22.412187576293945,0.0,0.0
TDS,2018-04-15 20:00:00-04:00,28.450000762939453,28.760000228881836,28.25,28.690000534057617,236000,22.705005645751953,0.0,0.0
TDS,2018-04-16 20:00:00-04:00,28.809999465942383,29.229999542236328,28.670000076293945,29.139999389648438,1349600,23.061126708984375,0.0,0.0
TDS,2018-04-17 20:00:00-04:00,29.190000534057617,29.440000534057617,29.139999389648438,29.350000381469727,426800,23.22732162475586,0.0,0.0
TDS,2018-04-18 20:00:00-04:00,29.34000015258789,29.479999542236328,28.90999984741211,28.940000534057617,409000,22.902847290039062,0.0,0.0
TDS,2018-04-19 20:00:00-04:00,29.040000915527344,29.200000762939453,28.8700008392334,29.030000686645508,417500,22.974075317382812,0.0,0.0
TDS,2018-04-22 20:00:00-04:00,28.979999542236328,29.100000381469727,28.760000228881836,29.059999465942383,344800,22.997817993164062,0.0,0.0
TDS,2018-04-23 20:00:00-04:00,29.25,29.329999923706055,28.719999313354492,28.899999618530273,518600,22.871192932128906,0.0,0.0
TDS,2018-04-24 20:00:00-04:00,28.84000015258789,28.979999542236328,28.399999618530273,28.940000534057617,403000,22.902847290039062,0.0,0.0
TDS,2018-04-25 20:00:00-04:00,29.149999618530273,29.18000030517578,28.739999771118164,29.170000076293945,487700,23.084869384765625,0.0,0.0
TDS,2018-04-26 20:00:00-04:00,29.31999969482422,29.420000076293945,28.809999465942383,28.850000381469727,606600,22.831619262695312,0.0,0.0
TDS,2018-04-29 20:00:00-04:00,28.889999389648438,29.030000686645508,27.280000686645508,27.329999923706055,2389200,21.628705978393555,0.0,0.0
TDS,2018-04-30 20:00:00-04:00,26.920000076293945,27.299999237060547,25.06999969482422,25.139999389648438,1202600,19.89556121826172,0.0,0.0
TDS,2018-05-01 20:00:00-04:00,25.600000381469727,27.639999389648438,25.600000381469727,27.360000610351562,1264100,21.652454376220703,0.0,0.0
TDS,2018-05-02 20:00:00-04:00,27.3799991607666,27.399999618530273,26.34000015258789,26.510000228881836,896400,20.979768753051758,0.0,0.0
TDS,2018-05-03 20:00:00-04:00,26.350000381469727,26.780000686645508,26.200000762939453,26.600000381469727,561600,21.050992965698242,0.0,0.0
TDS,2018-05-06 20:00:00-04:00,26.5,26.68000030517578,26.09000015258789,26.34000015258789,592500,20.845233917236328,0.0,0.0
TDS,2018-05-07 20:00:00-04:00,26.280000686645508,26.350000381469727,25.790000915527344,25.979999542236328,857900,20.560333251953125,0.0,0.0
TDS,2018-05-08 20:00:00-04:00,26.049999237060547,26.18000030517578,25.639999389648438,26.079999923706055,628000,20.63946533203125,0.0,0.0
TDS,2018-05-09 20:00:00-04:00,26.219999313354492,26.299999237060547,25.8700008392334,26.079999923706055,554000,20.63946533203125,0.0,0.0
TDS,2018-05-10 20:00:00-04:00,26.110000610351562,26.3799991607666,26.020000457763672,26.15999984741211,379100,20.702783584594727,0.0,0.0
TDS,2018-05-13 20:00:00-04:00,26.15999984741211,26.280000686645508,25.8799991607666,26.170000076293945,946100,20.7106990814209,0.0,0.0
TDS,2018-05-14 20:00:00-04:00,25.979999542236328,26.040000915527344,25.799999237060547,25.940000534057617,651000,20.528675079345703,0.0,0.0
TDS,2018-05-15 20:00:00-04:00,26.0,26.139999389648438,25.719999313354492,26.010000228881836,491200,20.584077835083008,0.0,0.0
TDS,2018-05-16 20:00:00-04:00,25.969999313354492,26.25,25.90999984741211,25.979999542236328,427300,20.560333251953125,0.0,0.0
TDS,2018-05-17 20:00:00-04:00,25.93000030517578,26.219999313354492,25.75,25.84000015258789,440600,20.44953727722168,0.0,0.0
TDS,2018-05-20 20:00:00-04:00,25.959999084472656,26.299999237060547,25.81999969482422,26.270000457763672,506900,20.78983497619629,0.0,0.0
TDS,2018-05-21 20:00:00-04:00,26.510000228881836,26.829999923706055,26.309999465942383,26.43000030517578,827200,20.916454315185547,0.0,0.0
TDS,2018-05-22 20:00:00-04:00,26.270000457763672,26.299999237060547,25.450000762939453,25.700000762939453,442900,20.33873748779297,0.0,0.0
TDS,2018-05-23 20:00:00-04:00,25.709999084472656,25.889999389648438,25.579999923706055,25.780000686645508,263700,20.402055740356445,0.0,0.0
TDS,2018-05-24 20:00:00-04:00,25.700000762939453,25.790000915527344,25.520000457763672,25.579999923706055,236800,20.2437744140625,0.0,0.0
TDS,2018-05-28 20:00:00-04:00,25.43000030517578,25.860000610351562,25.309999465942383,25.670000076293945,475300,20.31500244140625,0.0,0.0
TDS,2018-05-29 20:00:00-04:00,25.770000457763672,26.040000915527344,25.68000030517578,25.899999618530273,489100,20.497020721435547,0.0,0.0
TDS,2018-05-30 20:00:00-04:00,25.860000610351562,25.860000610351562,25.209999084472656,25.549999237060547,736400,20.220035552978516,0.0,0.0
TDS,2018-05-31 20:00:00-04:00,25.670000076293945,25.809999465942383,25.510000228881836,25.68000030517578,597700,20.32291603088379,0.0,0.0
TDS,2018-06-03 20:00:00-04:00,25.809999465942383,26.3799991607666,25.809999465942383,26.309999465942383,1162200,20.821489334106445,0.0,0.0
TDS,2018-06-04 20:00:00-04:00,26.260000228881836,26.34000015258789,25.969999313354492,26.09000015258789,590100,20.647382736206055,0.0,0.0
TDS,2018-06-05 20:00:00-04:00,26.110000610351562,26.309999465942383,26.010000228881836,26.18000030517578,459900,20.718610763549805,0.0,0.0
TDS,2018-06-06 20:00:00-04:00,26.190000534057617,26.6200008392334,26.190000534057617,26.43000030517578,513200,20.916454315185547,0.0,0.0
TDS,2018-06-07 20:00:00-04:00,26.40999984741211,26.690000534057617,26.110000610351562,26.649999618530273,959600,21.09056282043457,0.0,0.0
TDS,2018-06-10 20:00:00-04:00,26.68000030517578,26.84000015258789,26.5,26.510000228881836,316800,20.979768753051758,0.0,0.0
TDS,2018-06-11 20:00:00-04:00,26.600000381469727,26.770000457763672,26.469999313354492,26.700000762939453,252900,21.13013458251953,0.0,0.0
TDS,2018-06-12 20:00:00-04:00,26.739999771118164,26.81999969482422,26.43000030517578,26.469999313354492,396300,20.9481143951416,0.0,0.0
TDS,2018-06-13 20:00:00-04:00,26.510000228881836,27.190000534057617,26.479999542236328,27.059999465942383,635900,21.54526710510254,0.16,0.0
TDS,2018-06-14 20:00:00-04:00,27.010000228881836,27.190000534057617,26.6299991607666,27.0,1066600,21.497495651245117,0.0,0.0
TDS,2018-06-17 20:00:00-04:00,26.84000015258789,27.1299991607666,26.719999313354492,26.950000762939453,446200,21.457685470581055,0.0,0.0
TDS,2018-06-18 20:00:00-04:00,26.790000915527344,27.329999923706055,26.790000915527344,27.139999389648438,730000,21.60896110534668,0.0,0.0
TDS,2018-06-19 20:00:00-04:00,27.270000457763672,27.280000686645508,26.93000030517578,27.149999618530273,456500,21.61692237854004,0.0,0.0
TDS,2018-06-20 20:00:00-04:00,27.280000686645508,27.420000076293945,26.65999984741211,26.739999771118164,411600,21.29047966003418,0.0,0.0
TDS,2018-06-21 20:00:00-04:00,26.81999969482422,27.229999542236328,26.75,27.110000610351562,714300,21.58507537841797,0.0,0.0
TDS,2018-06-24 20:00:00-04:00,27.219999313354492,27.459999084472656,27.010000228881836,27.3700008392334,553900,21.792089462280273,0.0,0.0
TDS,2018-06-25 20:00:00-04:00,27.34000015258789,27.56999969482422,26.93000030517578,27.3700008392334,555300,21.792089462280273,0.0,0.0
TDS,2018-06-26 20:00:00-04:00,27.489999771118164,27.5,27.030000686645508,27.049999237060547,517600,21.537303924560547,0.0,0.0
TDS,2018-06-27 20:00:00-04:00,27.139999389648438,27.280000686645508,26.889999389648438,27.18000030517578,353900,21.640811920166016,0.0,0.0
TDS,2018-06-28 20:00:00-04:00,27.219999313354492,27.59000015258789,27.110000610351562,27.420000076293945,405600,21.831893920898438,0.0,0.0
TDS,2018-07-01 20:00:00-04:00,27.350000381469727,27.549999237060547,27.040000915527344,27.270000457763672,409200,21.712465286254883,0.0,0.0
TDS,2018-07-02 20:00:00-04:00,27.399999618530273,28.049999237060547,27.299999237060547,27.84000015258789,225100,22.166305541992188,0.0,0.0
TDS,2018-07-04 20:00:00-04:00,27.979999542236328,28.1200008392334,27.709999084472656,28.079999923706055,466100,22.357393264770508,0.0,0.0
TDS,2018-07-05 20:00:00-04:00,28.1200008392334,28.719999313354492,28.1200008392334,28.6299991607666,345500,22.795307159423828,0.0,0.0
TDS,2018-07-08 20:00:00-04:00,28.700000762939453,29.09000015258789,28.6200008392334,28.829999923706055,507700,22.954547882080078,0.0,0.0
TDS,2018-07-09 20:00:00-04:00,28.780000686645508,29.079999923706055,28.68000030517578,29.010000228881836,495500,23.097862243652344,0.0,0.0
TDS,2018-07-10 20:00:00-04:00,27.06999969482422,27.809999465942383,25.030000686645508,25.190000534057617,1639300,20.056364059448242,0.0,0.0
TDS,2018-07-11 20:00:00-04:00,25.170000076293945,25.75,25.139999389648438,25.59000015258789,853200,20.374841690063477,0.0,0.0
TDS,2018-07-12 20:00:00-04:00,25.489999771118164,25.809999465942383,25.489999771118164,25.68000030517578,583200,20.44650650024414,0.0,0.0
TDS,2018-07-15 20:00:00-04:00,25.610000610351562,25.709999084472656,25.15999984741211,25.31999969482422,445500,20.159870147705078,0.0,0.0
TDS,2018-07-16 20:00:00-04:00,25.299999237060547,25.459999084472656,25.170000076293945,25.25,476400,20.10413932800293,0.0,0.0
TDS,2018-07-17 20:00:00-04:00,25.190000534057617,25.190000534057617,24.469999313354492,24.81999969482422,874300,19.761768341064453,0.0,0.0
TDS,2018-07-18 20:00:00-04:00,24.860000610351562,24.860000610351562,24.43000030517578,24.5,563000,19.50698471069336,0.0,0.0
TDS,2018-07-19 20:00:00-04:00,24.520000457763672,24.520000457763672,24.0,24.399999618530273,708500,19.427364349365234,0.0,0.0
TDS,2018-07-22 20:00:00-04:00,24.389999389648438,24.440000534057617,24.1200008392334,24.31999969482422,383800,19.363666534423828,0.0,0.0
TDS,2018-07-23 20:00:00-04:00,24.350000381469727,24.40999984741211,24.030000686645508,24.239999771118164,481900,19.299968719482422,0.0,0.0
TDS,2018-07-24 20:00:00-04:00,24.299999237060547,24.329999923706055,24.0,24.1299991607666,715100,19.212390899658203,0.0,0.0
TDS,2018-07-25 20:00:00-04:00,24.09000015258789,25.209999084472656,24.020000457763672,24.940000534057617,693200,19.857315063476562,0.0,0.0
TDS,2018-07-26 20:00:00-04:00,24.920000076293945,25.450000762939453,24.68000030517578,24.75,499300,19.70603370666504,0.0,0.0
TDS,2018-07-29 20:00:00-04:00,24.860000610351562,25.350000381469727,24.719999313354492,25.170000076293945,550000,20.04043960571289,0.0,0.0
TDS,2018-07-30 20:00:00-04:00,25.31999969482422,25.399999618530273,24.829999923706055,25.25,2149500,20.10413932800293,0.0,0.0
TDS,2018-07-31 20:00:00-04:00,25.200000762939453,25.3700008392334,25.040000915527344,25.290000915527344,910100,20.135990142822266,0.0,0.0
TDS,2018-08-01 20:00:00-04:00,25.200000762939453,25.950000762939453,25.09000015258789,25.799999237060547,551400,20.542051315307617,0.0,0.0
TDS,2018-08-02 20:00:00-04:00,26.200000762939453,28.93000030517578,26.200000762939453,26.84000015258789,1372400,21.370098114013672,0.0,0.0
TDS,2018-08-05 20:00:00-04:00,27.200000762939453,29.56999969482422,27.170000076293945,29.530000686645508,1374800,23.51188850402832,0.0,0.0
TDS,2018-08-06 20:00:00-04:00,29.530000686645508,30.18000030517578,29.110000610351562,29.56999969482422,1285900,23.54373550415039,0.0,0.0
TDS,2018-08-07 20:00:00-04:00,29.399999618530273,30.399999618530273,29.290000915527344,29.8799991607666,1302300,23.79055404663086,0.0,0.0
TDS,2018-08-08 20:00:00-04:00,29.8700008392334,30.799999237060547,29.760000228881836,30.459999084472656,963500,24.25235366821289,0.0,0.0
TDS,2018-08-09 20:00:00-04:00,30.15999984741211,30.40999984741211,29.639999389648438,30.0,959400,23.886104583740234,0.0,0.0
TDS,2018-08-12 20:00:00-04:00,30.030000686645508,30.43000030517578,29.709999084472656,29.719999313354492,651500,23.663166046142578,0.0,0.0
TDS,2018-08-13 20:00:00-04:00,29.8799991607666,30.489999771118164,29.770000457763672,30.280000686645508,600700,24.10904312133789,0.0,0.0
TDS,2018-08-14 20:00:00-04:00,30.139999389648438,30.200000762939453,29.600000381469727,29.75,595400,23.68705177307129,0.0,0.0
TDS,2018-08-15 20:00:00-04:00,29.979999542236328,30.489999771118164,29.979999542236328,30.290000915527344,682900,24.117002487182617,0.0,0.0
TDS,2018-08-16 20:00:00-04:00,30.229999542236328,30.75,30.010000228881836,30.6200008392334,750400,24.379749298095703,0.0,0.0
TDS,2018-08-19 20:00:00-04:00,30.729999542236328,31.010000228881836,30.639999389648438,30.670000076293945,811300,24.419559478759766,0.0,0.0
TDS,2018-08-20 20:00:00-04:00,30.809999465942383,30.950000762939453,30.549999237060547,30.68000030517578,449100,24.42752456665039,0.0,0.0
TDS,2018-08-21 20:00:00-04:00,30.68000030517578,30.68000030517578,30.200000762939453,30.360000610351562,884200,24.1727352142334,0.0,0.0
TDS,2018-08-22 20:00:00-04:00,30.31999969482422,30.690000534057617,30.190000534057617,30.399999618530273,397500,24.2045841217041,0.0,0.0
TDS,2018-08-23 20:00:00-04:00,30.530000686645508,30.65999984741211,30.399999618530273,30.579999923706055,213800,24.347904205322266,0.0,0.0
TDS,2018-08-26 20:00:00-04:00,30.780000686645508,30.90999984741211,30.489999771118164,30.6299991607666,241000,24.38770866394043,0.0,0.0
TDS,2018-08-27 20:00:00-04:00,30.639999389648438,30.81999969482422,30.420000076293945,30.639999389648438,247200,24.395673751831055,0.0,0.0
TDS,2018-08-28 20:00:00-04:00,30.649999618530273,30.790000915527344,30.200000762939453,30.670000076293945,275800,24.419559478759766,0.0,0.0
TDS,2018-08-29 20:00:00-04:00,30.59000015258789,30.719999313354492,30.219999313354492,30.350000381469727,297200,24.164775848388672,0.0,0.0
TDS,2018-08-30 20:00:00-04:00,30.31999969482422,30.34000015258789,29.780000686645508,30.040000915527344,524400,23.91794776916504,0.0,0.0
TDS,2018-09-03 20:00:00-04:00,29.8700008392334,29.889999389648438,29.290000915527344,29.329999923706055,637100,23.352645874023438,0.0,0.0
TDS,2018-09-04 20:00:00-04:00,29.40999984741211,29.809999465942383,29.239999771118164,29.579999923706055,404600,23.55169677734375,0.0,0.0
TDS,2018-09-05 20:00:00-04:00,29.75,29.809999465942383,29.389999389648438,29.68000030517578,355900,23.631315231323242,0.0,0.0
TDS,2018-09-06 20:00:00-04:00,29.6200008392334,29.81999969482422,29.170000076293945,29.3700008392334,485700,23.384498596191406,0.0,0.0
TDS,2018-09-09 20:00:00-04:00,29.450000762939453,29.670000076293945,29.260000228881836,29.40999984741211,449300,23.416343688964844,0.0,0.0
TDS,2018-09-10 20:00:00-04:00,29.459999084472656,30.239999771118164,29.459999084472656,30.110000610351562,522400,23.973684310913086,0.0,0.0
TDS,2018-09-11 20:00:00-04:00,30.1299991607666,30.610000610351562,30.0,30.510000228881836,325500,24.29216766357422,0.0,0.0
TDS,2018-09-12 20:00:00-04:00,30.360000610351562,30.959999084472656,30.190000534057617,30.780000686645508,481200,24.636337280273438,0.16,0.0
TDS,2018-09-13 20:00:00-04:00,30.809999465942383,31.0,30.549999237060547,30.809999465942383,408800,24.660350799560547,0.0,0.0
TDS,2018-09-16 20:00:00-04:00,30.770000457763672,30.809999465942383,30.450000762939453,30.510000228881836,496900,24.42023468017578,0.0,0.0
TDS,2018-09-17 20:00:00-04:00,30.459999084472656,30.690000534057617,30.239999771118164,30.559999465942383,391800,24.46025276184082,0.0,0.0
TDS,2018-09-18 20:00:00-04:00,30.559999465942383,30.59000015258789,30.139999389648438,30.329999923706055,403700,24.276159286499023,0.0,0.0
TDS,2018-09-19 20:00:00-04:00,30.530000686645508,30.639999389648438,30.1200008392334,30.6299991607666,375200,24.516277313232422,0.0,0.0
TDS,2018-09-20 20:00:00-04:00,30.6200008392334,30.829999923706055,30.43000030517578,30.5,926400,24.4122314453125,0.0,0.0
TDS,2018-09-23 20:00:00-04:00,30.5,30.5,29.899999618530273,30.0,372400,24.01202964782715,0.0,0.0
TDS,2018-09-24 20:00:00-04:00,30.010000228881836,30.219999313354492,29.649999618530273,29.81999969482422,311000,23.867956161499023,0.0,0.0
TDS,2018-09-25 20:00:00-04:00,29.84000015258789,29.950000762939453,29.5,29.559999465942383,358700,23.65984344482422,0.0,0.0
TDS,2018-09-26 20:00:00-04:00,29.729999542236328,30.149999618530273,29.3799991607666,29.90999984741211,330300,23.93998908996582,0.0,0.0
TDS,2018-09-27 20:00:00-04:00,29.90999984741211,30.649999618530273,29.790000915527344,30.43000030517578,611500,24.356204986572266,0.0,0.0
TDS,2018-09-30 20:00:00-04:00,30.540000915527344,30.649999618530273,30.040000915527344,30.530000686645508,455400,24.43623924255371,0.0,0.0
TDS,2018-10-01 20:00:00-04:00,30.469999313354492,30.860000610351562,30.329999923706055,30.809999465942383,605200,24.660350799560547,0.0,0.0
TDS,2018-10-02 20:00:00-04:00,31.0,31.5,30.549999237060547,31.190000534057617,1054000,24.96450424194336,0.0,0.0
TDS,2018-10-03 20:00:00-04:00,31.18000030517578,31.5,30.799999237060547,31.280000686645508,479300,25.036540985107422,0.0,0.0
TDS,2018-10-04 20:00:00-04:00,31.40999984741211,31.729999542236328,31.139999389648438,31.56999969482422,718100,25.26865577697754,0.0,0.0
TDS,2018-10-07 20:00:00-04:00,31.6200008392334,31.649999618530273,31.170000076293945,31.600000381469727,323400,25.29267120361328,0.0,0.0
TDS,2018-10-08 20:00:00-04:00,31.520000457763672,32.560001373291016,31.309999465942383,32.220001220703125,814000,25.788917541503906,0.0,0.0
TDS,2018-10-09 20:00:00-04:00,32.349998474121094,32.88999938964844,32.06999969482422,32.06999969482422,730800,25.668859481811523,0.0,0.0
TDS,2018-10-10 20:00:00-04:00,31.940000534057617,32.18000030517578,30.799999237060547,30.799999237060547,932500,24.6523494720459,0.0,0.0
TDS,2018-10-11 20:00:00-04:00,31.299999237060547,31.799999237060547,30.829999923706055,31.700000762939453,681000,25.37270736694336,0.0,0.0
TDS,2018-10-14 20:00:00-04:00,31.799999237060547,32.619998931884766,31.549999237060547,31.850000381469727,604100,25.49277114868164,0.0,0.0
TDS,2018-10-15 20:00:00-04:00,31.959999084472656,32.47999954223633,31.780000686645508,32.38999938964844,477300,25.92498207092285,0.0,0.0
TDS,2018-10-16 20:00:00-04:00,32.45000076293945,32.529998779296875,32.06999969482422,32.369998931884766,411300,25.90897560119629,0.0,0.0
TDS,2018-10-17 20:00:00-04:00,32.33000183105469,32.630001068115234,31.889999389648438,31.940000534057617,568300,25.564804077148438,0.0,0.0
TDS,2018-10-18 20:00:00-04:00,31.959999084472656,32.33000183105469,31.729999542236328,32.11000061035156,652900,25.700876235961914,0.0,0.0
TDS,2018-10-21 20:00:00-04:00,32.13999938964844,32.810001373291016,32.13999938964844,32.16999816894531,809600,25.748899459838867,0.0,0.0
TDS,2018-10-22 20:00:00-04:00,31.649999618530273,33.33000183105469,31.59000015258789,33.02000045776367,1181500,26.429237365722656,0.0,0.0
TDS,2018-10-23 20:00:00-04:00,32.91999816894531,33.150001525878906,30.670000076293945,30.670000076293945,1252500,24.548295974731445,0.0,0.0
TDS,2018-10-24 20:00:00-04:00,30.940000534057617,31.479999542236328,30.360000610351562,30.75,1158700,24.612323760986328,0.0,0.0
TDS,2018-10-25 20:00:00-04:00,30.270000457763672,30.610000610351562,29.280000686645508,29.8799991607666,1204900,23.915979385375977,0.0,0.0
TDS,2018-10-28 20:00:00-04:00,30.350000381469727,30.8799991607666,29.079999923706055,29.530000686645508,1493800,23.63583755493164,0.0,0.0
TDS,2018-10-29 20:00:00-04:00,29.579999923706055,30.610000610351562,29.260000228881836,30.440000534057617,1316500,24.36420249938965,0.0,0.0
TDS,2018-10-30 20:00:00-04:00,30.899999618530273,31.719999313354492,30.75,30.829999923706055,3831600,24.676361083984375,0.0,0.0
TDS,2018-10-31 20:00:00-04:00,31.049999237060547,31.15999984741211,29.3700008392334,29.950000762939453,1933000,23.972007751464844,0.0,0.0
TDS,2018-11-01 20:00:00-04:00,31.219999313354492,34.45000076293945,30.989999771118164,34.33000183105469,1700600,27.477767944335938,0.0,0.0
TDS,2018-11-04 19:00:00-05:00,34.099998474121094,35.0,33.439998626708984,33.7599983215332,1550000,27.021530151367188,0.0,0.0
TDS,2018-11-05 19:00:00-05:00,33.939998626708984,34.599998474121094,33.630001068115234,34.20000076293945,2115400,27.373708724975586,0.0,0.0
TDS,2018-11-06 19:00:00-05:00,34.61000061035156,35.709999084472656,34.279998779296875,35.290000915527344,1366100,28.246150970458984,0.0,0.0
TDS,2018-11-07 19:00:00-05:00,35.13999938964844,35.779998779296875,34.720001220703125,35.2400016784668,1315500,28.206130981445312,0.0,0.0
TDS,2018-11-08 19:00:00-05:00,35.099998474121094,35.68000030517578,35.06999969482422,35.349998474121094,1049500,28.294166564941406,0.0,0.0
TDS,2018-11-11 19:00:00-05:00,35.380001068115234,35.75,35.029998779296875,35.099998474121094,982400,28.09407615661621,0.0,0.0
TDS,2018-11-12 19:00:00-05:00,35.380001068115234,35.63999938964844,35.0,35.040000915527344,936800,28.04604721069336,0.0,0.0
TDS,2018-11-13 19:00:00-05:00,35.400001525878906,35.79999923706055,34.880001068115234,34.95000076293945,1303600,27.97401237487793,0.0,0.0
TDS,2018-11-14 19:00:00-05:00,34.84000015258789,35.06999969482422,34.38999938964844,34.83000183105469,1226900,27.877967834472656,0.0,0.0
TDS,2018-11-15 19:00:00-05:00,34.689998626708984,35.279998779296875,34.66999816894531,35.09000015258789,1146100,28.0860652923584,0.0,0.0
TDS,2018-11-18 19:00:00-05:00,35.13999938964844,35.380001068115234,34.810001373291016,35.09000015258789,975500,28.0860652923584,0.0,0.0
TDS,2018-11-19 19:00:00-05:00,34.720001220703125,34.970001220703125,34.0,34.08000183105469,1500600,27.277664184570312,0.0,0.0
TDS,2018-11-20 19:00:00-05:00,34.220001220703125,35.119998931884766,34.130001068115234,34.84000015258789,625600,27.885969161987305,0.0,0.0
TDS,2018-11-22 19:00:00-05:00,34.75,35.0099983215332,34.459999084472656,34.54999923706055,289000,27.653844833374023,0.0,0.0
TDS,2018-11-25 19:00:00-05:00,35.0099983215332,35.279998779296875,34.75,35.0099983215332,897200,28.022029876708984,0.0,0.0
TDS,2018-11-26 19:00:00-05:00,34.97999954223633,35.86000061035156,34.970001220703125,35.41999816894531,885300,28.350204467773438,0.0,0.0
TDS,2018-11-27 19:00:00-05:00,35.68000030517578,36.040000915527344,35.15999984741211,35.939998626708984,799300,28.766401290893555,0.0,0.0
TDS,2018-11-28 19:00:00-05:00,35.810001373291016,35.939998626708984,35.220001220703125,35.45000076293945,820000,28.374216079711914,0.0,0.0
TDS,2018-11-29 19:00:00-05:00,35.540000915527344,36.52000045776367,35.529998779296875,35.72999954223633,1554900,28.598325729370117,0.0,0.0
TDS,2018-12-02 19:00:00-05:00,36.11000061035156,36.15999984741211,35.310001373291016,35.970001220703125,1059700,28.790424346923828,0.0,0.0
TDS,2018-12-03 19:00:00-05:00,35.9900016784668,36.11000061035156,34.790000915527344,35.09000015258789,1060600,28.0860652923584,0.0,0.0
TDS,2018-12-05 19:00:00-05:00,34.709999084472656,35.279998779296875,34.22999954223633,35.25,571700,28.214130401611328,0.0,0.0
TDS,2018-12-06 19:00:00-05:00,35.13999938964844,35.619998931884766,34.66999816894531,34.79999923706055,802900,27.853954315185547,0.0,0.0
TDS,2018-12-09 19:00:00-05:00,34.79999923706055,34.939998626708984,33.9900016784668,34.380001068115234,630000,27.517784118652344,0.0,0.0
TDS,2018-12-10 19:00:00-05:00,34.779998779296875,35.54999923706055,34.310001373291016,34.400001525878906,872900,27.533790588378906,0.0,0.0
TDS,2018-12-11 19:00:00-05:00,34.88999938964844,35.810001373291016,34.849998474121094,35.5,1424200,28.414228439331055,0.0,0.0
TDS,2018-12-12 19:00:00-05:00,35.290000915527344,35.470001220703125,34.13999938964844,34.349998474121094,659900,27.618249893188477,0.16,0.0
TDS,2018-12-13 19:00:00-05:00,34.220001220703125,34.90999984741211,34.220001220703125,34.31999969482422,879800,27.59412956237793,0.0,0.0
TDS,2018-12-16 19:00:00-05:00,34.33000183105469,34.33000183105469,32.90999984741211,33.20000076293945,1292800,26.693620681762695,0.0,0.0
TDS,2018-12-17 19:00:00-05:00,33.25,33.619998931884766,32.86000061035156,33.310001373291016,1059600,26.782060623168945,0.0,0.0
TDS,2018-12-18 19:00:00-05:00,33.45000076293945,34.08000183105469,32.9900016784668,33.18000030517578,525200,26.677541732788086,0.0,0.0
TDS,2018-12-19 19:00:00-05:00,33.09000015258789,33.27000045776367,32.29999923706055,32.790000915527344,665600,26.36397361755371,0.0,0.0
TDS,2018-12-20 19:00:00-05:00,32.630001068115234,33.13999938964844,31.43000030517578,31.639999389648438,1776800,25.43933868408203,0.0,0.0
TDS,2018-12-23 19:00:00-05:00,31.600000381469727,31.6299991607666,30.65999984741211,31.030000686645508,289800,24.94888687133789,0.0,0.0
TDS,2018-12-25 19:00:00-05:00,31.149999618530273,32.529998779296875,30.649999618530273,32.529998779296875,559900,26.15492057800293,0.0,0.0
TDS,2018-12-26 19:00:00-05:00,31.940000534057617,32.22999954223633,31.030000686645508,32.220001220703125,637600,25.905675888061523,0.0,0.0
TDS,2018-12-27 19:00:00-05:00,32.15999984741211,32.7400016784668,31.780000686645508,32.310001373291016,612500,25.978038787841797,0.0,0.0
TDS,2018-12-30 19:00:00-05:00,32.560001373291016,32.63999938964844,32.08000183105469,32.540000915527344,824900,26.162967681884766,0.0,0.0
TDS,2019-01-01 19:00:00-05:00,32.08000183105469,32.959999084472656,31.489999771118164,32.95000076293945,1049200,26.492618560791016,0.0,0.0
TDS,2019-01-02 19:00:00-05:00,32.689998626708984,33.7400016784668,32.470001220703125,33.15999984741211,1081700,26.661462783813477,0.0,0.0
TDS,2019-01-03 19:00:00-05:00,33.619998931884766,35.099998474121094,33.619998931884766,34.90999984741211,1261300,28.06850242614746,0.0,0.0
TDS,2019-01-06 19:00:00-05:00,34.970001220703125,35.689998626708984,34.849998474121094,35.529998779296875,974500,28.566997528076172,0.0,0.0
TDS,2019-01-07 19:00:00-05:00,35.880001068115234,35.880001068115234,35.13999938964844,35.59000015258789,785000,28.61524200439453,0.0,0.0
TDS,2019-01-08 19:00:00-05:00,35.70000076293945,36.02000045776367,35.209999084472656,35.72999954223633,965300,28.72779655456543,0.0,0.0
TDS,2019-01-09 19:00:00-05:00,35.65999984741211,36.58000183105469,35.45000076293945,36.540000915527344,849200,29.37906837463379,0.0,0.0
TDS,2019-01-10 19:00:00-05:00,36.56999969482422,36.9900016784668,36.279998779296875,36.72999954223633,574400,29.531831741333008,0.0,0.0
TDS,2019-01-13 19:00:00-05:00,36.619998931884766,36.72999954223633,35.83000183105469,36.119998931884766,753900,29.041378021240234,0.0,0.0
TDS,2019-01-14 19:00:00-05:00,36.31999969482422,36.470001220703125,35.959999084472656,36.09000015258789,1127800,29.017248153686523,0.0,0.0
TDS,2019-01-15 19:00:00-05:00,36.2599983215332,36.5099983215332,35.90999984741211,36.060001373291016,816600,28.993135452270508,0.0,0.0
TDS,2019-01-16 19:00:00-05:00,36.060001373291016,36.150001525878906,35.61000061035156,35.869998931884766,1039000,28.840370178222656,0.0,0.0
TDS,2019-01-17 19:00:00-05:00,36.040000915527344,36.439998626708984,35.97999954223633,36.29999923706055,604000,29.186094284057617,0.0,0.0
TDS,2019-01-21 19:00:00-05:00,36.15999984741211,36.63999938964844,35.790000915527344,36.099998474121094,501700,29.025293350219727,0.0,0.0
TDS,2019-01-22 19:00:00-05:00,36.27000045776367,36.63999938964844,36.08000183105469,36.619998931884766,431300,29.443384170532227,0.0,0.0
TDS,2019-01-23 19:00:00-05:00,36.58000183105469,36.79999923706055,36.15999984741211,36.720001220703125,717200,29.523788452148438,0.0,0.0
TDS,2019-01-24 19:00:00-05:00,36.7400016784668,37.290000915527344,36.209999084472656,36.5,790700,29.346904754638672,0.0,0.0
TDS,2019-01-27 19:00:00-05:00,36.220001220703125,36.79999923706055,36.06999969482422,36.25,626700,29.145891189575195,0.0,0.0
TDS,2019-01-28 19:00:00-05:00,36.20000076293945,36.349998474121094,35.400001525878906,35.54999923706055,540900,28.58307456970215,0.0,0.0
TDS,2019-01-29 19:00:00-05:00,35.650001525878906,35.720001220703125,35.0099983215332,35.540000915527344,860800,28.575040817260742,0.0,0.0
TDS,2019-01-30 19:00:00-05:00,35.59000015258789,36.400001525878906,35.18000030517578,36.220001220703125,3848100,29.12177276611328,0.0,0.0
TDS,2019-01-31 19:00:00-05:00,36.29999923706055,37.08000183105469,36.09000015258789,36.5,779700,29.346904754638672,0.0,0.0
TDS,2019-02-03 19:00:00-05:00,36.349998474121094,36.630001068115234,36.13999938964844,36.25,522700,29.145891189575195,0.0,0.0
TDS,2019-02-04 19:00:00-05:00,36.290000915527344,36.36000061035156,35.189998626708984,35.220001220703125,593000,28.317745208740234,0.0,0.0
TDS,2019-02-05 19:00:00-05:00,35.189998626708984,35.31999969482422,34.70000076293945,34.91999816894531,815400,28.07654571533203,0.0,0.0
TDS,2019-02-06 19:00:00-05:00,34.70000076293945,34.90999984741211,34.36000061035156,34.90999984741211,605600,28.06850242614746,0.0,0.0
TDS,2019-02-07 19:00:00-05:00,34.720001220703125,35.029998779296875,34.29999923706055,35.029998779296875,853400,28.164989471435547,0.0,0.0
TDS,2019-02-10 19:00:00-05:00,35.06999969482422,35.459999084472656,35.06999969482422,35.2599983215332,449900,28.349912643432617,0.0,0.0
TDS,2019-02-11 19:00:00-05:00,35.61000061035156,35.97999954223633,35.36000061035156,35.84000015258789,800300,28.816247940063477,0.0,0.0
TDS,2019-02-12 19:00:00-05:00,35.93000030517578,35.93000030517578,35.06999969482422,35.31999969482422,766500,28.39815330505371,0.0,0.0
TDS,2019-02-13 19:00:00-05:00,35.209999084472656,35.77000045776367,35.11000061035156,35.45000076293945,863500,28.502676010131836,0.0,0.0
TDS,2019-02-14 19:00:00-05:00,35.61000061035156,36.29999923706055,35.4900016784668,36.29999923706055,587600,29.186094284057617,0.0,0.0
TDS,2019-02-18 19:00:00-05:00,36.13999938964844,36.619998931884766,36.040000915527344,36.59000015258789,530400,29.41926383972168,0.0,0.0
TDS,2019-02-19 19:00:00-05:00,36.70000076293945,37.09000015258789,36.47999954223633,36.810001373291016,721200,29.596155166625977,0.0,0.0
TDS,2019-02-20 19:00:00-05:00,36.689998626708984,36.9900016784668,36.459999084472656,36.720001220703125,736600,29.523788452148438,0.0,0.0
TDS,2019-02-21 19:00:00-05:00,35.63999938964844,35.959999084472656,31.959999084472656,32.7599983215332,2612500,26.339845657348633,0.0,0.0
TDS,2019-02-24 19:00:00-05:00,32.70000076293945,33.08000183105469,31.790000915527344,32.47999954223633,1443800,26.114723205566406,0.0,0.0
TDS,2019-02-25 19:00:00-05:00,32.27000045776367,32.27000045776367,31.350000381469727,31.860000610351562,1140900,25.616228103637695,0.0,0.0
TDS,2019-02-26 19:00:00-05:00,31.8799991607666,32.189998626708984,31.790000915527344,32.04999923706055,737400,25.768991470336914,0.0,0.0
TDS,2019-02-27 19:00:00-05:00,32.09000015258789,32.29999923706055,31.739999771118164,32.04999923706055,1428700,25.768991470336914,0.0,0.0
TDS,2019-02-28 19:00:00-05:00,32.16999816894531,32.45000076293945,31.770000457763672,32.150001525878906,752100,25.84939193725586,0.0,0.0
TDS,2019-03-03 19:00:00-05:00,32.20000076293945,32.2400016784668,31.489999771118164,31.950000762939453,737900,25.68859100341797,0.0,0.0
TDS,2019-03-04 19:00:00-05:00,32.02000045776367,32.02000045776367,31.549999237060547,31.610000610351562,569000,25.415225982666016,0.0,0.0
TDS,2019-03-05 19:00:00-05:00,31.600000381469727,31.610000610351562,31.100000381469727,31.309999465942383,839900,25.17401695251465,0.0,0.0
TDS,2019-03-06 19:00:00-05:00,31.200000762939453,31.420000076293945,30.93000030517578,31.049999237060547,604800,24.964967727661133,0.0,0.0
TDS,2019-03-07 19:00:00-05:00,30.940000534057617,31.1200008392334,30.729999542236328,31.049999237060547,412100,24.964967727661133,0.0,0.0
TDS,2019-03-10 20:00:00-04:00,31.09000015258789,32.029998779296875,30.989999771118164,31.979999542236328,736800,25.71271324157715,0.0,0.0
TDS,2019-03-11 20:00:00-04:00,31.989999771118164,32.52000045776367,31.989999771118164,32.11000061035156,476400,25.817235946655273,0.0,0.0
TDS,2019-03-12 20:00:00-04:00,32.13999938964844,32.5,31.860000610351562,32.029998779296875,781600,25.75290870666504,0.0,0.0
TDS,2019-03-13 20:00:00-04:00,31.860000610351562,32.189998626708984,31.6200008392334,32.099998474121094,503900,25.94283103942871,0.165,0.0
TDS,2019-03-14 20:00:00-04:00,32.09000015258789,32.310001373291016,31.700000762939453,31.700000762939453,1246300,25.61956024169922,0.0,0.0
TDS,2019-03-17 20:00:00-04:00,31.6200008392334,32.18000030517578,31.610000610351562,32.18000030517578,627300,26.007490158081055,0.0,0.0
TDS,2019-03-18 20:00:00-04:00,32.34000015258789,32.439998626708984,31.510000228881836,31.559999465942383,790300,25.506412506103516,0.0,0.0
TDS,2019-03-19 20:00:00-04:00,31.649999618530273,32.040000915527344,31.440000534057617,31.5,887200,25.457923889160156,0.0,0.0
TDS,2019-03-20 20:00:00-04:00,31.229999542236328,32.2599983215332,31.229999542236328,31.8799991607666,672500,25.765033721923828,0.0,0.0
TDS,2019-03-21 20:00:00-04:00,31.770000457763672,31.940000534057617,31.239999771118164,31.43000030517578,454700,25.401351928710938,0.0,0.0
TDS,2019-03-24 20:00:00-04:00,31.389999389648438,31.65999984741211,31.18000030517578,31.600000381469727,405600,25.538742065429688,0.0,0.0
TDS,2019-03-25 20:00:00-04:00,31.8799991607666,32.0,31.450000762939453,31.700000762939453,573700,25.61956024169922,0.0,0.0
TDS,2019-03-26 20:00:00-04:00,31.6200008392334,31.770000457763672,31.18000030517578,31.190000534057617,507600,25.207380294799805,0.0,0.0
TDS,2019-03-27 20:00:00-04:00,31.209999084472656,31.329999923706055,30.559999465942383,30.770000457763672,526500,24.86794662475586,0.0,0.0
TDS,2019-03-28 20:00:00-04:00,30.770000457763672,30.979999542236328,30.530000686645508,30.729999542236328,838600,24.83561897277832,0.0,0.0
TDS,2019-03-31 20:00:00-04:00,30.959999084472656,31.18000030517578,30.780000686645508,31.110000610351562,514700,25.142732620239258,0.0,0.0
TDS,2019-04-01 20:00:00-04:00,31.200000762939453,31.25,30.739999771118164,30.799999237060547,465800,24.89219093322754,0.0,0.0
TDS,2019-04-02 20:00:00-04:00,31.0,31.520000457763672,30.8799991607666,31.34000015258789,725200,25.32861328125,0.0,0.0
TDS,2019-04-03 20:00:00-04:00,31.530000686645508,32.209999084472656,31.399999618530273,32.189998626708984,672500,26.015567779541016,0.0,0.0
TDS,2019-04-04 20:00:00-04:00,32.20000076293945,32.54999923706055,31.920000076293945,32.09000015258789,662800,25.934751510620117,0.0,0.0
TDS,2019-04-07 20:00:00-04:00,32.09000015258789,32.09000015258789,31.6200008392334,31.899999618530273,839300,25.78119659423828,0.0,0.0
TDS,2019-04-08 20:00:00-04:00,31.84000015258789,32.040000915527344,31.649999618530273,31.739999771118164,511500,25.65188217163086,0.0,0.0
TDS,2019-04-09 20:00:00-04:00,31.860000610351562,32.29999923706055,31.649999618530273,32.209999084472656,340400,26.031736373901367,0.0,0.0
TDS,2019-04-10 20:00:00-04:00,32.209999084472656,32.209999084472656,31.850000381469727,32.13999938964844,384100,25.975162506103516,0.0,0.0
TDS,2019-04-11 20:00:00-04:00,32.20000076293945,32.33000183105469,31.719999313354492,31.809999465942383,686100,25.708457946777344,0.0,0.0
TDS,2019-04-14 20:00:00-04:00,31.790000915527344,32.06999969482422,31.739999771118164,31.780000686645508,631400,25.68421745300293,0.0,0.0
TDS,2019-04-15 20:00:00-04:00,31.93000030517578,32.099998474121094,31.770000457763672,31.989999771118164,312600,25.853933334350586,0.0,0.0
TDS,2019-04-16 20:00:00-04:00,32.0,32.02000045776367,30.790000915527344,30.799999237060547,502000,24.89219093322754,0.0,0.0
TDS,2019-04-17 20:00:00-04:00,30.829999923706055,31.479999542236328,30.450000762939453,31.399999618530273,802200,25.377099990844727,0.0,0.0
TDS,2019-04-21 20:00:00-04:00,31.329999923706055,32.7400016784668,31.31999969482422,32.63999938964844,1510300,26.379255294799805,0.0,0.0
TDS,2019-04-22 20:00:00-04:00,32.560001373291016,32.63999938964844,32.04999923706055,32.58000183105469,1168700,26.330766677856445,0.0,0.0
TDS,2019-04-23 20:00:00-04:00,32.61000061035156,32.63999938964844,31.809999465942383,31.81999969482422,917100,25.716543197631836,0.0,0.0
TDS,2019-04-24 20:00:00-04:00,31.790000915527344,32.7400016784668,31.540000915527344,32.06999969482422,1070600,25.918588638305664,0.0,0.0
TDS,2019-04-25 20:00:00-04:00,32.16999816894531,32.369998931884766,31.489999771118164,31.809999465942383,2113000,25.708457946777344,0.0,0.0
TDS,2019-04-28 20:00:00-04:00,31.75,32.33000183105469,31.75,32.08000183105469,929700,25.92667007446289,0.0,0.0
TDS,2019-04-29 20:00:00-04:00,32.08000183105469,32.2599983215332,31.670000076293945,31.8799991607666,2878600,25.765033721923828,0.0,0.0
TDS,2019-04-30 20:00:00-04:00,31.81999969482422,32.540000915527344,31.760000228881836,32.2599983215332,851300,26.0721492767334,0.0,0.0
TDS,2019-05-01 20:00:00-04:00,32.08000183105469,32.52000045776367,31.959999084472656,32.47999954223633,780100,26.24994659423828,0.0,0.0
TDS,2019-05-02 20:00:00-04:00,33.5,34.119998931884766,32.63999938964844,33.68000030517578,1000400,27.219770431518555,0.0,0.0
TDS,2019-05-05 20:00:00-04:00,33.11000061035156,33.45000076293945,31.93000030517578,32.08000183105469,1030000,25.92667007446289,0.0,0.0
TDS,2019-05-06 20:00:00-04:00,31.8700008392334,32.2599983215332,31.719999313354492,32.11000061035156,514000,25.95092010498047,0.0,0.0
TDS,2019-05-07 20:00:00-04:00,32.08000183105469,32.560001373291016,31.709999084472656,31.860000610351562,516900,25.748872756958008,0.0,0.0
TDS,2019-05-08 20:00:00-04:00,31.649999618530273,32.27000045776367,31.520000457763672,32.130001068115234,469500,25.96708106994629,0.0,0.0
TDS,2019-05-09 20:00:00-04:00,31.899999618530273,31.989999771118164,31.1299991607666,31.700000762939453,735400,25.61956024169922,0.0,0.0
TDS,2019-05-12 20:00:00-04:00,31.049999237060547,31.229999542236328,30.079999923706055,30.440000534057617,817300,24.60124397277832,0.0,0.0
TDS,2019-05-13 20:00:00-04:00,30.520000457763672,30.920000076293945,30.3700008392334,30.760000228881836,626400,24.85986328125,0.0,0.0
TDS,2019-05-14 20:00:00-04:00,30.530000686645508,30.84000015258789,30.479999542236328,30.799999237060547,825100,24.89219093322754,0.0,0.0
TDS,2019-05-15 20:00:00-04:00,30.84000015258789,31.420000076293945,30.670000076293945,31.040000915527344,487200,25.086151123046875,0.0,0.0
TDS,2019-05-16 20:00:00-04:00,30.829999923706055,31.440000534057617,30.809999465942383,30.8700008392334,525700,24.948762893676758,0.0,0.0
TDS,2019-05-19 20:00:00-04:00,30.739999771118164,31.6299991607666,30.739999771118164,31.389999389648438,1011100,25.3690185546875,0.0,0.0
TDS,2019-05-20 20:00:00-04:00,31.43000030517578,31.84000015258789,31.43000030517578,31.56999969482422,647000,25.51449203491211,0.0,0.0
TDS,2019-05-21 20:00:00-04:00,31.229999542236328,31.6299991607666,30.690000534057617,30.719999313354492,364000,24.827533721923828,0.0,0.0
TDS,2019-05-22 20:00:00-04:00,30.549999237060547,30.610000610351562,30.1200008392334,30.280000686645508,508200,24.47193717956543,0.0,0.0
TDS,2019-05-23 20:00:00-04:00,30.5,30.959999084472656,30.489999771118164,30.809999465942383,888000,24.9002685546875,0.0,0.0
TDS,2019-05-27 20:00:00-04:00,30.809999465942383,30.90999984741211,30.399999618530273,30.420000076293945,424400,24.585079193115234,0.0,0.0
TDS,2019-05-28 20:00:00-04:00,30.479999542236328,30.65999984741211,30.200000762939453,30.25,522100,24.447683334350586,0.0,0.0
TDS,2019-05-29 20:00:00-04:00,30.100000381469727,30.43000030517578,30.059999465942383,30.219999313354492,272900,24.42344093322754,0.0,0.0
TDS,2019-05-30 20:00:00-04:00,29.739999771118164,29.780000686645508,28.729999542236328,28.809999465942383,801800,23.283897399902344,0.0,0.0
TDS,2019-06-02 20:00:00-04:00,28.920000076293945,29.360000610351562,28.860000610351562,29.18000030517578,687200,23.58292579650879,0.0,0.0
TDS,2019-06-03 20:00:00-04:00,29.43000030517578,29.829999923706055,29.15999984741211,29.559999465942383,928100,23.890033721923828,0.0,0.0
TDS,2019-06-04 20:00:00-04:00,29.520000457763672,30.020000457763672,29.469999313354492,29.940000534057617,592400,24.1971492767334,0.0,0.0
TDS,2019-06-05 20:00:00-04:00,29.989999771118164,30.40999984741211,29.950000762939453,30.389999389648438,695800,24.560832977294922,0.0,0.0
TDS,2019-06-06 20:00:00-04:00,30.459999084472656,30.510000228881836,29.950000762939453,30.18000030517578,373600,24.391117095947266,0.0,0.0
TDS,2019-06-09 20:00:00-04:00,30.209999084472656,30.350000381469727,29.600000381469727,29.68000030517578,442900,23.987022399902344,0.0,0.0
TDS,2019-06-10 20:00:00-04:00,29.780000686645508,29.940000534057617,29.389999389648438,29.549999237060547,354400,23.881954193115234,0.0,0.0
TDS,2019-06-11 20:00:00-04:00,29.5,29.75,29.34000015258789,29.709999084472656,615400,24.011268615722656,0.0,0.0
TDS,2019-06-12 20:00:00-04:00,29.6299991607666,29.860000610351562,29.510000228881836,29.719999313354492,264000,24.153484344482422,0.165,0.0
TDS,2019-06-13 20:00:00-04:00,29.559999465942383,29.559999465942383,28.790000915527344,29.309999465942383,893900,23.820281982421875,0.0,0.0
TDS,2019-06-16 20:00:00-04:00,29.229999542236328,29.489999771118164,28.989999771118164,29.219999313354492,571800,23.747135162353516,0.0,0.0
TDS,2019-06-17 20:00:00-04:00,31.399999618530273,34.0,31.170000076293945,33.5099983215332,1529300,27.233627319335938,0.0,0.0
TDS,2019-06-18 20:00:00-04:00,33.77000045776367,33.83000183105469,32.91999816894531,33.45000076293945,1094600,27.184865951538086,0.0,0.0
TDS,2019-06-19 20:00:00-04:00,33.75,33.93000030517578,32.7599983215332,33.029998779296875,706400,26.843528747558594,0.0,0.0
TDS,2019-06-20 20:00:00-04:00,32.939998626708984,32.939998626708984,32.290000915527344,32.47999954223633,1286000,26.396541595458984,0.0,0.0
TDS,2019-06-23 20:00:00-04:00,32.560001373291016,32.72999954223633,32.0,32.040000915527344,1096100,26.038957595825195,0.0,0.0
TDS,2019-06-24 20:00:00-04:00,31.889999389648438,32.16999816894531,31.350000381469727,31.459999084472656,698800,25.56758689880371,0.0,0.0
TDS,2019-06-25 20:00:00-04:00,31.510000228881836,31.6299991607666,29.719999313354492,29.760000228881836,1297600,24.185997009277344,0.0,0.0
TDS,2019-06-26 20:00:00-04:00,29.760000228881836,30.450000762939453,29.6200008392334,30.329999923706055,781000,24.649234771728516,0.0,0.0
TDS,2019-06-27 20:00:00-04:00,30.530000686645508,30.690000534057617,30.31999969482422,30.399999618530273,1135100,24.706127166748047,0.0,0.0
TDS,2019-06-30 20:00:00-04:00,30.780000686645508,30.780000686645508,30.079999923706055,30.290000915527344,600900,24.616727828979492,0.0,0.0
TDS,2019-07-01 20:00:00-04:00,30.229999542236328,31.299999237060547,30.079999923706055,31.1299991607666,896600,25.29939079284668,0.0,0.0
TDS,2019-07-02 20:00:00-04:00,31.299999237060547,31.479999542236328,30.989999771118164,31.15999984741211,752700,25.32377815246582,0.0,0.0
TDS,2019-07-04 20:00:00-04:00,31.18000030517578,31.719999313354492,31.079999923706055,31.610000610351562,541900,25.689496994018555,0.0,0.0
TDS,2019-07-07 20:00:00-04:00,31.600000381469727,31.809999465942383,31.34000015258789,31.540000915527344,527800,25.632604598999023,0.0,0.0
TDS,2019-07-08 20:00:00-04:00,31.459999084472656,31.559999465942383,31.200000762939453,31.360000610351562,608200,25.486316680908203,0.0,0.0
TDS,2019-07-09 20:00:00-04:00,31.84000015258789,31.93000030517578,30.989999771118164,31.25,414400,25.396923065185547,0.0,0.0
TDS,2019-07-10 20:00:00-04:00,31.25,31.389999389648438,30.969999313354492,31.139999389648438,494400,25.30752182006836,0.0,0.0
TDS,2019-07-11 20:00:00-04:00,31.239999771118164,31.8799991607666,31.200000762939453,31.790000915527344,440600,25.83578109741211,0.0,0.0
TDS,2019-07-14 20:00:00-04:00,31.84000015258789,31.84000015258789,31.399999618530273,31.5,748500,25.600093841552734,0.0,0.0
TDS,2019-07-15 20:00:00-04:00,31.6200008392334,32.400001525878906,31.309999465942383,32.150001525878906,762000,26.12834930419922,0.0,0.0
TDS,2019-07-16 20:00:00-04:00,32.13999938964844,32.20000076293945,31.399999618530273,31.920000076293945,710800,25.941431045532227,0.0,0.0
TDS,2019-07-17 20:00:00-04:00,32.0,32.380001068115234,31.579999923706055,32.36000061035156,648600,26.299020767211914,0.0,0.0
TDS,2019-07-18 20:00:00-04:00,32.56999969482422,33.150001525878906,32.459999084472656,32.70000076293945,1298600,26.57533836364746,0.0,0.0
TDS,2019-07-21 20:00:00-04:00,32.70000076293945,32.84000015258789,31.6200008392334,31.649999618530273,734600,25.722003936767578,0.0,0.0
TDS,2019-07-22 20:00:00-04:00,31.780000686645508,32.099998474121094,31.1299991607666,32.040000915527344,496700,26.038957595825195,0.0,0.0
TDS,2019-07-23 20:00:00-04:00,32.119998931884766,32.7400016784668,32.06999969482422,32.540000915527344,505000,26.44530487060547,0.0,0.0
TDS,2019-07-24 20:00:00-04:00,32.72999954223633,32.88999938964844,32.279998779296875,32.630001068115234,624900,26.518447875976562,0.0,0.0
TDS,2019-07-25 20:00:00-04:00,32.84000015258789,33.61000061035156,32.779998779296875,33.439998626708984,649300,27.17673683166504,0.0,0.0
TDS,2019-07-28 20:00:00-04:00,33.45000076293945,33.63999938964844,32.84000015258789,33.13999938964844,593600,26.932926177978516,0.0,0.0
TDS,2019-07-29 20:00:00-04:00,32.939998626708984,33.11000061035156,32.70000076293945,32.970001220703125,355400,26.794769287109375,0.0,0.0
TDS,2019-07-30 20:00:00-04:00,32.939998626708984,33.02000045776367,32.2599983215332,32.34000015258789,677800,26.282766342163086,0.0,0.0
TDS,2019-07-31 20:00:00-04:00,32.369998931884766,32.47999954223633,30.950000762939453,31.239999771118164,759000,25.388797760009766,0.0,0.0
TDS,2019-08-01 20:00:00-04:00,28.219999313354492,29.040000915527344,25.40999984741211,27.40999984741211,2005200,22.27614974975586,0.0,0.0
TDS,2019-08-04 20:00:00-04:00,27.18000030517578,27.5,26.0,27.149999618530273,2143000,22.06484603881836,0.0,0.0
TDS,2019-08-05 20:00:00-04:00,27.010000228881836,27.420000076293945,26.440000534057617,26.809999465942383,1201400,21.78852653503418,0.0,0.0
TDS,2019-08-06 20:00:00-04:00,26.479999542236328,26.530000686645508,25.81999969482422,26.190000534057617,1109900,21.284652709960938,0.0,0.0
TDS,2019-08-07 20:00:00-04:00,26.389999389648438,26.920000076293945,26.1299991607666,26.739999771118164,909100,21.73163414001465,0.0,0.0
TDS,2019-08-08 20:00:00-04:00,26.510000228881836,26.6299991607666,25.469999313354492,25.510000228881836,739700,20.73201560974121,0.0,0.0
TDS,2019-08-11 20:00:00-04:00,25.270000457763672,25.489999771118164,25.040000915527344,25.18000030517578,376500,20.463821411132812,0.0,0.0
TDS,2019-08-12 20:00:00-04:00,25.190000534057617,25.8700008392334,25.010000228881836,25.329999923706055,536800,20.585729598999023,0.0,0.0
TDS,2019-08-13 20:00:00-04:00,24.979999542236328,25.100000381469727,24.6200008392334,24.84000015258789,688300,20.18750762939453,0.0,0.0
TDS,2019-08-14 20:00:00-04:00,24.81999969482422,24.899999618530273,24.3700008392334,24.420000076293945,742900,19.84617042541504,0.0,0.0
TDS,2019-08-15 20:00:00-04:00,24.450000762939453,25.0,24.3700008392334,24.809999465942383,791600,20.163124084472656,0.0,0.0
TDS,2019-08-18 20:00:00-04:00,25.020000457763672,25.1299991607666,24.329999923706055,24.850000381469727,943200,20.195629119873047,0.0,0.0
TDS,2019-08-19 20:00:00-04:00,24.969999313354492,24.979999542236328,24.489999771118164,24.59000015258789,619300,19.984329223632812,0.0,0.0
TDS,2019-08-20 20:00:00-04:00,24.770000457763672,24.850000381469727,24.469999313354492,24.809999465942383,549300,20.163124084472656,0.0,0.0
TDS,2019-08-21 20:00:00-04:00,24.850000381469727,25.170000076293945,24.709999084472656,24.790000915527344,660300,20.14687156677246,0.0,0.0
TDS,2019-08-22 20:00:00-04:00,24.479999542236328,25.059999465942383,24.110000610351562,24.209999084472656,732700,19.675504684448242,0.0,0.0
TDS,2019-08-25 20:00:00-04:00,24.350000381469727,24.68000030517578,24.270000457763672,24.610000610351562,587800,20.000585556030273,0.0,0.0
TDS,2019-08-26 20:00:00-04:00,24.670000076293945,24.799999237060547,24.3799991607666,24.3799991607666,666900,19.813661575317383,0.0,0.0
TDS,2019-08-27 20:00:00-04:00,24.260000228881836,25.030000686645508,24.260000228881836,24.760000228881836,545000,20.122486114501953,0.0,0.0
TDS,2019-08-28 20:00:00-04:00,24.979999542236328,25.440000534057617,24.899999618530273,25.219999313354492,379600,20.49633026123047,0.0,0.0
TDS,2019-08-29 20:00:00-04:00,25.31999969482422,25.3799991607666,25.09000015258789,25.200000762939453,345600,20.480077743530273,0.0,0.0
TDS,2019-09-02 20:00:00-04:00,25.040000915527344,25.149999618530273,24.739999771118164,24.979999542236328,439600,20.30128288269043,0.0,0.0
TDS,2019-09-03 20:00:00-04:00,25.239999771118164,25.479999542236328,25.209999084472656,25.31999969482422,445800,20.577606201171875,0.0,0.0
TDS,2019-09-04 20:00:00-04:00,25.59000015258789,25.850000381469727,25.260000228881836,25.280000686645508,814200,20.54509162902832,0.0,0.0
TDS,2019-09-05 20:00:00-04:00,25.389999389648438,25.81999969482422,25.34000015258789,25.790000915527344,491300,20.95957374572754,0.0,0.0
TDS,2019-09-08 20:00:00-04:00,25.84000015258789,26.6200008392334,25.809999465942383,26.270000457763672,921200,21.34966468811035,0.0,0.0
TDS,2019-09-09 20:00:00-04:00,26.440000534057617,27.0,26.3799991607666,26.950000762939453,559600,21.902307510375977,0.0,0.0
TDS,2019-09-10 20:00:00-04:00,27.0,27.440000534057617,26.709999084472656,27.389999389648438,424700,22.2598934173584,0.0,0.0
TDS,2019-09-11 20:00:00-04:00,27.420000076293945,27.43000030517578,26.969999313354492,27.280000686645508,539600,22.170499801635742,0.0,0.0
TDS,2019-09-12 20:00:00-04:00,27.15999984741211,27.309999465942383,26.520000457763672,26.860000610351562,706300,21.961997985839844,0.165,0.0
TDS,2019-09-15 20:00:00-04:00,26.690000534057617,26.829999923706055,26.239999771118164,26.600000381469727,540200,21.74941062927246,0.0,0.0
TDS,2019-09-16 20:00:00-04:00,26.3799991607666,26.40999984741211,25.690000534057617,25.979999542236328,620600,21.24246597290039,0.0,0.0
TDS,2019-09-17 20:00:00-04:00,25.8700008392334,25.989999771118164,25.5,25.739999771118164,794700,21.04623031616211,0.0,0.0
TDS,2019-09-18 20:00:00-04:00,25.829999923706055,26.200000762939453,25.65999984741211,25.950000762939453,1153200,21.21793556213379,0.0,0.0
TDS,2019-09-19 20:00:00-04:00,26.010000228881836,26.280000686645508,25.6200008392334,25.68000030517578,1500400,20.99717140197754,0.0,0.0
TDS,2019-09-22 20:00:00-04:00,25.5,26.260000228881836,25.5,26.059999465942383,826000,21.307876586914062,0.0,0.0
TDS,2019-09-23 20:00:00-04:00,26.139999389648438,26.139999389648438,25.5,25.520000457763672,579400,20.866350173950195,0.0,0.0
TDS,2019-09-24 20:00:00-04:00,25.450000762939453,26.010000228881836,25.399999618530273,25.979999542236328,760900,21.24246597290039,0.0,0.0
TDS,2019-09-25 20:00:00-04:00,25.969999313354492,25.969999313354492,25.549999237060547,25.639999389648438,447000,20.96446418762207,0.0,0.0
TDS,2019-09-26 20:00:00-04:00,25.719999313354492,25.850000381469727,25.219999313354492,25.459999084472656,599100,20.817289352416992,0.0,0.0
TDS,2019-09-29 20:00:00-04:00,25.420000076293945,26.110000610351562,25.420000076293945,25.799999237060547,540000,21.09528923034668,0.0,0.0
TDS,2019-09-30 20:00:00-04:00,25.950000762939453,26.1299991607666,25.25,25.3799991607666,583700,20.751873016357422,0.0,0.0
TDS,2019-10-01 20:00:00-04:00,25.09000015258789,25.34000015258789,24.489999771118164,24.59000015258789,1066900,20.10593605041504,0.0,0.0
TDS,2019-10-02 20:00:00-04:00,24.540000915527344,24.639999389648438,24.010000228881836,24.399999618530273,1785400,19.950580596923828,0.0,0.0
TDS,2019-10-03 20:00:00-04:00,24.40999984741211,25.09000015258789,24.40999984741211,25.06999969482422,841900,20.4984073638916,0.0,0.0
TDS,2019-10-06 20:00:00-04:00,25.010000228881836,25.260000228881836,24.450000762939453,24.489999771118164,698700,20.0241756439209,0.0,0.0
TDS,2019-10-07 20:00:00-04:00,24.350000381469727,24.829999923706055,24.25,24.59000015258789,637800,20.10593605041504,0.0,0.0
TDS,2019-10-08 20:00:00-04:00,24.790000915527344,25.1299991607666,24.31999969482422,24.559999465942383,617100,20.081411361694336,0.0,0.0
TDS,2019-10-09 20:00:00-04:00,24.540000915527344,24.65999984741211,24.25,24.389999389648438,802800,19.942411422729492,0.0,0.0
TDS,2019-10-10 20:00:00-04:00,24.670000076293945,25.75,24.579999923706055,25.360000610351562,1015300,20.73552703857422,0.0,0.0
TDS,2019-10-13 20:00:00-04:00,25.229999542236328,25.5,24.93000030517578,25.229999542236328,671900,20.62923240661621,0.0,0.0
TDS,2019-10-14 20:00:00-04:00,25.360000610351562,26.06999969482422,25.25,25.649999618530273,689600,20.97264289855957,0.0,0.0
TDS,2019-10-15 20:00:00-04:00,25.579999923706055,25.8700008392334,25.059999465942383,25.1299991607666,587800,20.547466278076172,0.0,0.0
TDS,2019-10-16 20:00:00-04:00,25.260000228881836,25.559999465942383,25.1299991607666,25.549999237060547,596500,20.890880584716797,0.0,0.0
TDS,2019-10-17 20:00:00-04:00,25.549999237060547,25.8799991607666,25.459999084472656,25.700000762939453,383200,21.013525009155273,0.0,0.0
TDS,2019-10-20 20:00:00-04:00,25.93000030517578,26.34000015258789,25.850000381469727,25.8700008392334,482200,21.152528762817383,0.0,0.0
TDS,2019-10-21 20:00:00-04:00,25.860000610351562,26.670000076293945,25.670000076293945,26.18000030517578,757100,21.40599822998047,0.0,0.0
TDS,2019-10-22 20:00:00-04:00,26.190000534057617,26.719999313354492,26.139999389648438,26.420000076293945,684800,21.602235794067383,0.0,0.0
TDS,2019-10-23 20:00:00-04:00,26.5,26.649999618530273,25.829999923706055,26.0,461500,21.258817672729492,0.0,0.0
TDS,2019-10-24 20:00:00-04:00,25.940000534057617,26.229999542236328,25.84000015258789,26.059999465942383,661300,21.307876586914062,0.0,0.0
TDS,2019-10-27 20:00:00-04:00,26.170000076293945,26.770000457763672,26.170000076293945,26.3799991607666,673800,21.56951904296875,0.0,0.0
TDS,2019-10-28 20:00:00-04:00,26.270000457763672,26.479999542236328,26.020000457763672,26.3700008392334,760800,21.561351776123047,0.0,0.0
TDS,2019-10-29 20:00:00-04:00,26.360000610351562,26.84000015258789,26.31999969482422,26.68000030517578,653700,21.8148193359375,0.0,0.0
TDS,2019-10-30 20:00:00-04:00,26.559999465942383,26.579999923706055,25.6299991607666,26.09000015258789,3914600,21.332408905029297,0.0,0.0
TDS,2019-10-31 20:00:00-04:00,25.09000015258789,25.110000610351562,21.440000534057617,21.93000030517578,3129300,17.93099594116211,0.0,0.0
TDS,2019-11-03 19:00:00-05:00,23.049999237060547,24.329999923706055,22.989999771118164,23.739999771118164,2192900,19.410934448242188,0.0,0.0
TDS,2019-11-04 19:00:00-05:00,23.770000457763672,24.43000030517578,23.649999618530273,24.299999237060547,1622200,19.868818283081055,0.0,0.0
TDS,2019-11-05 19:00:00-05:00,24.270000457763672,24.290000915527344,23.34000015258789,23.559999465942383,1200300,19.263757705688477,0.0,0.0
TDS,2019-11-06 19:00:00-05:00,23.799999237060547,24.469999313354492,23.75,24.350000381469727,884700,19.909700393676758,0.0,0.0
TDS,2019-11-07 19:00:00-05:00,24.350000381469727,24.350000381469727,23.530000686645508,23.84000015258789,830400,19.492698669433594,0.0,0.0
TDS,2019-11-10 19:00:00-05:00,23.65999984741211,23.8700008392334,23.510000228881836,23.780000686645508,631800,19.443645477294922,0.0,0.0
TDS,2019-11-11 19:00:00-05:00,23.809999465942383,23.829999923706055,23.440000534057617,23.649999618530273,635900,19.33734893798828,0.0,0.0
TDS,2019-11-12 19:00:00-05:00,23.43000030517578,23.700000762939453,23.299999237060547,23.59000015258789,580400,19.288291931152344,0.0,0.0
TDS,2019-11-13 19:00:00-05:00,23.489999771118164,23.670000076293945,23.219999313354492,23.260000228881836,591200,19.018470764160156,0.0,0.0
TDS,2019-11-14 19:00:00-05:00,23.360000610351562,23.81999969482422,23.31999969482422,23.700000762939453,699600,19.37822914123535,0.0,0.0
TDS,2019-11-17 19:00:00-05:00,23.739999771118164,23.739999771118164,23.229999542236328,23.360000610351562,692100,19.10023307800293,0.0,0.0
TDS,2019-11-18 19:00:00-05:00,23.350000381469727,23.399999618530273,22.860000610351562,23.149999618530273,794100,18.92852783203125,0.0,0.0
TDS,2019-11-19 19:00:00-05:00,23.25,23.43000030517578,22.920000076293945,23.149999618530273,850300,18.92852783203125,0.0,0.0
TDS,2019-11-20 19:00:00-05:00,23.270000457763672,23.3700008392334,22.959999084472656,23.350000381469727,628700,19.09205436706543,0.0,0.0
TDS,2019-11-21 19:00:00-05:00,23.43000030517578,23.729999542236328,23.350000381469727,23.5,510800,19.214702606201172,0.0,0.0
TDS,2019-11-24 19:00:00-05:00,23.649999618530273,23.719999313354492,23.440000534057617,23.639999389648438,556600,19.329174041748047,0.0,0.0
TDS,2019-11-25 19:00:00-05:00,23.559999465942383,23.729999542236328,23.3700008392334,23.5,572700,19.214702606201172,0.0,0.0
TDS,2019-11-26 19:00:00-05:00,23.520000457763672,23.829999923706055,23.5,23.610000610351562,383500,19.304643630981445,0.0,0.0
TDS,2019-11-28 19:00:00-05:00,23.579999923706055,23.979999542236328,23.5,23.709999084472656,255400,19.386409759521484,0.0,0.0
TDS,2019-12-01 19:00:00-05:00,23.639999389648438,23.739999771118164,23.31999969482422,23.5,638800,19.214702606201172,0.0,0.0
TDS,2019-12-02 19:00:00-05:00,23.299999237060547,23.549999237060547,23.09000015258789,23.5,872000,19.214702606201172,0.0,0.0
TDS,2019-12-03 19:00:00-05:00,23.549999237060547,23.979999542236328,23.530000686645508,23.75,713500,19.419113159179688,0.0,0.0
TDS,2019-12-04 19:00:00-05:00,23.8700008392334,23.950000762939453,23.670000076293945,23.75,597700,19.419113159179688,0.0,0.0
TDS,2019-12-05 19:00:00-05:00,24.100000381469727,24.65999984741211,24.06999969482422,24.600000381469727,888000,20.114112854003906,0.0,0.0
TDS,2019-12-08 19:00:00-05:00,24.549999237060547,24.8799991607666,24.229999542236328,24.309999465942383,682300,19.876996994018555,0.0,0.0
TDS,2019-12-09 19:00:00-05:00,24.31999969482422,24.459999084472656,23.790000915527344,23.959999084472656,709300,19.590816497802734,0.0,0.0
TDS,2019-12-10 19:00:00-05:00,24.020000457763672,24.440000534057617,24.020000457763672,24.1299991607666,521500,19.729820251464844,0.0,0.0
TDS,2019-12-11 19:00:00-05:00,24.25,24.600000381469727,24.1200008392334,24.31999969482422,453400,19.88517189025879,0.0,0.0
TDS,2019-12-12 19:00:00-05:00,24.110000610351562,24.309999465942383,23.860000610351562,24.020000457763672,645600,19.77403450012207,0.165,0.0
TDS,2019-12-15 19:00:00-05:00,24.079999923706055,24.639999389648438,24.079999923706055,24.309999465942383,886400,20.012773513793945,0.0,0.0
TDS,2019-12-16 19:00:00-05:00,24.350000381469727,24.420000076293945,23.90999984741211,24.239999771118164,1007100,19.95514488220215,0.0,0.0
TDS,2019-12-17 19:00:00-05:00,24.219999313354492,24.520000457763672,24.1299991607666,24.350000381469727,1072000,20.045703887939453,0.0,0.0
TDS,2019-12-18 19:00:00-05:00,24.399999618530273,24.979999542236328,24.3799991607666,24.809999465942383,985600,20.424386978149414,0.0,0.0
TDS,2019-12-19 19:00:00-05:00,25.030000686645508,25.139999389648438,24.850000381469727,24.920000076293945,1869900,20.51494598388672,0.0,0.0
TDS,2019-12-22 19:00:00-05:00,24.93000030517578,25.040000915527344,24.68000030517578,24.81999969482422,648600,20.432621002197266,0.0,0.0
TDS,2019-12-23 19:00:00-05:00,24.889999389648438,25.139999389648438,24.760000228881836,24.780000686645508,225000,20.399694442749023,0.0,0.0
TDS,2019-12-25 19:00:00-05:00,24.84000015258789,25.110000610351562,24.68000030517578,24.81999969482422,489200,20.432621002197266,0.0,0.0
TDS,2019-12-26 19:00:00-05:00,24.809999465942383,24.989999771118164,24.639999389648438,24.860000610351562,509200,20.465553283691406,0.0,0.0
TDS,2019-12-29 19:00:00-05:00,24.979999542236328,25.110000610351562,24.780000686645508,25.010000228881836,505300,20.589031219482422,0.0,0.0
TDS,2019-12-30 19:00:00-05:00,24.899999618530273,25.510000228881836,24.809999465942383,25.43000030517578,621300,20.934791564941406,0.0,0.0
TDS,2020-01-01 19:00:00-05:00,25.530000686645508,25.530000686645508,24.75,25.280000686645508,745000,20.811307907104492,0.0,0.0
TDS,2020-01-02 19:00:00-05:00,25.040000915527344,25.209999084472656,24.739999771118164,25.040000915527344,583500,20.613737106323242,0.0,0.0
TDS,2020-01-05 19:00:00-05:00,24.790000915527344,25.010000228881836,24.579999923706055,24.93000030517578,986000,20.523178100585938,0.0,0.0
TDS,2020-01-06 19:00:00-05:00,24.90999984741211,25.030000686645508,24.280000686645508,24.479999542236328,634300,20.152725219726562,0.0,0.0
TDS,2020-01-07 19:00:00-05:00,24.469999313354492,24.729999542236328,24.40999984741211,24.670000076293945,404400,20.30913734436035,0.0,0.0
TDS,2020-01-08 19:00:00-05:00,24.670000076293945,24.700000762939453,24.360000610351562,24.6200008392334,403300,20.267972946166992,0.0,0.0
TDS,2020-01-09 19:00:00-05:00,24.6200008392334,24.790000915527344,24.299999237060547,24.329999923706055,435100,20.029239654541016,0.0,0.0
TDS,2020-01-12 19:00:00-05:00,24.350000381469727,24.790000915527344,24.06999969482422,24.709999084472656,430800,20.342063903808594,0.0,0.0
TDS,2020-01-13 19:00:00-05:00,24.700000762939453,24.770000457763672,24.530000686645508,24.719999313354492,595600,20.350297927856445,0.0,0.0
TDS,2020-01-14 19:00:00-05:00,24.729999542236328,25.09000015258789,24.600000381469727,24.81999969482422,662400,20.432621002197266,0.0,0.0
TDS,2020-01-15 19:00:00-05:00,24.940000534057617,25.639999389648438,24.780000686645508,25.450000762939453,607500,20.951257705688477,0.0,0.0
TDS,2020-01-16 19:00:00-05:00,25.559999465942383,25.559999465942383,25.239999771118164,25.360000610351562,399300,20.877166748046875,0.0,0.0
TDS,2020-01-20 19:00:00-05:00,25.360000610351562,25.399999618530273,25.1200008392334,25.139999389648438,446400,20.69605255126953,0.0,0.0
TDS,2020-01-21 19:00:00-05:00,25.25,25.520000457763672,25.190000534057617,25.34000015258789,665100,20.86070442199707,0.0,0.0
TDS,2020-01-22 19:00:00-05:00,25.209999084472656,25.34000015258789,24.829999923706055,25.219999313354492,898700,20.761913299560547,0.0,0.0
TDS,2020-01-23 19:00:00-05:00,25.280000686645508,25.34000015258789,24.65999984741211,24.719999313354492,472000,20.350297927856445,0.0,0.0
TDS,2020-01-26 19:00:00-05:00,24.25,24.329999923706055,23.940000534057617,23.979999542236328,945600,19.74110984802246,0.0,0.0
TDS,2020-01-27 19:00:00-05:00,24.100000381469727,24.43000030517578,24.09000015258789,24.299999237060547,703800,20.004541397094727,0.0,0.0
TDS,2020-01-28 19:00:00-05:00,24.299999237060547,24.360000610351562,23.40999984741211,23.450000762939453,1052900,19.30479621887207,0.0,0.0
TDS,2020-01-29 19:00:00-05:00,23.200000762939453,23.43000030517578,22.90999984741211,23.420000076293945,854800,19.28009605407715,0.0,0.0
TDS,2020-01-30 19:00:00-05:00,23.25,23.260000228881836,22.489999771118164,22.68000030517578,1877100,18.6709041595459,0.0,0.0
TDS,2020-02-02 19:00:00-05:00,22.809999465942383,23.280000686645508,22.59000015258789,23.229999542236328,656500,19.123682022094727,0.0,0.0
TDS,2020-02-03 19:00:00-05:00,23.520000457763672,23.690000534057617,23.3700008392334,23.489999771118164,664100,19.337724685668945,0.0,0.0
TDS,2020-02-04 19:00:00-05:00,23.729999542236328,24.1200008392334,23.729999542236328,23.90999984741211,707200,19.683481216430664,0.0,0.0
TDS,2020-02-05 19:00:00-05:00,23.989999771118164,24.350000381469727,23.899999618530273,24.1299991607666,861300,19.864591598510742,0.0,0.0
TDS,2020-02-06 19:00:00-05:00,24.059999465942383,24.229999542236328,23.81999969482422,24.06999969482422,497900,19.815195083618164,0.0,0.0
TDS,2020-02-09 19:00:00-05:00,23.860000610351562,23.989999771118164,23.559999465942383,23.68000030517578,353400,19.494136810302734,0.0,0.0
TDS,2020-02-10 19:00:00-05:00,23.860000610351562,24.780000686645508,23.75,24.5,755600,20.169185638427734,0.0,0.0
TDS,2020-02-11 19:00:00-05:00,24.75,24.969999313354492,24.610000610351562,24.799999237060547,832400,20.41615867614746,0.0,0.0
TDS,2020-02-12 19:00:00-05:00,24.59000015258789,24.729999542236328,24.260000228881836,24.31999969482422,443000,20.02100944519043,0.0,0.0
TDS,2020-02-13 19:00:00-05:00,24.34000015258789,24.34000015258789,23.8799991607666,24.059999465942383,435700,19.806964874267578,0.0,0.0
TDS,2020-02-17 19:00:00-05:00,23.90999984741211,24.829999923706055,23.799999237060547,24.81999969482422,1047600,20.432621002197266,0.0,0.0
TDS,2020-02-18 19:00:00-05:00,24.8799991607666,25.270000457763672,24.690000534057617,25.170000076293945,706100,20.720752716064453,0.0,0.0
TDS,2020-02-19 19:00:00-05:00,25.079999923706055,25.520000457763672,25.010000228881836,25.219999313354492,762700,20.761913299560547,0.0,0.0
TDS,2020-02-20 19:00:00-05:00,24.8799991607666,25.610000610351562,22.15999984741211,22.219999313354492,2230600,18.292219161987305,0.0,0.0
TDS,2020-02-23 19:00:00-05:00,21.559999465942383,22.100000381469727,21.31999969482422,21.709999084472656,1070100,17.872371673583984,0.0,0.0
TDS,2020-02-24 19:00:00-05:00,21.690000534057617,21.709999084472656,20.649999618530273,20.670000076293945,1257600,17.016206741333008,0.0,0.0
TDS,2020-02-25 19:00:00-05:00,20.760000228881836,21.610000610351562,20.719999313354492,21.329999923706055,1008200,17.559545516967773,0.0,0.0
TDS,2020-02-26 19:00:00-05:00,20.729999542236328,20.90999984741211,19.8799991607666,19.90999984741211,1739900,16.390554428100586,0.0,0.0
TDS,2020-02-27 19:00:00-05:00,19.049999237060547,20.200000762939453,18.280000686645508,20.139999389648438,2209500,16.579893112182617,0.0,0.0
TDS,2020-03-01 19:00:00-05:00,20.329999923706055,20.84000015258789,19.5,20.809999465942383,1077100,17.131460189819336,0.0,0.0
TDS,2020-03-02 19:00:00-05:00,20.889999389648438,21.219999313354492,19.850000381469727,20.219999313354492,1264500,16.645750045776367,0.0,0.0
TDS,2020-03-03 19:00:00-05:00,20.649999618530273,20.65999984741211,20.030000686645508,20.6299991607666,700500,16.983280181884766,0.0,0.0
TDS,2020-03-04 19:00:00-05:00,20.049999237060547,20.260000228881836,18.850000381469727,19.200000762939453,770200,15.806059837341309,0.0,0.0
TDS,2020-03-05 19:00:00-05:00,18.440000534057617,19.479999542236328,18.34000015258789,19.440000534057617,737300,16.003633499145508,0.0,0.0
TDS,2020-03-08 20:00:00-04:00,17.829999923706055,18.260000228881836,17.059999465942383,17.09000015258789,629600,14.069038391113281,0.0,0.0
TDS,2020-03-09 20:00:00-04:00,17.770000457763672,18.06999969482422,16.459999084472656,17.350000381469727,914300,14.283080101013184,0.0,0.0
TDS,2020-03-10 20:00:00-04:00,16.850000381469727,16.940000534057617,15.899999618530273,16.219999313354492,930100,13.352823257446289,0.0,0.0
TDS,2020-03-11 20:00:00-04:00,15.0,15.789999961853027,14.050000190734863,15.260000228881836,1244700,12.562522888183594,0.0,0.0
TDS,2020-03-12 20:00:00-04:00,16.020000457763672,16.93000030517578,14.829999923706055,16.860000610351562,1366000,13.879694938659668,0.0,0.0
TDS,2020-03-15 20:00:00-04:00,14.5,16.81999969482422,14.5,16.329999923706055,1152600,13.580310821533203,0.17,0.0
TDS,2020-03-16 20:00:00-04:00,16.739999771118164,18.469999313354492,16.56999969482422,18.399999618530273,1332100,15.3017578125,0.0,0.0
TDS,2020-03-17 20:00:00-04:00,17.389999389648438,18.520000457763672,16.549999237060547,17.260000228881836,1334800,14.353718757629395,0.0,0.0
TDS,2020-03-18 20:00:00-04:00,17.1200008392334,19.18000030517578,17.1200008392334,18.5,1449400,15.384919166564941,0.0,0.0
TDS,2020-03-19 20:00:00-04:00,18.829999923706055,18.8700008392334,16.020000457763672,16.200000762939453,1438100,13.47220230102539,0.0,0.0
TDS,2020-03-22 20:00:00-04:00,16.280000686645508,16.59000015258789,15.289999961853027,15.539999961853027,1142600,12.923334121704102,0.0,0.0
TDS,2020-03-23 20:00:00-04:00,16.040000915527344,17.549999237060547,16.040000915527344,17.34000015258789,880100,14.420245170593262,0.0,0.0
TDS,2020-03-24 20:00:00-04:00,17.299999237060547,17.8700008392334,16.489999771118164,16.68000030517578,821100,13.871377944946289,0.0,0.0
TDS,2020-03-25 20:00:00-04:00,16.84000015258789,17.520000457763672,16.06999969482422,17.329999923706055,951500,14.4119291305542,0.0,0.0
TDS,2020-03-26 20:00:00-04:00,16.729999542236328,17.510000228881836,16.229999542236328,17.020000457763672,891100,14.154131889343262,0.0,0.0
TDS,2020-03-29 20:00:00-04:00,17.170000076293945,17.170000076293945,16.670000076293945,16.850000381469727,961800,14.0127534866333,0.0,0.0
TDS,2020-03-30 20:00:00-04:00,16.93000030517578,17.190000534057617,16.389999389648438,16.760000228881836,938900,13.937907218933105,0.0,0.0
TDS,2020-03-31 20:00:00-04:00,16.049999237060547,16.18000030517578,15.229999542236328,15.630000114440918,1571500,12.998181343078613,0.0,0.0
TDS,2020-04-01 20:00:00-04:00,15.489999771118164,16.0,15.149999618530273,15.569999694824219,1905000,12.948281288146973,0.0,0.0
TDS,2020-04-02 20:00:00-04:00,15.619999885559082,17.149999618530273,15.279999732971191,16.6200008392334,6792200,13.821481704711914,0.0,0.0
TDS,2020-04-05 20:00:00-04:00,17.389999389648438,17.6299991607666,16.829999923706055,17.25,1194100,14.345399856567383,0.0,0.0
TDS,2020-04-06 20:00:00-04:00,17.799999237060547,18.059999465942383,16.65999984741211,16.81999969482422,1061400,13.987805366516113,0.0,0.0
TDS,2020-04-07 20:00:00-04:00,17.079999923706055,18.1299991607666,16.860000610351562,18.030000686645508,670800,14.994063377380371,0.0,0.0
TDS,2020-04-08 20:00:00-04:00,18.450000762939453,18.68000030517578,17.469999313354492,18.139999389648438,926100,15.085538864135742,0.0,0.0
TDS,2020-04-12 20:00:00-04:00,18.229999542236328,18.760000228881836,17.8700008392334,18.610000610351562,743000,15.476399421691895,0.0,0.0
TDS,2020-04-13 20:00:00-04:00,19.0,19.09000015258789,18.40999984741211,18.6299991607666,640500,15.493032455444336,0.0,0.0
TDS,2020-04-14 20:00:00-04:00,18.0,18.190000534057617,17.15999984741211,17.260000228881836,719500,14.353718757629395,0.0,0.0
TDS,2020-04-15 20:00:00-04:00,17.43000030517578,18.68000030517578,17.34000015258789,18.56999969482422,961400,15.443134307861328,0.0,0.0
TDS,2020-04-16 20:00:00-04:00,19.290000915527344,19.290000915527344,18.40999984741211,18.780000686645508,610100,15.617774963378906,0.0,0.0
TDS,2020-04-19 20:00:00-04:00,18.43000030517578,19.100000381469727,18.299999237060547,18.899999618530273,627400,15.71756649017334,0.0,0.0
TDS,2020-04-20 20:00:00-04:00,18.5,18.690000534057617,17.979999542236328,18.139999389648438,599500,15.085538864135742,0.0,0.0
TDS,2020-04-21 20:00:00-04:00,18.790000915527344,18.790000915527344,18.1200008392334,18.149999618530273,862900,15.093854904174805,0.0,0.0
TDS,2020-04-22 20:00:00-04:00,18.56999969482422,19.190000534057617,18.25,19.030000686645508,644100,15.825676918029785,0.0,0.0
TDS,2020-04-23 20:00:00-04:00,19.09000015258789,19.190000534057617,18.479999542236328,19.100000381469727,745500,15.883891105651855,0.0,0.0
TDS,2020-04-26 20:00:00-04:00,19.280000686645508,19.469999313354492,18.8700008392334,19.309999465942383,781000,16.058530807495117,0.0,0.0
TDS,2020-04-27 20:00:00-04:00,19.729999542236328,19.979999542236328,19.600000381469727,19.690000534057617,598000,16.37454605102539,0.0,0.0
TDS,2020-04-28 20:00:00-04:00,20.139999389648438,20.770000457763672,20.030000686645508,20.469999313354492,1336600,17.02320671081543,0.0,0.0
TDS,2020-04-29 20:00:00-04:00,20.040000915527344,20.31999969482422,19.479999542236328,19.6200008392334,1648300,16.316333770751953,0.0,0.0
TDS,2020-04-30 20:00:00-04:00,19.6299991607666,20.469999313354492,17.889999389648438,18.110000610351562,1064400,15.060588836669922,0.0,0.0
TDS,2020-05-03 20:00:00-04:00,17.899999618530273,18.0,16.959999084472656,17.329999923706055,994500,14.4119291305542,0.0,0.0
TDS,2020-05-04 20:00:00-04:00,17.450000762939453,18.270000457763672,17.450000762939453,18.010000228881836,669400,14.977428436279297,0.0,0.0
TDS,2020-05-05 20:00:00-04:00,18.040000915527344,18.219999313354492,17.100000381469727,17.1299991607666,529300,14.245604515075684,0.0,0.0
TDS,2020-05-06 20:00:00-04:00,17.3799991607666,18.100000381469727,17.299999237060547,18.030000686645508,946200,14.994063377380371,0.0,0.0
TDS,2020-05-07 20:00:00-04:00,18.25,18.979999542236328,18.25,18.959999084472656,574700,15.767467498779297,0.0,0.0
TDS,2020-05-10 20:00:00-04:00,18.65999984741211,18.93000030517578,18.329999923706055,18.549999237060547,679400,15.426502227783203,0.0,0.0
TDS,2020-05-11 20:00:00-04:00,18.6200008392334,18.780000686645508,17.780000686645508,17.799999237060547,389100,14.802788734436035,0.0,0.0
TDS,2020-05-12 20:00:00-04:00,17.6200008392334,17.739999771118164,17.0,17.270000457763672,605600,14.362031936645508,0.0,0.0
TDS,2020-05-13 20:00:00-04:00,16.979999542236328,17.280000686645508,16.520000457763672,17.25,684400,14.345399856567383,0.0,0.0
TDS,2020-05-14 20:00:00-04:00,17.010000228881836,17.59000015258789,16.829999923706055,17.559999465942383,1092100,14.603198051452637,0.0,0.0
TDS,2020-05-17 20:00:00-04:00,18.360000610351562,19.170000076293945,18.079999923706055,18.889999389648438,682200,15.70925235748291,0.0,0.0
TDS,2020-05-18 20:00:00-04:00,18.739999771118164,18.90999984741211,18.5,18.549999237060547,480900,15.426502227783203,0.0,0.0
TDS,2020-05-19 20:00:00-04:00,18.81999969482422,19.280000686645508,18.790000915527344,18.959999084472656,532300,15.767467498779297,0.0,0.0
TDS,2020-05-20 20:00:00-04:00,18.8700008392334,19.3799991607666,18.84000015258789,19.149999618530273,731000,15.925474166870117,0.0,0.0
TDS,2020-05-21 20:00:00-04:00,19.260000228881836,19.68000030517578,18.959999084472656,19.639999389648438,408300,16.332963943481445,0.0,0.0
TDS,2020-05-25 20:00:00-04:00,20.280000686645508,20.479999542236328,20.15999984741211,20.280000686645508,444100,16.865201950073242,0.0,0.0
TDS,2020-05-26 20:00:00-04:00,20.68000030517578,20.860000610351562,20.329999923706055,20.790000915527344,741800,17.289325714111328,0.0,0.0
TDS,2020-05-27 20:00:00-04:00,21.040000915527344,21.110000610351562,20.15999984741211,20.25,441000,16.840251922607422,0.0,0.0
TDS,2020-05-28 20:00:00-04:00,20.06999969482422,20.56999969482422,19.81999969482422,20.489999771118164,1033300,17.03983497619629,0.0,0.0
TDS,2020-05-31 20:00:00-04:00,20.549999237060547,21.149999618530273,20.489999771118164,20.889999389648438,395200,17.372488021850586,0.0,0.0
TDS,2020-06-01 20:00:00-04:00,21.049999237060547,21.100000381469727,20.729999542236328,20.920000076293945,804600,17.397432327270508,0.0,0.0
TDS,2020-06-02 20:00:00-04:00,21.190000534057617,21.610000610351562,21.1200008392334,21.139999389648438,540000,17.58038902282715,0.0,0.0
TDS,2020-06-03 20:00:00-04:00,20.90999984741211,21.049999237060547,20.59000015258789,20.950000762939453,1267500,17.422388076782227,0.0,0.0
TDS,2020-06-04 20:00:00-04:00,21.270000457763672,21.799999237060547,21.040000915527344,21.100000381469727,629100,17.5471248626709,0.0,0.0
TDS,2020-06-07 20:00:00-04:00,21.459999084472656,22.75,21.40999984741211,22.719999313354492,749400,18.89434814453125,0.0,0.0
TDS,2020-06-08 20:00:00-04:00,22.3700008392334,22.399999618530273,21.780000686645508,21.950000762939453,595900,18.254003524780273,0.0,0.0
TDS,2020-06-09 20:00:00-04:00,21.93000030517578,22.1200008392334,21.219999313354492,21.280000686645508,565000,17.69681739807129,0.0,0.0
TDS,2020-06-10 20:00:00-04:00,20.600000381469727,20.649999618530273,19.3700008392334,19.399999618530273,655000,16.133377075195312,0.0,0.0
TDS,2020-06-11 20:00:00-04:00,20.1200008392334,20.34000015258789,19.469999313354492,20.149999618530273,607800,16.75708770751953,0.0,0.0
TDS,2020-06-14 20:00:00-04:00,19.3799991607666,20.290000915527344,19.149999618530273,20.209999084472656,473200,16.949989318847656,0.17,0.0
TDS,2020-06-15 20:00:00-04:00,21.079999923706055,21.079999923706055,20.260000228881836,20.579999923706055,425700,17.26030731201172,0.0,0.0
TDS,2020-06-16 20:00:00-04:00,20.40999984741211,20.40999984741211,19.90999984741211,19.950000762939453,378500,16.731931686401367,0.0,0.0
TDS,2020-06-17 20:00:00-04:00,19.84000015258789,20.43000030517578,19.84000015258789,20.0,488700,16.77386474609375,0.0,0.0
TDS,2020-06-18 20:00:00-04:00,20.170000076293945,20.459999084472656,19.770000457763672,19.959999084472656,1170300,16.74031639099121,0.0,0.0
TDS,2020-06-21 20:00:00-04:00,19.889999389648438,20.18000030517578,19.690000534057617,19.969999313354492,633600,16.748703002929688,0.0,0.0
TDS,2020-06-22 20:00:00-04:00,20.239999771118164,20.329999923706055,19.6299991607666,20.010000228881836,828200,16.78225326538086,0.0,0.0
TDS,2020-06-23 20:00:00-04:00,19.68000030517578,19.81999969482422,18.8799991607666,19.520000457763672,532200,16.371292114257812,0.0,0.0
TDS,2020-06-24 20:00:00-04:00,19.389999389648438,19.729999542236328,19.139999389648438,19.719999313354492,976700,16.539031982421875,0.0,0.0
TDS,2020-06-25 20:00:00-04:00,19.559999465942383,19.559999465942383,18.530000686645508,18.81999969482422,1376200,15.784205436706543,0.0,0.0
TDS,2020-06-28 20:00:00-04:00,19.0,19.8799991607666,18.899999618530273,19.860000610351562,468300,16.656448364257812,0.0,0.0
TDS,2020-06-29 20:00:00-04:00,19.969999313354492,20.079999923706055,19.809999465942383,19.8799991607666,1076400,16.6732234954834,0.0,0.0
TDS,2020-06-30 20:00:00-04:00,19.8799991607666,20.399999618530273,19.81999969482422,20.010000228881836,548400,16.78225326538086,0.0,0.0
TDS,2020-07-01 20:00:00-04:00,20.399999618530273,20.469999313354492,19.860000610351562,19.969999313354492,731800,16.748703002929688,0.0,0.0
TDS,2020-07-05 20:00:00-04:00,20.290000915527344,20.469999313354492,19.889999389648438,20.06999969482422,613800,16.83257293701172,0.0,0.0
TDS,2020-07-06 20:00:00-04:00,19.899999618530273,20.030000686645508,19.719999313354492,19.729999542236328,625200,16.54741859436035,0.0,0.0
TDS,2020-07-07 20:00:00-04:00,19.729999542236328,19.93000030517578,19.549999237060547,19.93000030517578,544500,16.71515464782715,0.0,0.0
TDS,2020-07-08 20:00:00-04:00,19.90999984741211,20.040000915527344,19.3799991607666,19.520000457763672,540600,16.371292114257812,0.0,0.0
TDS,2020-07-09 20:00:00-04:00,19.5,19.940000534057617,19.440000534057617,19.920000076293945,569300,16.70676612854004,0.0,0.0
TDS,2020-07-12 20:00:00-04:00,20.209999084472656,20.239999771118164,19.719999313354492,19.75,662700,16.564191818237305,0.0,0.0
TDS,2020-07-13 20:00:00-04:00,19.68000030517578,20.18000030517578,19.579999923706055,20.100000381469727,446900,16.857730865478516,0.0,0.0
TDS,2020-07-14 20:00:00-04:00,20.5,20.559999465942383,19.899999618530273,20.030000686645508,513000,16.799022674560547,0.0,0.0
TDS,2020-07-15 20:00:00-04:00,19.940000534057617,20.239999771118164,19.81999969482422,20.18000030517578,533700,16.924829483032227,0.0,0.0
TDS,2020-07-16 20:00:00-04:00,20.290000915527344,20.40999984741211,20.079999923706055,20.299999237060547,319700,17.02547264099121,0.0,0.0
TDS,2020-07-19 20:00:00-04:00,20.25,20.299999237060547,19.889999389648438,19.950000762939453,270400,16.731931686401367,0.0,0.0
TDS,2020-07-20 20:00:00-04:00,20.190000534057617,20.670000076293945,20.190000534057617,20.309999465942383,739800,17.033859252929688,0.0,0.0
TDS,2020-07-21 20:00:00-04:00,20.350000381469727,20.360000610351562,19.389999389648438,19.59000015258789,628400,16.43000030517578,0.0,0.0
TDS,2020-07-22 20:00:00-04:00,19.600000381469727,19.850000381469727,19.25,19.75,519500,16.564191818237305,0.0,0.0
TDS,2020-07-23 20:00:00-04:00,19.719999313354492,19.8799991607666,19.299999237060547,19.3700008392334,523600,16.245492935180664,0.0,0.0
TDS,2020-07-26 20:00:00-04:00,19.329999923706055,19.75,19.010000228881836,19.649999618530273,814100,16.480318069458008,0.0,0.0
TDS,2020-07-27 20:00:00-04:00,19.56999969482422,19.959999084472656,19.56999969482422,19.65999984741211,401700,16.488704681396484,0.0,0.0
TDS,2020-07-28 20:00:00-04:00,19.670000076293945,20.030000686645508,19.610000610351562,19.780000686645508,392700,16.589351654052734,0.0,0.0
TDS,2020-07-29 20:00:00-04:00,19.5,19.559999465942383,19.100000381469727,19.280000686645508,401600,16.17000961303711,0.0,0.0
TDS,2020-07-30 20:00:00-04:00,19.450000762939453,19.450000762939453,18.920000076293945,19.420000076293945,1761800,16.287418365478516,0.0,0.0
TDS,2020-08-02 20:00:00-04:00,19.670000076293945,19.889999389648438,19.540000915527344,19.690000534057617,515200,16.513872146606445,0.0,0.0
TDS,2020-08-03 20:00:00-04:00,19.540000915527344,19.81999969482422,19.31999969482422,19.639999389648438,749700,16.471933364868164,0.0,0.0
TDS,2020-08-04 20:00:00-04:00,19.8700008392334,19.8700008392334,19.350000381469727,19.489999771118164,434600,16.346132278442383,0.0,0.0
TDS,2020-08-05 20:00:00-04:00,19.549999237060547,19.579999923706055,19.350000381469727,19.350000381469727,623600,16.228710174560547,0.0,0.0
TDS,2020-08-06 20:00:00-04:00,19.81999969482422,23.020000457763672,19.770000457763672,22.979999542236328,2035000,19.273170471191406,0.0,0.0
TDS,2020-08-09 20:00:00-04:00,23.09000015258789,23.280000686645508,22.440000534057617,23.219999313354492,975100,19.474456787109375,0.0,0.0
TDS,2020-08-10 20:00:00-04:00,23.5,23.770000457763672,23.049999237060547,23.139999389648438,799400,19.407363891601562,0.0,0.0
TDS,2020-08-11 20:00:00-04:00,23.489999771118164,23.65999984741211,23.200000762939453,23.350000381469727,797100,19.583486557006836,0.0,0.0
TDS,2020-08-12 20:00:00-04:00,23.43000030517578,23.93000030517578,23.420000076293945,23.790000915527344,567500,19.9525146484375,0.0,0.0
TDS,2020-08-13 20:00:00-04:00,23.68000030517578,24.510000228881836,23.600000381469727,24.329999923706055,461300,20.40540885925293,0.0,0.0
TDS,2020-08-16 20:00:00-04:00,24.360000610351562,24.5,23.809999465942383,23.850000381469727,405700,20.002832412719727,0.0,0.0
TDS,2020-08-17 20:00:00-04:00,23.84000015258789,24.09000015258789,23.729999542236328,23.969999313354492,365900,20.10347557067871,0.0,0.0
TDS,2020-08-18 20:00:00-04:00,24.190000534057617,24.389999389648438,24.030000686645508,24.110000610351562,320900,20.220895767211914,0.0,0.0
TDS,2020-08-19 20:00:00-04:00,23.8700008392334,24.049999237060547,23.549999237060547,23.670000076293945,296200,19.85186767578125,0.0,0.0
TDS,2020-08-20 20:00:00-04:00,23.600000381469727,23.600000381469727,23.040000915527344,23.1200008392334,733600,19.390588760375977,0.0,0.0
TDS,2020-08-23 20:00:00-04:00,23.270000457763672,23.600000381469727,23.229999542236328,23.459999084472656,397100,19.675745010375977,0.0,0.0
TDS,2020-08-24 20:00:00-04:00,23.479999542236328,23.56999969482422,22.889999389648438,23.270000457763672,299200,19.516387939453125,0.0,0.0
TDS,2020-08-25 20:00:00-04:00,23.149999618530273,23.459999084472656,22.979999542236328,23.450000762939453,329300,19.6673583984375,0.0,0.0
TDS,2020-08-26 20:00:00-04:00,23.6200008392334,23.969999313354492,23.530000686645508,23.709999084472656,491100,19.885412216186523,0.0,0.0
TDS,2020-08-27 20:00:00-04:00,23.799999237060547,23.8799991607666,23.440000534057617,23.579999923706055,336100,19.776384353637695,0.0,0.0
TDS,2020-08-30 20:00:00-04:00,23.770000457763672,23.770000457763672,23.110000610351562,23.1299991607666,456400,19.398971557617188,0.0,0.0
TDS,2020-08-31 20:00:00-04:00,23.139999389648438,23.239999771118164,22.8799991607666,22.899999618530273,509500,19.20607566833496,0.0,0.0
TDS,2020-09-01 20:00:00-04:00,22.809999465942383,23.389999389648438,22.809999465942383,23.350000381469727,440900,19.583486557006836,0.0,0.0
TDS,2020-09-02 20:00:00-04:00,23.420000076293945,23.489999771118164,22.760000228881836,22.84000015258789,466400,19.155752182006836,0.0,0.0
TDS,2020-09-03 20:00:00-04:00,22.84000015258789,23.040000915527344,22.229999542236328,22.520000457763672,484200,18.887372970581055,0.0,0.0
TDS,2020-09-07 20:00:00-04:00,22.270000457763672,22.31999969482422,21.770000457763672,21.93000030517578,402000,18.392545700073242,0.0,0.0
TDS,2020-09-08 20:00:00-04:00,22.149999618530273,22.3799991607666,21.959999084472656,22.229999542236328,519700,18.644145965576172,0.0,0.0
TDS,2020-09-09 20:00:00-04:00,22.389999389648438,22.43000030517578,21.719999313354492,21.760000228881836,366900,18.24996566772461,0.0,0.0
TDS,2020-09-10 20:00:00-04:00,21.829999923706055,21.829999923706055,21.520000457763672,21.600000381469727,384000,18.115772247314453,0.0,0.0
TDS,2020-09-13 20:00:00-04:00,21.700000762939453,21.780000686645508,20.829999923706055,20.84000015258789,837600,17.478370666503906,0.0,0.0
TDS,2020-09-14 20:00:00-04:00,20.670000076293945,20.729999542236328,20.1200008392334,20.3700008392334,624500,17.22469139099121,0.17,0.0
TDS,2020-09-15 20:00:00-04:00,20.360000610351562,20.959999084472656,20.31999969482422,20.530000686645508,648300,17.359981536865234,0.0,0.0
TDS,2020-09-16 20:00:00-04:00,20.209999084472656,20.43000030517578,20.030000686645508,20.260000228881836,750700,17.13167381286621,0.0,0.0
TDS,2020-09-17 20:00:00-04:00,20.350000381469727,20.6299991607666,19.899999618530273,20.219999313354492,2244200,17.097848892211914,0.0,0.0
TDS,2020-09-20 20:00:00-04:00,19.899999618530273,20.030000686645508,19.200000762939453,19.389999389648438,754200,16.396011352539062,0.0,0.0
TDS,2020-09-21 20:00:00-04:00,19.479999542236328,19.780000686645508,19.229999542236328,19.329999923706055,729000,16.34527587890625,0.0,0.0
TDS,2020-09-22 20:00:00-04:00,19.329999923706055,19.3799991607666,18.639999389648438,18.670000076293945,699800,15.787184715270996,0.0,0.0
TDS,2020-09-23 20:00:00-04:00,18.68000030517578,18.809999465942383,18.34000015258789,18.469999313354492,642900,15.618063926696777,0.0,0.0
TDS,2020-09-24 20:00:00-04:00,18.31999969482422,18.709999084472656,18.170000076293945,18.610000610351562,688600,15.7364501953125,0.0,0.0
TDS,2020-09-27 20:00:00-04:00,18.84000015258789,19.040000915527344,18.799999237060547,19.010000228881836,658200,16.07468605041504,0.0,0.0
TDS,2020-09-28 20:00:00-04:00,19.059999465942383,19.059999465942383,18.729999542236328,18.790000915527344,676000,15.888655662536621,0.0,0.0
TDS,2020-09-29 20:00:00-04:00,18.81999969482422,18.8700008392334,18.290000915527344,18.440000534057617,808100,15.59269905090332,0.0,0.0
TDS,2020-09-30 20:00:00-04:00,18.420000076293945,18.520000457763672,18.06999969482422,18.3799991607666,576000,15.54196548461914,0.0,0.0
TDS,2020-10-01 20:00:00-04:00,18.09000015258789,18.479999542236328,18.040000915527344,18.219999313354492,768300,15.406669616699219,0.0,0.0
TDS,2020-10-04 20:00:00-04:00,18.43000030517578,18.600000381469727,17.969999313354492,18.440000534057617,736900,15.59269905090332,0.0,0.0
TDS,2020-10-05 20:00:00-04:00,18.59000015258789,18.670000076293945,18.18000030517578,18.25,695400,15.432038307189941,0.0,0.0
TDS,2020-10-06 20:00:00-04:00,18.329999923706055,18.549999237060547,18.100000381469727,18.5,479300,15.643434524536133,0.0,0.0
TDS,2020-10-07 20:00:00-04:00,18.649999618530273,19.030000686645508,18.520000457763672,18.93000030517578,649500,16.007038116455078,0.0,0.0
TDS,2020-10-08 20:00:00-04:00,19.010000228881836,19.350000381469727,18.84000015258789,19.049999237060547,841200,16.108510971069336,0.0,0.0
TDS,2020-10-11 20:00:00-04:00,19.1200008392334,19.190000534057617,18.959999084472656,19.09000015258789,684500,16.142332077026367,0.0,0.0
TDS,2020-10-12 20:00:00-04:00,19.09000015258789,19.139999389648438,18.65999984741211,18.829999923706055,468500,15.922479629516602,0.0,0.0
TDS,2020-10-13 20:00:00-04:00,18.84000015258789,18.90999984741211,18.18000030517578,18.190000534057617,490000,15.381301879882812,0.0,0.0
TDS,2020-10-14 20:00:00-04:00,18.059999465942383,18.290000915527344,17.850000381469727,18.25,565600,15.432038307189941,0.0,0.0
TDS,2020-10-15 20:00:00-04:00,18.170000076293945,18.270000457763672,18.030000686645508,18.059999465942383,460800,15.27137279510498,0.0,0.0
TDS,2020-10-18 20:00:00-04:00,18.059999465942383,18.170000076293945,17.59000015258789,17.639999389648438,896900,14.916224479675293,0.0,0.0
TDS,2020-10-19 20:00:00-04:00,17.809999465942383,17.920000076293945,17.610000610351562,17.739999771118164,556900,15.000784873962402,0.0,0.0
TDS,2020-10-20 20:00:00-04:00,17.709999084472656,17.709999084472656,17.15999984741211,17.209999084472656,751100,14.552618026733398,0.0,0.0
TDS,2020-10-21 20:00:00-04:00,17.170000076293945,17.3700008392334,17.049999237060547,17.290000915527344,848300,14.620270729064941,0.0,0.0
TDS,2020-10-22 20:00:00-04:00,17.450000762939453,17.5,17.200000762939453,17.360000610351562,680200,14.679460525512695,0.0,0.0
TDS,2020-10-25 20:00:00-04:00,17.139999389648438,17.459999084472656,16.93000030517578,17.399999618530273,1028900,14.713284492492676,0.0,0.0
TDS,2020-10-26 20:00:00-04:00,17.43000030517578,17.780000686645508,17.329999923706055,17.479999542236328,1011900,14.780932426452637,0.0,0.0
TDS,2020-10-27 20:00:00-04:00,17.100000381469727,17.15999984741211,16.56999969482422,16.649999618530273,579500,14.079089164733887,0.0,0.0
TDS,2020-10-28 20:00:00-04:00,16.420000076293945,16.860000610351562,16.3799991607666,16.700000762939453,957100,14.121371269226074,0.0,0.0
TDS,2020-10-29 20:00:00-04:00,16.610000610351562,17.040000915527344,16.530000686645508,17.0,2174700,14.375046730041504,0.0,0.0
TDS,2020-11-01 19:00:00-05:00,17.25,17.260000228881836,16.729999542236328,17.0,555900,14.375046730041504,0.0,0.0
TDS,2020-11-02 19:00:00-05:00,17.200000762939453,17.399999618530273,17.049999237060547,17.229999542236328,862900,14.569533348083496,0.0,0.0
TDS,2020-11-03 19:00:00-05:00,17.1200008392334,17.600000381469727,16.93000030517578,17.190000534057617,659500,14.535713195800781,0.0,0.0
TDS,2020-11-04 19:00:00-05:00,17.329999923706055,17.829999923706055,17.329999923706055,17.6200008392334,530700,14.899314880371094,0.0,0.0
TDS,2020-11-05 19:00:00-05:00,18.389999389648438,18.920000076293945,17.030000686645508,17.18000030517578,871400,14.52725601196289,0.0,0.0
TDS,2020-11-08 19:00:00-05:00,18.530000686645508,18.889999389648438,18.09000015258789,18.34000015258789,1146600,15.508140563964844,0.0,0.0
TDS,2020-11-09 19:00:00-05:00,18.559999465942383,18.889999389648438,18.360000610351562,18.540000915527344,907400,15.677260398864746,0.0,0.0
TDS,2020-11-10 19:00:00-05:00,18.729999542236328,19.06999969482422,18.579999923706055,18.670000076293945,1169100,15.787184715270996,0.0,0.0
TDS,2020-11-11 19:00:00-05:00,18.540000915527344,18.969999313354492,18.31999969482422,18.43000030517578,1200600,15.584243774414062,0.0,0.0
TDS,2020-11-12 19:00:00-05:00,18.75,19.209999084472656,18.68000030517578,19.09000015258789,1063800,16.142332077026367,0.0,0.0
TDS,2020-11-15 19:00:00-05:00,19.479999542236328,19.81999969482422,19.110000610351562,19.3799991607666,1374500,16.387556076049805,0.0,0.0
TDS,2020-11-16 19:00:00-05:00,19.350000381469727,19.520000457763672,19.170000076293945,19.440000534057617,1295600,16.43828582763672,0.0,0.0
TDS,2020-11-17 19:00:00-05:00,19.549999237060547,19.690000534057617,18.829999923706055,18.84000015258789,1364100,15.930937767028809,0.0,0.0
TDS,2020-11-18 19:00:00-05:00,18.81999969482422,18.90999984741211,18.600000381469727,18.829999923706055,595600,15.922479629516602,0.0,0.0
TDS,2020-11-19 19:00:00-05:00,18.690000534057617,18.790000915527344,18.549999237060547,18.700000762939453,711400,15.812553405761719,0.0,0.0
TDS,2020-11-22 19:00:00-05:00,18.93000030517578,19.200000762939453,18.770000457763672,19.149999618530273,814000,16.193069458007812,0.0,0.0
TDS,2020-11-23 19:00:00-05:00,19.469999313354492,19.8799991607666,19.399999618530273,19.709999084472656,697100,16.666597366333008,0.0,0.0
TDS,2020-11-24 19:00:00-05:00,19.709999084472656,19.709999084472656,19.3799991607666,19.56999969482422,580000,16.5482177734375,0.0,0.0
TDS,2020-11-26 19:00:00-05:00,19.56999969482422,19.889999389648438,19.510000228881836,19.84000015258789,486700,16.776527404785156,0.0,0.0
TDS,2020-11-29 19:00:00-05:00,19.850000381469727,19.8799991607666,18.959999084472656,18.979999542236328,1083800,16.04931640625,0.0,0.0
TDS,2020-11-30 19:00:00-05:00,19.149999618530273,19.309999465942383,18.790000915527344,19.049999237060547,1014600,16.108510971069336,0.0,0.0
TDS,2020-12-01 19:00:00-05:00,19.049999237060547,19.31999969482422,18.959999084472656,19.1299991607666,588300,16.176156997680664,0.0,0.0
TDS,2020-12-02 19:00:00-05:00,19.100000381469727,19.15999984741211,18.889999389648438,18.940000534057617,566900,16.015491485595703,0.0,0.0
TDS,2020-12-03 19:00:00-05:00,19.09000015258789,19.25,18.860000610351562,19.100000381469727,741200,16.150787353515625,0.0,0.0
TDS,2020-12-06 19:00:00-05:00,19.059999465942383,19.299999237060547,19.0,19.049999237060547,737100,16.108510971069336,0.0,0.0
TDS,2020-12-07 19:00:00-05:00,19.0,19.059999465942383,18.579999923706055,18.809999465942383,995700,15.905569076538086,0.0,0.0
TDS,2020-12-08 19:00:00-05:00,19.0,19.25,18.8799991607666,19.079999923706055,1140200,16.13387680053711,0.0,0.0
TDS,2020-12-09 19:00:00-05:00,19.0,19.059999465942383,18.760000228881836,18.969999313354492,791800,16.040861129760742,0.0,0.0
TDS,2020-12-10 19:00:00-05:00,18.790000915527344,18.920000076293945,18.549999237060547,18.65999984741211,860900,15.778732299804688,0.0,0.0
TDS,2020-12-13 19:00:00-05:00,18.84000015258789,19.239999771118164,18.84000015258789,19.040000915527344,1231600,16.100053787231445,0.0,0.0
TDS,2020-12-14 19:00:00-05:00,18.920000076293945,19.229999542236328,18.68000030517578,19.100000381469727,855200,16.296289443969727,0.17,0.0
TDS,2020-12-15 19:00:00-05:00,19.170000076293945,19.229999542236328,18.600000381469727,18.739999771118164,874800,15.989134788513184,0.0,0.0
TDS,2020-12-16 19:00:00-05:00,18.68000030517578,18.68000030517578,18.3700008392334,18.639999389648438,996400,15.903816223144531,0.0,0.0
TDS,2020-12-17 19:00:00-05:00,18.780000686645508,18.850000381469727,18.190000534057617,18.219999313354492,2201300,15.545469284057617,0.0,0.0
TDS,2020-12-20 19:00:00-05:00,18.020000457763672,18.170000076293945,17.729999542236328,18.040000915527344,1248800,15.391889572143555,0.0,0.0
TDS,2020-12-21 19:00:00-05:00,17.950000762939453,18.059999465942383,17.670000076293945,17.799999237060547,823600,15.187118530273438,0.0,0.0
TDS,2020-12-22 19:00:00-05:00,17.950000762939453,18.1200008392334,17.790000915527344,18.040000915527344,964000,15.391889572143555,0.0,0.0
TDS,2020-12-23 19:00:00-05:00,18.139999389648438,18.260000228881836,17.799999237060547,18.260000228881836,502800,15.579595565795898,0.0,0.0
TDS,2020-12-27 19:00:00-05:00,18.3799991607666,18.440000534057617,18.170000076293945,18.399999618530273,736600,15.69904613494873,0.0,0.0
TDS,2020-12-28 19:00:00-05:00,18.389999389648438,18.489999771118164,18.020000457763672,18.200000762939453,706500,15.528404235839844,0.0,0.0
TDS,2020-12-29 19:00:00-05:00,18.219999313354492,18.360000610351562,18.049999237060547,18.110000610351562,641300,15.45161247253418,0.0,0.0
TDS,2020-12-30 19:00:00-05:00,18.110000610351562,18.639999389648438,18.040000915527344,18.56999969482422,893800,15.844090461730957,0.0,0.0
TDS,2021-01-03 19:00:00-05:00,18.68000030517578,18.81999969482422,18.270000457763672,18.739999771118164,1060000,15.989134788513184,0.0,0.0
TDS,2021-01-04 19:00:00-05:00,18.770000457763672,19.219999313354492,18.75,18.860000610351562,1090500,16.091516494750977,0.0,0.0
TDS,2021-01-05 19:00:00-05:00,19.010000228881836,19.719999313354492,18.969999313354492,19.68000030517578,953300,16.791152954101562,0.0,0.0
TDS,2021-01-06 19:00:00-05:00,19.729999542236328,19.850000381469727,19.579999923706055,19.610000610351562,924400,16.731430053710938,0.0,0.0
TDS,2021-01-07 19:00:00-05:00,19.6299991607666,19.6299991607666,19.06999969482422,19.420000076293945,1096000,16.569316864013672,0.0,0.0
TDS,2021-01-10 19:00:00-05:00,19.309999465942383,19.520000457763672,19.09000015258789,19.239999771118164,1269400,16.41573715209961,0.0,0.0
TDS,2021-01-11 19:00:00-05:00,19.299999237060547,19.729999542236328,19.079999923706055,19.1299991607666,924900,16.321887969970703,0.0,0.0
TDS,2021-01-12 19:00:00-05:00,19.219999313354492,19.329999923706055,18.84000015258789,18.979999542236328,1086600,16.193904876708984,0.0,0.0
TDS,2021-01-13 19:00:00-05:00,19.200000762939453,20.219999313354492,19.149999618530273,19.93000030517578,1060800,17.00445556640625,0.0,0.0
TDS,2021-01-14 19:00:00-05:00,19.920000076293945,20.280000686645508,19.700000762939453,20.239999771118164,832100,17.268949508666992,0.0,0.0
TDS,2021-01-18 19:00:00-05:00,20.329999923706055,20.850000381469727,20.239999771118164,20.6299991607666,1485300,17.601701736450195,0.0,0.0
TDS,2021-01-19 19:00:00-05:00,20.739999771118164,20.920000076293945,20.540000915527344,20.850000381469727,852900,17.789411544799805,0.0,0.0
TDS,2021-01-20 19:00:00-05:00,20.889999389648438,21.040000915527344,20.34000015258789,20.350000381469727,743900,17.36280059814453,0.0,0.0
TDS,2021-01-21 19:00:00-05:00,20.219999313354492,20.549999237060547,20.15999984741211,20.530000686645508,640600,17.51637840270996,0.0,0.0
TDS,2021-01-24 19:00:00-05:00,20.530000686645508,20.709999084472656,19.700000762939453,20.110000610351562,1286100,17.15803337097168,0.0,0.0
TDS,2021-01-25 19:00:00-05:00,20.190000534057617,20.579999923706055,19.959999084472656,20.56999969482422,853600,17.550506591796875,0.0,0.0
TDS,2021-01-26 19:00:00-05:00,20.399999618530273,20.40999984741211,19.6200008392334,19.6299991607666,1068700,16.748493194580078,0.0,0.0
TDS,2021-01-27 19:00:00-05:00,19.760000228881836,19.920000076293945,19.170000076293945,19.260000228881836,1024800,16.43280792236328,0.0,0.0
TDS,2021-01-28 19:00:00-05:00,19.260000228881836,19.350000381469727,18.739999771118164,18.75,2169500,15.997665405273438,0.0,0.0
TDS,2021-01-31 19:00:00-05:00,18.93000030517578,19.209999084472656,18.709999084472656,19.049999237060547,654900,16.25363540649414,0.0,0.0
TDS,2021-02-01 19:00:00-05:00,19.170000076293945,19.530000686645508,19.06999969482422,19.43000030517578,1130300,16.577852249145508,0.0,0.0
TDS,2021-02-02 19:00:00-05:00,19.530000686645508,19.75,19.229999542236328,19.59000015258789,796600,16.71436309814453,0.0,0.0
TDS,2021-02-03 19:00:00-05:00,19.799999237060547,20.299999237060547,19.579999923706055,20.209999084472656,836200,17.24335289001465,0.0,0.0
TDS,2021-02-04 19:00:00-05:00,20.25,20.610000610351562,20.190000534057617,20.510000228881836,796700,17.499317169189453,0.0,0.0
TDS,2021-02-07 19:00:00-05:00,20.65999984741211,21.030000686645508,20.549999237060547,20.850000381469727,611300,17.789411544799805,0.0,0.0
TDS,2021-02-08 19:00:00-05:00,20.700000762939453,20.799999237060547,20.40999984741211,20.579999923706055,718300,17.559043884277344,0.0,0.0
TDS,2021-02-09 19:00:00-05:00,20.790000915527344,20.84000015258789,20.40999984741211,20.5,760100,17.49078369140625,0.0,0.0
TDS,2021-02-10 19:00:00-05:00,20.510000228881836,20.549999237060547,20.040000915527344,20.389999389648438,907400,17.396928787231445,0.0,0.0
TDS,2021-02-11 19:00:00-05:00,20.25,20.489999771118164,20.110000610351562,20.360000610351562,427400,17.371339797973633,0.0,0.0
TDS,2021-02-15 19:00:00-05:00,20.530000686645508,20.700000762939453,20.31999969482422,20.56999969482422,976600,17.550506591796875,0.0,0.0
TDS,2021-02-16 19:00:00-05:00,20.56999969482422,20.600000381469727,20.360000610351562,20.5,965800,17.49078369140625,0.0,0.0
TDS,2021-02-17 19:00:00-05:00,20.389999389648438,20.510000228881836,20.1299991607666,20.299999237060547,915000,17.32014274597168,0.0,0.0
TDS,2021-02-18 19:00:00-05:00,20.329999923706055,20.59000015258789,19.200000762939453,19.530000686645508,1799700,16.66317367553711,0.0,0.0
TDS,2021-02-21 19:00:00-05:00,18.59000015258789,18.670000076293945,17.610000610351562,18.030000686645508,3233800,15.3833589553833,0.0,0.0
TDS,2021-02-22 19:00:00-05:00,18.0,18.18000030517578,17.579999923706055,18.149999618530273,1845400,15.485743522644043,0.0,0.0
TDS,2021-02-23 19:00:00-05:00,18.09000015258789,18.290000915527344,17.90999984741211,18.139999389648438,2168400,15.477212905883789,0.0,0.0
TDS,2021-02-24 19:00:00-05:00,18.079999923706055,18.43000030517578,17.850000381469727,18.1299991607666,1258000,15.468676567077637,0.0,0.0
TDS,2021-02-25 19:00:00-05:00,18.06999969482422,18.06999969482422,17.770000457763672,17.889999389648438,2000200,15.26390552520752,0.0,0.0
TDS,2021-02-28 19:00:00-05:00,18.139999389648438,18.260000228881836,17.920000076293945,18.059999465942383,1206300,15.408952713012695,0.0,0.0
TDS,2021-03-01 19:00:00-05:00,18.040000915527344,18.540000915527344,18.040000915527344,18.31999969482422,1703100,15.630788803100586,0.0,0.0
TDS,2021-03-02 19:00:00-05:00,18.399999618530273,18.670000076293945,18.31999969482422,18.549999237060547,1644500,15.827025413513184,0.0,0.0
TDS,2021-03-03 19:00:00-05:00,18.6299991607666,19.139999389648438,18.549999237060547,18.670000076293945,1839000,15.929411888122559,0.0,0.0
TDS,2021-03-04 19:00:00-05:00,18.850000381469727,19.989999771118164,18.850000381469727,19.950000762939453,1522600,17.021520614624023,0.0,0.0
TDS,2021-03-07 19:00:00-05:00,20.079999923706055,21.790000915527344,20.010000228881836,21.40999984741211,2933900,18.26720428466797,0.0,0.0
TDS,2021-03-08 19:00:00-05:00,21.420000076293945,22.030000686645508,21.270000457763672,21.809999465942383,1820400,18.608488082885742,0.0,0.0
TDS,2021-03-09 19:00:00-05:00,22.110000610351562,23.360000610351562,21.940000534057617,23.1299991607666,1521300,19.734724044799805,0.0,0.0
TDS,2021-03-10 19:00:00-05:00,23.020000457763672,23.18000030517578,21.940000534057617,22.030000686645508,1308600,18.796192169189453,0.0,0.0
TDS,2021-03-11 19:00:00-05:00,22.139999389648438,22.780000686645508,22.1200008392334,22.719999313354492,809700,19.38490867614746,0.0,0.0
TDS,2021-03-14 20:00:00-04:00,22.989999771118164,23.739999771118164,22.899999618530273,23.399999618530273,1723800,19.965089797973633,0.0,0.0
TDS,2021-03-15 20:00:00-04:00,23.15999984741211,23.540000915527344,22.719999313354492,23.059999465942383,1346800,19.8232479095459,0.175,0.0
TDS,2021-03-16 20:00:00-04:00,23.100000381469727,23.559999465942383,22.969999313354492,23.299999237060547,1100100,20.029565811157227,0.0,0.0
TDS,2021-03-17 20:00:00-04:00,23.149999618530273,23.469999313354492,22.59000015258789,22.670000076293945,1179400,19.487991333007812,0.0,0.0
TDS,2021-03-18 20:00:00-04:00,22.670000076293945,22.889999389648438,22.450000762939453,22.75,3728900,19.556758880615234,0.0,0.0
TDS,2021-03-21 20:00:00-04:00,22.690000534057617,22.75,22.31999969482422,22.34000015258789,1295700,19.20431137084961,0.0,0.0
TDS,2021-03-22 20:00:00-04:00,22.350000381469727,22.469999313354492,21.579999923706055,21.610000610351562,1306400,18.5767765045166,0.0,0.0
TDS,2021-03-23 20:00:00-04:00,21.65999984741211,21.90999984741211,21.399999618530273,21.450000762939453,1067600,18.439233779907227,0.0,0.0
TDS,2021-03-24 20:00:00-04:00,21.450000762939453,22.1200008392334,21.09000015258789,22.09000015258789,865700,18.989402770996094,0.0,0.0
TDS,2021-03-25 20:00:00-04:00,22.25,22.6299991607666,22.110000610351562,22.479999542236328,678600,19.32465934753418,0.0,0.0
TDS,2021-03-28 20:00:00-04:00,22.389999389648438,23.0,22.3799991607666,22.729999542236328,1142200,19.53957176208496,0.0,0.0
TDS,2021-03-29 20:00:00-04:00,22.809999465942383,22.8799991607666,22.360000610351562,22.739999771118164,803700,19.548168182373047,0.0,0.0
TDS,2021-03-30 20:00:00-04:00,22.610000610351562,23.100000381469727,22.610000610351562,22.959999084472656,1348700,19.73728370666504,0.0,0.0
TDS,2021-03-31 20:00:00-04:00,22.829999923706055,23.25,22.709999084472656,23.25,920200,19.986581802368164,0.0,0.0
TDS,2021-04-04 20:00:00-04:00,23.510000228881836,24.059999465942383,23.3700008392334,23.8799991607666,1015900,20.528154373168945,0.0,0.0
TDS,2021-04-05 20:00:00-04:00,23.549999237060547,23.760000228881836,23.09000015258789,23.239999771118164,678200,19.977983474731445,0.0,0.0
TDS,2021-04-06 20:00:00-04:00,23.25,23.729999542236328,23.170000076293945,23.719999313354492,903200,20.39061164855957,0.0,0.0
TDS,2021-04-07 20:00:00-04:00,23.850000381469727,23.8700008392334,23.459999084472656,23.670000076293945,816200,20.34762954711914,0.0,0.0
TDS,2021-04-08 20:00:00-04:00,23.760000228881836,23.860000610351562,23.200000762939453,23.229999542236328,533300,19.96938705444336,0.0,0.0
TDS,2021-04-11 20:00:00-04:00,23.350000381469727,23.709999084472656,23.209999084472656,23.690000534057617,672500,20.364824295043945,0.0,0.0
TDS,2021-04-12 20:00:00-04:00,23.690000534057617,23.770000457763672,23.389999389648438,23.510000228881836,571600,20.2100887298584,0.0,0.0
TDS,2021-04-13 20:00:00-04:00,23.389999389648438,23.639999389648438,23.360000610351562,23.450000762939453,560000,20.158510208129883,0.0,0.0
TDS,2021-04-14 20:00:00-04:00,23.459999084472656,23.739999771118164,23.459999084472656,23.670000076293945,485800,20.34762954711914,0.0,0.0
TDS,2021-04-15 20:00:00-04:00,23.850000381469727,23.889999389648438,23.579999923706055,23.719999313354492,561600,20.39061164855957,0.0,0.0
TDS,2021-04-18 20:00:00-04:00,23.760000228881836,23.81999969482422,23.579999923706055,23.81999969482422,838400,20.476572036743164,0.0,0.0
TDS,2021-04-19 20:00:00-04:00,23.799999237060547,23.809999465942383,23.139999389648438,23.440000534057617,699900,20.149913787841797,0.0,0.0
TDS,2021-04-20 20:00:00-04:00,23.540000915527344,23.959999084472656,23.399999618530273,23.809999465942383,564900,20.467979431152344,0.0,0.0
TDS,2021-04-21 20:00:00-04:00,23.719999313354492,23.8799991607666,23.559999465942383,23.739999771118164,1197600,20.407804489135742,0.0,0.0
TDS,2021-04-22 20:00:00-04:00,23.719999313354492,23.979999542236328,23.559999465942383,23.780000686645508,775100,20.44218635559082,0.0,0.0
TDS,2021-04-25 20:00:00-04:00,23.940000534057617,23.959999084472656,23.399999618530273,23.40999984741211,860800,20.12412452697754,0.0,0.0
TDS,2021-04-26 20:00:00-04:00,23.350000381469727,23.489999771118164,23.200000762939453,23.350000381469727,917400,20.072547912597656,0.0,0.0
TDS,2021-04-27 20:00:00-04:00,23.3700008392334,23.469999313354492,23.18000030517578,23.350000381469727,872600,20.072547912597656,0.0,0.0
TDS,2021-04-28 20:00:00-04:00,23.559999465942383,23.860000610351562,23.450000762939453,23.479999542236328,1025300,20.184297561645508,0.0,0.0
TDS,2021-04-29 20:00:00-04:00,23.34000015258789,23.389999389648438,22.6299991607666,22.979999542236328,5948400,19.754480361938477,0.0,0.0
TDS,2021-05-02 20:00:00-04:00,23.100000381469727,23.649999618530273,22.780000686645508,23.469999313354492,1375700,20.175701141357422,0.0,0.0
TDS,2021-05-03 20:00:00-04:00,23.3799991607666,23.860000610351562,23.18000030517578,23.790000915527344,1713100,20.450786590576172,0.0,0.0
TDS,2021-05-04 20:00:00-04:00,23.780000686645508,24.110000610351562,23.610000610351562,24.100000381469727,834300,20.717273712158203,0.0,0.0
TDS,2021-05-05 20:00:00-04:00,24.209999084472656,25.020000457763672,24.010000228881836,24.959999084472656,1217200,21.456560134887695,0.0,0.0
TDS,2021-05-06 20:00:00-04:00,24.719999313354492,25.09000015258789,23.690000534057617,24.729999542236328,1298300,21.25884437561035,0.0,0.0
TDS,2021-05-09 20:00:00-04:00,24.93000030517578,26.030000686645508,24.920000076293945,25.5,1090500,21.920764923095703,0.0,0.0
TDS,2021-05-10 20:00:00-04:00,25.3700008392334,25.709999084472656,25.139999389648438,25.34000015258789,1158200,21.783227920532227,0.0,0.0
TDS,2021-05-11 20:00:00-04:00,25.280000686645508,25.459999084472656,24.809999465942383,24.90999984741211,866700,21.4135799407959,0.0,0.0
TDS,2021-05-12 20:00:00-04:00,24.81999969482422,25.3799991607666,24.729999542236328,25.280000686645508,1256500,21.731645584106445,0.0,0.0
TDS,2021-05-13 20:00:00-04:00,25.6200008392334,25.979999542236328,25.389999389648438,25.719999313354492,767900,22.10988426208496,0.0,0.0
TDS,2021-05-16 20:00:00-04:00,25.540000915527344,25.829999923706055,25.309999465942383,25.3799991607666,485900,21.817609786987305,0.0,0.0
TDS,2021-05-17 20:00:00-04:00,25.149999618530273,25.239999771118164,24.790000915527344,25.030000686645508,890100,21.516740798950195,0.0,0.0
TDS,2021-05-18 20:00:00-04:00,24.790000915527344,25.40999984741211,24.549999237060547,25.360000610351562,889300,21.8004207611084,0.0,0.0
TDS,2021-05-19 20:00:00-04:00,25.5,25.65999984741211,25.18000030517578,25.510000228881836,872700,21.92936134338379,0.0,0.0
TDS,2021-05-20 20:00:00-04:00,25.579999923706055,25.719999313354492,25.34000015258789,25.5,809600,21.920764923095703,0.0,0.0
TDS,2021-05-23 20:00:00-04:00,25.5,25.770000457763672,25.3700008392334,25.579999923706055,546300,21.989538192749023,0.0,0.0
TDS,2021-05-24 20:00:00-04:00,25.530000686645508,25.530000686645508,24.90999984741211,24.940000534057617,1425000,21.439369201660156,0.0,0.0
TDS,2021-05-25 20:00:00-04:00,24.940000534057617,25.510000228881836,24.709999084472656,25.309999465942383,924200,21.757434844970703,0.0,0.0
TDS,2021-05-26 20:00:00-04:00,25.559999465942383,25.780000686645508,25.290000915527344,25.56999969482422,784700,21.980939865112305,0.0,0.0
TDS,2021-05-27 20:00:00-04:00,25.5,25.860000610351562,25.459999084472656,25.719999313354492,809700,22.10988426208496,0.0,0.0
TDS,2021-05-31 20:00:00-04:00,25.729999542236328,26.1299991607666,25.670000076293945,26.09000015258789,686300,22.42795181274414,0.0,0.0
TDS,2021-06-01 20:00:00-04:00,26.100000381469727,26.100000381469727,25.579999923706055,25.690000534057617,800500,22.08409881591797,0.0,0.0
TDS,2021-06-02 20:00:00-04:00,25.530000686645508,25.90999984741211,25.350000381469727,25.860000610351562,469800,22.230234146118164,0.0,0.0
TDS,2021-06-03 20:00:00-04:00,25.93000030517578,26.209999084472656,25.700000762939453,26.190000534057617,435100,22.513916015625,0.0,0.0
TDS,2021-06-06 20:00:00-04:00,26.25,26.510000228881836,26.06999969482422,26.1200008392334,620900,22.453744888305664,0.0,0.0
TDS,2021-06-07 20:00:00-04:00,26.100000381469727,26.399999618530273,26.010000228881836,26.360000610351562,566400,22.660057067871094,0.0,0.0
TDS,2021-06-08 20:00:00-04:00,26.309999465942383,26.450000762939453,26.100000381469727,26.219999313354492,868700,22.539705276489258,0.0,0.0
TDS,2021-06-09 20:00:00-04:00,26.469999313354492,26.479999542236328,26.15999984741211,26.18000030517578,458600,22.505319595336914,0.0,0.0
TDS,2021-06-10 20:00:00-04:00,26.34000015258789,26.440000534057617,26.190000534057617,26.299999237060547,483300,22.608474731445312,0.0,0.0
TDS,2021-06-13 20:00:00-04:00,25.780000686645508,25.850000381469727,24.389999389648438,24.450000762939453,1441900,21.158939361572266,0.175,0.0
TDS,2021-06-14 20:00:00-04:00,24.43000030517578,24.790000915527344,24.079999923706055,24.549999237060547,1003600,21.245479583740234,0.0,0.0
TDS,2021-06-15 20:00:00-04:00,24.440000534057617,24.440000534057617,23.829999923706055,24.06999969482422,1536000,20.830089569091797,0.0,0.0
TDS,2021-06-16 20:00:00-04:00,23.920000076293945,24.010000228881836,23.440000534057617,23.600000381469727,1155400,20.42334747314453,0.0,0.0
TDS,2021-06-17 20:00:00-04:00,23.260000228881836,23.360000610351562,22.600000381469727,22.889999389648438,3463400,19.808921813964844,0.0,0.0
TDS,2021-06-20 20:00:00-04:00,23.200000762939453,23.469999313354492,23.0,23.3799991607666,1216600,20.232961654663086,0.0,0.0
TDS,2021-06-21 20:00:00-04:00,23.34000015258789,23.510000228881836,23.239999771118164,23.34000015258789,1031500,20.19835090637207,0.0,0.0
TDS,2021-06-22 20:00:00-04:00,23.350000381469727,23.440000534057617,22.93000030517578,22.940000534057617,1119700,19.852191925048828,0.0,0.0
TDS,2021-06-23 20:00:00-04:00,23.010000228881836,23.84000015258789,22.940000534057617,23.690000534057617,1554200,20.501237869262695,0.0,0.0
TDS,2021-06-24 20:00:00-04:00,23.709999084472656,23.850000381469727,23.360000610351562,23.540000915527344,14706100,20.37142562866211,0.0,0.0
TDS,2021-06-27 20:00:00-04:00,23.350000381469727,23.440000534057617,22.559999465942383,22.860000610351562,1159700,19.782962799072266,0.0,0.0
TDS,2021-06-28 20:00:00-04:00,22.889999389648438,22.959999084472656,22.399999618530273,22.469999313354492,909500,19.445451736450195,0.0,0.0
TDS,2021-06-29 20:00:00-04:00,22.399999618530273,22.709999084472656,22.299999237060547,22.65999984741211,1227600,19.609880447387695,0.0,0.0
TDS,2021-06-30 20:00:00-04:00,22.709999084472656,22.979999542236328,22.559999465942383,22.75,1030200,19.687761306762695,0.0,0.0
TDS,2021-07-01 20:00:00-04:00,22.790000915527344,23.299999237060547,22.709999084472656,23.100000381469727,1463000,19.99065589904785,0.0,0.0
TDS,2021-07-05 20:00:00-04:00,23.079999923706055,23.229999542236328,22.579999923706055,22.81999969482422,902100,19.748340606689453,0.0,0.0
TDS,2021-07-06 20:00:00-04:00,22.639999389648438,22.860000610351562,22.3799991607666,22.709999084472656,812800,19.653146743774414,0.0,0.0
TDS,2021-07-07 20:00:00-04:00,22.389999389648438,22.469999313354492,22.110000610351562,22.239999771118164,957200,19.24641227722168,0.0,0.0
TDS,2021-07-08 20:00:00-04:00,22.530000686645508,22.899999618530273,22.440000534057617,22.780000686645508,1150800,19.713729858398438,0.0,0.0
TDS,2021-07-11 20:00:00-04:00,22.6200008392334,22.8799991607666,22.5,22.6200008392334,781800,19.57526397705078,0.0,0.0
TDS,2021-07-12 20:00:00-04:00,22.5,22.6299991607666,22.43000030517578,22.540000915527344,830000,19.50603485107422,0.0,0.0
TDS,2021-07-13 20:00:00-04:00,22.489999771118164,22.75,21.93000030517578,21.969999313354492,760500,19.012754440307617,0.0,0.0
TDS,2021-07-14 20:00:00-04:00,21.84000015258789,21.989999771118164,21.610000610351562,21.829999923706055,845300,18.8916015625,0.0,0.0
TDS,2021-07-15 20:00:00-04:00,22.020000457763672,22.209999084472656,21.889999389648438,22.0,776000,19.03871726989746,0.0,0.0
TDS,2021-07-18 20:00:00-04:00,21.670000076293945,22.600000381469727,21.670000076293945,22.600000381469727,1489300,19.557954788208008,0.0,0.0
TDS,2021-07-19 20:00:00-04:00,22.649999618530273,23.170000076293945,22.610000610351562,22.81999969482422,1695200,19.748340606689453,0.0,0.0
TDS,2021-07-20 20:00:00-04:00,22.969999313354492,23.110000610351562,22.520000457763672,22.540000915527344,890400,19.50603485107422,0.0,0.0
TDS,2021-07-21 20:00:00-04:00,22.729999542236328,22.729999542236328,22.389999389648438,22.489999771118164,725200,19.46276092529297,0.0,0.0
TDS,2021-07-22 20:00:00-04:00,22.760000228881836,22.959999084472656,22.530000686645508,22.8799991607666,934900,19.800264358520508,0.0,0.0
TDS,2021-07-25 20:00:00-04:00,22.989999771118164,23.520000457763672,22.969999313354492,23.25,768100,20.12046241760254,0.0,0.0
TDS,2021-07-26 20:00:00-04:00,23.040000915527344,23.239999771118164,22.8799991607666,23.09000015258789,474000,19.98200035095215,0.0,0.0
TDS,2021-07-27 20:00:00-04:00,23.09000015258789,23.149999618530273,22.600000381469727,22.709999084472656,520600,19.653146743774414,0.0,0.0
TDS,2021-07-28 20:00:00-04:00,22.979999542236328,23.079999923706055,22.729999542236328,22.81999969482422,739400,19.748340606689453,0.0,0.0
TDS,2021-07-29 20:00:00-04:00,22.65999984741211,22.920000076293945,22.229999542236328,22.350000381469727,2141000,19.34160614013672,0.0,0.0
TDS,2021-08-01 20:00:00-04:00,21.600000381469727,21.6299991607666,20.0,20.15999984741211,3421700,17.446392059326172,0.0,0.0
TDS,2021-08-02 20:00:00-04:00,20.149999618530273,20.59000015258789,20.0,20.270000457763672,1262600,17.541584014892578,0.0,0.0
TDS,2021-08-03 20:00:00-04:00,19.8799991607666,20.040000915527344,19.1200008392334,19.389999389648438,1067900,16.7800350189209,0.0,0.0
TDS,2021-08-04 20:00:00-04:00,19.479999542236328,19.739999771118164,19.3799991607666,19.559999465942383,944300,16.92715072631836,0.0,0.0
TDS,2021-08-05 20:00:00-04:00,19.0,19.579999923706055,18.520000457763672,19.350000381469727,1146200,16.74541473388672,0.0,0.0
TDS,2021-08-08 20:00:00-04:00,19.520000457763672,20.350000381469727,19.450000762939453,20.059999465942383,1047800,17.359851837158203,0.0,0.0
TDS,2021-08-09 20:00:00-04:00,19.950000762939453,20.34000015258789,19.940000534057617,20.209999084472656,628800,17.489656448364258,0.0,0.0
TDS,2021-08-10 20:00:00-04:00,20.360000610351562,20.40999984741211,20.100000381469727,20.40999984741211,720000,17.662736892700195,0.0,0.0
TDS,2021-08-11 20:00:00-04:00,20.639999389648438,20.639999389648438,20.3700008392334,20.440000534057617,569100,17.688697814941406,0.0,0.0
TDS,2021-08-12 20:00:00-04:00,20.3700008392334,20.649999618530273,20.229999542236328,20.530000686645508,693500,17.766582489013672,0.0,0.0
TDS,2021-08-15 20:00:00-04:00,20.43000030517578,20.459999084472656,19.75,19.780000686645508,867800,17.117534637451172,0.0,0.0
TDS,2021-08-16 20:00:00-04:00,19.700000762939453,20.06999969482422,19.68000030517578,20.059999465942383,533800,17.359851837158203,0.0,0.0
TDS,2021-08-17 20:00:00-04:00,20.059999465942383,20.139999389648438,19.709999084472656,19.709999084472656,422300,17.05695915222168,0.0,0.0
TDS,2021-08-18 20:00:00-04:00,19.59000015258789,19.760000228881836,19.229999542236328,19.459999084472656,1065000,16.840608596801758,0.0,0.0
TDS,2021-08-19 20:00:00-04:00,19.40999984741211,19.850000381469727,19.40999984741211,19.799999237060547,459900,17.13484764099121,0.0,0.0
TDS,2021-08-22 20:00:00-04:00,19.959999084472656,20.18000030517578,19.780000686645508,20.1200008392334,553900,17.411775588989258,0.0,0.0
TDS,2021-08-23 20:00:00-04:00,20.110000610351562,20.18000030517578,19.920000076293945,20.010000228881836,503700,17.31658172607422,0.0,0.0
TDS,2021-08-24 20:00:00-04:00,20.139999389648438,20.229999542236328,19.81999969482422,19.829999923706055,365600,17.16080665588379,0.0,0.0
TDS,2021-08-25 20:00:00-04:00,19.739999771118164,19.940000534057617,19.510000228881836,19.549999237060547,456300,16.918493270874023,0.0,0.0
TDS,2021-08-26 20:00:00-04:00,19.59000015258789,20.020000457763672,19.489999771118164,19.979999542236328,489100,17.29061508178711,0.0,0.0
TDS,2021-08-29 20:00:00-04:00,20.020000457763672,20.15999984741211,19.739999771118164,20.149999618530273,397900,17.437732696533203,0.0,0.0
TDS,2021-08-30 20:00:00-04:00,20.06999969482422,20.329999923706055,20.049999237060547,20.31999969482422,500600,17.58485221862793,0.0,0.0
TDS,2021-08-31 20:00:00-04:00,20.389999389648438,20.440000534057617,20.209999084472656,20.360000610351562,457200,17.61947250366211,0.0,0.0
TDS,2021-09-01 20:00:00-04:00,20.389999389648438,20.610000610351562,20.280000686645508,20.530000686645508,468500,17.766582489013672,0.0,0.0
TDS,2021-09-02 20:00:00-04:00,20.510000228881836,20.729999542236328,20.3799991607666,20.6299991607666,442100,17.853124618530273,0.0,0.0
TDS,2021-09-06 20:00:00-04:00,20.520000457763672,20.690000534057617,20.190000534057617,20.200000762939453,475200,17.481002807617188,0.0,0.0
TDS,2021-09-07 20:00:00-04:00,20.229999542236328,20.309999465942383,19.959999084472656,20.170000076293945,510300,17.455039978027344,0.0,0.0
TDS,2021-09-08 20:00:00-04:00,20.1200008392334,20.149999618530273,19.809999465942383,19.899999618530273,580100,17.221384048461914,0.0,0.0
TDS,2021-09-09 20:00:00-04:00,20.010000228881836,20.010000228881836,19.489999771118164,19.709999084472656,689400,17.05695915222168,0.0,0.0
TDS,2021-09-12 20:00:00-04:00,19.8700008392334,20.15999984741211,19.700000762939453,19.90999984741211,727900,17.230037689208984,0.0,0.0
TDS,2021-09-13 20:00:00-04:00,19.799999237060547,19.8799991607666,19.15999984741211,19.280000686645508,482200,16.832794189453125,0.175,0.0
TDS,2021-09-14 20:00:00-04:00,19.260000228881836,19.65999984741211,19.139999389648438,19.549999237060547,698700,17.068519592285156,0.0,0.0
TDS,2021-09-15 20:00:00-04:00,19.59000015258789,19.68000030517578,19.290000915527344,19.520000457763672,590200,17.042329788208008,0.0,0.0
TDS,2021-09-16 20:00:00-04:00,19.559999465942383,19.950000762939453,19.510000228881836,19.84000015258789,1967700,17.321714401245117,0.0,0.0
TDS,2021-09-19 20:00:00-04:00,19.479999542236328,19.59000015258789,19.1299991607666,19.350000381469727,712000,16.893903732299805,0.0,0.0
TDS,2021-09-20 20:00:00-04:00,19.360000610351562,19.639999389648438,19.219999313354492,19.229999542236328,586500,16.789140701293945,0.0,0.0
TDS,2021-09-21 20:00:00-04:00,19.3799991607666,19.579999923706055,19.020000457763672,19.040000915527344,651600,16.62325668334961,0.0,0.0
TDS,2021-09-22 20:00:00-04:00,19.110000610351562,19.520000457763672,19.040000915527344,19.329999923706055,598500,16.876445770263672,0.0,0.0
TDS,2021-09-23 20:00:00-04:00,19.309999465942383,19.440000534057617,19.0,19.200000762939453,588000,16.76294708251953,0.0,0.0
TDS,2021-09-26 20:00:00-04:00,19.260000228881836,19.8700008392334,19.200000762939453,19.65999984741211,561200,17.1645565032959,0.0,0.0
TDS,2021-09-27 20:00:00-04:00,19.690000534057617,19.850000381469727,19.350000381469727,19.450000762939453,768600,16.98121452331543,0.0,0.0
TDS,2021-09-28 20:00:00-04:00,19.469999313354492,19.979999542236328,19.309999465942383,19.8700008392334,543200,17.347904205322266,0.0,0.0
TDS,2021-09-29 20:00:00-04:00,19.959999084472656,19.959999084472656,19.450000762939453,19.5,840700,17.02486801147461,0.0,0.0
TDS,2021-09-30 20:00:00-04:00,19.540000915527344,19.860000610351562,19.270000457763672,19.700000762939453,880000,17.199480056762695,0.0,0.0
TDS,2021-10-03 20:00:00-04:00,19.700000762939453,20.190000534057617,19.690000534057617,19.8700008392334,548800,17.347904205322266,0.0,0.0
TDS,2021-10-04 20:00:00-04:00,19.8700008392334,20.020000457763672,19.639999389648438,19.68000030517578,586700,17.182022094726562,0.0,0.0
TDS,2021-10-05 20:00:00-04:00,19.510000228881836,19.559999465942383,19.06999969482422,19.520000457763672,702900,17.042329788208008,0.0,0.0
TDS,2021-10-06 20:00:00-04:00,19.6299991607666,19.989999771118164,19.600000381469727,19.719999313354492,767500,17.216941833496094,0.0,0.0
TDS,2021-10-07 20:00:00-04:00,19.719999313354492,19.719999313354492,19.299999237060547,19.3799991607666,583200,16.92009925842285,0.0,0.0
TDS,2021-10-10 20:00:00-04:00,19.420000076293945,19.649999618530273,19.31999969482422,19.34000015258789,696400,16.885175704956055,0.0,0.0
TDS,2021-10-11 20:00:00-04:00,19.3799991607666,19.559999465942383,19.219999313354492,19.280000686645508,513100,16.832794189453125,0.0,0.0
TDS,2021-10-12 20:00:00-04:00,19.260000228881836,19.440000534057617,19.049999237060547,19.239999771118164,467100,16.79786491394043,0.0,0.0
TDS,2021-10-13 20:00:00-04:00,19.350000381469727,19.530000686645508,19.190000534057617,19.3700008392334,491700,16.911367416381836,0.0,0.0
TDS,2021-10-14 20:00:00-04:00,19.549999237060547,19.770000457763672,19.420000076293945,19.43000030517578,707900,16.963754653930664,0.0,0.0
TDS,2021-10-17 20:00:00-04:00,19.31999969482422,19.469999313354492,18.989999771118164,19.0,619300,16.588333129882812,0.0,0.0
TDS,2021-10-18 20:00:00-04:00,19.100000381469727,19.440000534057617,18.989999771118164,19.440000534057617,440600,16.972482681274414,0.0,0.0
TDS,2021-10-19 20:00:00-04:00,19.549999237060547,19.850000381469727,19.510000228881836,19.68000030517578,792400,17.182022094726562,0.0,0.0
TDS,2021-10-20 20:00:00-04:00,19.690000534057617,19.790000915527344,19.389999389648438,19.520000457763672,800800,17.042329788208008,0.0,0.0
TDS,2021-10-21 20:00:00-04:00,19.59000015258789,19.6299991607666,19.260000228881836,19.399999618530273,589800,16.93756103515625,0.0,0.0
TDS,2021-10-24 20:00:00-04:00,19.399999618530273,19.799999237060547,19.15999984741211,19.729999542236328,890800,17.22567367553711,0.0,0.0
TDS,2021-10-25 20:00:00-04:00,19.760000228881836,19.760000228881836,19.239999771118164,19.260000228881836,894600,16.815330505371094,0.0,0.0
TDS,2021-10-26 20:00:00-04:00,19.18000030517578,19.18000030517578,18.239999771118164,18.639999389648438,1761400,16.27402687072754,0.0,0.0
TDS,2021-10-27 20:00:00-04:00,18.6299991607666,18.81999969482422,18.3799991607666,18.610000610351562,1921900,16.247835159301758,0.0,0.0
TDS,2021-10-28 20:00:00-04:00,18.670000076293945,18.790000915527344,18.290000915527344,18.739999771118164,4936400,16.361331939697266,0.0,0.0
TDS,2021-10-31 20:00:00-04:00,18.950000762939453,19.959999084472656,18.889999389648438,19.799999237060547,1124200,17.286788940429688,0.0,0.0
TDS,2021-11-01 20:00:00-04:00,19.850000381469727,19.8799991607666,19.190000534057617,19.510000228881836,776800,17.033597946166992,0.0,0.0
TDS,2021-11-02 20:00:00-04:00,19.600000381469727,20.3799991607666,19.559999465942383,20.020000457763672,955700,17.478862762451172,0.0,0.0
TDS,2021-11-03 20:00:00-04:00,20.1299991607666,20.270000457763672,19.649999618530273,19.780000686645508,896600,17.26932716369629,0.0,0.0
TDS,2021-11-04 20:00:00-04:00,20.09000015258789,20.56999969482422,19.540000915527344,19.559999465942383,887700,17.07724952697754,0.0,0.0
TDS,2021-11-07 19:00:00-05:00,19.610000610351562,19.950000762939453,19.540000915527344,19.940000534057617,712600,17.40901756286621,0.0,0.0
TDS,2021-11-08 19:00:00-05:00,20.0,20.09000015258789,19.5,19.81999969482422,546900,17.304250717163086,0.0,0.0
TDS,2021-11-09 19:00:00-05:00,19.760000228881836,20.209999084472656,19.75,20.049999237060547,584500,17.505054473876953,0.0,0.0
TDS,2021-11-10 19:00:00-05:00,20.219999313354492,20.469999313354492,20.0,20.440000534057617,580900,17.84555435180664,0.0,0.0
TDS,2021-11-11 19:00:00-05:00,20.389999389648438,20.440000534057617,19.959999084472656,19.989999771118164,721800,17.452672958374023,0.0,0.0
TDS,2021-11-14 19:00:00-05:00,20.0,20.1200008392334,19.540000915527344,19.670000076293945,680000,17.173290252685547,0.0,0.0
TDS,2021-11-15 19:00:00-05:00,19.639999389648438,19.739999771118164,19.420000076293945,19.459999084472656,507400,16.989940643310547,0.0,0.0
TDS,2021-11-16 19:00:00-05:00,19.450000762939453,19.809999465942383,19.399999618530273,19.760000228881836,643500,17.25186538696289,0.0,0.0
TDS,2021-11-17 19:00:00-05:00,19.850000381469727,19.920000076293945,19.469999313354492,19.639999389648438,554300,17.1471004486084,0.0,0.0
TDS,2021-11-18 19:00:00-05:00,19.3700008392334,19.530000686645508,18.690000534057617,18.809999465942383,671100,16.42245101928711,0.0,0.0
TDS,2021-11-21 19:00:00-05:00,18.809999465942383,19.43000030517578,18.809999465942383,19.110000610351562,540800,16.684370040893555,0.0,0.0
TDS,2021-11-22 19:00:00-05:00,19.0,19.579999923706055,19.0,19.5,541400,17.02486801147461,0.0,0.0
TDS,2021-11-23 19:00:00-05:00,19.43000030517578,19.540000915527344,19.190000534057617,19.329999923706055,430500,16.876445770263672,0.0,0.0
TDS,2021-11-25 19:00:00-05:00,18.770000457763672,18.989999771118164,18.559999465942383,18.850000381469727,485800,16.457372665405273,0.0,0.0
TDS,2021-11-28 19:00:00-05:00,18.969999313354492,18.969999313354492,18.290000915527344,18.389999389648438,670500,16.055757522583008,0.0,0.0
TDS,2021-11-29 19:00:00-05:00,18.229999542236328,18.280000686645508,17.440000534057617,17.68000030517578,1042100,15.43587875366211,0.0,0.0
TDS,2021-11-30 19:00:00-05:00,17.979999542236328,18.219999313354492,17.260000228881836,17.260000228881836,767500,15.069190979003906,0.0,0.0
TDS,2021-12-01 19:00:00-05:00,17.229999542236328,17.979999542236328,17.18000030517578,17.770000457763672,646200,15.514457702636719,0.0,0.0
TDS,2021-12-02 19:00:00-05:00,17.709999084472656,18.209999084472656,17.610000610351562,18.1200008392334,715200,15.820032119750977,0.0,0.0
TDS,2021-12-05 19:00:00-05:00,18.959999084472656,19.799999237060547,18.829999923706055,19.670000076293945,2057300,17.173290252685547,0.0,0.0
TDS,2021-12-06 19:00:00-05:00,19.690000534057617,19.700000762939453,19.229999542236328,19.5,1113800,17.02486801147461,0.0,0.0
TDS,2021-12-07 19:00:00-05:00,19.440000534057617,19.860000610351562,19.420000076293945,19.510000228881836,1100200,17.033597946166992,0.0,0.0
TDS,2021-12-08 19:00:00-05:00,19.299999237060547,19.59000015258789,19.100000381469727,19.34000015258789,1111400,16.885175704956055,0.0,0.0
TDS,2021-12-09 19:00:00-05:00,19.440000534057617,19.940000534057617,19.399999618530273,19.81999969482422,1058300,17.304250717163086,0.0,0.0
TDS,2021-12-12 19:00:00-05:00,19.530000686645508,19.649999618530273,19.09000015258789,19.530000686645508,1040000,17.051061630249023,0.0,0.0
TDS,2021-12-13 19:00:00-05:00,19.34000015258789,20.100000381469727,19.270000457763672,20.0,1497700,17.619279861450195,0.175,0.0
TDS,2021-12-14 19:00:00-05:00,20.059999465942383,20.170000076293945,19.459999084472656,19.790000915527344,1178300,17.43427848815918,0.0,0.0
TDS,2021-12-15 19:00:00-05:00,19.790000915527344,20.5,19.75,20.25,1539200,17.839519500732422,0.0,0.0
TDS,2021-12-16 19:00:00-05:00,20.239999771118164,20.3700008392334,19.18000030517578,19.18000030517578,19475000,16.89689064025879,0.0,0.0
TDS,2021-12-19 19:00:00-05:00,18.989999771118164,19.489999771118164,18.510000228881836,19.420000076293945,1639200,17.108320236206055,0.0,0.0
TDS,2021-12-20 19:00:00-05:00,19.600000381469727,20.81999969482422,19.479999542236328,20.780000686645508,1480300,18.306432723999023,0.0,0.0
TDS,2021-12-21 19:00:00-05:00,20.739999771118164,20.979999542236328,20.280000686645508,20.8799991607666,890500,18.394527435302734,0.0,0.0
TDS,2021-12-22 19:00:00-05:00,21.0,21.1200008392334,20.579999923706055,20.6299991607666,685800,18.174287796020508,0.0,0.0
TDS,2021-12-26 19:00:00-05:00,20.65999984741211,20.700000762939453,20.1200008392334,20.420000076293945,525600,17.989286422729492,0.0,0.0
TDS,2021-12-27 19:00:00-05:00,20.350000381469727,20.899999618530273,20.329999923706055,20.389999389648438,565300,17.96285629272461,0.0,0.0
TDS,2021-12-28 19:00:00-05:00,20.450000762939453,20.489999771118164,20.139999389648438,20.149999618530273,722300,17.75142478942871,0.0,0.0
TDS,2021-12-29 19:00:00-05:00,20.139999389648438,20.510000228881836,20.139999389648438,20.3700008392334,750100,17.945236206054688,0.0,0.0
TDS,2021-12-30 19:00:00-05:00,20.329999923706055,20.43000030517578,20.1299991607666,20.149999618530273,444900,17.75142478942871,0.0,0.0
TDS,2022-01-02 19:00:00-05:00,20.350000381469727,20.700000762939453,20.299999237060547,20.59000015258789,647700,18.13905143737793,0.0,0.0
TDS,2022-01-03 19:00:00-05:00,20.6299991607666,20.959999084472656,20.610000610351562,20.809999465942383,748000,18.332860946655273,0.0,0.0
TDS,2022-01-04 19:00:00-05:00,20.969999313354492,21.469999313354492,20.670000076293945,20.709999084472656,788600,18.24476432800293,0.0,0.0
TDS,2022-01-05 19:00:00-05:00,20.93000030517578,20.93000030517578,20.139999389648438,20.15999984741211,727800,17.760234832763672,0.0,0.0
TDS,2022-01-06 19:00:00-05:00,20.030000686645508,20.829999923706055,19.979999542236328,20.799999237060547,1220800,18.324050903320312,0.0,0.0
TDS,2022-01-09 19:00:00-05:00,20.8799991607666,21.059999465942383,20.170000076293945,20.360000610351562,974200,17.93642807006836,0.0,0.0
TDS,2022-01-10 19:00:00-05:00,20.450000762939453,20.559999465942383,20.040000915527344,20.43000030517578,866000,17.998096466064453,0.0,0.0
TDS,2022-01-11 19:00:00-05:00,20.40999984741211,20.729999542236328,20.1200008392334,20.18000030517578,624900,17.777854919433594,0.0,0.0
TDS,2022-01-12 19:00:00-05:00,20.31999969482422,20.709999084472656,20.15999984741211,20.489999771118164,561800,18.050952911376953,0.0,0.0
TDS,2022-01-13 19:00:00-05:00,20.360000610351562,20.6299991607666,20.149999618530273,20.6200008392334,637200,18.165477752685547,0.0,0.0
TDS,2022-01-17 19:00:00-05:00,20.5,20.510000228881836,19.8799991607666,20.1200008392334,812600,17.724998474121094,0.0,0.0
TDS,2022-01-18 19:00:00-05:00,20.110000610351562,20.149999618530273,19.489999771118164,19.739999771118164,610200,17.390230178833008,0.0,0.0
TDS,2022-01-19 19:00:00-05:00,19.719999313354492,20.170000076293945,19.579999923706055,19.6200008392334,909800,17.284517288208008,0.0,0.0
TDS,2022-01-20 19:00:00-05:00,19.579999923706055,19.969999313354492,19.34000015258789,19.389999389648438,738600,17.081892013549805,0.0,0.0
TDS,2022-01-23 19:00:00-05:00,19.18000030517578,19.90999984741211,19.18000030517578,19.809999465942383,1081800,17.45189666748047,0.0,0.0
TDS,2022-01-24 19:00:00-05:00,19.549999237060547,20.229999542236328,19.510000228881836,20.059999465942383,1037900,17.67214012145996,0.0,0.0
TDS,2022-01-25 19:00:00-05:00,20.190000534057617,20.5,19.239999771118164,19.459999084472656,1338300,17.143556594848633,0.0,0.0
TDS,2022-01-26 19:00:00-05:00,19.3799991607666,19.920000076293945,19.260000228881836,19.520000457763672,1068800,17.1964168548584,0.0,0.0
TDS,2022-01-27 19:00:00-05:00,19.520000457763672,19.989999771118164,19.3799991607666,19.979999542236328,1083000,17.601661682128906,0.0,0.0
TDS,2022-01-30 19:00:00-05:00,19.75,19.979999542236328,18.8700008392334,19.799999237060547,5847200,17.44308853149414,0.0,0.0
TDS,2022-01-31 19:00:00-05:00,19.600000381469727,20.020000457763672,19.3700008392334,19.969999313354492,883600,17.592851638793945,0.0,0.0
TDS,2022-02-01 19:00:00-05:00,19.959999084472656,20.270000457763672,19.829999923706055,20.209999084472656,713300,17.804283142089844,0.0,0.0
TDS,2022-02-02 19:00:00-05:00,20.280000686645508,20.829999923706055,20.209999084472656,20.739999771118164,875500,18.27119255065918,0.0,0.0
TDS,2022-02-03 19:00:00-05:00,20.549999237060547,20.6299991607666,20.149999618530273,20.459999084472656,853600,18.024524688720703,0.0,0.0
TDS,2022-02-06 19:00:00-05:00,20.489999771118164,20.5,20.030000686645508,20.34000015258789,962000,17.918807983398438,0.0,0.0
TDS,2022-02-07 19:00:00-05:00,20.43000030517578,20.8799991607666,20.309999465942383,20.81999969482422,583700,18.341672897338867,0.0,0.0
TDS,2022-02-08 19:00:00-05:00,20.829999923706055,21.030000686645508,20.530000686645508,20.729999542236328,625100,18.26238250732422,0.0,0.0
TDS,2022-02-09 19:00:00-05:00,20.530000686645508,20.739999771118164,20.219999313354492,20.31999969482422,747700,17.901187896728516,0.0,0.0
TDS,2022-02-10 19:00:00-05:00,20.280000686645508,20.729999542236328,20.010000228881836,20.549999237060547,588300,18.103809356689453,0.0,0.0
TDS,2022-02-13 19:00:00-05:00,20.639999389648438,20.639999389648438,19.989999771118164,20.440000534057617,576900,18.006906509399414,0.0,0.0
TDS,2022-02-14 19:00:00-05:00,20.600000381469727,21.040000915527344,20.309999465942383,20.90999984741211,519800,18.42095947265625,0.0,0.0
TDS,2022-02-15 19:00:00-05:00,20.81999969482422,21.049999237060547,20.639999389648438,20.899999618530273,433900,18.41214942932129,0.0,0.0
TDS,2022-02-16 19:00:00-05:00,20.649999618530273,20.719999313354492,20.25,20.5,709400,18.059764862060547,0.0,0.0
TDS,2022-02-17 19:00:00-05:00,20.219999313354492,20.59000015258789,18.290000915527344,18.520000457763672,1824200,16.315454483032227,0.0,0.0
TDS,2022-02-21 19:00:00-05:00,18.219999313354492,18.43000030517578,17.209999084472656,17.219999313354492,1600900,15.170201301574707,0.0,0.0
TDS,2022-02-22 19:00:00-05:00,17.040000915527344,17.170000076293945,16.3799991607666,16.440000534057617,1620600,14.483049392700195,0.0,0.0
TDS,2022-02-23 19:00:00-05:00,15.960000038146973,16.729999542236328,15.6899995803833,16.690000534057617,1325000,14.703291893005371,0.0,0.0
TDS,2022-02-24 19:00:00-05:00,16.739999771118164,17.40999984741211,16.719999313354492,17.3799991607666,1133600,15.311155319213867,0.0,0.0
TDS,2022-02-27 19:00:00-05:00,17.06999969482422,17.6200008392334,17.040000915527344,17.350000381469727,951800,15.284730911254883,0.0,0.0
TDS,2022-02-28 19:00:00-05:00,17.139999389648438,17.3700008392334,16.790000915527344,17.209999084472656,769800,15.16138744354248,0.0,0.0
TDS,2022-03-01 19:00:00-05:00,17.290000915527344,17.799999237060547,17.270000457763672,17.59000015258789,796700,15.4961576461792,0.0,0.0
TDS,2022-03-02 19:00:00-05:00,17.610000610351562,17.8799991607666,17.440000534057617,17.709999084472656,1024300,15.601872444152832,0.0,0.0
TDS,2022-03-03 19:00:00-05:00,17.479999542236328,17.959999084472656,17.3799991607666,17.959999084472656,753000,15.822113990783691,0.0,0.0
TDS,2022-03-06 19:00:00-05:00,17.979999542236328,18.860000610351562,17.75,18.739999771118164,878900,16.50926399230957,0.0,0.0
TDS,2022-03-07 19:00:00-05:00,18.81999969482422,19.200000762939453,18.56999969482422,18.709999084472656,890800,16.482839584350586,0.0,0.0
TDS,2022-03-08 19:00:00-05:00,18.700000762939453,18.899999618530273,18.420000076293945,18.610000610351562,613800,16.39474105834961,0.0,0.0
TDS,2022-03-09 19:00:00-05:00,18.3799991607666,18.729999542236328,18.31999969482422,18.729999542236328,666300,16.500455856323242,0.0,0.0
TDS,2022-03-10 19:00:00-05:00,18.829999923706055,19.1299991607666,18.6200008392334,18.850000381469727,577200,16.606172561645508,0.0,0.0
TDS,2022-03-13 20:00:00-04:00,18.8700008392334,19.18000030517578,18.690000534057617,18.969999313354492,942700,16.873010635375977,0.18,0.0
TDS,2022-03-14 20:00:00-04:00,19.0,19.190000534057617,18.799999237060547,18.84000015258789,567700,16.757381439208984,0.0,0.0
TDS,2022-03-15 20:00:00-04:00,18.850000381469727,18.979999542236328,18.520000457763672,18.950000762939453,858400,16.855220794677734,0.0,0.0
TDS,2022-03-16 20:00:00-04:00,18.81999969482422,19.100000381469727,18.6200008392334,18.90999984741211,746000,16.81964111328125,0.0,0.0
TDS,2022-03-17 20:00:00-04:00,18.84000015258789,18.969999313354492,18.549999237060547,18.579999923706055,1926300,16.526121139526367,0.0,0.0
TDS,2022-03-20 20:00:00-04:00,18.59000015258789,18.84000015258789,18.43000030517578,18.489999771118164,974600,16.446069717407227,0.0,0.0
TDS,2022-03-21 20:00:00-04:00,18.540000915527344,18.6299991607666,18.149999618530273,18.34000015258789,630900,16.312654495239258,0.0,0.0
TDS,2022-03-22 20:00:00-04:00,18.420000076293945,18.450000762939453,18.200000762939453,18.309999465942383,526700,16.285966873168945,0.0,0.0
TDS,2022-03-23 20:00:00-04:00,18.399999618530273,18.489999771118164,18.15999984741211,18.420000076293945,568600,16.38381004333496,0.0,0.0
TDS,2022-03-24 20:00:00-04:00,18.530000686645508,18.979999542236328,18.309999465942383,18.90999984741211,783800,16.81964111328125,0.0,0.0
TDS,2022-03-27 20:00:00-04:00,18.8700008392334,18.8700008392334,18.399999618530273,18.649999618530273,690400,16.588380813598633,0.0,0.0
TDS,2022-03-28 20:00:00-04:00,18.649999618530273,18.90999984741211,18.540000915527344,18.8799991607666,611500,16.79295539855957,0.0,0.0
TDS,2022-03-29 20:00:00-04:00,18.93000030517578,19.100000381469727,18.770000457763672,18.8700008392334,522300,16.78406524658203,0.0,0.0
TDS,2022-03-30 20:00:00-04:00,18.860000610351562,19.049999237060547,18.649999618530273,18.8799991607666,704000,16.79295539855957,0.0,0.0
TDS,2022-03-31 20:00:00-04:00,18.979999542236328,19.690000534057617,18.829999923706055,19.690000534057617,1390400,17.5134220123291,0.0,0.0
TDS,2022-04-03 20:00:00-04:00,19.600000381469727,19.700000762939453,19.260000228881836,19.579999923706055,704300,17.415576934814453,0.0,0.0
TDS,2022-04-04 20:00:00-04:00,19.479999542236328,19.780000686645508,19.209999084472656,19.420000076293945,808300,17.273263931274414,0.0,0.0
TDS,2022-04-05 20:00:00-04:00,19.540000915527344,19.700000762939453,19.100000381469727,19.540000915527344,753200,17.380001068115234,0.0,0.0
TDS,2022-04-06 20:00:00-04:00,19.639999389648438,19.959999084472656,19.350000381469727,19.809999465942383,911900,17.620153427124023,0.0,0.0
TDS,2022-04-07 20:00:00-04:00,19.8799991607666,20.579999923706055,19.860000610351562,20.469999313354492,739200,18.20719337463379,0.0,0.0
TDS,2022-04-10 20:00:00-04:00,20.6200008392334,21.0,20.020000457763672,20.059999465942383,1041200,17.842517852783203,0.0,0.0
TDS,2022-04-11 20:00:00-04:00,20.15999984741211,20.610000610351562,20.049999237060547,20.3700008392334,786400,18.118249893188477,0.0,0.0
TDS,2022-04-12 20:00:00-04:00,20.31999969482422,20.799999237060547,20.219999313354492,20.739999771118164,641000,18.44734764099121,0.0,0.0
TDS,2022-04-13 20:00:00-04:00,20.709999084472656,20.950000762939453,20.420000076293945,20.610000610351562,854600,18.33171844482422,0.0,0.0
TDS,2022-04-17 20:00:00-04:00,20.600000381469727,20.920000076293945,20.260000228881836,20.34000015258789,799100,18.091562271118164,0.0,0.0
TDS,2022-04-18 20:00:00-04:00,19.790000915527344,19.799999237060547,17.8799991607666,18.860000610351562,1662400,16.77516746520996,0.0,0.0
TDS,2022-04-19 20:00:00-04:00,18.889999389648438,19.420000076293945,18.8700008392334,19.219999313354492,1072700,17.09537124633789,0.0,0.0
TDS,2022-04-20 20:00:00-04:00,19.3799991607666,19.549999237060547,19.110000610351562,19.3799991607666,948600,17.237686157226562,0.0,0.0
TDS,2022-04-21 20:00:00-04:00,19.209999084472656,19.239999771118164,18.81999969482422,19.170000076293945,960700,17.0509033203125,0.0,0.0
TDS,2022-04-24 20:00:00-04:00,19.110000610351562,19.149999618530273,18.299999237060547,18.950000762939453,1261100,16.855220794677734,0.0,0.0
TDS,2022-04-25 20:00:00-04:00,18.770000457763672,18.799999237060547,18.43000030517578,18.459999084472656,1067400,16.419387817382812,0.0,0.0
TDS,2022-04-26 20:00:00-04:00,18.520000457763672,18.799999237060547,18.200000762939453,18.639999389648438,1209200,16.579486846923828,0.0,0.0
TDS,2022-04-27 20:00:00-04:00,18.799999237060547,19.1299991607666,18.469999313354492,19.020000457763672,891800,16.917482376098633,0.0,0.0
TDS,2022-04-28 20:00:00-04:00,18.920000076293945,19.040000915527344,18.15999984741211,18.31999969482422,5432400,16.29486083984375,0.0,0.0
TDS,2022-05-01 20:00:00-04:00,18.540000915527344,19.030000686645508,18.06999969482422,18.459999084472656,1270300,16.419387817382812,0.0,0.0
TDS,2022-05-02 20:00:00-04:00,18.510000228881836,18.889999389648438,18.510000228881836,18.639999389648438,1152000,16.579486846923828,0.0,0.0
TDS,2022-05-03 20:00:00-04:00,18.760000228881836,19.520000457763672,18.649999618530273,19.43000030517578,1018300,17.28215980529785,0.0,0.0
TDS,2022-05-04 20:00:00-04:00,19.260000228881836,19.5,18.81999969482422,19.049999237060547,678500,16.944168090820312,0.0,0.0
TDS,2022-05-05 20:00:00-04:00,19.600000381469727,19.600000381469727,18.520000457763672,18.770000457763672,876400,16.695119857788086,0.0,0.0
TDS,2022-05-08 20:00:00-04:00,18.5,18.899999618530273,18.299999237060547,18.479999542236328,839800,16.43717384338379,0.0,0.0
TDS,2022-05-09 20:00:00-04:00,18.420000076293945,18.739999771118164,17.510000228881836,17.700000762939453,1015100,15.743400573730469,0.0,0.0
TDS,2022-05-10 20:00:00-04:00,17.709999084472656,18.1200008392334,17.5,17.530000686645508,1036200,15.592192649841309,0.0,0.0
TDS,2022-05-11 20:00:00-04:00,17.610000610351562,17.780000686645508,17.31999969482422,17.610000610351562,986100,15.663348197937012,0.0,0.0
TDS,2022-05-12 20:00:00-04:00,17.540000915527344,17.850000381469727,17.389999389648438,17.5,890400,15.565506935119629,0.0,0.0
TDS,2022-05-15 20:00:00-04:00,17.450000762939453,17.700000762939453,17.389999389648438,17.520000457763672,1000700,15.583295822143555,0.0,0.0
TDS,2022-05-16 20:00:00-04:00,17.75,17.969999313354492,17.579999923706055,17.920000076293945,698000,15.939080238342285,0.0,0.0
TDS,2022-05-17 20:00:00-04:00,17.84000015258789,17.899999618530273,17.18000030517578,17.31999969482422,1152300,15.405403137207031,0.0,0.0
TDS,2022-05-18 20:00:00-04:00,17.260000228881836,17.760000228881836,17.25,17.549999237060547,1231700,15.609979629516602,0.0,0.0
TDS,2022-05-19 20:00:00-04:00,17.690000534057617,17.81999969482422,17.15999984741211,17.450000762939453,834000,15.521034240722656,0.0,0.0
TDS,2022-05-22 20:00:00-04:00,17.790000915527344,17.93000030517578,17.549999237060547,17.780000686645508,884700,15.814556121826172,0.0,0.0
TDS,2022-05-23 20:00:00-04:00,17.760000228881836,18.079999923706055,17.579999923706055,18.010000228881836,975100,16.019134521484375,0.0,0.0
TDS,2022-05-24 20:00:00-04:00,18.079999923706055,18.510000228881836,18.079999923706055,18.469999313354492,852000,16.428281784057617,0.0,0.0
TDS,2022-05-25 20:00:00-04:00,18.469999313354492,18.729999542236328,18.0,18.010000228881836,637000,16.019134521484375,0.0,0.0
TDS,2022-05-26 20:00:00-04:00,17.850000381469727,18.170000076293945,17.709999084472656,17.969999313354492,1255900,15.983551979064941,0.0,0.0
TDS,2022-05-30 20:00:00-04:00,17.8799991607666,17.979999542236328,17.5,17.729999542236328,993200,15.7700834274292,0.0,0.0
TDS,2022-05-31 20:00:00-04:00,17.809999465942383,17.809999465942383,17.100000381469727,17.31999969482422,710400,15.405403137207031,0.0,0.0
TDS,2022-06-01 20:00:00-04:00,17.360000610351562,17.559999465942383,16.850000381469727,17.260000228881836,795300,15.35203742980957,0.0,0.0
TDS,2022-06-02 20:00:00-04:00,17.110000610351562,17.239999771118164,16.8799991607666,16.889999389648438,973400,15.02293586730957,0.0,0.0
TDS,2022-06-05 20:00:00-04:00,17.079999923706055,17.170000076293945,16.809999465942383,16.920000076293945,967200,15.049620628356934,0.0,0.0
TDS,2022-06-06 20:00:00-04:00,16.84000015258789,16.8799991607666,16.469999313354492,16.639999389648438,734500,14.800570487976074,0.0,0.0
TDS,2022-06-07 20:00:00-04:00,16.43000030517578,16.610000610351562,16.079999923706055,16.1200008392334,947000,14.338056564331055,0.0,0.0
TDS,2022-06-08 20:00:00-04:00,16.030000686645508,16.34000015258789,15.949999809265137,16.06999969482422,1020000,14.29358196258545,0.0,0.0
TDS,2022-06-09 20:00:00-04:00,15.899999618530273,16.059999465942383,15.760000228881836,15.920000076293945,724500,14.160164833068848,0.0,0.0
TDS,2022-06-12 20:00:00-04:00,15.710000038146973,15.850000381469727,15.3100004196167,15.359999656677246,1214000,13.662067413330078,0.0,0.0
TDS,2022-06-13 20:00:00-04:00,15.09000015258789,15.399999618530273,15.069999694824219,15.199999809265137,1174600,13.68006706237793,0.18,0.0
TDS,2022-06-14 20:00:00-04:00,15.210000038146973,15.75,15.210000038146973,15.609999656677246,1113300,14.04906940460205,0.0,0.0
TDS,2022-06-15 20:00:00-04:00,15.420000076293945,15.430000305175781,15.039999961853027,15.149999618530273,1065000,13.635066986083984,0.0,0.0
TDS,2022-06-16 20:00:00-04:00,15.390000343322754,15.920000076293945,15.369999885559082,15.380000114440918,1465000,13.842068672180176,0.0,0.0
TDS,2022-06-20 20:00:00-04:00,15.609999656677246,15.84000015258789,15.380000114440918,15.680000305175781,730200,14.112069129943848,0.0,0.0
TDS,2022-06-21 20:00:00-04:00,15.5,16.010000228881836,15.5,15.949999809265137,584900,14.355071067810059,0.0,0.0
TDS,2022-06-22 20:00:00-04:00,16.020000457763672,16.420000076293945,16.020000457763672,16.389999389648438,890600,14.75107192993164,0.0,0.0
TDS,2022-06-23 20:00:00-04:00,16.40999984741211,16.469999313354492,16.170000076293945,16.18000030517578,1890800,14.56207275390625,0.0,0.0
TDS,2022-06-26 20:00:00-04:00,16.309999465942383,16.510000228881836,16.190000534057617,16.459999084472656,880100,14.81407356262207,0.0,0.0
TDS,2022-06-27 20:00:00-04:00,16.489999771118164,16.559999465942383,15.850000381469727,15.850000381469727,588100,14.265071868896484,0.0,0.0
TDS,2022-06-28 20:00:00-04:00,15.779999732971191,15.90999984741211,15.579999923706055,15.829999923706055,655600,14.2470703125,0.0,0.0
TDS,2022-06-29 20:00:00-04:00,15.710000038146973,15.890000343322754,15.640000343322754,15.789999961853027,736100,14.21107006072998,0.0,0.0
TDS,2022-06-30 20:00:00-04:00,15.789999961853027,16.110000610351562,15.699999809265137,16.059999465942383,660000,14.454071044921875,0.0,0.0
TDS,2022-07-04 20:00:00-04:00,15.869999885559082,15.920000076293945,15.359999656677246,15.920000076293945,796200,14.328070640563965,0.0,0.0
TDS,2022-07-05 20:00:00-04:00,15.819999694824219,16.010000228881836,15.5,15.5,826700,13.950068473815918,0.0,0.0
TDS,2022-07-06 20:00:00-04:00,15.59000015258789,15.6899995803833,15.279999732971191,15.300000190734863,779400,13.770068168640137,0.0,0.0
TDS,2022-07-07 20:00:00-04:00,15.380000114440918,15.380000114440918,15.0600004196167,15.119999885559082,1153400,13.608067512512207,0.0,0.0
TDS,2022-07-10 20:00:00-04:00,15.1899995803833,15.380000114440918,15.039999961853027,15.130000114440918,1143200,13.61706829071045,0.0,0.0
TDS,2022-07-11 20:00:00-04:00,15.180000305175781,15.550000190734863,15.069999694824219,15.369999885559082,1111800,13.833067893981934,0.0,0.0
TDS,2022-07-12 20:00:00-04:00,15.350000381469727,15.550000190734863,15.130000114440918,15.369999885559082,680800,13.833067893981934,0.0,0.0
TDS,2022-07-13 20:00:00-04:00,15.149999618530273,15.359999656677246,15.039999961853027,15.289999961853027,541100,13.761068344116211,0.0,0.0
TDS,2022-07-14 20:00:00-04:00,15.550000190734863,15.550000190734863,15.220000267028809,15.479999542236328,664900,13.93206787109375,0.0,0.0
TDS,2022-07-17 20:00:00-04:00,15.5,15.710000038146973,15.25,15.34000015258789,1234200,13.806068420410156,0.0,0.0
TDS,2022-07-18 20:00:00-04:00,15.539999961853027,15.760000228881836,15.539999961853027,15.680000305175781,651400,14.112069129943848,0.0,0.0
TDS,2022-07-19 20:00:00-04:00,15.569999694824219,15.930000305175781,15.520000457763672,15.760000228881836,746100,14.18407154083252,0.0,0.0
TDS,2022-07-20 20:00:00-04:00,15.529999732971191,15.529999732971191,14.59000015258789,14.880000114440918,1476000,13.39206600189209,0.0,0.0
TDS,2022-07-21 20:00:00-04:00,14.8100004196167,14.859999656677246,14.460000038146973,14.739999771118164,1279700,13.266066551208496,0.0,0.0
TDS,2022-07-24 20:00:00-04:00,14.829999923706055,15.369999885559082,14.829999923706055,15.0,1455300,13.500067710876465,0.0,0.0
TDS,2022-07-25 20:00:00-04:00,14.9399995803833,15.520000457763672,14.869999885559082,15.489999771118164,932000,13.941068649291992,0.0,0.0
TDS,2022-07-26 20:00:00-04:00,15.729999542236328,15.9399995803833,15.619999885559082,15.819999694824219,904300,14.238070487976074,0.0,0.0
TDS,2022-07-27 20:00:00-04:00,15.880000114440918,16.010000228881836,15.699999809265137,15.789999961853027,1158800,14.21107006072998,0.0,0.0
TDS,2022-07-28 20:00:00-04:00,15.8100004196167,15.890000343322754,15.470000267028809,15.8100004196167,5479200,14.229070663452148,0.0,0.0
TDS,2022-07-31 20:00:00-04:00,15.84000015258789,16.139999389648438,15.720000267028809,16.139999389648438,868100,14.52607250213623,0.0,0.0
TDS,2022-08-01 20:00:00-04:00,16.1299991607666,16.239999771118164,15.819999694824219,15.850000381469727,1113900,14.265071868896484,0.0,0.0
TDS,2022-08-02 20:00:00-04:00,15.850000381469727,15.9399995803833,15.739999771118164,15.770000457763672,1066300,14.193071365356445,0.0,0.0
TDS,2022-08-03 20:00:00-04:00,15.760000228881836,15.869999885559082,15.279999732971191,15.300000190734863,1604800,13.770068168640137,0.0,0.0
TDS,2022-08-04 20:00:00-04:00,15.989999771118164,16.149999618530273,15.510000228881836,16.149999618530273,2942000,14.535073280334473,0.0,0.0
TDS,2022-08-07 20:00:00-04:00,16.25,17.399999618530273,16.25,17.079999923706055,1258600,15.372075080871582,0.0,0.0
TDS,2022-08-08 20:00:00-04:00,17.1299991607666,17.190000534057617,16.809999465942383,17.1200008392334,1122800,15.408075332641602,0.0,0.0
TDS,2022-08-09 20:00:00-04:00,17.280000686645508,17.3700008392334,16.739999771118164,16.790000915527344,796400,15.111078262329102,0.0,0.0
TDS,2022-08-10 20:00:00-04:00,16.790000915527344,16.950000762939453,16.709999084472656,16.799999237060547,587400,15.120074272155762,0.0,0.0
TDS,2022-08-11 20:00:00-04:00,16.799999237060547,17.049999237060547,16.670000076293945,17.040000915527344,653800,15.336075782775879,0.0,0.0
TDS,2022-08-14 20:00:00-04:00,16.979999542236328,17.1299991607666,16.8700008392334,17.1200008392334,678900,15.408075332641602,0.0,0.0
TDS,2022-08-15 20:00:00-04:00,17.1200008392334,17.420000076293945,16.959999084472656,17.34000015258789,911900,15.6060791015625,0.0,0.0
TDS,2022-08-16 20:00:00-04:00,17.1299991607666,17.239999771118164,17.040000915527344,17.100000381469727,574300,15.390074729919434,0.0,0.0
TDS,2022-08-17 20:00:00-04:00,17.09000015258789,17.09000015258789,16.65999984741211,16.959999084472656,693000,15.264074325561523,0.0,0.0
TDS,2022-08-18 20:00:00-04:00,16.850000381469727,17.149999618530273,16.780000686645508,17.139999389648438,628200,15.42607593536377,0.0,0.0
TDS,2022-08-21 20:00:00-04:00,17.010000228881836,17.079999923706055,16.829999923706055,16.979999542236328,619700,15.282073974609375,0.0,0.0
TDS,2022-08-22 20:00:00-04:00,17.030000686645508,17.079999923706055,16.75,16.760000228881836,558300,15.084074974060059,0.0,0.0
TDS,2022-08-23 20:00:00-04:00,16.790000915527344,17.139999389648438,16.709999084472656,17.09000015258789,589600,15.381075859069824,0.0,0.0
TDS,2022-08-24 20:00:00-04:00,17.049999237060547,17.270000457763672,16.93000030517578,17.260000228881836,761000,15.534077644348145,0.0,0.0
TDS,2022-08-25 20:00:00-04:00,17.190000534057617,17.270000457763672,17.020000457763672,17.040000915527344,549800,15.336075782775879,0.0,0.0
TDS,2022-08-28 20:00:00-04:00,16.81999969482422,17.059999465942383,16.799999237060547,16.8799991607666,500800,15.192073822021484,0.0,0.0
TDS,2022-08-29 20:00:00-04:00,16.850000381469727,16.850000381469727,16.469999313354492,16.510000228881836,552600,14.859075546264648,0.0,0.0
TDS,2022-08-30 20:00:00-04:00,16.5,16.68000030517578,16.219999313354492,16.270000457763672,587600,14.643074035644531,0.0,0.0
TDS,2022-08-31 20:00:00-04:00,16.299999237060547,16.459999084472656,16.1200008392334,16.34000015258789,627100,14.706074714660645,0.0,0.0
TDS,2022-09-01 20:00:00-04:00,16.389999389648438,16.540000915527344,16.079999923706055,16.15999984741211,811400,14.544074058532715,0.0,0.0
TDS,2022-09-05 20:00:00-04:00,16.25,16.350000381469727,16.0,16.229999542236328,1006800,14.607072830200195,0.0,0.0
TDS,2022-09-06 20:00:00-04:00,16.25,16.489999771118164,16.219999313354492,16.43000030517578,742400,14.78707218170166,0.0,0.0
TDS,2022-09-07 20:00:00-04:00,16.329999923706055,16.450000762939453,16.110000610351562,16.209999084472656,625300,14.589070320129395,0.0,0.0
TDS,2022-09-08 20:00:00-04:00,16.299999237060547,16.5,16.079999923706055,16.25,757700,14.625073432922363,0.0,0.0
TDS,2022-09-11 20:00:00-04:00,16.43000030517578,16.670000076293945,16.309999465942383,16.40999984741211,758200,14.769071578979492,0.0,0.0
TDS,2022-09-12 20:00:00-04:00,16.200000762939453,16.200000762939453,15.619999885559082,15.710000038146973,859600,14.139070510864258,0.0,0.0
TDS,2022-09-13 20:00:00-04:00,15.5,15.579999923706055,15.239999771118164,15.350000381469727,655200,13.975192070007324,0.18,0.0
TDS,2022-09-14 20:00:00-04:00,15.300000190734863,15.720000267028809,15.300000190734863,15.600000381469727,688200,14.202800750732422,0.0,0.0
TDS,2022-09-15 20:00:00-04:00,15.359999656677246,15.680000305175781,15.319999694824219,15.630000114440918,1375900,14.230113983154297,0.0,0.0
TDS,2022-09-18 20:00:00-04:00,15.550000190734863,15.649999618530273,15.319999694824219,15.579999923706055,835400,14.184592247009277,0.0,0.0
TDS,2022-09-19 20:00:00-04:00,15.449999809265137,15.489999771118164,15.050000190734863,15.130000114440918,688100,13.774896621704102,0.0,0.0
TDS,2022-09-20 20:00:00-04:00,15.25,15.420000076293945,14.960000038146973,14.960000038146973,909600,13.620122909545898,0.0,0.0
TDS,2022-09-21 20:00:00-04:00,14.920000076293945,15.229999542236328,14.859999656677246,15.170000076293945,687500,13.811312675476074,0.0,0.0
TDS,2022-09-22 20:00:00-04:00,14.989999771118164,15.029999732971191,14.479999542236328,14.670000076293945,839300,13.356095314025879,0.0,0.0
TDS,2022-09-25 20:00:00-04:00,14.539999961853027,14.739999771118164,14.449999809265137,14.550000190734863,929600,13.246842384338379,0.0,0.0
TDS,2022-09-26 20:00:00-04:00,14.579999923706055,14.789999961853027,14.390000343322754,14.460000038146973,848100,13.16490364074707,0.0,0.0
TDS,2022-09-27 20:00:00-04:00,14.5600004196167,14.9399995803833,14.449999809265137,14.819999694824219,744600,13.492660522460938,0.0,0.0
TDS,2022-09-28 20:00:00-04:00,14.680000305175781,14.680000305175781,14.329999923706055,14.380000114440918,791200,13.092068672180176,0.0,0.0
TDS,2022-09-29 20:00:00-04:00,14.289999961853027,14.460000038146973,13.890000343322754,13.899999618530273,1062100,12.655059814453125,0.0,0.0
TDS,2022-10-02 20:00:00-04:00,14.09000015258789,14.770000457763672,14.09000015258789,14.59000015258789,973000,13.283260345458984,0.0,0.0
TDS,2022-10-03 20:00:00-04:00,14.710000038146973,14.90999984741211,14.479999542236328,14.649999618530273,970200,13.337886810302734,0.0,0.0
TDS,2022-10-04 20:00:00-04:00,14.390000343322754,14.479999542236328,14.079999923706055,14.34000015258789,999000,13.055652618408203,0.0,0.0
TDS,2022-10-05 20:00:00-04:00,14.239999771118164,14.4399995803833,14.050000190734863,14.170000076293945,905000,12.900876998901367,0.0,0.0
TDS,2022-10-06 20:00:00-04:00,14.109999656677246,14.119999885559082,13.539999961853027,13.579999923706055,918900,12.363720893859863,0.0,0.0
TDS,2022-10-09 20:00:00-04:00,13.680000305175781,14.069999694824219,13.579999923706055,14.020000457763672,962000,12.764311790466309,0.0,0.0
TDS,2022-10-10 20:00:00-04:00,13.989999771118164,14.489999771118164,13.899999618530273,14.460000038146973,1159700,13.16490364074707,0.0,0.0
TDS,2022-10-11 20:00:00-04:00,14.399999618530273,14.539999961853027,14.1899995803833,14.300000190734863,820300,13.019234657287598,0.0,0.0
TDS,2022-10-12 20:00:00-04:00,14.199999809265137,14.84000015258789,14.109999656677246,14.760000228881836,711100,13.438034057617188,0.0,0.0
TDS,2022-10-13 20:00:00-04:00,14.84000015258789,14.979999542236328,14.640000343322754,14.6899995803833,831300,13.374303817749023,0.0,0.0
TDS,2022-10-16 20:00:00-04:00,14.890000343322754,15.15999984741211,14.890000343322754,14.979999542236328,709300,13.638330459594727,0.0,0.0
TDS,2022-10-17 20:00:00-04:00,15.1899995803833,15.319999694824219,14.800000190734863,15.039999961853027,652200,13.692956924438477,0.0,0.0
TDS,2022-10-18 20:00:00-04:00,14.9399995803833,15.319999694824219,14.930000305175781,15.170000076293945,673700,13.811312675476074,0.0,0.0
TDS,2022-10-19 20:00:00-04:00,15.260000228881836,15.5600004196167,15.149999618530273,15.4399995803833,834300,14.057129859924316,0.0,0.0
TDS,2022-10-20 20:00:00-04:00,15.4399995803833,15.720000267028809,15.319999694824219,15.65999984741211,936400,14.257427215576172,0.0,0.0
TDS,2022-10-23 20:00:00-04:00,15.869999885559082,15.979999542236328,15.789999961853027,15.880000114440918,993700,14.457723617553711,0.0,0.0
TDS,2022-10-24 20:00:00-04:00,15.819999694824219,16.18000030517578,15.8100004196167,15.819999694824219,935100,14.403097152709961,0.0,0.0
TDS,2022-10-25 20:00:00-04:00,15.979999542236328,16.219999313354492,15.970000267028809,16.040000915527344,908200,14.6033935546875,0.0,0.0
TDS,2022-10-26 20:00:00-04:00,16.110000610351562,16.65999984741211,16.100000381469727,16.510000228881836,939900,15.031298637390137,0.0,0.0
TDS,2022-10-27 20:00:00-04:00,16.709999084472656,17.190000534057617,16.709999084472656,17.06999969482422,1049300,15.54114055633545,0.0,0.0
TDS,2022-10-30 20:00:00-04:00,17.09000015258789,17.239999771118164,16.8700008392334,17.0,5856000,15.477410316467285,0.0,0.0
TDS,2022-10-31 20:00:00-04:00,17.229999542236328,17.329999923706055,16.860000610351562,16.889999389648438,975300,15.3772611618042,0.0,0.0
TDS,2022-11-01 20:00:00-04:00,16.940000534057617,17.270000457763672,16.670000076293945,16.850000381469727,841300,15.340845108032227,0.0,0.0
TDS,2022-11-02 20:00:00-04:00,16.56999969482422,16.8799991607666,16.559999465942383,16.56999969482422,887400,15.08592414855957,0.0,0.0
TDS,2022-11-03 20:00:00-04:00,15.640000343322754,15.640000343322754,11.170000076293945,12.279999732971191,4321900,11.180153846740723,0.0,0.0
TDS,2022-11-06 19:00:00-05:00,12.010000228881836,12.800000190734863,11.949999809265137,11.960000038146973,3159900,10.888813972473145,0.0,0.0
TDS,2022-11-07 19:00:00-05:00,12.09000015258789,12.539999961853027,11.25,11.25,4844300,10.242405891418457,0.0,0.0
TDS,2022-11-08 19:00:00-05:00,11.199999809265137,11.369999885559082,10.819999694824219,11.270000457763672,3103800,10.260614395141602,0.0,0.0
TDS,2022-11-09 19:00:00-05:00,11.510000228881836,12.40999984741211,11.380000114440918,12.0,3174400,10.92523193359375,0.0,0.0
TDS,2022-11-10 19:00:00-05:00,11.90999984741211,12.09000015258789,11.369999885559082,11.470000267028809,3294000,10.442700386047363,0.0,0.0
TDS,2022-11-13 19:00:00-05:00,11.470000267028809,11.539999961853027,10.539999961853027,10.539999961853027,3365200,9.595995903015137,0.0,0.0
TDS,2022-11-14 19:00:00-05:00,10.640000343322754,10.890000343322754,10.229999542236328,10.25,4125300,9.331968307495117,0.0,0.0
TDS,2022-11-15 19:00:00-05:00,10.3100004196167,10.710000038146973,10.260000228881836,10.600000381469727,2563800,9.65062141418457,0.0,0.0
TDS,2022-11-16 19:00:00-05:00,10.420000076293945,10.579999923706055,10.1899995803833,10.550000190734863,2553000,9.605098724365234,0.0,0.0
TDS,2022-11-17 19:00:00-05:00,10.699999809265137,11.069999694824219,10.350000381469727,10.399999618530273,2384000,9.468533515930176,0.0,0.0
TDS,2022-11-20 19:00:00-05:00,10.350000381469727,10.399999618530273,9.970000267028809,10.09000015258789,1739900,9.186298370361328,0.0,0.0
TDS,2022-11-21 19:00:00-05:00,10.079999923706055,10.140000343322754,9.8100004196167,10.109999656677246,2423600,9.204507827758789,0.0,0.0
TDS,2022-11-22 19:00:00-05:00,10.149999618530273,10.380000114440918,10.020000457763672,10.34000015258789,1614600,9.413908004760742,0.0,0.0
TDS,2022-11-24 19:00:00-05:00,10.449999809265137,10.579999923706055,10.300000190734863,10.300000190734863,741500,9.377490043640137,0.0,0.0
TDS,2022-11-27 19:00:00-05:00,10.199999809265137,10.569999694824219,9.869999885559082,9.880000114440918,2063700,8.995107650756836,0.0,0.0
TDS,2022-11-28 19:00:00-05:00,9.8100004196167,10.350000381469727,9.649999618530273,10.3100004196167,2180800,9.386594772338867,0.0,0.0
TDS,2022-11-29 19:00:00-05:00,10.260000228881836,10.5600004196167,10.140000343322754,10.539999961853027,2115300,9.595995903015137,0.0,0.0
TDS,2022-11-30 19:00:00-05:00,10.59000015258789,10.859999656677246,10.369999885559082,10.399999618530273,2398000,9.468533515930176,0.0,0.0
TDS,2022-12-01 19:00:00-05:00,10.300000190734863,10.4399995803833,10.029999732971191,10.420000076293945,1449400,9.486743927001953,0.0,0.0
TDS,2022-12-04 19:00:00-05:00,10.350000381469727,10.550000190734863,10.180000305175781,10.25,2134700,9.331968307495117,0.0,0.0
TDS,2022-12-05 19:00:00-05:00,10.239999771118164,10.3100004196167,9.979999542236328,10.289999961853027,1954600,9.368386268615723,0.0,0.0
TDS,2022-12-06 19:00:00-05:00,10.34000015258789,10.489999771118164,10.1899995803833,10.289999961853027,2080800,9.368386268615723,0.0,0.0
TDS,2022-12-07 19:00:00-05:00,10.319999694824219,10.390000343322754,9.960000038146973,9.979999542236328,2351000,9.086150169372559,0.0,0.0
TDS,2022-12-08 19:00:00-05:00,9.960000038146973,10.180000305175781,9.8100004196167,10.020000457763672,1838400,9.122568130493164,0.0,0.0
TDS,2022-12-11 19:00:00-05:00,10.170000076293945,10.760000228881836,10.170000076293945,10.420000076293945,3487400,9.486743927001953,0.0,0.0
TDS,2022-12-12 19:00:00-05:00,10.619999885559082,10.989999771118164,10.5600004196167,10.569999694824219,3858900,9.623308181762695,0.0,0.0
TDS,2022-12-13 19:00:00-05:00,10.300000190734863,10.65999984741211,10.270000457763672,10.40999984741211,2573500,9.641831398010254,0.18,0.0
TDS,2022-12-14 19:00:00-05:00,10.369999885559082,10.640000343322754,10.239999771118164,10.270000457763672,3350400,9.512164115905762,0.0,0.0
TDS,2022-12-15 19:00:00-05:00,10.220000267028809,10.489999771118164,9.890000343322754,10.239999771118164,10611200,9.484375953674316,0.0,0.0
TDS,2022-12-18 19:00:00-05:00,10.229999542236328,10.300000190734863,9.880000114440918,9.960000038146973,2693500,9.2250394821167,0.0,0.0
TDS,2022-12-19 19:00:00-05:00,9.880000114440918,10.260000228881836,9.869999885559082,10.15999984741211,1876600,9.410280227661133,0.0,0.0
TDS,2022-12-20 19:00:00-05:00,10.25,10.390000343322754,10.149999618530273,10.1899995803833,2232800,9.438066482543945,0.0,0.0
TDS,2022-12-21 19:00:00-05:00,10.119999885559082,10.180000305175781,9.850000381469727,10.15999984741211,1853100,9.410280227661133,0.0,0.0
TDS,2022-12-22 19:00:00-05:00,10.180000305175781,10.609999656677246,10.09000015258789,10.569999694824219,2674500,9.79002571105957,0.0,0.0
TDS,2022-12-26 19:00:00-05:00,10.550000190734863,10.729999542236328,10.350000381469727,10.720000267028809,2213200,9.928956031799316,0.0,0.0
TDS,2022-12-27 19:00:00-05:00,10.770000457763672,10.859999656677246,10.510000228881836,10.520000457763672,2346500,9.743715286254883,0.0,0.0
TDS,2022-12-28 19:00:00-05:00,10.59000015258789,10.75,10.479999542236328,10.579999923706055,2502300,9.799286842346191,0.0,0.0
TDS,2022-12-29 19:00:00-05:00,10.579999923706055,10.670000076293945,10.260000228881836,10.489999771118164,3085600,9.715928077697754,0.0,0.0
TDS,2023-01-02 19:00:00-05:00,10.609999656677246,11.050000190734863,10.539999961853027,11.010000228881836,1952100,10.19755744934082,0.0,0.0
TDS,2023-01-03 19:00:00-05:00,11.109999656677246,11.6899995803833,11.050000190734863,11.640000343322754,1765600,10.781068801879883,0.0,0.0
TDS,2023-01-04 19:00:00-05:00,11.670000076293945,11.90999984741211,11.460000038146973,11.819999694824219,1619400,10.947786331176758,0.0,0.0
TDS,2023-01-05 19:00:00-05:00,11.960000038146973,12.0,11.760000228881836,11.829999923706055,1397100,10.957048416137695,0.0,0.0
TDS,2023-01-08 19:00:00-05:00,11.779999732971191,11.920000076293945,11.399999618530273,11.529999732971191,2974700,10.67918586730957,0.0,0.0
TDS,2023-01-09 19:00:00-05:00,11.34000015258789,11.630000114440918,10.920000076293945,11.5600004196167,2616200,10.7069730758667,0.0,0.0
TDS,2023-01-10 19:00:00-05:00,11.600000381469727,11.75,11.359999656677246,11.680000305175781,1421400,10.81811809539795,0.0,0.0
TDS,2023-01-11 19:00:00-05:00,11.789999961853027,11.84000015258789,11.460000038146973,11.5600004196167,1891000,10.7069730758667,0.0,0.0
TDS,2023-01-12 19:00:00-05:00,11.4399995803833,11.510000228881836,11.270000457763672,11.430000305175781,1212600,10.586565971374512,0.0,0.0
TDS,2023-01-16 19:00:00-05:00,11.449999809265137,11.720000267028809,11.119999885559082,11.680000305175781,1762300,10.81811809539795,0.0,0.0
TDS,2023-01-17 19:00:00-05:00,11.670000076293945,11.800000190734863,11.3100004196167,11.399999618530273,1493700,10.558777809143066,0.0,0.0
TDS,2023-01-18 19:00:00-05:00,11.329999923706055,11.6899995803833,11.170000076293945,11.59000015258789,1739200,10.734759330749512,0.0,0.0
TDS,2023-01-19 19:00:00-05:00,11.619999885559082,12.239999771118164,11.350000381469727,12.199999809265137,1755400,11.299745559692383,0.0,0.0
TDS,2023-01-22 19:00:00-05:00,12.270000457763672,12.5600004196167,12.010000228881836,12.359999656677246,2407000,11.447938919067383,0.0,0.0
TDS,2023-01-23 19:00:00-05:00,12.199999809265137,12.470000267028809,12.0600004196167,12.289999961853027,1939700,11.38310432434082,0.0,0.0
TDS,2023-01-24 19:00:00-05:00,12.390000343322754,12.819999694824219,12.199999809265137,12.789999961853027,2864000,11.846208572387695,0.0,0.0
TDS,2023-01-25 19:00:00-05:00,12.880000114440918,13.1899995803833,12.710000038146973,13.0,3788400,12.0407133102417,0.0,0.0
TDS,2023-01-26 19:00:00-05:00,13.050000190734863,13.5,12.979999542236328,13.460000038146973,2229800,12.466768264770508,0.0,0.0
TDS,2023-01-29 19:00:00-05:00,13.399999618530273,13.420000076293945,12.890000343322754,13.180000305175781,2405800,12.207430839538574,0.0,0.0
TDS,2023-01-30 19:00:00-05:00,13.229999542236328,13.5,12.960000038146973,13.369999885559082,19482900,12.383408546447754,0.0,0.0
TDS,2023-01-31 19:00:00-05:00,13.399999618530273,13.930000305175781,13.399999618530273,13.84000015258789,1822700,12.818727493286133,0.0,0.0
TDS,2023-02-01 19:00:00-05:00,13.949999809265137,14.329999923706055,13.890000343322754,13.970000267028809,1431400,12.939136505126953,0.0,0.0
TDS,2023-02-02 19:00:00-05:00,13.829999923706055,13.9399995803833,13.34000015258789,13.479999542236328,1208100,12.485292434692383,0.0,0.0
TDS,2023-02-05 19:00:00-05:00,13.369999885559082,13.430000305175781,13.079999923706055,13.390000343322754,1182300,12.401935577392578,0.0,0.0
TDS,2023-02-06 19:00:00-05:00,13.210000038146973,13.210000038146973,11.680000305175781,11.729999542236328,2989700,10.864426612854004,0.0,0.0
TDS,2023-02-07 19:00:00-05:00,11.5600004196167,11.880000114440918,11.3100004196167,11.350000381469727,2521100,10.512468338012695,0.0,0.0
TDS,2023-02-08 19:00:00-05:00,11.399999618530273,11.399999618530273,10.789999961853027,10.880000114440918,2382400,10.077150344848633,0.0,0.0
TDS,2023-02-09 19:00:00-05:00,10.880000114440918,11.600000381469727,10.800000190734863,11.510000228881836,2559900,10.660661697387695,0.0,0.0
TDS,2023-02-12 19:00:00-05:00,11.529999732971191,11.739999771118164,11.390000343322754,11.739999771118164,1507100,10.873688697814941,0.0,0.0
TDS,2023-02-13 19:00:00-05:00,11.710000038146973,11.949999809265137,11.630000114440918,11.670000076293945,1806800,10.808856010437012,0.0,0.0
TDS,2023-02-14 19:00:00-05:00,11.670000076293945,11.779999732971191,11.489999771118164,11.670000076293945,2114100,10.808856010437012,0.0,0.0
TDS,2023-02-15 19:00:00-05:00,11.510000228881836,11.65999984741211,11.069999694824219,11.130000114440918,2604300,10.308703422546387,0.0,0.0
TDS,2023-02-16 19:00:00-05:00,11.920000076293945,13.8100004196167,11.1899995803833,13.699999809265137,3801300,12.689059257507324,0.0,0.0
TDS,2023-02-20 19:00:00-05:00,13.399999618530273,13.579999923706055,12.979999542236328,13.140000343322754,1656300,12.170381546020508,0.0,0.0
TDS,2023-02-21 19:00:00-05:00,13.09000015258789,13.210000038146973,12.960000038146973,13.029999732971191,1554300,12.068498611450195,0.0,0.0
TDS,2023-02-22 19:00:00-05:00,13.020000457763672,13.079999923706055,12.489999771118164,12.609999656677246,1442000,11.679491996765137,0.0,0.0
TDS,2023-02-23 19:00:00-05:00,12.489999771118164,12.489999771118164,12.25,12.300000190734863,1465800,11.392367362976074,0.0,0.0
TDS,2023-02-26 19:00:00-05:00,12.350000381469727,12.550000190734863,12.119999885559082,12.149999618530273,946700,11.253435134887695,0.0,0.0
TDS,2023-02-27 19:00:00-05:00,12.229999542236328,12.899999618530273,12.1899995803833,12.6899995803833,2105900,11.75358772277832,0.0,0.0
TDS,2023-02-28 19:00:00-05:00,12.510000228881836,12.65999984741211,11.970000267028809,12.109999656677246,1287000,11.216386795043945,0.0,0.0
TDS,2023-03-01 19:00:00-05:00,12.039999961853027,12.069999694824219,11.720000267028809,11.949999809265137,2666200,11.068193435668945,0.0,0.0
TDS,2023-03-02 19:00:00-05:00,12.029999732971191,12.100000381469727,11.739999771118164,11.949999809265137,2438600,11.068193435668945,0.0,0.0
TDS,2023-03-05 19:00:00-05:00,11.90999984741211,12.050000190734863,11.640000343322754,11.6899995803833,1919500,10.82737922668457,0.0,0.0
TDS,2023-03-06 19:00:00-05:00,11.640000343322754,11.720000267028809,11.420000076293945,11.579999923706055,1773200,10.725495338439941,0.0,0.0
TDS,2023-03-07 19:00:00-05:00,11.579999923706055,11.819999694824219,11.40999984741211,11.800000190734863,1546600,10.929262161254883,0.0,0.0
TDS,2023-03-08 19:00:00-05:00,11.8100004196167,11.859999656677246,11.140000343322754,11.140000343322754,2413800,10.317964553833008,0.0,0.0
TDS,2023-03-09 19:00:00-05:00,11.09000015258789,11.170000076293945,10.84000015258789,11.149999618530273,2630300,10.327226638793945,0.0,0.0
TDS,2023-03-12 20:00:00-04:00,10.960000038146973,11.149999618530273,10.510000228881836,10.619999885559082,3744600,9.836335182189941,0.0,0.0
TDS,2023-03-13 20:00:00-04:00,10.699999809265137,10.729999542236328,10.220000267028809,10.380000114440918,4121300,9.784490585327148,0.185,0.0
TDS,2023-03-14 20:00:00-04:00,10.180000305175781,10.460000038146973,9.880000114440918,10.449999809265137,3057100,9.850475311279297,0.0,0.0
TDS,2023-03-15 20:00:00-04:00,10.329999923706055,10.40999984741211,9.770000457763672,10.300000190734863,3989100,9.709080696105957,0.0,0.0
TDS,2023-03-16 20:00:00-04:00,10.260000228881836,10.300000190734863,9.8100004196167,9.949999809265137,6913000,9.379159927368164,0.0,0.0
TDS,2023-03-19 20:00:00-04:00,10.130000114440918,10.420000076293945,10.039999961853027,10.239999771118164,1811900,9.652523040771484,0.0,0.0
TDS,2023-03-20 20:00:00-04:00,10.40999984741211,10.479999542236328,10.210000038146973,10.260000228881836,1664400,9.67137622833252,0.0,0.0
TDS,2023-03-21 20:00:00-04:00,10.329999923706055,10.359999656677246,9.90999984741211,9.920000076293945,2080300,9.350881576538086,0.0,0.0
TDS,2023-03-22 20:00:00-04:00,9.960000038146973,10.09000015258789,9.6899995803833,9.75,1779600,9.190634727478027,0.0,0.0
TDS,2023-03-23 20:00:00-04:00,9.609999656677246,9.710000038146973,9.470000267028809,9.710000038146973,2343100,9.152929306030273,0.0,0.0
TDS,2023-03-26 20:00:00-04:00,9.779999732971191,9.989999771118164,9.720000267028809,9.920000076293945,1055000,9.350881576538086,0.0,0.0
TDS,2023-03-27 20:00:00-04:00,9.819999694824219,9.970000267028809,9.789999961853027,9.880000114440918,1036600,9.313177108764648,0.0,0.0
TDS,2023-03-28 20:00:00-04:00,10.0,10.180000305175781,9.880000114440918,10.029999732971191,1880200,9.454570770263672,0.0,0.0
TDS,2023-03-29 20:00:00-04:00,10.130000114440918,10.399999618530273,10.050000190734863,10.270000457763672,1667700,9.680802345275879,0.0,0.0
TDS,2023-03-30 20:00:00-04:00,10.350000381469727,10.539999961853027,10.34000015258789,10.510000228881836,1403600,9.90703296661377,0.0,0.0
TDS,2023-04-02 20:00:00-04:00,10.600000381469727,10.680000305175781,10.420000076293945,10.5600004196167,1093800,9.954164505004883,0.0,0.0
TDS,2023-04-03 20:00:00-04:00,10.619999885559082,10.649999618530273,10.220000267028809,10.479999542236328,1105100,9.878753662109375,0.0,0.0
TDS,2023-04-04 20:00:00-04:00,10.449999809265137,10.890000343322754,10.449999809265137,10.869999885559082,1146400,10.246379852294922,0.0,0.0
TDS,2023-04-05 20:00:00-04:00,11.010000228881836,11.15999984741211,10.90999984741211,11.079999923706055,1018600,10.444331169128418,0.0,0.0
TDS,2023-04-09 20:00:00-04:00,11.09000015258789,11.25,10.979999542236328,11.180000305175781,1266000,10.538595199584961,0.0,0.0
TDS,2023-04-10 20:00:00-04:00,11.210000038146973,11.5,11.210000038146973,11.229999542236328,1000100,10.585725784301758,0.0,0.0
TDS,2023-04-11 20:00:00-04:00,11.329999923706055,11.369999885559082,10.930000305175781,11.1899995803833,1441100,10.548020362854004,0.0,0.0
TDS,2023-04-12 20:00:00-04:00,11.140000343322754,11.260000228881836,11.09000015258789,11.109999656677246,897800,10.472610473632812,0.0,0.0
TDS,2023-04-13 20:00:00-04:00,11.109999656677246,11.119999885559082,10.869999885559082,10.880000114440918,1168700,10.255805969238281,0.0,0.0
TDS,2023-04-16 20:00:00-04:00,10.899999618530273,11.050000190734863,10.779999732971191,11.050000190734863,1215900,10.41605281829834,0.0,0.0
TDS,2023-04-17 20:00:00-04:00,11.010000228881836,11.119999885559082,10.710000038146973,10.770000457763672,806000,10.152116775512695,0.0,0.0
TDS,2023-04-18 20:00:00-04:00,10.6899995803833,10.800000190734863,10.630000114440918,10.760000228881836,1437200,10.142690658569336,0.0,0.0
TDS,2023-04-19 20:00:00-04:00,10.640000343322754,10.670000076293945,10.34000015258789,10.399999618530273,1222300,9.803343772888184,0.0,0.0
TDS,2023-04-20 20:00:00-04:00,10.449999809265137,10.510000228881836,10.25,10.279999732971191,1266400,9.690228462219238,0.0,0.0
TDS,2023-04-23 20:00:00-04:00,10.279999732971191,10.399999618530273,10.149999618530273,10.1899995803833,1574000,9.605392456054688,0.0,0.0
TDS,2023-04-24 20:00:00-04:00,10.050000190734863,10.119999885559082,9.720000267028809,9.770000457763672,1583600,9.209487915039062,0.0,0.0
TDS,2023-04-25 20:00:00-04:00,9.710000038146973,9.930000305175781,9.5600004196167,9.579999923706055,2125300,9.030387878417969,0.0,0.0
TDS,2023-04-26 20:00:00-04:00,9.640000343322754,9.899999618530273,9.59000015258789,9.800000190734863,1493300,9.237767219543457,0.0,0.0
TDS,2023-04-27 20:00:00-04:00,9.8100004196167,10.199999809265137,9.8100004196167,10.0,1414600,9.426291465759277,0.0,0.0
TDS,2023-04-30 20:00:00-04:00,10.010000228881836,10.220000267028809,9.9399995803833,9.989999771118164,1862000,9.416866302490234,0.0,0.0
TDS,2023-05-01 20:00:00-04:00,9.890000343322754,9.90999984741211,9.359999656677246,9.430000305175781,3347600,8.888993263244629,0.0,0.0
TDS,2023-05-02 20:00:00-04:00,9.520000457763672,9.600000381469727,9.380000114440918,9.4399995803833,1879100,8.898419380187988,0.0,0.0
TDS,2023-05-03 20:00:00-04:00,9.319999694824219,9.5600004196167,9.15999984741211,9.5600004196167,2722200,9.01153564453125,0.0,0.0
TDS,2023-05-04 20:00:00-04:00,8.989999771118164,9.0600004196167,6.730000019073486,7.929999828338623,7255400,7.47504997253418,0.0,0.0
TDS,2023-05-07 20:00:00-04:00,7.929999828338623,7.949999809265137,7.389999866485596,7.449999809265137,4643700,7.022587299346924,0.0,0.0
TDS,2023-05-08 20:00:00-04:00,7.329999923706055,7.409999847412109,6.78000020980835,7.190000057220459,4319600,6.777503490447998,0.0,0.0
TDS,2023-05-09 20:00:00-04:00,7.349999904632568,7.369999885559082,7.039999961853027,7.170000076293945,2297400,6.758651256561279,0.0,0.0
TDS,2023-05-10 20:00:00-04:00,7.039999961853027,7.690000057220459,6.909999847412109,7.400000095367432,2097800,6.975456237792969,0.0,0.0
TDS,2023-05-11 20:00:00-04:00,7.380000114440918,7.460000038146973,7.25,7.409999847412109,1986800,6.984882354736328,0.0,0.0
TDS,2023-05-14 20:00:00-04:00,7.389999866485596,7.409999847412109,7.099999904632568,7.289999961853027,2756100,6.871767044067383,0.0,0.0
TDS,2023-05-15 20:00:00-04:00,7.239999771118164,7.269999980926514,6.96999979019165,6.980000019073486,1513000,6.579552173614502,0.0,0.0
TDS,2023-05-16 20:00:00-04:00,6.989999771118164,7.199999809265137,6.909999847412109,7.139999866485596,2514800,6.730371952056885,0.0,0.0
TDS,2023-05-17 20:00:00-04:00,7.050000190734863,7.050000190734863,6.75,6.929999828338623,3259100,6.5324201583862305,0.0,0.0
TDS,2023-05-18 20:00:00-04:00,7.010000228881836,7.170000076293945,6.889999866485596,6.949999809265137,3576900,6.551272869110107,0.0,0.0
TDS,2023-05-21 20:00:00-04:00,6.949999809265137,7.489999771118164,6.900000095367432,7.46999979019165,3098900,7.041440486907959,0.0,0.0
TDS,2023-05-22 20:00:00-04:00,7.46999979019165,7.630000114440918,7.360000133514404,7.449999809265137,2714100,7.022587299346924,0.0,0.0
TDS,2023-05-23 20:00:00-04:00,7.489999771118164,7.489999771118164,7.03000020980835,7.099999904632568,3129600,6.692667484283447,0.0,0.0
TDS,2023-05-24 20:00:00-04:00,7.0,7.039999961853027,6.679999828338623,6.739999771118164,2546100,6.353320598602295,0.0,0.0
TDS,2023-05-25 20:00:00-04:00,6.710000038146973,6.769999980926514,6.599999904632568,6.730000019073486,1609900,6.3438944816589355,0.0,0.0
TDS,2023-05-29 20:00:00-04:00,6.800000190734863,6.900000095367432,6.690000057220459,6.800000190734863,1537500,6.409878730773926,0.0,0.0
TDS,2023-05-30 20:00:00-04:00,6.730000019073486,6.820000171661377,6.650000095367432,6.679999828338623,2050000,6.2967634201049805,0.0,0.0
TDS,2023-05-31 20:00:00-04:00,6.75,6.789999961853027,6.5,6.599999904632568,2347500,6.2213521003723145,0.0,0.0
TDS,2023-06-01 20:00:00-04:00,6.639999866485596,6.989999771118164,6.440000057220459,6.960000038146973,4713900,6.560699462890625,0.0,0.0
TDS,2023-06-04 20:00:00-04:00,7.0,7.210000038146973,6.869999885559082,6.889999866485596,2840200,6.494715213775635,0.0,0.0
TDS,2023-06-05 20:00:00-04:00,6.860000133514404,7.239999771118164,6.75,7.210000038146973,1970200,6.796356678009033,0.0,0.0
TDS,2023-06-06 20:00:00-04:00,7.329999923706055,7.53000020980835,7.28000020980835,7.440000057220459,2739900,7.0131611824035645,0.0,0.0
TDS,2023-06-07 20:00:00-04:00,7.420000076293945,7.53000020980835,7.25,7.519999980926514,1742100,7.088572025299072,0.0,0.0
TDS,2023-06-08 20:00:00-04:00,7.519999980926514,7.519999980926514,7.28000020980835,7.449999809265137,2693100,7.022587299346924,0.0,0.0
TDS,2023-06-11 20:00:00-04:00,7.550000190734863,7.800000190734863,7.420000076293945,7.679999828338623,3591700,7.239392280578613,0.0,0.0
TDS,2023-06-12 20:00:00-04:00,7.71999979019165,7.940000057220459,7.539999961853027,7.579999923706055,2628200,7.145129680633545,0.0,0.0
TDS,2023-06-13 20:00:00-04:00,7.449999809265137,7.610000133514404,7.239999771118164,7.320000171661377,1960100,7.0726637840271,0.185,0.0
TDS,2023-06-14 20:00:00-04:00,7.28000020980835,7.670000076293945,7.269999980926514,7.639999866485596,1711900,7.381850719451904,0.0,0.0
TDS,2023-06-15 20:00:00-04:00,7.639999866485596,7.639999866485596,7.269999980926514,7.53000020980835,13684600,7.275568008422852,0.0,0.0
TDS,2023-06-19 20:00:00-04:00,7.5,7.599999904632568,7.349999904632568,7.53000020980835,1980500,7.275568008422852,0.0,0.0
TDS,2023-06-20 20:00:00-04:00,7.480000019073486,7.510000228881836,7.340000152587891,7.360000133514404,1255600,7.111312389373779,0.0,0.0
TDS,2023-06-21 20:00:00-04:00,7.300000190734863,7.320000171661377,6.989999771118164,7.139999866485596,2600700,6.898745059967041,0.0,0.0
TDS,2023-06-22 20:00:00-04:00,7.150000095367432,7.340000152587891,7.090000152587891,7.28000020980835,3408800,7.03401517868042,0.0,0.0
TDS,2023-06-25 20:00:00-04:00,7.260000228881836,7.699999809265137,7.25,7.690000057220459,1540000,7.430161952972412,0.0,0.0
TDS,2023-06-26 20:00:00-04:00,7.690000057220459,8.119999885559082,7.670000076293945,8.050000190734863,1735900,7.7779974937438965,0.0,0.0
TDS,2023-06-27 20:00:00-04:00,8.010000228881836,8.109999656677246,7.909999847412109,8.09000015258789,1148900,7.816646099090576,0.0,0.0
TDS,2023-06-28 20:00:00-04:00,8.09000015258789,8.34000015258789,8.09000015258789,8.319999694824219,1110700,8.038874626159668,0.0,0.0
TDS,2023-06-29 20:00:00-04:00,8.34000015258789,8.390000343322754,8.140000343322754,8.229999542236328,2041000,7.951915264129639,0.0,0.0
TDS,2023-07-02 20:00:00-04:00,8.300000190734863,8.569999694824219,8.279999732971191,8.5600004196167,725700,8.270764350891113,0.0,0.0
TDS,2023-07-04 20:00:00-04:00,8.460000038146973,8.829999923706055,8.210000038146973,8.399999618530273,3113400,8.116170883178711,0.0,0.0
TDS,2023-07-05 20:00:00-04:00,8.319999694824219,8.470000267028809,8.149999618530273,8.449999809265137,2439900,8.164482116699219,0.0,0.0
TDS,2023-07-06 20:00:00-04:00,8.449999809265137,8.930000305175781,8.449999809265137,8.760000228881836,1500400,8.464007377624512,0.0,0.0
TDS,2023-07-09 20:00:00-04:00,8.779999732971191,8.850000381469727,8.399999618530273,8.420000076293945,1274000,8.135496139526367,0.0,0.0
TDS,2023-07-10 20:00:00-04:00,8.399999618530273,8.430000305175781,8.020000457763672,8.3100004196167,3097700,8.029212951660156,0.0,0.0
TDS,2023-07-11 20:00:00-04:00,8.5,8.630000114440918,8.149999618530273,8.229999542236328,2805300,7.951915264129639,0.0,0.0
TDS,2023-07-12 20:00:00-04:00,8.199999809265137,8.239999771118164,8.050000190734863,8.140000343322754,1020600,7.864956855773926,0.0,0.0
TDS,2023-07-13 20:00:00-04:00,8.09000015258789,8.09000015258789,7.610000133514404,7.639999866485596,1854800,7.381850719451904,0.0,0.0
TDS,2023-07-16 20:00:00-04:00,7.170000076293945,7.389999866485596,7.0,7.0,3689200,6.7634758949279785,0.0,0.0
TDS,2023-07-17 20:00:00-04:00,7.449999809265137,7.829999923706055,7.320000171661377,7.670000076293945,3355500,7.410837173461914,0.0,0.0
TDS,2023-07-18 20:00:00-04:00,8.020000457763672,8.199999809265137,7.929999828338623,8.1899995803833,1750200,7.913267135620117,0.0,0.0
TDS,2023-07-19 20:00:00-04:00,8.1899995803833,8.1899995803833,7.929999828338623,8.109999656677246,1213700,7.835968971252441,0.0,0.0
TDS,2023-07-20 20:00:00-04:00,8.149999618530273,8.170000076293945,7.949999809265137,7.96999979019165,921500,7.700700283050537,0.0,0.0
TDS,2023-07-23 20:00:00-04:00,7.980000019073486,8.279999732971191,7.96999979019165,8.180000305175781,776400,7.9036054611206055,0.0,0.0
TDS,2023-07-24 20:00:00-04:00,8.130000114440918,8.40999984741211,8.020000457763672,8.329999923706055,3783500,8.04853630065918,0.0,0.0
TDS,2023-07-25 20:00:00-04:00,8.289999961853027,8.380000114440918,8.09000015258789,8.34000015258789,1501000,8.058198928833008,0.0,0.0
TDS,2023-07-26 20:00:00-04:00,8.399999618530273,8.460000038146973,7.880000114440918,7.889999866485596,1083100,7.623403549194336,0.0,0.0
TDS,2023-07-27 20:00:00-04:00,7.980000019073486,8.149999618530273,7.929999828338623,8.029999732971191,881300,7.758673191070557,0.0,0.0
TDS,2023-07-30 20:00:00-04:00,8.100000381469727,8.1899995803833,7.960000038146973,8.020000457763672,861000,7.749011516571045,0.0,0.0
TDS,2023-07-31 20:00:00-04:00,8.050000190734863,8.050000190734863,7.710000038146973,7.929999828338623,1529700,7.662052631378174,0.0,0.0
TDS,2023-08-01 20:00:00-04:00,7.880000114440918,7.940000057220459,7.739999771118164,7.860000133514404,1283700,7.594417572021484,0.0,0.0
TDS,2023-08-02 20:00:00-04:00,7.789999961853027,7.980000019073486,7.639999866485596,7.900000095367432,1039500,7.633065700531006,0.0,0.0
TDS,2023-08-03 20:00:00-04:00,10.800000190734863,15.0,10.430000305175781,14.84000015258789,18554800,14.338569641113281,0.0,0.0
TDS,2023-08-06 20:00:00-04:00,14.819999694824219,15.1899995803833,13.199999809265137,13.199999809265137,6256800,12.753982543945312,0.0,0.0
TDS,2023-08-07 20:00:00-04:00,13.90999984741211,17.09000015258789,13.90999984741211,16.989999771118164,8755800,16.415922164916992,0.0,0.0
TDS,2023-08-08 20:00:00-04:00,16.670000076293945,17.09000015258789,15.890000343322754,16.709999084472656,4435000,16.145383834838867,0.0,0.0
TDS,2023-08-09 20:00:00-04:00,16.549999237060547,17.3799991607666,16.469999313354492,17.229999542236328,2204200,16.64781379699707,0.0,0.0
TDS,2023-08-10 20:00:00-04:00,17.020000457763672,17.479999542236328,16.899999618530273,17.40999984741211,2936500,16.821731567382812,0.0,0.0
TDS,2023-08-13 20:00:00-04:00,17.40999984741211,18.299999237060547,17.219999313354492,18.040000915527344,2454800,17.430444717407227,0.0,0.0
TDS,2023-08-14 20:00:00-04:00,17.90999984741211,18.5,17.479999542236328,18.18000030517578,2369100,17.56571388244629,0.0,0.0
TDS,2023-08-15 20:00:00-04:00,18.200000762939453,18.889999389648438,18.200000762939453,18.469999313354492,2719700,17.845914840698242,0.0,0.0
TDS,2023-08-16 20:00:00-04:00,18.450000762939453,18.84000015258789,18.010000228881836,18.56999969482422,3030400,17.942535400390625,0.0,0.0
TDS,2023-08-17 20:00:00-04:00,18.43000030517578,18.950000762939453,17.950000762939453,18.079999923706055,2031400,17.469091415405273,0.0,0.0
TDS,2023-08-20 20:00:00-04:00,18.309999465942383,18.75,17.969999313354492,17.979999542236328,1296400,17.372472763061523,0.0,0.0
TDS,2023-08-21 20:00:00-04:00,17.959999084472656,18.420000076293945,17.729999542236328,18.170000076293945,1413900,17.556053161621094,0.0,0.0
TDS,2023-08-22 20:00:00-04:00,17.989999771118164,18.360000610351562,17.729999542236328,17.899999618530273,1005100,17.2951717376709,0.0,0.0
TDS,2023-08-23 20:00:00-04:00,17.75,18.100000381469727,17.6200008392334,17.829999923706055,1217700,17.227540969848633,0.0,0.0
TDS,2023-08-24 20:00:00-04:00,17.829999923706055,18.059999465942383,17.479999542236328,17.59000015258789,1161200,16.995649337768555,0.0,0.0
TDS,2023-08-27 20:00:00-04:00,17.579999923706055,18.399999618530273,17.579999923706055,18.360000610351562,1193000,17.739633560180664,0.0,0.0
TDS,2023-08-28 20:00:00-04:00,18.43000030517578,19.780000686645508,18.3799991607666,19.780000686645508,1872500,19.111650466918945,0.0,0.0
TDS,2023-08-29 20:00:00-04:00,19.690000534057617,21.260000228881836,19.3799991607666,21.079999923706055,1895200,20.367725372314453,0.0,0.0
TDS,2023-08-30 20:00:00-04:00,21.0,21.75,20.799999237060547,21.489999771118164,2516800,20.763870239257812,0.0,0.0
TDS,2023-08-31 20:00:00-04:00,21.479999542236328,21.739999771118164,21.09000015258789,21.40999984741211,1036200,20.686574935913086,0.0,0.0
TDS,2023-09-04 20:00:00-04:00,21.309999465942383,21.600000381469727,20.270000457763672,20.299999237060547,1097200,19.61408042907715,0.0,0.0
TDS,2023-09-05 20:00:00-04:00,20.399999618530273,20.6299991607666,19.149999618530273,19.3700008392334,1945500,18.71550750732422,0.0,0.0
TDS,2023-09-06 20:00:00-04:00,19.6200008392334,20.040000915527344,18.969999313354492,18.979999542236328,2190400,18.338680267333984,0.0,0.0
TDS,2023-09-07 20:00:00-04:00,18.950000762939453,19.219999313354492,17.8799991607666,18.18000030517578,1925600,17.56571388244629,0.0,0.0
TDS,2023-09-10 20:00:00-04:00,17.850000381469727,18.219999313354492,17.3700008392334,17.649999618530273,2583300,17.053621292114258,0.0,0.0
TDS,2023-09-11 20:00:00-04:00,17.639999389648438,17.889999389648438,17.059999465942383,17.610000610351562,1778200,17.014972686767578,0.0,0.0
TDS,2023-09-12 20:00:00-04:00,17.809999465942383,17.8799991607666,17.149999618530273,17.549999237060547,1986800,16.956998825073242,0.0,0.0
TDS,2023-09-13 20:00:00-04:00,17.5,17.969999313354492,17.399999618530273,17.75,1981500,17.33295440673828,0.185,0.0
TDS,2023-09-14 20:00:00-04:00,17.6200008392334,17.780000686645508,17.18000030517578,17.219999313354492,16109000,16.815406799316406,0.0,0.0
TDS,2023-09-17 20:00:00-04:00,17.579999923706055,17.899999618530273,17.100000381469727,17.18000030517578,1254200,16.776348114013672,0.0,0.0
TDS,2023-09-18 20:00:00-04:00,17.34000015258789,18.049999237060547,17.299999237060547,17.899999618530273,1162400,17.479429244995117,0.0,0.0
TDS,2023-09-19 20:00:00-04:00,18.15999984741211,18.6299991607666,17.920000076293945,18.15999984741211,1284700,17.733322143554688,0.0,0.0
TDS,2023-09-20 20:00:00-04:00,17.950000762939453,18.479999542236328,17.809999465942383,17.989999771118164,1179100,17.56731605529785,0.0,0.0
TDS,2023-09-21 20:00:00-04:00,17.920000076293945,18.229999542236328,17.75,17.889999389648438,828100,17.469663619995117,0.0,0.0
TDS,2023-09-24 20:00:00-04:00,17.729999542236328,17.969999313354492,17.3700008392334,17.8799991607666,822400,17.459897994995117,0.0,0.0
TDS,2023-09-25 20:00:00-04:00,17.709999084472656,18.209999084472656,17.350000381469727,17.709999084472656,1151600,17.293895721435547,0.0,0.0
TDS,2023-09-26 20:00:00-04:00,17.68000030517578,18.219999313354492,17.520000457763672,17.84000015258789,939100,17.420841217041016,0.0,0.0
TDS,2023-09-27 20:00:00-04:00,17.84000015258789,18.510000228881836,17.84000015258789,18.43000030517578,1285600,17.996976852416992,0.0,0.0
TDS,2023-09-28 20:00:00-04:00,18.270000457763672,18.6200008392334,18.1200008392334,18.309999465942383,1340000,17.879796981811523,0.0,0.0
TDS,2023-10-01 20:00:00-04:00,18.209999084472656,18.31999969482422,17.290000915527344,17.309999465942383,1595200,16.903291702270508,0.0,0.0
TDS,2023-10-02 20:00:00-04:00,17.479999542236328,17.6299991607666,16.860000610351562,16.920000076293945,863700,16.522457122802734,0.0,0.0
TDS,2023-10-03 20:00:00-04:00,16.8799991607666,16.93000030517578,16.520000457763672,16.6200008392334,1078800,16.22950553894043,0.0,0.0
TDS,2023-10-04 20:00:00-04:00,16.68000030517578,16.780000686645508,16.299999237060547,16.639999389648438,1029300,16.249034881591797,0.0,0.0
TDS,2023-10-05 20:00:00-04:00,16.559999465942383,16.790000915527344,15.880000114440918,16.520000457763672,1581700,16.131853103637695,0.0,0.0
TDS,2023-10-08 20:00:00-04:00,16.56999969482422,17.579999923706055,16.56999969482422,17.43000030517578,940500,17.02047348022461,0.0,0.0
TDS,2023-10-09 20:00:00-04:00,17.360000610351562,17.950000762939453,17.360000610351562,17.84000015258789,1211400,17.420841217041016,0.0,0.0
TDS,2023-10-10 20:00:00-04:00,17.799999237060547,18.190000534057617,17.799999237060547,18.010000228881836,966400,17.58684539794922,0.0,0.0
TDS,2023-10-11 20:00:00-04:00,18.010000228881836,18.170000076293945,17.65999984741211,17.729999542236328,1369700,17.313425064086914,0.0,0.0
TDS,2023-10-12 20:00:00-04:00,17.920000076293945,18.049999237060547,17.59000015258789,17.8799991607666,1667300,17.459897994995117,0.0,0.0
TDS,2023-10-15 20:00:00-04:00,17.899999618530273,19.260000228881836,17.8700008392334,19.010000228881836,1286900,18.563350677490234,0.0,0.0
TDS,2023-10-16 20:00:00-04:00,18.979999542236328,19.739999771118164,18.780000686645508,19.350000381469727,1686400,18.895362854003906,0.0,0.0
TDS,2023-10-17 20:00:00-04:00,19.170000076293945,19.600000381469727,18.899999618530273,19.559999465942383,1136000,19.100427627563477,0.0,0.0
TDS,2023-10-18 20:00:00-04:00,19.729999542236328,19.729999542236328,18.639999389648438,18.639999389648438,1351700,18.202043533325195,0.0,0.0
TDS,2023-10-19 20:00:00-04:00,18.690000534057617,19.15999984741211,17.959999084472656,17.969999313354492,1257200,17.547786712646484,0.0,0.0
TDS,2023-10-22 20:00:00-04:00,17.8799991607666,18.600000381469727,17.3799991607666,18.059999465942383,907100,17.635671615600586,0.0,0.0
TDS,2023-10-23 20:00:00-04:00,18.350000381469727,19.1299991607666,18.350000381469727,18.549999237060547,750000,18.114158630371094,0.0,0.0
TDS,2023-10-24 20:00:00-04:00,18.43000030517578,18.68000030517578,18.0,18.040000915527344,791100,17.61614227294922,0.0,0.0
TDS,2023-10-25 20:00:00-04:00,18.1200008392334,18.65999984741211,17.969999313354492,18.25,1031000,17.821208953857422,0.0,0.0
TDS,2023-10-26 20:00:00-04:00,18.1299991607666,18.530000686645508,17.549999237060547,17.799999237060547,909500,17.38178062438965,0.0,0.0
TDS,2023-10-29 20:00:00-04:00,18.040000915527344,18.549999237060547,17.889999389648438,18.079999923706055,597800,17.655200958251953,0.0,0.0
TDS,2023-10-30 20:00:00-04:00,18.190000534057617,18.3799991607666,17.700000762939453,18.190000534057617,755400,17.762619018554688,0.0,0.0
TDS,2023-10-31 20:00:00-04:00,18.299999237060547,18.93000030517578,17.950000762939453,18.540000915527344,953500,18.104394912719727,0.0,0.0
TDS,2023-11-01 20:00:00-04:00,18.989999771118164,19.280000686645508,18.719999313354492,19.040000915527344,1540100,18.592647552490234,0.0,0.0
TDS,2023-11-02 20:00:00-04:00,18.020000457763672,20.079999923706055,17.56999969482422,19.450000762939453,1706800,18.993013381958008,0.0,0.0
TDS,2023-11-05 19:00:00-05:00,19.1299991607666,19.280000686645508,18.200000762939453,18.239999771118164,1789000,17.81144142150879,0.0,0.0
TDS,2023-11-06 19:00:00-05:00,18.15999984741211,18.65999984741211,18.040000915527344,18.329999923706055,893000,17.89932632446289,0.0,0.0
TDS,2023-11-07 19:00:00-05:00,18.290000915527344,18.56999969482422,17.75,18.229999542236328,919200,17.80167579650879,0.0,0.0
TDS,2023-11-08 19:00:00-05:00,18.229999542236328,18.68000030517578,18.079999923706055,18.25,794000,17.821208953857422,0.0,0.0
TDS,2023-11-09 19:00:00-05:00,18.389999389648438,18.389999389648438,17.780000686645508,17.920000076293945,772900,17.49896240234375,0.0,0.0
TDS,2023-11-12 19:00:00-05:00,17.950000762939453,18.079999923706055,17.40999984741211,17.93000030517578,757400,17.50872802734375,0.0,0.0
TDS,2023-11-13 19:00:00-05:00,18.670000076293945,18.8700008392334,18.440000534057617,18.780000686645508,1126500,18.338754653930664,0.0,0.0
TDS,2023-11-14 19:00:00-05:00,18.65999984741211,19.309999465942383,18.610000610351562,19.260000228881836,702300,18.807477951049805,0.0,0.0
TDS,2023-11-15 19:00:00-05:00,19.25,19.549999237060547,18.6299991607666,19.329999923706055,922400,18.875831604003906,0.0,0.0
TDS,2023-11-16 19:00:00-05:00,19.559999465942383,19.6299991607666,19.09000015258789,19.34000015258789,964700,18.885597229003906,0.0,0.0
TDS,2023-11-19 19:00:00-05:00,19.239999771118164,19.90999984741211,19.1200008392334,19.68000030517578,706900,19.217607498168945,0.0,0.0
TDS,2023-11-20 19:00:00-05:00,19.690000534057617,19.950000762939453,19.190000534057617,19.280000686645508,549000,18.827009201049805,0.0,0.0
TDS,2023-11-21 19:00:00-05:00,19.420000076293945,19.6200008392334,18.989999771118164,19.059999465942383,374400,18.6121768951416,0.0,0.0
TDS,2023-11-23 19:00:00-05:00,19.149999618530273,19.450000762939453,19.149999618530273,19.219999313354492,190500,18.768415451049805,0.0,0.0
TDS,2023-11-26 19:00:00-05:00,19.100000381469727,19.350000381469727,18.690000534057617,18.790000915527344,810500,18.348520278930664,0.0,0.0
TDS,2023-11-27 19:00:00-05:00,18.670000076293945,18.93000030517578,18.1299991607666,18.920000076293945,799500,18.475465774536133,0.0,0.0
TDS,2023-11-28 19:00:00-05:00,18.959999084472656,19.600000381469727,18.959999084472656,19.56999969482422,695600,19.110193252563477,0.0,0.0
TDS,2023-11-29 19:00:00-05:00,19.579999923706055,19.790000915527344,19.389999389648438,19.700000762939453,1159500,19.237138748168945,0.0,0.0
TDS,2023-11-30 19:00:00-05:00,19.59000015258789,21.149999618530273,19.459999084472656,21.1200008392334,1060700,20.623775482177734,0.0,0.0
TDS,2023-12-03 19:00:00-05:00,20.93000030517578,21.34000015258789,19.969999313354492,20.030000686645508,1364300,19.559385299682617,0.0,0.0
TDS,2023-12-04 19:00:00-05:00,19.989999771118164,19.989999771118164,18.93000030517578,19.1299991607666,1041400,18.680530548095703,0.0,0.0
TDS,2023-12-05 19:00:00-05:00,19.1299991607666,19.399999618530273,18.309999465942383,18.3799991607666,1376900,17.948152542114258,0.0,0.0
TDS,2023-12-06 19:00:00-05:00,18.510000228881836,18.940000534057617,18.229999542236328,18.920000076293945,1956800,18.475465774536133,0.0,0.0
TDS,2023-12-07 19:00:00-05:00,18.790000915527344,19.239999771118164,18.3700008392334,18.59000015258789,1009700,18.15321922302246,0.0,0.0
TDS,2023-12-10 19:00:00-05:00,18.799999237060547,18.860000610351562,17.959999084472656,18.399999618530273,1094800,17.967681884765625,0.0,0.0
TDS,2023-12-11 19:00:00-05:00,18.25,18.559999465942383,17.920000076293945,17.989999771118164,936100,17.56731605529785,0.0,0.0
TDS,2023-12-12 19:00:00-05:00,18.0,18.8799991607666,17.510000228881836,18.770000457763672,1931500,18.328990936279297,0.0,0.0
TDS,2023-12-13 19:00:00-05:00,19.270000457763672,19.75,17.770000457763672,18.229999542236328,1448000,17.978878021240234,0.185,0.0
TDS,2023-12-14 19:00:00-05:00,18.3700008392334,18.3700008392334,17.559999465942383,17.719999313354492,2911300,17.47590446472168,0.0,0.0
TDS,2023-12-17 19:00:00-05:00,17.899999618530273,18.389999389648438,17.729999542236328,17.989999771118164,977300,17.742185592651367,0.0,0.0
TDS,2023-12-18 19:00:00-05:00,18.079999923706055,18.559999465942383,17.950000762939453,18.479999542236328,1005600,18.22543716430664,0.0,0.0
TDS,2023-12-19 19:00:00-05:00,18.479999542236328,18.84000015258789,18.100000381469727,18.110000610351562,967900,17.860532760620117,0.0,0.0
TDS,2023-12-20 19:00:00-05:00,18.239999771118164,18.59000015258789,18.239999771118164,18.520000457763672,541700,18.26488494873047,0.0,0.0
TDS,2023-12-21 19:00:00-05:00,18.510000228881836,18.799999237060547,17.75,17.969999313354492,460900,17.722461700439453,0.0,0.0
TDS,2023-12-25 19:00:00-05:00,18.079999923706055,18.299999237060547,17.850000381469727,18.219999313354492,402900,17.969017028808594,0.0,0.0
TDS,2023-12-26 19:00:00-05:00,18.290000915527344,18.3700008392334,18.020000457763672,18.1299991607666,553100,17.88025665283203,0.0,0.0
TDS,2023-12-27 19:00:00-05:00,18.020000457763672,18.479999542236328,17.979999542236328,18.479999542236328,430600,18.22543716430664,0.0,0.0
TDS,2023-12-28 19:00:00-05:00,18.459999084472656,18.530000686645508,18.15999984741211,18.350000381469727,706900,18.097227096557617,0.0,0.0
TDS,2024-01-01 19:00:00-05:00,18.110000610351562,18.600000381469727,17.75,18.15999984741211,729300,17.90984535217285,0.0,0.0
TDS,2024-01-02 19:00:00-05:00,18.06999969482422,18.450000762939453,17.90999984741211,18.139999389648438,831100,17.890119552612305,0.0,0.0
TDS,2024-01-03 19:00:00-05:00,18.459999084472656,18.459999084472656,17.969999313354492,18.260000228881836,731300,18.008468627929688,0.0,0.0
TDS,2024-01-04 19:00:00-05:00,18.15999984741211,19.15999984741211,18.049999237060547,18.90999984741211,1035500,18.649511337280273,0.0,0.0
TDS,2024-01-07 19:00:00-05:00,18.940000534057617,18.940000534057617,18.149999618530273,18.209999084472656,787100,17.95915412902832,0.0,0.0
TDS,2024-01-08 19:00:00-05:00,17.93000030517578,18.309999465942383,17.610000610351562,18.280000686645508,749700,18.0281925201416,0.0,0.0
TDS,2024-01-09 19:00:00-05:00,18.100000381469727,18.260000228881836,17.850000381469727,17.979999542236328,502700,17.732322692871094,0.0,0.0
TDS,2024-01-10 19:00:00-05:00,17.860000610351562,17.889999389648438,17.299999237060547,17.68000030517578,567800,17.43645668029785,0.0,0.0
TDS,2024-01-11 19:00:00-05:00,17.8700008392334,18.399999618530273,17.84000015258789,18.329999923706055,586000,18.07750129699707,0.0,0.0
TDS,2024-01-15 19:00:00-05:00,18.239999771118164,18.450000762939453,17.899999618530273,18.440000534057617,831700,18.18598747253418,0.0,0.0
TDS,2024-01-16 19:00:00-05:00,18.149999618530273,18.899999618530273,18.059999465942383,18.25,779600,17.998605728149414,0.0,0.0
TDS,2024-01-17 19:00:00-05:00,18.270000457763672,18.5,17.940000534057617,18.43000030517578,668200,18.176124572753906,0.0,0.0
TDS,2024-01-18 19:00:00-05:00,18.559999465942383,18.6299991607666,18.010000228881836,18.549999237060547,579600,18.294471740722656,0.0,0.0
TDS,2024-01-21 19:00:00-05:00,18.739999771118164,18.959999084472656,18.170000076293945,18.8700008392334,1119400,18.610065460205078,0.0,0.0
TDS,2024-01-22 19:00:00-05:00,19.260000228881836,19.649999618530273,18.649999618530273,18.690000534057617,717300,18.43254280090332,0.0,0.0
TDS,2024-01-23 19:00:00-05:00,18.799999237060547,18.799999237060547,17.989999771118164,18.010000228881836,731400,17.76190948486328,0.0,0.0
TDS,2024-01-24 19:00:00-05:00,18.209999084472656,18.989999771118164,18.190000534057617,18.979999542236328,886200,18.718547821044922,0.0,0.0
TDS,2024-01-25 19:00:00-05:00,19.149999618530273,20.93000030517578,19.079999923706055,20.079999923706055,1407300,19.803396224975586,0.0,0.0
TDS,2024-01-28 19:00:00-05:00,20.079999923706055,20.079999923706055,19.020000457763672,19.18000030517578,965100,18.915794372558594,0.0,0.0
TDS,2024-01-29 19:00:00-05:00,18.979999542236328,19.440000534057617,18.6200008392334,19.239999771118164,1076800,18.974966049194336,0.0,0.0
TDS,2024-01-30 19:00:00-05:00,19.18000030517578,19.739999771118164,18.950000762939453,19.209999084472656,1006900,18.94537925720215,0.0,0.0
TDS,2024-01-31 19:00:00-05:00,19.200000762939453,19.59000015258789,19.0,19.200000762939453,806300,18.935518264770508,0.0,0.0
TDS,2024-02-01 19:00:00-05:00,18.90999984741211,19.760000228881836,18.90999984741211,19.229999542236328,910700,18.965103149414062,0.0,0.0
TDS,2024-02-04 19:00:00-05:00,18.899999618530273,18.950000762939453,18.459999084472656,18.780000686645508,1260900,18.521303176879883,0.0,0.0
TDS,2024-02-05 19:00:00-05:00,18.719999313354492,19.059999465942383,18.469999313354492,18.739999771118164,1008900,18.481855392456055,0.0,0.0
TDS,2024-02-06 19:00:00-05:00,18.709999084472656,18.709999084472656,18.09000015258789,18.190000534057617,877500,17.93943214416504,0.0,0.0
TDS,2024-02-07 19:00:00-05:00,18.010000228881836,18.600000381469727,18.010000228881836,18.459999084472656,873600,18.20570945739746,0.0,0.0
TDS,2024-02-08 19:00:00-05:00,18.469999313354492,18.700000762939453,18.09000015258789,18.549999237060547,650600,18.294471740722656,0.0,0.0
TDS,2024-02-11 19:00:00-05:00,18.639999389648438,19.270000457763672,18.639999389648438,19.139999389648438,922100,18.8763427734375,0.0,0.0
TDS,2024-02-12 19:00:00-05:00,18.59000015258789,18.850000381469727,18.010000228881836,18.139999389648438,1167100,17.890119552612305,0.0,0.0
TDS,2024-02-13 19:00:00-05:00,18.459999084472656,18.790000915527344,18.209999084472656,18.770000457763672,715400,18.511442184448242,0.0,0.0
TDS,2024-02-14 19:00:00-05:00,18.700000762939453,19.110000610351562,18.229999542236328,18.440000534057617,957000,18.18598747253418,0.0,0.0
TDS,2024-02-15 19:00:00-05:00,17.049999237060547,17.360000610351562,13.8100004196167,14.039999961853027,4967300,13.846597671508789,0.0,0.0
TDS,2024-02-19 19:00:00-05:00,13.90999984741211,15.550000190734863,13.6899995803833,14.390000343322754,2145100,14.191776275634766,0.0,0.0
TDS,2024-02-20 19:00:00-05:00,14.239999771118164,14.770000457763672,14.09000015258789,14.649999618530273,1291600,14.44819450378418,0.0,0.0
TDS,2024-02-21 19:00:00-05:00,14.569999694824219,14.850000381469727,14.0600004196167,14.420000076293945,1573200,14.221363067626953,0.0,0.0
TDS,2024-02-22 19:00:00-05:00,14.319999694824219,14.579999923706055,14.020000457763672,14.029999732971191,1248200,13.836734771728516,0.0,0.0
TDS,2024-02-25 19:00:00-05:00,14.039999961853027,14.670000076293945,13.920000076293945,14.550000190734863,1106400,14.34957218170166,0.0,0.0
TDS,2024-02-26 19:00:00-05:00,14.649999618530273,14.850000381469727,14.3100004196167,14.770000457763672,980000,14.566542625427246,0.0,0.0
TDS,2024-02-27 19:00:00-05:00,14.710000038146973,15.359999656677246,14.579999923706055,14.930000305175781,1142600,14.72433853149414,0.0,0.0
TDS,2024-02-28 19:00:00-05:00,14.9399995803833,15.579999923706055,14.899999618530273,15.300000190734863,1178500,15.089241981506348,0.0,0.0
TDS,2024-02-29 19:00:00-05:00,15.270000457763672,15.420000076293945,14.850000381469727,15.40999984741211,800800,15.197725296020508,0.0,0.0
TDS,2024-03-03 19:00:00-05:00,15.40999984741211,15.720000267028809,15.15999984741211,15.550000190734863,763600,15.335797309875488,0.0,0.0
TDS,2024-03-04 19:00:00-05:00,15.5,15.680000305175781,15.199999809265137,15.220000267028809,993900,15.010343551635742,0.0,0.0
TDS,2024-03-05 19:00:00-05:00,15.4399995803833,15.520000457763672,15.039999961853027,15.359999656677246,1392000,15.148414611816406,0.0,0.0
TDS,2024-03-06 19:00:00-05:00,15.539999961853027,15.84000015258789,15.359999656677246,15.529999732971191,955800,15.316072463989258,0.0,0.0
TDS,2024-03-07 19:00:00-05:00,15.699999809265137,15.989999771118164,15.579999923706055,15.930000305175781,740100,15.710563659667969,0.0,0.0
TDS,2024-03-10 20:00:00-04:00,15.949999809265137,16.110000610351562,15.729999542236328,15.75,730000,15.533042907714844,0.0,0.0
TDS,2024-03-11 20:00:00-04:00,15.699999809265137,16.059999465942383,15.5,15.720000267028809,616300,15.503456115722656,0.0,0.0
TDS,2024-03-12 20:00:00-04:00,15.720000267028809,16.190000534057617,15.720000267028809,16.09000015258789,621000,15.868359565734863,0.0,0.0
TDS,2024-03-13 20:00:00-04:00,15.960000038146973,16.0,15.550000190734863,15.670000076293945,848400,15.638816833496094,0.19,0.0
TDS,2024-03-14 20:00:00-04:00,15.770000457763672,16.030000686645508,15.430000305175781,15.430000305175781,2046300,15.399293899536133,0.0,0.0
TDS,2024-03-17 20:00:00-04:00,15.40999984741211,15.619999885559082,15.050000190734863,15.430000305175781,1033300,15.399293899536133,0.0,0.0
TDS,2024-03-18 20:00:00-04:00,15.329999923706055,15.65999984741211,14.930000305175781,15.649999618530273,951500,15.618855476379395,0.0,0.0
TDS,2024-03-19 20:00:00-04:00,15.5600004196167,16.219999313354492,15.479999542236328,16.15999984741211,653900,16.12784194946289,0.0,0.0
TDS,2024-03-20 20:00:00-04:00,16.3700008392334,16.799999237060547,15.949999809265137,16.049999237060547,1068000,16.01805877685547,0.0,0.0
TDS,2024-03-21 20:00:00-04:00,16.100000381469727,16.100000381469727,15.649999618530273,15.729999542236328,576400,15.69869613647461,0.0,0.0
TDS,2024-03-24 20:00:00-04:00,15.890000343322754,16.239999771118164,15.890000343322754,16.1299991607666,540200,16.097900390625,0.0,0.0
TDS,2024-03-25 20:00:00-04:00,16.209999084472656,16.25,15.6899995803833,15.729999542236328,620700,15.69869613647461,0.0,0.0
TDS,2024-03-26 20:00:00-04:00,15.760000228881836,16.079999923706055,15.569999694824219,15.859999656677246,861600,15.828437805175781,0.0,0.0
TDS,2024-03-27 20:00:00-04:00,15.979999542236328,16.190000534057617,15.859999656677246,16.020000457763672,1144700,15.988120079040527,0.0,0.0
TDS,2024-03-31 20:00:00-04:00,16.049999237060547,16.049999237060547,15.600000381469727,15.670000076293945,537300,15.638816833496094,0.0,0.0
TDS,2024-04-01 20:00:00-04:00,15.5600004196167,16.15999984741211,15.5,15.90999984741211,945700,15.878338813781738,0.0,0.0
TDS,2024-04-02 20:00:00-04:00,15.8100004196167,16.420000076293945,15.8100004196167,16.239999771118164,710100,16.20768165588379,0.0,0.0
TDS,2024-04-03 20:00:00-04:00,16.360000610351562,16.3799991607666,15.680000305175781,15.699999809265137,742100,15.668756484985352,0.0,0.0
TDS,2024-04-04 20:00:00-04:00,15.640000343322754,15.819999694824219,15.510000228881836,15.670000076293945,744300,15.638816833496094,0.0,0.0
TDS,2024-04-07 20:00:00-04:00,15.670000076293945,15.930000305175781,15.430000305175781,15.4399995803833,779500,15.409274101257324,0.0,0.0
TDS,2024-04-08 20:00:00-04:00,15.5,15.819999694824219,15.270000457763672,15.779999732971191,702400,15.748597145080566,0.0,0.0
TDS,2024-04-09 20:00:00-04:00,15.359999656677246,16.079999923706055,15.140000343322754,15.680000305175781,808200,15.648797035217285,0.0,0.0
TDS,2024-04-10 20:00:00-04:00,15.720000267028809,16.100000381469727,15.65999984741211,16.049999237060547,810900,16.01805877685547,0.0,0.0
TDS,2024-04-11 20:00:00-04:00,16.040000915527344,16.100000381469727,15.640000343322754,15.649999618530273,667300,15.618855476379395,0.0,0.0
TDS,2024-04-14 20:00:00-04:00,15.640000343322754,15.710000038146973,15.180000305175781,15.359999656677246,952100,15.329432487487793,0.0,0.0
TDS,2024-04-15 20:00:00-04:00,15.239999771118164,15.34000015258789,14.960000038146973,15.0600004196167,659000,15.030030250549316,0.0,0.0
TDS,2024-04-16 20:00:00-04:00,15.199999809265137,15.670000076293945,14.949999809265137,14.960000038146973,696400,14.930229187011719,0.0,0.0
TDS,2024-04-17 20:00:00-04:00,14.970000267028809,15.239999771118164,14.869999885559082,15.149999618530273,700700,15.119851112365723,0.0,0.0
TDS,2024-04-18 20:00:00-04:00,15.149999618530273,15.470000267028809,15.149999618530273,15.369999885559082,947800,15.3394136428833,0.0,0.0
TDS,2024-04-21 20:00:00-04:00,15.5,15.699999809265137,15.270000457763672,15.569999694824219,763400,15.53901481628418,0.0,0.0
TDS,2024-04-22 20:00:00-04:00,15.550000190734863,16.09000015258789,15.40999984741211,15.710000038146973,712700,15.678736686706543,0.0,0.0
TDS,2024-04-23 20:00:00-04:00,15.640000343322754,16.06999969482422,15.520000457763672,16.06999969482422,716900,16.03801918029785,0.0,0.0
TDS,2024-04-24 20:00:00-04:00,15.920000076293945,15.979999542236328,15.300000190734863,15.539999961853027,902800,15.509075164794922,0.0,0.0
TDS,2024-04-25 20:00:00-04:00,15.529999732971191,16.010000228881836,15.329999923706055,15.779999732971191,652300,15.748597145080566,0.0,0.0
TDS,2024-04-28 20:00:00-04:00,15.8100004196167,16.139999389648438,15.710000038146973,16.030000686645508,817500,15.998100280761719,0.0,0.0
TDS,2024-04-29 20:00:00-04:00,15.949999809265137,15.949999809265137,15.539999961853027,15.649999618530273,798600,15.618855476379395,0.0,0.0
TDS,2024-04-30 20:00:00-04:00,15.6899995803833,16.209999084472656,15.6899995803833,15.850000381469727,812500,15.818458557128906,0.0,0.0
TDS,2024-05-01 20:00:00-04:00,16.1200008392334,16.360000610351562,15.9399995803833,16.209999084472656,936300,16.1777400970459,0.0,0.0
TDS,2024-05-02 20:00:00-04:00,16.760000228881836,16.760000228881836,14.039999961853027,14.359999656677246,2467600,14.331422805786133,0.0,0.0
TDS,2024-05-05 20:00:00-04:00,14.520000457763672,15.960000038146973,14.520000457763672,15.699999809265137,1878400,15.668756484985352,0.0,0.0
TDS,2024-05-06 20:00:00-04:00,15.75,15.869999885559082,15.1899995803833,15.399999618530273,1032900,15.369353294372559,0.0,0.0
TDS,2024-05-07 20:00:00-04:00,15.15999984741211,15.399999618530273,15.029999732971191,15.300000190734863,765300,15.269553184509277,0.0,0.0
TDS,2024-05-08 20:00:00-04:00,15.34000015258789,21.06999969482422,15.100000381469727,19.68000030517578,9635300,19.640836715698242,0.0,0.0
TDS,2024-05-09 20:00:00-04:00,19.68000030517578,20.65999984741211,19.110000610351562,20.139999389648438,2358100,20.09992027282715,0.0,0.0
TDS,2024-05-12 20:00:00-04:00,20.170000076293945,21.440000534057617,20.170000076293945,20.969999313354492,1518400,20.928268432617188,0.0,0.0
TDS,2024-05-13 20:00:00-04:00,21.149999618530273,21.399999618530273,20.6299991607666,21.059999465942383,1079300,21.018089294433594,0.0,0.0
TDS,2024-05-14 20:00:00-04:00,21.389999389648438,21.389999389648438,20.31999969482422,20.469999313354492,796800,20.429264068603516,0.0,0.0
TDS,2024-05-15 20:00:00-04:00,20.280000686645508,20.559999465942383,19.760000228881836,20.43000030517578,840200,20.38934326171875,0.0,0.0
TDS,2024-05-16 20:00:00-04:00,20.350000381469727,21.0,20.190000534057617,20.799999237060547,771400,20.75860595703125,0.0,0.0
TDS,2024-05-19 20:00:00-04:00,20.799999237060547,20.799999237060547,19.6200008392334,19.670000076293945,839400,19.630855560302734,0.0,0.0
TDS,2024-05-20 20:00:00-04:00,19.59000015258789,19.729999542236328,18.8700008392334,19.1299991607666,978600,19.091930389404297,0.0,0.0
TDS,2024-05-21 20:00:00-04:00,19.18000030517578,19.559999465942383,19.0,19.25,965000,19.211692810058594,0.0,0.0
TDS,2024-05-22 20:00:00-04:00,19.200000762939453,19.469999313354492,18.549999237060547,18.84000015258789,909500,18.802507400512695,0.0,0.0
TDS,2024-05-23 20:00:00-04:00,19.0,19.1299991607666,18.719999313354492,18.770000457763672,685000,18.732646942138672,0.0,0.0
TDS,2024-05-27 20:00:00-04:00,20.459999084472656,20.690000534057617,17.690000534057617,19.079999923706055,4041700,19.042030334472656,0.0,0.0
TDS,2024-05-28 20:00:00-04:00,18.559999465942383,18.760000228881836,16.639999389648438,16.920000076293945,2735200,16.886329650878906,0.0,0.0
TDS,2024-05-29 20:00:00-04:00,17.139999389648438,18.309999465942383,16.75,18.299999237060547,2018900,18.263582229614258,0.0,0.0
TDS,2024-05-30 20:00:00-04:00,18.260000228881836,19.899999618530273,18.219999313354492,19.889999389648438,2548000,19.850418090820312,0.0,0.0
TDS,2024-06-02 20:00:00-04:00,20.209999084472656,23.06999969482422,19.989999771118164,22.530000686645508,2770900,22.485164642333984,0.0,0.0
TDS,2024-06-03 20:00:00-04:00,22.520000457763672,22.989999771118164,21.8799991607666,22.969999313354492,1613400,22.924287796020508,0.0,0.0
TDS,2024-06-04 20:00:00-04:00,22.969999313354492,23.350000381469727,22.309999465942383,22.739999771118164,1294300,22.694746017456055,0.0,0.0
TDS,2024-06-05 20:00:00-04:00,22.6200008392334,22.84000015258789,21.799999237060547,22.360000610351562,1125000,22.31550407409668,0.0,0.0
TDS,2024-06-06 20:00:00-04:00,21.950000762939453,21.979999542236328,21.209999084472656,21.450000762939453,1085200,21.40731430053711,0.0,0.0
TDS,2024-06-09 20:00:00-04:00,21.1299991607666,21.31999969482422,20.520000457763672,20.989999771118164,1036600,20.94822883605957,0.0,0.0
TDS,2024-06-10 20:00:00-04:00,20.90999984741211,20.90999984741211,20.280000686645508,20.549999237060547,1015100,20.509103775024414,0.0,0.0
TDS,2024-06-11 20:00:00-04:00,20.940000534057617,21.200000762939453,20.020000457763672,20.450000762939453,1102900,20.409305572509766,0.0,0.0
TDS,2024-06-12 20:00:00-04:00,20.5,20.5,19.799999237060547,20.100000381469727,877500,20.060001373291016,0.0,0.0
TDS,2024-06-13 20:00:00-04:00,19.5,19.899999618530273,18.6200008392334,19.65999984741211,1618700,19.65999984741211,0.04,0.0
TDS,2024-06-16 20:00:00-04:00,19.540000915527344,19.600000381469727,18.809999465942383,19.170000076293945,1317500,19.170000076293945,0.0,0.0
TDS,2024-06-17 20:00:00-04:00,19.229999542236328,19.610000610351562,18.81999969482422,19.280000686645508,1202300,19.280000686645508,0.0,0.0
TDS,2024-06-19 20:00:00-04:00,19.190000534057617,19.309999465942383,18.6299991607666,18.670000076293945,1526700,18.670000076293945,0.0,0.0
TDS,2024-06-20 20:00:00-04:00,18.520000457763672,19.15999984741211,18.520000457763672,18.93000030517578,4116300,18.93000030517578,0.0,0.0
TDS,2024-06-23 20:00:00-04:00,19.100000381469727,19.229999542236328,18.6299991607666,18.989999771118164,1146500,18.989999771118164,0.0,0.0
TDS,2024-06-24 20:00:00-04:00,19.139999389648438,19.459999084472656,18.809999465942383,19.3700008392334,1059900,19.3700008392334,0.0,0.0
TDS,2024-06-25 20:00:00-04:00,19.299999237060547,19.690000534057617,19.040000915527344,19.59000015258789,916800,19.59000015258789,0.0,0.0
TDS,2024-06-26 20:00:00-04:00,19.700000762939453,20.18000030517578,19.31999969482422,20.149999618530273,1090100,20.149999618530273,0.0,0.0
TDS,2024-06-27 20:00:00-04:00,20.260000228881836,21.1200008392334,20.260000228881836,20.729999542236328,2961200,20.729999542236328,0.0,0.0
TDS,2024-06-30 20:00:00-04:00,20.639999389648438,20.959999084472656,20.469999313354492,20.709999084472656,1112200,20.709999084472656,0.0,0.0
TDS,2024-07-01 20:00:00-04:00,20.6299991607666,20.84000015258789,20.139999389648438,20.549999237060547,600100,20.549999237060547,0.0,0.0
TDS,2024-07-02 20:00:00-04:00,20.579999923706055,20.760000228881836,20.15999984741211,20.299999237060547,437400,20.299999237060547,0.0,0.0
TDS,2024-07-04 20:00:00-04:00,20.190000534057617,20.579999923706055,19.90999984741211,20.559999465942383,557900,20.559999465942383,0.0,0.0
TDS,2024-07-07 20:00:00-04:00,20.739999771118164,21.110000610351562,20.270000457763672,20.31999969482422,856400,20.31999969482422,0.0,0.0
TDS,2024-07-08 20:00:00-04:00,20.299999237060547,20.780000686645508,20.25,20.639999389648438,1025300,20.639999389648438,0.0,0.0
TDS,2024-07-09 20:00:00-04:00,20.889999389648438,20.979999542236328,20.440000534057617,20.450000762939453,671100,20.450000762939453,0.0,0.0
TDS,2024-07-10 20:00:00-04:00,20.670000076293945,21.09000015258789,20.540000915527344,21.079999923706055,979300,21.079999923706055,0.0,0.0
TDS,2024-07-11 20:00:00-04:00,21.5,22.079999923706055,21.0,21.09000015258789,576800,21.09000015258789,0.0,0.0
TDS,2024-07-14 20:00:00-04:00,20.889999389648438,21.75,20.780000686645508,21.309999465942383,731400,21.309999465942383,0.0,0.0
TDS,2024-07-15 20:00:00-04:00,21.450000762939453,22.450000762939453,21.040000915527344,22.040000915527344,1182700,22.040000915527344,0.0,0.0
TDS,2024-07-16 20:00:00-04:00,21.920000076293945,22.610000610351562,21.329999923706055,22.1200008392334,1087100,22.1200008392334,0.0,0.0
TDS,2024-07-17 20:00:00-04:00,22.049999237060547,22.5,21.68000030517578,21.899999618530273,1099000,21.899999618530273,0.0,0.0
TDS,2024-07-18 20:00:00-04:00,21.68000030517578,21.899999618530273,21.200000762939453,21.350000381469727,745700,21.350000381469727,0.0,0.0
TDS,2024-07-21 20:00:00-04:00,21.25,21.450000762939453,20.959999084472656,21.270000457763672,890000,21.270000457763672,0.0,0.0
TDS,2024-07-23 15:59:56-04:00,21.260000228881836,21.200000762939453,20.700000762939453,20.975000381469727,804852,20.975000381469727,0.0,0.0
