symbol,date,open,high,low,close,volume,adjclose,dividends,splits
CIG-C,2007-06-12,3.6769580841064453,3.6769580841064453,3.6674559116363525,3.6674559116363525,2631,1.0214401483535767,0.0,0.0
CIG-C,2007-06-13,3.6769580841064453,3.6769580841064453,3.6693570613861084,3.6769580841064453,11577,1.0240864753723145,0.0,0.0
CIG-C,2007-06-14,3.69596004486084,3.69596004486084,3.6864590644836426,3.6864590644836426,6841,1.0267329216003418,0.0,0.0
CIG-C,2007-06-15,3.6864590644836426,3.6864590644836426,3.6864590644836426,3.6864590644836426,0,1.0267329216003418,0.0,0.0
CIG-C,2007-06-18,3.705461025238037,3.7985730171203613,3.705461025238037,3.781471014022827,37363,1.0531952381134033,0.0,0.0
CIG-C,2007-06-19,3.705461025238037,3.7339649200439453,3.705461025238037,3.7339649200439453,4736,1.039963960647583,0.0,0.0
CIG-C,2007-06-20,3.7339649200439453,3.781471014022827,3.6788580417633057,3.728264093399048,27891,1.0383764505386353,0.0,0.0
CIG-C,2007-06-21,3.728264093399048,3.728264093399048,3.728264093399048,3.728264093399048,0,1.0383764505386353,0.0,0.0
CIG-C,2007-06-22,3.781471014022827,3.781471014022827,3.781471014022827,3.781471014022827,1052,1.0531952381134033,0.0,0.0
CIG-C,2007-06-25,3.781471014022827,3.781471014022827,3.781471014022827,3.781471014022827,0,1.0531952381134033,0.0,0.0
CIG-C,2007-06-26,3.7434659004211426,3.7434659004211426,3.705461025238037,3.705461025238037,1052,1.0320253372192383,0.0,0.0
CIG-C,2007-06-27,3.709261894226074,3.709261894226074,3.709261894226074,3.709261894226074,526,1.0330840349197388,0.0,0.0
CIG-C,2007-06-28,3.9524919986724854,3.9524919986724854,3.9524919986724854,3.9524919986724854,0,1.1008270978927612,0.0,0.0
CIG-C,2007-06-29,4.0094990730285645,4.038002967834473,4.0094990730285645,4.038002967834473,2105,1.124643325805664,0.0,0.0
CIG-C,2007-07-02,4.180520057678223,4.323038101196289,4.180520057678223,4.323038101196289,10,1.2040296792984009,0.0,0.0
CIG-C,2007-07-03,4.288834095001221,4.288834095001221,4.288834095001221,4.288834095001221,2631,1.1945034265518188,0.0,0.0
CIG-C,2007-07-05,4.288834095001221,4.288834095001221,4.288834095001221,4.288834095001221,2631,1.1945034265518188,0.0,0.0
CIG-C,2007-07-06,4.288834095001221,4.288834095001221,4.288834095001221,4.288834095001221,2631,1.1945034265518188,0.0,0.0
CIG-C,2007-07-09,4.288834095001221,4.288834095001221,4.288834095001221,4.288834095001221,2631,1.1945034265518188,0.0,0.0
CIG-C,2007-07-10,4.288834095001221,4.288834095001221,4.288834095001221,4.288834095001221,0,1.1945034265518188,0.0,0.0
CIG-C,2007-07-11,4.423750877380371,4.423750877380371,4.376245021820068,4.378145217895508,1578,1.2193775177001953,0.0,0.0
CIG-C,2007-07-12,4.560567855834961,4.560567855834961,4.511161804199219,4.511161804199219,4736,1.256425142288208,0.0,0.0
CIG-C,2007-07-13,4.511161804199219,4.511161804199219,4.511161804199219,4.511161804199219,0,1.256425142288208,0.0,0.0
CIG-C,2007-07-16,4.503561019897461,4.503561019897461,4.4180498123168945,4.4180498123168945,1578,1.2304917573928833,0.0,0.0
CIG-C,2007-07-17,4.4180498123168945,4.4180498123168945,4.4180498123168945,4.4180498123168945,0,1.2304917573928833,0.0,0.0
CIG-C,2007-07-18,4.476956844329834,4.530163764953613,4.4465532302856445,4.503561019897461,181556,1.2543083429336548,0.0,0.0
CIG-C,2007-07-19,4.389545917510986,4.389545917510986,4.370543956756592,4.370543956756592,7893,1.2172609567642212,0.0,0.0
CIG-C,2007-07-20,4.256529808044434,4.294535160064697,4.256529808044434,4.294535160064697,6841,1.1960911750793457,0.0,0.0
CIG-C,2007-07-23,4.256529808044434,4.294535160064697,4.256529808044434,4.273632049560547,13682,1.1902692317962646,0.0,0.0
CIG-C,2007-07-24,4.199522972106934,4.199522972106934,4.152017116546631,4.152017116546631,1052,1.1563979387283325,0.0,0.0
CIG-C,2007-07-25,4.237526893615723,4.237526893615723,4.076006889343262,4.076006889343262,2631,1.1352277994155884,0.0,0.0
CIG-C,2007-07-26,3.889784097671509,3.889784097671509,3.8004729747772217,3.8004729747772217,1578,1.0584871768951416,0.0,0.0
CIG-C,2007-07-27,3.8802831172943115,3.8802831172943115,3.8802831172943115,3.8802831172943115,0,1.0807156562805176,0.0,0.0
CIG-C,2007-07-30,3.9942970275878906,4.011398792266846,3.9942970275878906,4.011398792266846,3157,1.1172335147857666,0.0,0.0
CIG-C,2007-07-31,4.085507869720459,4.085507869720459,4.001897811889648,4.019000053405762,22102,1.1193504333496094,0.0,0.0
CIG-C,2007-08-01,4.028501033782959,4.05320405960083,3.958193063735962,3.958193063735962,2105,1.102414608001709,0.0,0.0
CIG-C,2007-08-02,4.028501033782959,4.05320405960083,3.958193063735962,3.958193063735962,2105,1.102414608001709,0.0,0.0
CIG-C,2007-08-03,4.003798007965088,4.017099857330322,4.003798007965088,4.017099857330322,1052,1.118821382522583,0.0,0.0
CIG-C,2007-08-06,3.8764820098876953,3.8764820098876953,3.828977108001709,3.828977108001709,1052,1.066426396369934,0.0,0.0
CIG-C,2007-08-07,3.8764820098876953,3.8764820098876953,3.828977108001709,3.828977108001709,1052,1.066426396369934,0.0,0.0
CIG-C,2007-08-08,3.8764820098876953,3.933490037918091,3.828977108001709,3.933490037918091,7367,1.0955345630645752,0.0,0.0
CIG-C,2007-08-09,3.8251760005950928,3.827075958251953,3.777669906616211,3.777669906616211,16313,1.0521365404129028,0.0,0.0
CIG-C,2007-08-10,3.6104490756988525,3.6769580841064453,3.5629429817199707,3.6769580841064453,3157,1.0240864753723145,0.0,0.0
CIG-C,2007-08-13,3.857480049133301,3.8954849243164062,3.857480049133301,3.8954849243164062,6315,1.0849500894546509,0.0,0.0
CIG-C,2007-08-14,3.857480049133301,3.8954849243164062,3.857480049133301,3.8954849243164062,6315,1.0849500894546509,0.0,0.0
CIG-C,2007-08-15,3.7586679458618164,3.7586679458618164,3.5629429817199707,3.5629429817199707,1578,0.9923319220542908,0.0,0.0
CIG-C,2007-08-16,3.5629429817199707,3.5629429817199707,3.5629429817199707,3.5629429817199707,0,0.9923319220542908,0.0,0.0
CIG-C,2007-08-17,3.232301950454712,3.232301950454712,3.2304019927978516,3.2304019927978516,1578,0.8997142910957336,0.0,0.0
CIG-C,2007-08-20,3.3026111125946045,3.3026111125946045,3.2551050186157227,3.2855091094970703,2631,0.9150627255439758,0.0,0.0
CIG-C,2007-08-21,3.325413942337036,3.4204258918762207,3.325413942337036,3.4204258918762207,1578,0.9526389241218567,0.0,0.0
CIG-C,2007-08-22,3.475532054901123,3.475532054901123,3.475532054901123,3.475532054901123,0,0.9679868817329407,0.0,0.0
CIG-C,2007-08-23,3.475532054901123,3.475532054901123,3.475532054901123,3.475532054901123,0,0.9679868817329407,0.0,0.0
CIG-C,2007-08-24,3.591447114944458,3.591447114944458,3.591447114944458,3.591447114944458,526,1.0002707242965698,0.0,0.0
CIG-C,2007-08-27,3.591447114944458,3.591447114944458,3.591447114944458,3.591447114944458,0,1.0002707242965698,0.0,0.0
CIG-C,2007-08-28,3.515436887741089,3.515436887741089,3.515436887741089,3.515436887741089,526,0.9791010618209839,0.0,0.0
CIG-C,2007-08-29,3.515436887741089,3.515436887741089,3.515436887741089,3.515436887741089,0,0.9791010618209839,0.0,0.0
CIG-C,2007-08-30,3.515436887741089,3.515436887741089,3.515436887741089,3.515436887741089,0,0.9791010618209839,0.0,0.0
CIG-C,2007-08-31,3.608549118041992,3.6104490756988525,3.5610430240631104,3.5610430240631104,14735,0.9918028116226196,0.0,0.0
CIG-C,2007-09-04,3.6104490756988525,3.6104490756988525,3.6104490756988525,3.6104490756988525,5788,1.0055630207061768,0.0,0.0
CIG-C,2007-09-05,3.515436887741089,3.515436887741089,3.4679319858551025,3.4679319858551025,1052,0.9658699035644531,0.0,0.0
CIG-C,2007-09-06,3.515436887741089,3.515436887741089,3.4679319858551025,3.4679319858551025,1052,0.9658699035644531,0.0,0.0
CIG-C,2007-09-07,3.515436887741089,3.515436887741089,3.4679319858551025,3.4679319858551025,1052,0.9658699035644531,0.0,0.0
CIG-C,2007-09-10,3.515436887741089,3.515436887741089,3.4679319858551025,3.4679319858551025,1052,0.9658699035644531,0.0,0.0
CIG-C,2007-09-11,3.515436887741089,3.515436887741089,3.4679319858551025,3.4679319858551025,1052,0.9658699035644531,0.0,0.0
CIG-C,2007-09-12,3.515436887741089,3.515436887741089,3.4679319858551025,3.4679319858551025,1052,0.9658699035644531,0.0,0.0
CIG-C,2007-09-13,3.515436887741089,3.515436887741089,3.515436887741089,3.515436887741089,526,0.9791010618209839,0.0,0.0
CIG-C,2007-09-14,3.5629429817199707,3.5629429817199707,3.5629429817199707,3.5629429817199707,526,0.9923319220542908,0.0,0.0
CIG-C,2007-09-17,3.4679319858551025,3.4679319858551025,3.4679319858551025,3.4679319858551025,526,0.9658699035644531,0.0,0.0
CIG-C,2007-09-18,3.515436887741089,3.6579549312591553,3.515436887741089,3.6579549312591553,2105,1.018794298171997,0.0,0.0
CIG-C,2007-09-19,3.724463939666748,3.7719690799713135,3.724463939666748,3.7719690799713135,1052,1.0505486726760864,0.0,0.0
CIG-C,2007-09-20,3.7719690799713135,3.7719690799713135,3.7719690799713135,3.7719690799713135,0,1.0505486726760864,0.0,0.0
CIG-C,2007-09-21,3.7719690799713135,3.7719690799713135,3.7719690799713135,3.7719690799713135,0,1.0505486726760864,0.0,0.0
CIG-C,2007-09-24,3.828977108001709,3.828977108001709,3.828977108001709,3.828977108001709,526,1.066426396369934,0.0,0.0
CIG-C,2007-09-25,3.8384780883789062,3.885983943939209,3.8384780883789062,3.885983943939209,1052,1.082303524017334,0.0,0.0
CIG-C,2007-09-26,3.885983943939209,3.885983943939209,3.885983943939209,3.885983943939209,0,1.082303524017334,0.0,0.0
CIG-C,2007-09-27,4.119712829589844,4.119712829589844,4.119712829589844,4.119712829589844,3157,1.1474003791809082,0.0,0.0
CIG-C,2007-09-28,4.068406105041504,4.068406105041504,4.028501033782959,4.028501033782959,1052,1.1219964027404785,0.0,0.0
CIG-C,2007-10-01,4.068406105041504,4.068406105041504,4.028501033782959,4.028501033782959,1052,1.1219964027404785,0.0,0.0
CIG-C,2007-10-02,4.085507869720459,4.085507869720459,4.057004928588867,4.057004928588867,2105,1.1299351453781128,0.0,0.0
CIG-C,2007-10-03,3.99049711227417,3.99049711227417,3.8954849243164062,3.8954849243164062,1578,1.0849500894546509,0.0,0.0
CIG-C,2007-10-04,3.8954849243164062,3.8954849243164062,3.8954849243164062,3.8954849243164062,0,1.0849500894546509,0.0,0.0
CIG-C,2007-10-05,3.8954849243164062,3.8954849243164062,3.8954849243164062,3.8954849243164062,0,1.0849500894546509,0.0,0.0
CIG-C,2007-10-08,4.024701118469238,4.0665059089660645,4.024701118469238,4.0665059089660645,1052,1.1325814723968506,0.0,0.0
CIG-C,2007-10-09,4.0665059089660645,4.0665059089660645,4.0665059089660645,4.0665059089660645,0,1.1325814723968506,0.0,0.0
CIG-C,2007-10-10,4.089309215545654,4.13301420211792,4.085507869720459,4.085507869720459,15787,1.1378741264343262,0.0,0.0
CIG-C,2007-10-11,3.99049711227417,3.99049711227417,3.8954849243164062,3.8954849243164062,1578,1.0849500894546509,0.0,0.0
CIG-C,2007-10-12,3.99049711227417,3.99049711227417,3.8954849243164062,3.8954849243164062,1578,1.0849500894546509,0.0,0.0
CIG-C,2007-10-15,3.923988103866577,3.9524919986724854,3.8156750202178955,3.8156750202178955,13156,1.0627213716506958,0.0,0.0
CIG-C,2007-10-16,3.7909719944000244,3.7909719944000244,3.7909719944000244,3.7909719944000244,526,1.0558414459228516,0.0,0.0
CIG-C,2007-10-17,3.8365769386291504,3.8365769386291504,3.802372932434082,3.809973955154419,6315,1.061133623123169,0.0,0.0
CIG-C,2007-10-18,3.8251760005950928,3.857480049133301,3.8251760005950928,3.857480049133301,3683,1.0743646621704102,0.0,0.0
CIG-C,2007-10-19,3.75296688079834,3.75296688079834,3.75296688079834,3.75296688079834,0,1.0452561378479004,0.0,0.0
CIG-C,2007-10-22,3.762468099594116,3.762468099594116,3.762468099594116,3.762468099594116,526,1.0479029417037964,0.0,0.0
CIG-C,2007-10-23,3.762468099594116,3.762468099594116,3.762468099594116,3.762468099594116,526,1.0479029417037964,0.0,0.0
CIG-C,2007-10-24,3.817574977874756,3.846079111099243,3.7833709716796875,3.828977108001709,8946,1.066426396369934,0.0,0.0
CIG-C,2007-10-25,3.828977108001709,3.828977108001709,3.828977108001709,3.828977108001709,0,1.066426396369934,0.0,0.0
CIG-C,2007-10-26,3.828977108001709,3.828977108001709,3.828977108001709,3.828977108001709,0,1.066426396369934,0.0,0.0
CIG-C,2007-10-29,3.8954849243164062,3.933490037918091,3.8954849243164062,3.933490037918091,5262,1.0955345630645752,0.0,0.0
CIG-C,2007-10-30,3.933490037918091,3.933490037918091,3.933490037918091,3.933490037918091,0,1.0955345630645752,0.0,0.0
CIG-C,2007-10-31,3.9220879077911377,3.99049711227417,3.9220879077911377,3.99049711227417,1578,1.1114121675491333,0.0,0.0
CIG-C,2007-11-01,3.9695940017700195,3.9695940017700195,3.933490037918091,3.933490037918091,1578,1.0955345630645752,0.0,0.0
CIG-C,2007-11-02,3.933490037918091,3.933490037918091,3.933490037918091,3.933490037918091,0,1.0955345630645752,0.0,0.0
CIG-C,2007-11-05,3.99049711227417,4.038002967834473,3.99049711227417,4.038002967834473,1052,1.124643325805664,0.0,0.0
CIG-C,2007-11-06,4.085507869720459,4.13301420211792,4.085507869720459,4.13301420211792,1052,1.1511050462722778,0.0,0.0
CIG-C,2007-11-07,4.13301420211792,4.142516136169434,4.13301420211792,4.142516136169434,1052,1.1537514925003052,0.0,0.0
CIG-C,2007-11-08,4.142516136169434,4.142516136169434,4.081707954406738,4.081707954406738,3683,1.1368156671524048,0.0,0.0
CIG-C,2007-11-09,3.97149395942688,4.028501033782959,3.97149395942688,4.028501033782959,3683,1.1219964027404785,0.0,0.0
CIG-C,2007-11-12,3.99049711227417,3.99049711227417,3.8954849243164062,3.8954849243164062,1052,1.0849500894546509,0.0,0.0
CIG-C,2007-11-13,3.9125869274139404,3.942991018295288,3.9125869274139404,3.942991018295288,1052,1.0981806516647339,0.0,0.0
CIG-C,2007-11-14,3.942991018295288,3.942991018295288,3.942991018295288,3.942991018295288,0,1.0981806516647339,0.0,0.0
CIG-C,2007-11-15,3.942991018295288,3.942991018295288,3.942991018295288,3.942991018295288,0,1.0981806516647339,0.0,0.0
CIG-C,2007-11-16,3.99049711227417,3.99049711227417,3.99049711227417,3.99049711227417,526,1.1114121675491333,0.0,0.0
CIG-C,2007-11-19,3.8954849243164062,3.8954849243164062,3.8764820098876953,3.8764820098876953,1052,1.0796570777893066,0.0,0.0
CIG-C,2007-11-20,3.8954849243164062,3.8954849243164062,3.8764820098876953,3.8764820098876953,1052,1.0796570777893066,0.0,0.0
CIG-C,2007-11-21,3.705461025238037,3.724463939666748,3.705461025238037,3.724463939666748,1578,1.0373177528381348,0.0,0.0
CIG-C,2007-11-23,3.724463939666748,3.724463939666748,3.724463939666748,3.724463939666748,0,1.0373177528381348,0.0,0.0
CIG-C,2007-11-26,3.6294519901275635,3.6294519901275635,3.515436887741089,3.515436887741089,1578,0.9791010618209839,0.0,0.0
CIG-C,2007-11-27,3.445128917694092,3.5534420013427734,3.4147250652313232,3.5534420013427734,4736,0.9896854162216187,0.0,0.0
CIG-C,2007-11-28,3.6009480953216553,3.705461025238037,3.6009480953216553,3.705461025238037,3157,1.0320253372192383,0.0,0.0
CIG-C,2007-11-29,3.75296688079834,3.7966721057891846,3.728264093399048,3.728264093399048,4736,1.0383764505386353,0.0,0.0
CIG-C,2007-11-30,3.8004729747772217,3.8479790687561035,3.8004729747772217,3.8479790687561035,1052,1.0717188119888306,0.0,0.0
CIG-C,2007-12-03,3.8954849243164062,3.942991018295288,3.8479790687561035,3.8479790687561035,2105,1.0717188119888306,0.0,0.0
CIG-C,2007-12-04,3.8479790687561035,3.8479790687561035,3.8479790687561035,3.8479790687561035,526,1.0717188119888306,0.0,0.0
CIG-C,2007-12-05,3.8479790687561035,3.8479790687561035,3.8479790687561035,3.8479790687561035,526,1.0717188119888306,0.0,0.0
CIG-C,2007-12-06,3.942991018295288,3.9923970699310303,3.942991018295288,3.9923970699310303,1052,1.1119413375854492,0.0,0.0
CIG-C,2007-12-07,4.038002967834473,4.32113790512085,4.038002967834473,4.32113790512085,5262,1.2035003900527954,0.0,0.0
CIG-C,2007-12-10,4.1178131103515625,4.1178131103515625,3.9524919986724854,3.999998092651367,9472,1.114058017730713,0.0,0.0
CIG-C,2007-12-11,3.942991018295288,3.942991018295288,3.8441779613494873,3.8441779613494873,2631,1.07066011428833,0.0,0.0
CIG-C,2007-12-12,3.8004729747772217,3.8479790687561035,3.8004729747772217,3.8479790687561035,1052,1.0717188119888306,0.0,0.0
CIG-C,2007-12-13,3.8004729747772217,3.8479790687561035,3.8004729747772217,3.8479790687561035,1052,1.0717188119888306,0.0,0.0
CIG-C,2007-12-14,3.8004729747772217,3.8479790687561035,3.8004729747772217,3.8479790687561035,1052,1.0717188119888306,0.0,0.0
CIG-C,2007-12-17,3.515436887741089,3.5306389331817627,3.4679319858551025,3.4679319858551025,6315,0.9658699035644531,0.0,0.0
CIG-C,2007-12-18,3.4964349269866943,3.4964349269866943,3.4964349269866943,3.4964349269866943,1052,0.9738080501556396,0.0,0.0
CIG-C,2007-12-19,3.566744089126587,3.566744089126587,3.519237995147705,3.519237995147705,2105,0.9801596403121948,0.0,0.0
CIG-C,2007-12-20,3.494534969329834,3.494534969329834,3.494534969329834,3.494534969329834,1052,0.9732791185379028,0.0,0.0
CIG-C,2007-12-21,3.494534969329834,3.494534969329834,3.494534969329834,3.494534969329834,1052,0.9732791185379028,0.0,0.0
CIG-C,2007-12-24,3.494534969329834,3.494534969329834,3.494534969329834,3.494534969329834,1052,0.9732791185379028,0.0,0.0
CIG-C,2007-12-26,3.494534969329834,3.494534969329834,3.494534969329834,3.494534969329834,1052,0.9732791185379028,0.0,0.0
CIG-C,2007-12-27,3.5211379528045654,3.5211379528045654,3.5211379528045654,3.5211379528045654,1052,0.9806885123252869,0.0,0.0
CIG-C,2007-12-28,3.4679319858551025,3.515436887741089,3.4679319858551025,3.515436887741089,12630,0.9791010618209839,0.0,0.0
CIG-C,2007-12-31,3.4679319858551025,3.515436887741089,3.4679319858551025,3.515436887741089,12630,0.9791010618209839,0.0,0.0
CIG-C,2008-01-02,3.4679319858551025,3.515436887741089,3.4679319858551025,3.515436887741089,12630,0.9791010618209839,0.0,0.0
CIG-C,2008-01-03,3.4679319858551025,3.515436887741089,3.4679319858551025,3.515436887741089,12630,0.9791010618209839,0.0,0.0
CIG-C,2008-01-04,3.4679319858551025,3.4679319858551025,3.4679319858551025,3.4679319858551025,526,0.9658699035644531,0.0,0.0
CIG-C,2008-01-07,3.4679319858551025,3.4679319858551025,3.4679319858551025,3.4679319858551025,526,0.9658699035644531,0.0,0.0
CIG-C,2008-01-08,3.494534969329834,3.542041063308716,3.494534969329834,3.542041063308716,1052,0.9865105748176575,0.0,0.0
CIG-C,2008-01-09,3.6104490756988525,3.6104490756988525,3.5629429817199707,3.5629429817199707,1052,0.9923319220542908,0.0,0.0
CIG-C,2008-01-10,3.5629429817199707,3.5629429817199707,3.5629429817199707,3.5629429817199707,0,0.9923319220542908,0.0,0.0
CIG-C,2008-01-11,3.5629429817199707,3.5629429817199707,3.5629429817199707,3.5629429817199707,0,0.9923319220542908,0.0,0.0
CIG-C,2008-01-14,3.515436887741089,3.515436887741089,3.4679319858551025,3.4679319858551025,1052,0.9658699035644531,0.0,0.0
CIG-C,2008-01-15,3.4204258918762207,3.4204258918762207,3.372920036315918,3.372920036315918,1052,0.9394077658653259,0.0,0.0
CIG-C,2008-01-16,3.34061598777771,3.34061598777771,3.325413942337036,3.325413942337036,3157,0.9261770844459534,0.0,0.0
CIG-C,2008-01-17,3.2779080867767334,3.2779080867767334,3.2304019927978516,3.2304019927978516,7367,0.8997142910957336,0.0,0.0
CIG-C,2008-01-18,3.2304019927978516,3.2304019927978516,3.1828958988189697,3.1828958988189697,1052,0.8864831328392029,0.0,0.0
CIG-C,2008-01-22,3.0688819885253906,3.0688819885253906,3.0688819885253906,3.0688819885253906,1578,0.8547288179397583,0.0,0.0
CIG-C,2008-01-23,3.0688819885253906,3.0688819885253906,3.0688819885253906,3.0688819885253906,1578,0.8547288179397583,0.0,0.0
CIG-C,2008-01-24,3.0688819885253906,3.0688819885253906,3.0688819885253906,3.0688819885253906,1578,0.8547288179397583,0.0,0.0
CIG-C,2008-01-25,3.12778902053833,3.12778902053833,3.12778902053833,3.12778902053833,1052,0.8711351156234741,0.0,0.0
CIG-C,2008-01-28,3.042279005050659,3.042279005050659,3.0403780937194824,3.0403780937194824,4736,0.8467898368835449,0.0,0.0
CIG-C,2008-01-29,3.042279005050659,3.042279005050659,3.0403780937194824,3.0403780937194824,4736,0.8467898368835449,0.0,0.0
CIG-C,2008-01-30,3.042279005050659,3.042279005050659,3.0403780937194824,3.0403780937194824,4736,0.8467898368835449,0.0,0.0
CIG-C,2008-01-31,3.042279005050659,3.042279005050659,3.0403780937194824,3.0403780937194824,4736,0.8467898368835449,0.0,0.0
CIG-C,2008-02-01,3.042279005050659,3.042279005050659,2.9453659057617188,2.9453659057617188,5262,0.8203276991844177,0.0,0.0
CIG-C,2008-02-04,2.9453659057617188,2.9453659057617188,2.9453659057617188,2.9453659057617188,0,0.8203276991844177,0.0,0.0
CIG-C,2008-02-05,2.9453659057617188,2.9453659057617188,2.9453659057617188,2.9453659057617188,0,0.8203276991844177,0.0,0.0
CIG-C,2008-02-06,2.9757699966430664,3.0023739337921143,2.9757699966430664,2.9909720420837402,15261,0.8330296277999878,0.0,0.0
CIG-C,2008-02-07,2.9909720420837402,2.9909720420837402,2.9909720420837402,2.9909720420837402,0,0.8330296277999878,0.0,0.0
CIG-C,2008-02-08,2.9624691009521484,2.9624691009521484,2.9624691009521484,2.9624691009521484,3157,0.8250912427902222,0.0,0.0
CIG-C,2008-02-11,2.9624691009521484,2.9624691009521484,2.9624691009521484,2.9624691009521484,0,0.8250912427902222,0.0,0.0
CIG-C,2008-02-12,3.0099740028381348,3.087883949279785,3.0099740028381348,3.087883949279785,2105,0.8600209951400757,0.0,0.0
CIG-C,2008-02-13,3.135390043258667,3.1828958988189697,3.135390043258667,3.1828958988189697,10,0.8864831328392029,0.0,0.0
CIG-C,2008-02-14,3.135390043258667,3.1828958988189697,3.135390043258667,3.1828958988189697,1052,0.8864831328392029,0.0,0.0
CIG-C,2008-02-15,3.135390043258667,3.135390043258667,3.135390043258667,3.135390043258667,526,0.8732523918151855,0.0,0.0
CIG-C,2008-02-19,3.135390043258667,3.135390043258667,3.135390043258667,3.135390043258667,0,0.8732523918151855,0.0,0.0
CIG-C,2008-02-20,3.087883949279785,3.135390043258667,3.087883949279785,3.135390043258667,10,0.8732523918151855,0.0,0.0
CIG-C,2008-02-21,3.1828958988189697,3.186697006225586,3.1372900009155273,3.1657938957214355,3157,0.8817201852798462,0.0,0.0
CIG-C,2008-02-22,3.2132999897003174,3.2132999897003174,3.2132999897003174,3.2132999897003174,526,0.8949509263038635,0.0,0.0
CIG-C,2008-02-25,3.260806083679199,3.260806083679199,3.260806083679199,3.260806083679199,526,0.9081823825836182,0.0,0.0
CIG-C,2008-02-26,3.308311939239502,3.450829029083252,3.308311939239502,3.450829029083252,4736,0.9611063003540039,0.0,0.0
CIG-C,2008-02-27,3.4983348846435547,3.5363399982452393,3.450829029083252,3.450829029083252,2631,0.9611063003540039,0.0,0.0
CIG-C,2008-02-28,3.429927110671997,3.429927110671997,3.3748199939727783,3.412825107574463,3157,0.95052170753479,0.0,0.0
CIG-C,2008-02-29,3.3748199939727783,3.3748199939727783,3.336815118789673,3.3748199939727783,15,0.939937174320221,0.0,0.0
CIG-C,2008-03-03,3.390022039413452,3.450829029083252,3.390022039413452,3.450829029083252,1578,0.9611063003540039,0.0,0.0
CIG-C,2008-03-04,3.4717319011688232,3.5382399559020996,3.4717319011688232,3.5211379528045654,3683,0.9806885123252869,0.0,0.0
CIG-C,2008-03-05,3.4717319011688232,3.587646007537842,3.4717319011688232,3.5857460498809814,5262,0.9986828565597534,0.0,0.0
CIG-C,2008-03-06,3.543941020965576,3.543941020965576,3.502135992050171,3.502135992050171,10,0.9753962159156799,0.0,0.0
CIG-C,2008-03-07,3.4603309631347656,3.4603309631347656,3.2551050186157227,3.2551050186157227,8420,0.906594455242157,0.0,0.0
CIG-C,2008-03-10,3.2132999897003174,3.2132999897003174,3.1296889781951904,3.1296889781951904,1578,0.8716640472412109,0.0,0.0
CIG-C,2008-03-11,3.2209010124206543,3.2209010124206543,3.179095983505249,3.2209010124206543,2631,0.8970681428909302,0.0,0.0
CIG-C,2008-03-12,3.224700927734375,3.224700927734375,3.224700927734375,3.224700927734375,0,0.8981267809867859,0.0,0.0
CIG-C,2008-03-13,3.1828958988189697,3.1828958988189697,3.0935850143432617,3.160093069076538,3683,0.8801320791244507,0.0,0.0
CIG-C,2008-03-14,3.160093069076538,3.160093069076538,3.160093069076538,3.160093069076538,0,0.8801320791244507,0.0,0.0
CIG-C,2008-03-17,3.0650808811187744,3.0650808811187744,2.9871718883514404,3.0023739337921143,3157,0.8362051844596863,0.0,0.0
CIG-C,2008-03-18,3.0441789627075195,3.085983991622925,3.0441789627075195,3.085983991622925,2105,0.8594920039176941,0.0,0.0
CIG-C,2008-03-19,3.0441789627075195,3.0441789627075195,3.0441789627075195,3.0441789627075195,0,0.8478485941886902,0.0,0.0
CIG-C,2008-03-20,3.0023739337921143,3.0441789627075195,2.9947729110717773,3.0023739337921143,18418,0.8362051844596863,0.0,0.0
CIG-C,2008-03-24,2.9605679512023926,2.9605679512023926,2.9605679512023926,2.9605679512023926,526,0.8245615363121033,0.0,0.0
CIG-C,2008-03-25,2.973870038986206,2.973870038986206,2.973870038986206,2.973870038986206,526,0.8282663822174072,0.0,0.0
CIG-C,2008-03-26,2.8902599811553955,2.8902599811553955,2.8902599811553955,2.8902599811553955,0,0.8049799203872681,0.0,0.0
CIG-C,2008-03-27,2.8826589584350586,3.174915075302124,2.8826589584350586,2.973870038986206,6841,0.8282663822174072,0.0,0.0
CIG-C,2008-03-28,2.9453659057617188,2.9928719997406006,2.9453659057617188,2.9453659057617188,3683,0.8203276991844177,0.0,0.0
CIG-C,2008-03-31,2.9852709770202637,2.9852709770202637,2.9852709770202637,2.9852709770202637,526,0.8314417600631714,0.0,0.0
CIG-C,2008-04-01,3.139190912246704,3.139190912246704,3.139190912246704,3.139190912246704,526,0.8743105530738831,0.0,0.0
CIG-C,2008-04-02,3.2209010124206543,3.325413942337036,3.2209010124206543,3.2988100051879883,3683,0.9187667369842529,0.0,0.0
CIG-C,2008-04-03,3.2988100051879883,3.2988100051879883,3.2988100051879883,3.2988100051879883,0,0.9187667369842529,0.0,0.0
CIG-C,2008-04-04,3.2988100051879883,3.2988100051879883,3.2988100051879883,3.2988100051879883,0,0.9187667369842529,0.0,0.0
CIG-C,2008-04-07,3.2304019927978516,3.2304019927978516,3.171494960784912,3.171494960784912,3157,0.883307933807373,0.0,0.0
CIG-C,2008-04-08,3.179095983505249,3.296910047531128,3.179095983505249,3.296910047531128,2105,0.9182377457618713,0.0,0.0
CIG-C,2008-04-09,3.296910047531128,3.296910047531128,3.296910047531128,3.296910047531128,0,0.9182377457618713,0.0,0.0
CIG-C,2008-04-10,3.2304019927978516,3.2304019927978516,3.2304019927978516,3.2304019927978516,526,0.8997142910957336,0.0,0.0
CIG-C,2008-04-11,3.2304019927978516,3.2304019927978516,3.2304019927978516,3.2304019927978516,0,0.8997142910957336,0.0,0.0
CIG-C,2008-04-14,3.2304019927978516,3.2304019927978516,3.2304019927978516,3.2304019927978516,0,0.8997142910957336,0.0,0.0
CIG-C,2008-04-15,3.2304019927978516,3.2304019927978516,3.2304019927978516,3.2304019927978516,0,0.8997142910957336,0.0,0.0
CIG-C,2008-04-16,3.2779080867767334,3.2779080867767334,3.2779080867767334,3.2779080867767334,526,0.9129452705383301,0.0,0.0
CIG-C,2008-04-17,3.317812919616699,3.317812919616699,3.2874090671539307,3.2874090671539307,1052,0.915591835975647,0.0,0.0
CIG-C,2008-04-18,3.3824210166931152,3.4679319858551025,3.3824210166931152,3.4204258918762207,2631,0.9526389241218567,0.0,0.0
CIG-C,2008-04-21,3.4204258918762207,3.4204258918762207,3.4204258918762207,3.4204258918762207,526,0.9526389241218567,0.0,0.0
CIG-C,2008-04-22,3.4204258918762207,3.4204258918762207,3.4204258918762207,3.4204258918762207,0,0.9526389241218567,0.0,0.0
CIG-C,2008-04-23,3.4204258918762207,3.4204258918762207,3.4204258918762207,3.4204258918762207,0,0.9526389241218567,0.0,0.0
CIG-C,2008-04-24,3.4679319858551025,3.5895469188690186,3.4679319858551025,3.5895469188690186,3157,0.9997416138648987,0.0,0.0
CIG-C,2008-04-25,3.515436887741089,3.6579549312591553,3.515436887741089,3.6579549312591553,7367,1.018794298171997,0.0,0.0
CIG-C,2008-04-28,3.452683925628662,3.452683925628662,3.446868896484375,3.446868896484375,1031,1.0501154661178589,0.313894,1.0202
CIG-C,2008-04-29,3.3925869464874268,3.3925869464874268,3.2956559658050537,3.2956559658050537,1547,1.0040475130081177,0.0,0.0
CIG-C,2008-04-30,3.3441219329833984,3.5379838943481445,3.3441219329833984,3.5379838943481445,2579,1.0778743028640747,0.0,0.0
CIG-C,2008-05-01,3.4895179271698,3.4895179271698,3.3441219329833984,3.3441219329833984,5674,1.0188127756118774,0.0,0.0
CIG-C,2008-05-02,3.4895179271698,3.6349151134490967,3.4895179271698,3.6349151134490967,5674,1.107405185699463,0.0,0.0
CIG-C,2008-05-05,3.6814420223236084,3.683379888534546,3.6814420223236084,3.683379888534546,4126,1.1221704483032227,0.0,0.0
CIG-C,2008-05-06,3.683379888534546,3.683379888534546,3.586448907852173,3.636852979660034,43329,1.1079953908920288,0.0,0.0
CIG-C,2008-05-07,3.5379838943481445,3.5379838943481445,3.5379838943481445,3.5379838943481445,515,1.0778743028640747,0.0,0.0
CIG-C,2008-05-08,3.5379838943481445,3.5379838943481445,3.5379838943481445,3.5379838943481445,0,1.0778743028640747,0.0,0.0
CIG-C,2008-05-09,3.5379838943481445,3.5379838943481445,3.5379838943481445,3.5379838943481445,0,1.0778743028640747,0.0,0.0
CIG-C,2008-05-12,3.4895179271698,3.5263519287109375,3.4895179271698,3.5263519287109375,1547,1.074330449104309,0.0,0.0
CIG-C,2008-05-13,3.5263519287109375,3.5263519287109375,3.5263519287109375,3.5263519287109375,0,1.074330449104309,0.0,0.0
CIG-C,2008-05-14,3.5263519287109375,3.5263519287109375,3.5263519287109375,3.5263519287109375,0,1.074330449104309,0.0,0.0
CIG-C,2008-05-15,3.5263519287109375,3.5263519287109375,3.5263519287109375,3.5263519287109375,0,1.074330449104309,0.0,0.0
CIG-C,2008-05-16,3.6349151134490967,3.7318460941314697,3.6349151134490967,3.7318460941314697,1547,1.1369359493255615,0.0,0.0
CIG-C,2008-05-19,3.8287770748138428,3.954787015914917,3.8287770748138428,3.954787015914917,7221,1.2048567533493042,0.0,0.0
CIG-C,2008-05-20,3.9741740226745605,3.9741740226745605,3.8772430419921875,3.8772430419921875,7737,1.1812324523925781,0.0,0.0
CIG-C,2008-05-21,3.8772430419921875,3.8772430419921875,3.8772430419921875,3.8772430419921875,0,1.1812324523925781,0.0,0.0
CIG-C,2008-05-22,3.8772430419921875,3.8772430419921875,3.8772430419921875,3.8772430419921875,0,1.1812324523925781,0.0,0.0
CIG-C,2008-05-23,3.780311107635498,3.780311107635498,3.780311107635498,3.780311107635498,515,1.1517012119293213,0.0,0.0
CIG-C,2008-05-27,3.7512319087982178,3.7512319087982178,3.6814420223236084,3.7027668952941895,7737,1.1280767917633057,0.0,0.0
CIG-C,2008-05-28,3.7027668952941895,3.7027668952941895,3.7027668952941895,3.7027668952941895,0,1.1280767917633057,0.0,0.0
CIG-C,2008-05-29,3.7996981143951416,3.8849968910217285,3.7996981143951416,3.8849968910217285,1547,1.1835947036743164,0.0,0.0
CIG-C,2008-05-30,3.8849968910217285,3.8849968910217285,3.8849968910217285,3.8849968910217285,0,1.1835947036743164,0.0,0.0
CIG-C,2008-06-02,3.925708055496216,3.925708055496216,3.925708055496216,3.925708055496216,515,1.1959973573684692,0.0,0.0
CIG-C,2008-06-03,3.9741740226745605,4.02263879776001,3.9741740226745605,4.02263879776001,1031,1.2255280017852783,0.0,0.0
CIG-C,2008-06-04,4.02263879776001,4.02263879776001,4.02263879776001,4.02263879776001,0,1.2255280017852783,0.0,0.0
CIG-C,2008-06-05,4.02263879776001,4.02263879776001,4.02263879776001,4.02263879776001,0,1.2255280017852783,0.0,0.0
CIG-C,2008-06-06,4.02263879776001,4.02263879776001,4.02263879776001,4.02263879776001,0,1.2255280017852783,0.0,0.0
CIG-C,2008-06-09,4.168035984039307,4.216501235961914,3.9741740226745605,4.02263879776001,7479,1.2255280017852783,0.0,0.0
CIG-C,2008-06-10,4.02263879776001,4.02263879776001,4.02263879776001,4.02263879776001,0,1.2255280017852783,0.0,0.0
CIG-C,2008-06-11,4.02263879776001,4.02263879776001,4.02263879776001,4.02263879776001,0,1.2255280017852783,0.0,0.0
CIG-C,2008-06-12,4.02263879776001,4.02263879776001,4.02263879776001,4.02263879776001,0,1.2255280017852783,0.0,0.0
CIG-C,2008-06-13,4.02263879776001,4.02263879776001,4.02263879776001,4.02263879776001,0,1.2255280017852783,0.0,0.0
CIG-C,2008-06-16,4.02263879776001,4.02263879776001,4.02263879776001,4.02263879776001,0,1.2255280017852783,0.0,0.0
CIG-C,2008-06-17,4.02263879776001,4.02263879776001,4.02263879776001,4.02263879776001,0,1.2255280017852783,0.0,0.0
CIG-C,2008-06-18,4.02263879776001,4.02263879776001,4.02263879776001,4.02263879776001,0,1.2255280017852783,0.0,0.0
CIG-C,2008-06-19,4.02263879776001,4.02263879776001,4.02263879776001,4.02263879776001,0,1.2255280017852783,0.0,0.0
CIG-C,2008-06-20,4.02263879776001,4.02263879776001,4.02263879776001,4.02263879776001,0,1.2255280017852783,0.0,0.0
CIG-C,2008-06-23,4.02263879776001,4.02263879776001,3.9741740226745605,3.9741740226745605,2579,1.210762858390808,0.0,0.0
CIG-C,2008-06-24,3.9741740226745605,3.9741740226745605,3.9741740226745605,3.9741740226745605,0,1.210762858390808,0.0,0.0
CIG-C,2008-06-25,3.9819281101226807,3.9819281101226807,3.9819281101226807,3.9819281101226807,515,1.213125467300415,0.0,0.0
CIG-C,2008-06-26,3.9819281101226807,3.9819281101226807,3.9819281101226807,3.9819281101226807,0,1.213125467300415,0.0,0.0
CIG-C,2008-06-27,3.9819281101226807,3.9819281101226807,3.9819281101226807,3.9819281101226807,0,1.213125467300415,0.0,0.0
CIG-C,2008-06-30,3.9819281101226807,3.9819281101226807,3.9819281101226807,3.9819281101226807,0,1.213125467300415,0.0,0.0
CIG-C,2008-07-01,3.9819281101226807,3.9819281101226807,3.9819281101226807,3.9819281101226807,0,1.213125467300415,0.0,0.0
CIG-C,2008-07-02,3.9819281101226807,3.9819281101226807,3.9819281101226807,3.9819281101226807,0,1.213125467300415,0.0,0.0
CIG-C,2008-07-03,3.9819281101226807,3.9819281101226807,3.9819281101226807,3.9819281101226807,0,1.213125467300415,0.0,0.0
CIG-C,2008-07-07,3.8772430419921875,3.8772430419921875,3.683379888534546,3.683379888534546,7221,1.1221704483032227,0.0,0.0
CIG-C,2008-07-08,3.7008280754089355,3.7648019790649414,3.7008280754089355,3.7648019790649414,44877,1.1469757556915283,0.0,0.0
CIG-C,2008-07-09,3.7648019790649414,3.7648019790649414,3.7648019790649414,3.7648019790649414,0,1.1469757556915283,0.0,0.0
CIG-C,2008-07-10,3.7861270904541016,3.954787015914917,3.7861270904541016,3.9082601070404053,20633,1.1906815767288208,0.0,0.0
CIG-C,2008-07-11,3.9741740226745605,3.995497941970825,3.925708055496216,3.925708055496216,2579,1.1959973573684692,0.0,0.0
CIG-C,2008-07-14,3.985805034637451,4.071105003356934,3.985805034637451,4.071105003356934,1547,1.2402937412261963,0.0,0.0
CIG-C,2008-07-15,4.071105003356934,4.071105003356934,4.071105003356934,4.071105003356934,0,1.2402937412261963,0.0,0.0
CIG-C,2008-07-16,4.107937812805176,4.107937812805176,4.107937812805176,4.107937812805176,515,1.2515149116516113,0.0,0.0
CIG-C,2008-07-17,4.06528902053833,4.06528902053833,4.02263879776001,4.02263879776001,1031,1.2255280017852783,0.0,0.0
CIG-C,2008-07-18,4.026515960693359,4.08661413192749,4.024578094482422,4.049779891967773,3610,1.2337968349456787,0.0,0.0
CIG-C,2008-07-21,4.049779891967773,4.049779891967773,4.049779891967773,4.049779891967773,0,1.2337968349456787,0.0,0.0
CIG-C,2008-07-22,4.049779891967773,4.049779891967773,4.049779891967773,4.049779891967773,0,1.2337968349456787,0.0,0.0
CIG-C,2008-07-23,4.049779891967773,4.049779891967773,4.049779891967773,4.049779891967773,0,1.2337968349456787,0.0,0.0
CIG-C,2008-07-24,4.049779891967773,4.049779891967773,4.049779891967773,4.049779891967773,0,1.2337968349456787,0.0,0.0
CIG-C,2008-07-25,4.049779891967773,4.049779891967773,4.049779891967773,4.049779891967773,0,1.2337968349456787,0.0,0.0
CIG-C,2008-07-28,4.049779891967773,4.049779891967773,4.049779891967773,4.049779891967773,0,1.2337968349456787,0.0,0.0
CIG-C,2008-07-29,3.9741740226745605,3.9741740226745605,3.9741740226745605,3.9741740226745605,515,1.210762858390808,0.0,0.0
CIG-C,2008-07-30,3.9741740226745605,3.9741740226745605,3.9741740226745605,3.9741740226745605,0,1.210762858390808,0.0,0.0
CIG-C,2008-07-31,3.9741740226745605,3.9741740226745605,3.9741740226745605,3.9741740226745605,0,1.210762858390808,0.0,0.0
CIG-C,2008-08-01,3.9741740226745605,3.9741740226745605,3.9741740226745605,3.9741740226745605,0,1.210762858390808,0.0,0.0
CIG-C,2008-08-04,3.8772430419921875,3.8772430419921875,3.8772430419921875,3.8772430419921875,515,1.1812324523925781,0.0,0.0
CIG-C,2008-08-05,3.8772430419921875,3.8772430419921875,3.8772430419921875,3.8772430419921875,0,1.1812324523925781,0.0,0.0
CIG-C,2008-08-06,3.8772430419921875,3.8772430419921875,3.8772430419921875,3.8772430419921875,0,1.1812324523925781,0.0,0.0
CIG-C,2008-08-07,3.8772430419921875,3.8772430419921875,3.8772430419921875,3.8772430419921875,0,1.1812324523925781,0.0,0.0
CIG-C,2008-08-08,3.8287770748138428,3.8287770748138428,3.8287770748138428,3.8287770748138428,515,1.1664665937423706,0.0,0.0
CIG-C,2008-08-11,3.7318460941314697,3.7318460941314697,3.6349151134490967,3.6349151134490967,1547,1.107405185699463,0.0,0.0
CIG-C,2008-08-12,3.683379888534546,3.780311107635498,3.683379888534546,3.683379888534546,2063,1.1221704483032227,0.0,0.0
CIG-C,2008-08-13,3.7221529483795166,3.7221529483795166,3.7221529483795166,3.7221529483795166,3094,1.1339832544326782,0.0,0.0
CIG-C,2008-08-14,3.7221529483795166,3.7221529483795166,3.7221529483795166,3.7221529483795166,0,1.1339832544326782,0.0,0.0
CIG-C,2008-08-15,3.7221529483795166,3.7221529483795166,3.7221529483795166,3.7221529483795166,0,1.1339832544326782,0.0,0.0
CIG-C,2008-08-18,3.7221529483795166,3.7221529483795166,3.7221529483795166,3.7221529483795166,0,1.1339832544326782,0.0,0.0
CIG-C,2008-08-19,3.6349151134490967,3.7318460941314697,3.6349151134490967,3.7318460941314697,1547,1.1369359493255615,0.0,0.0
CIG-C,2008-08-20,3.780311107635498,3.8287770748138428,3.780311107635498,3.8287770748138428,1031,1.1664665937423706,0.0,0.0
CIG-C,2008-08-21,3.8287770748138428,3.8287770748138428,3.8287770748138428,3.8287770748138428,0,1.1664665937423706,0.0,0.0
CIG-C,2008-08-22,3.8287770748138428,3.8287770748138428,3.8287770748138428,3.8287770748138428,0,1.1664665937423706,0.0,0.0
CIG-C,2008-08-25,3.780311107635498,3.780311107635498,3.7318460941314697,3.7318460941314697,1031,1.1369359493255615,0.0,0.0
CIG-C,2008-08-26,3.7318460941314697,3.7318460941314697,3.7318460941314697,3.7318460941314697,0,1.1369359493255615,0.0,0.0
CIG-C,2008-08-27,3.7318460941314697,3.7318460941314697,3.7318460941314697,3.7318460941314697,0,1.1369359493255615,0.0,0.0
CIG-C,2008-08-28,3.6814420223236084,3.6814420223236084,3.6814420223236084,3.6814420223236084,515,1.1215801239013672,0.0,0.0
CIG-C,2008-08-29,3.6349151134490967,3.6349151134490967,3.586448907852173,3.586448907852173,1031,1.092639446258545,0.0,0.0
CIG-C,2008-09-02,3.586448907852173,3.586448907852173,3.586448907852173,3.586448907852173,0,1.092639446258545,0.0,0.0
CIG-C,2008-09-03,3.4895179271698,3.4895179271698,3.3925869464874268,3.3925869464874268,1031,1.0335780382156372,0.0,0.0
CIG-C,2008-09-04,3.3925869464874268,3.3925869464874268,3.3925869464874268,3.3925869464874268,0,1.0335780382156372,0.0,0.0
CIG-C,2008-09-05,3.1987249851226807,3.1987249851226807,3.19484806060791,3.19484806060791,1031,0.9733352661132812,0.0,0.0
CIG-C,2008-09-08,3.2530059814453125,3.2530059814453125,3.150259017944336,3.150259017944336,4642,0.9597509503364563,0.0,0.0
CIG-C,2008-09-09,3.1211800575256348,3.1211800575256348,3.053328037261963,3.053328037261963,4642,0.9302199482917786,0.0,0.0
CIG-C,2008-09-10,3.0048630237579346,3.0048630237579346,3.0048630237579346,3.0048630237579346,515,0.915454626083374,0.0,0.0
CIG-C,2008-09-11,2.8846681118011475,2.8846681118011475,2.8633430004119873,2.8633430004119873,5158,0.8723394274711609,0.0,0.0
CIG-C,2008-09-12,2.900177001953125,2.95639705657959,2.900177001953125,2.95639705657959,6189,0.900689423084259,0.0,0.0
CIG-C,2008-09-15,2.95639705657959,2.95639705657959,2.95639705657959,2.95639705657959,0,0.900689423084259,0.0,0.0
CIG-C,2008-09-16,2.95639705657959,2.95639705657959,2.95639705657959,2.95639705657959,0,0.900689423084259,0.0,0.0
CIG-C,2008-09-17,2.8110010623931885,2.8110010623931885,2.6656041145324707,2.6656041145324707,1031,0.8120971918106079,0.0,0.0
CIG-C,2008-09-18,2.7140700817108154,2.7334558963775635,2.7140700817108154,2.7334558963775635,1031,0.8327686786651611,0.0,0.0
CIG-C,2008-09-19,2.8110010623931885,3.0048630237579346,2.8110010623931885,3.0048630237579346,2063,0.915454626083374,0.0,0.0
CIG-C,2008-09-22,3.1987249851226807,3.5379838943481445,3.1987249851226807,3.5379838943481445,4126,1.0778743028640747,0.0,0.0
CIG-C,2008-09-23,3.3441219329833984,3.3441219329833984,3.1987249851226807,3.1987249851226807,1031,0.9745162129402161,0.0,0.0
CIG-C,2008-09-24,3.18127703666687,3.2956559658050537,3.1017940044403076,3.1017940044403076,2579,0.9449855089187622,0.0,0.0
CIG-C,2008-09-25,3.206479072570801,3.2336199283599854,3.206479072570801,3.2336199283599854,1031,0.9851471185684204,0.0,0.0
CIG-C,2008-09-26,3.3441219329833984,3.3441219329833984,3.3441219329833984,3.3441219329833984,515,1.0188127756118774,0.0,0.0
CIG-C,2008-09-29,3.150259017944336,3.150259017944336,2.859466075897217,2.859466075897217,1547,0.87115877866745,0.0,0.0
CIG-C,2008-09-30,2.95639705657959,3.2956559658050537,2.95639705657959,3.2956559658050537,2579,1.0040475130081177,0.0,0.0
CIG-C,2008-10-01,3.2956559658050537,3.2956559658050537,3.2956559658050537,3.2956559658050537,1031,1.0040475130081177,0.0,0.0
CIG-C,2008-10-02,3.1017940044403076,3.1017940044403076,3.1017940044403076,3.1017940044403076,515,0.9449855089187622,0.0,0.0
CIG-C,2008-10-03,3.063020944595337,3.063020944595337,3.063020944595337,3.063020944595337,515,0.9331731796264648,0.0,0.0
CIG-C,2008-10-06,2.869158983230591,2.869158983230591,2.520206928253174,2.520206928253174,2063,0.7678006291389465,0.0,0.0
CIG-C,2008-10-07,2.5686728954315186,2.582242965698242,2.5686728954315186,2.5764269828796387,2063,0.7849284410476685,0.0,0.0
CIG-C,2008-10-08,2.423275947570801,2.423275947570801,2.2294139862060547,2.2294139862060547,1547,0.6792082190513611,0.0,0.0
CIG-C,2008-10-09,2.2294139862060547,2.2294139862060547,2.2294139862060547,2.2294139862060547,515,0.6792082190513611,0.0,0.0
CIG-C,2008-10-10,2.0840179920196533,2.0840179920196533,1.9870870113372803,1.9870870113372803,1031,0.605381429195404,0.0,0.0
CIG-C,2008-10-13,2.151869058609009,2.1809489727020264,2.151869058609009,2.1809489727020264,1031,0.6644429564476013,0.0,0.0
CIG-C,2008-10-14,2.388381004333496,2.388381004333496,2.388381004333496,2.388381004333496,515,0.7276389002799988,0.0,0.0
CIG-C,2008-10-15,2.2294139862060547,2.2294139862060547,2.1324830055236816,2.1324830055236816,1031,0.6496775150299072,0.0,0.0
CIG-C,2008-10-16,2.1324830055236816,2.1324830055236816,2.1324830055236816,2.1324830055236816,0,0.6496775150299072,0.0,0.0
CIG-C,2008-10-17,2.1809489727020264,2.1809489727020264,2.1809489727020264,2.1809489727020264,1031,0.6644429564476013,0.0,0.0
CIG-C,2008-10-20,2.2294139862060547,2.2294139862060547,2.2294139862060547,2.2294139862060547,515,0.6792082190513611,0.0,0.0
CIG-C,2008-10-21,2.2294139862060547,2.2294139862060547,2.2294139862060547,2.2294139862060547,0,0.6792082190513611,0.0,0.0
CIG-C,2008-10-22,1.9773930311203003,1.9773930311203003,1.928928017616272,1.928928017616272,5158,0.587662935256958,0.0,0.0
CIG-C,2008-10-23,1.928928017616272,1.928928017616272,1.928928017616272,1.928928017616272,0,0.587662935256958,0.0,0.0
CIG-C,2008-10-24,1.928928017616272,1.928928017616272,1.928928017616272,1.928928017616272,0,0.587662935256958,0.0,0.0
CIG-C,2008-10-27,1.928928017616272,1.928928017616272,1.928928017616272,1.928928017616272,0,0.587662935256958,0.0,0.0
CIG-C,2008-10-28,1.9870870113372803,1.9870870113372803,1.9870870113372803,1.9870870113372803,515,0.605381429195404,0.0,0.0
CIG-C,2008-10-29,2.0161659717559814,2.0840179920196533,2.0161659717559814,2.0840179920196533,1547,0.6349123120307922,0.0,0.0
CIG-C,2008-10-30,2.0840179920196533,2.0840179920196533,2.0840179920196533,2.0840179920196533,0,0.6349123120307922,0.0,0.0
CIG-C,2008-10-31,2.0840179920196533,2.0840179920196533,2.0840179920196533,2.0840179920196533,0,0.6349123120307922,0.0,0.0
CIG-C,2008-11-03,2.1324830055236816,2.1324830055236816,2.1324830055236816,2.1324830055236816,515,0.6496775150299072,0.0,0.0
CIG-C,2008-11-04,2.3263449668884277,2.3263449668884277,2.3263449668884277,2.3263449668884277,515,0.7087389230728149,0.0,0.0
CIG-C,2008-11-05,2.2778799533843994,2.2778799533843994,2.2778799533843994,2.2778799533843994,515,0.6939737796783447,0.0,0.0
CIG-C,2008-11-06,2.1809489727020264,2.1809489727020264,2.1324830055236816,2.1324830055236816,1031,0.6496775150299072,0.0,0.0
CIG-C,2008-11-07,2.1809489727020264,2.248800039291382,2.1809489727020264,2.248800039291382,1031,0.6851145625114441,0.0,0.0
CIG-C,2008-11-10,2.248800039291382,2.248800039291382,2.248800039291382,2.248800039291382,0,0.6851145625114441,0.0,0.0
CIG-C,2008-11-11,2.1809489727020264,2.1809489727020264,2.1809489727020264,2.1809489727020264,515,0.6644429564476013,0.0,0.0
CIG-C,2008-11-12,2.1809489727020264,2.1809489727020264,2.1809489727020264,2.1809489727020264,0,0.6644429564476013,0.0,0.0
CIG-C,2008-11-13,2.1324830055236816,2.1324830055236816,2.1324830055236816,2.1324830055236816,515,0.6496775150299072,0.0,0.0
CIG-C,2008-11-14,2.19451904296875,2.2294139862060547,2.19451904296875,2.2294139862060547,3610,0.6792082190513611,0.0,0.0
CIG-C,2008-11-17,2.2294139862060547,2.2294139862060547,2.2294139862060547,2.2294139862060547,0,0.6792082190513611,0.0,0.0
CIG-C,2008-11-18,2.3748109340667725,2.3748109340667725,2.3263449668884277,2.3263449668884277,3094,0.7087389230728149,0.0,0.0
CIG-C,2008-11-19,2.2778799533843994,2.2778799533843994,2.2778799533843994,2.2778799533843994,515,0.6939737796783447,0.0,0.0
CIG-C,2008-11-20,2.1809489727020264,2.1809489727020264,2.1809489727020264,2.1809489727020264,515,0.6644429564476013,0.0,0.0
CIG-C,2008-11-21,2.1324830055236816,2.1324830055236816,2.1324830055236816,2.1324830055236816,515,0.6496775150299072,0.0,0.0
CIG-C,2008-11-24,2.1809489727020264,2.1809489727020264,2.1809489727020264,2.1809489727020264,515,0.6644429564476013,0.0,0.0
CIG-C,2008-11-25,2.1809489727020264,2.1809489727020264,2.1809489727020264,2.1809489727020264,0,0.6644429564476013,0.0,0.0
CIG-C,2008-11-26,2.2294139862060547,2.2294139862060547,2.2294139862060547,2.2294139862060547,515,0.6792082190513611,0.0,0.0
CIG-C,2008-11-28,2.2294139862060547,2.2294139862060547,2.2294139862060547,2.2294139862060547,0,0.6792082190513611,0.0,0.0
CIG-C,2008-12-01,2.1324830055236816,2.1324830055236816,2.1324830055236816,2.1324830055236816,515,0.6496775150299072,0.0,0.0
CIG-C,2008-12-02,2.1324830055236816,2.1324830055236816,2.1324830055236816,2.1324830055236816,0,0.6496775150299072,0.0,0.0
CIG-C,2008-12-03,2.1324830055236816,2.1324830055236816,2.1324830055236816,2.1324830055236816,0,0.6496775150299072,0.0,0.0
CIG-C,2008-12-04,2.1324830055236816,2.1324830055236816,2.1324830055236816,2.1324830055236816,0,0.6496775150299072,0.0,0.0
CIG-C,2008-12-05,1.9870870113372803,1.9870870113372803,1.9870870113372803,1.9870870113372803,515,0.605381429195404,0.0,0.0
CIG-C,2008-12-08,2.0549380779266357,2.0549380779266357,2.0549380779266357,2.0549380779266357,515,0.6260527968406677,0.0,0.0
CIG-C,2008-12-09,2.0549380779266357,2.0549380779266357,2.0549380779266357,2.0549380779266357,0,0.6260527968406677,0.0,0.0
CIG-C,2008-12-10,2.0549380779266357,2.0549380779266357,2.0549380779266357,2.0549380779266357,0,0.6260527968406677,0.0,0.0
CIG-C,2008-12-11,2.0549380779266357,2.0549380779266357,2.0549380779266357,2.0549380779266357,0,0.6260527968406677,0.0,0.0
CIG-C,2008-12-12,2.0549380779266357,2.0549380779266357,2.0549380779266357,2.0549380779266357,0,0.6260527968406677,0.0,0.0
CIG-C,2008-12-15,2.0549380779266357,2.0549380779266357,2.0549380779266357,2.0549380779266357,0,0.6260527968406677,0.0,0.0
CIG-C,2008-12-16,2.0840179920196533,2.0840179920196533,2.0840179920196533,2.0840179920196533,515,0.6349123120307922,0.0,0.0
CIG-C,2008-12-17,2.0840179920196533,2.0840179920196533,2.0840179920196533,2.0840179920196533,0,0.6349123120307922,0.0,0.0
CIG-C,2008-12-18,2.0355520248413086,2.0355520248413086,2.0355520248413086,2.0355520248413086,515,0.6201468110084534,0.0,0.0
CIG-C,2008-12-19,1.9773930311203003,1.9773930311203003,1.9773930311203003,1.9773930311203003,515,0.602428138256073,0.0,0.0
CIG-C,2008-12-22,1.9502530097961426,1.9502530097961426,1.9483139514923096,1.9483139514923096,1547,0.5935689806938171,0.0,0.0
CIG-C,2008-12-23,1.9483139514923096,1.9483139514923096,1.9483139514923096,1.9483139514923096,0,0.5935689806938171,0.0,0.0
CIG-C,2008-12-24,1.9483139514923096,1.9483139514923096,1.9483139514923096,1.9483139514923096,0,0.5935689806938171,0.0,0.0
CIG-C,2008-12-26,1.9483139514923096,1.9483139514923096,1.9483139514923096,1.9483139514923096,0,0.5935689806938171,0.0,0.0
CIG-C,2008-12-29,1.9483139514923096,1.9483139514923096,1.9483139514923096,1.9483139514923096,0,0.5935689806938171,0.0,0.0
CIG-C,2008-12-30,1.9870870113372803,1.9870870113372803,1.9870870113372803,1.9870870113372803,515,0.605381429195404,0.0,0.0
CIG-C,2008-12-31,1.9870870113372803,1.9870870113372803,1.9870870113372803,1.9870870113372803,0,0.605381429195404,0.0,0.0
CIG-C,2009-01-02,2.0355520248413086,2.0355520248413086,2.0355520248413086,2.0355520248413086,515,0.6201468110084534,0.0,0.0
CIG-C,2009-01-05,2.0840179920196533,2.0840179920196533,2.0840179920196533,2.0840179920196533,515,0.6349123120307922,0.0,0.0
CIG-C,2009-01-06,2.0840179920196533,2.0840179920196533,2.0840179920196533,2.0840179920196533,0,0.6349123120307922,0.0,0.0
CIG-C,2009-01-07,2.0840179920196533,2.0840179920196533,2.0840179920196533,2.0840179920196533,0,0.6349123120307922,0.0,0.0
CIG-C,2009-01-08,2.1227900981903076,2.1227900981903076,2.1227900981903076,2.1227900981903076,515,0.6467244029045105,0.0,0.0
CIG-C,2009-01-09,2.0646309852600098,2.1034040451049805,2.0161659717559814,2.0161659717559814,2063,0.6142407655715942,0.0,0.0
CIG-C,2009-01-12,2.0355520248413086,2.0491220951080322,2.0355520248413086,2.0491220951080322,1031,0.6242809891700745,0.0,0.0
CIG-C,2009-01-13,2.0743250846862793,2.2972660064697266,2.0743250846862793,2.1906421184539795,13411,0.6673962473869324,0.0,0.0
CIG-C,2009-01-14,2.1324830055236816,2.2778799533843994,2.0840179920196533,2.2294139862060547,3094,0.6792082190513611,0.0,0.0
CIG-C,2009-01-15,2.105341911315918,2.105341911315918,2.0355520248413086,2.0355520248413086,4126,0.6201468110084534,0.0,0.0
CIG-C,2009-01-16,2.0355520248413086,2.0355520248413086,2.0355520248413086,2.0355520248413086,0,0.6201468110084534,0.0,0.0
CIG-C,2009-01-20,2.0355520248413086,2.0355520248413086,2.0355520248413086,2.0355520248413086,0,0.6201468110084534,0.0,0.0
CIG-C,2009-01-21,2.0355520248413086,2.0355520248413086,2.0355520248413086,2.0355520248413086,0,0.6201468110084534,0.0,0.0
CIG-C,2009-01-22,1.9677000045776367,1.9677000045776367,1.9677000045776367,1.9677000045776367,515,0.5994752049446106,0.0,0.0
CIG-C,2009-01-23,1.9967800378799438,2.2294139862060547,1.9967800378799438,2.0355520248413086,17022,0.6201468110084534,0.0,0.0
CIG-C,2009-01-26,2.0355520248413086,2.0355520248413086,2.0355520248413086,2.0355520248413086,0,0.6201468110084534,0.0,0.0
CIG-C,2009-01-27,2.08595609664917,2.08595609664917,2.0355520248413086,2.0355520248413086,3610,0.6201468110084534,0.0,0.0
CIG-C,2009-01-28,2.0355520248413086,2.0355520248413086,2.0355520248413086,2.0355520248413086,0,0.6201468110084534,0.0,0.0
CIG-C,2009-01-29,2.0355520248413086,2.0355520248413086,2.0355520248413086,2.0355520248413086,0,0.6201468110084534,0.0,0.0
CIG-C,2009-01-30,2.0355520248413086,2.0355520248413086,2.0355520248413086,2.0355520248413086,0,0.6201468110084534,0.0,0.0
CIG-C,2009-02-02,1.9580069780349731,1.9580069780349731,1.9580069780349731,1.9580069780349731,515,0.5965219140052795,0.0,0.0
CIG-C,2009-02-03,1.9580069780349731,1.9580069780349731,1.9580069780349731,1.9580069780349731,0,0.5965219140052795,0.0,0.0
CIG-C,2009-02-04,1.9580069780349731,1.9580069780349731,1.9580069780349731,1.9580069780349731,0,0.5965219140052795,0.0,0.0
CIG-C,2009-02-05,1.9580069780349731,1.9580069780349731,1.9580069780349731,1.9580069780349731,0,0.5965219140052795,0.0,0.0
CIG-C,2009-02-06,1.9580069780349731,1.9580069780349731,1.9580069780349731,1.9580069780349731,0,0.5965219140052795,0.0,0.0
CIG-C,2009-02-09,1.9580069780349731,1.9580069780349731,1.9580069780349731,1.9580069780349731,0,0.5965219140052795,0.0,0.0
CIG-C,2009-02-10,1.9967800378799438,1.9967800378799438,1.9967800378799438,1.9967800378799438,515,0.6083346605300903,0.0,0.0
CIG-C,2009-02-11,1.9967800378799438,1.9967800378799438,1.9967800378799438,1.9967800378799438,0,0.6083346605300903,0.0,0.0
CIG-C,2009-02-12,1.9967800378799438,1.9967800378799438,1.9967800378799438,1.9967800378799438,0,0.6083346605300903,0.0,0.0
CIG-C,2009-02-13,1.9967800378799438,1.9967800378799438,1.9967800378799438,1.9967800378799438,0,0.6083346605300903,0.0,0.0
CIG-C,2009-02-17,1.9967800378799438,1.9967800378799438,1.9967800378799438,1.9967800378799438,0,0.6083346605300903,0.0,0.0
CIG-C,2009-02-18,1.9192349910736084,2.161561965942383,1.9192349910736084,1.9386210441589355,31981,0.5906161069869995,0.0,0.0
CIG-C,2009-02-19,1.9386210441589355,1.9386210441589355,1.8901549577713013,1.8901549577713013,10832,0.5758504271507263,0.0,0.0
CIG-C,2009-02-20,1.8901549577713013,1.8901549577713013,1.8901549577713013,1.8901549577713013,0,0.5758504271507263,0.0,0.0
CIG-C,2009-02-23,1.8901549577713013,1.8901549577713013,1.8901549577713013,1.8901549577713013,0,0.5758504271507263,0.0,0.0
CIG-C,2009-02-24,1.8901549577713013,1.8901549577713013,1.8901549577713013,1.8901549577713013,0,0.5758504271507263,0.0,0.0
CIG-C,2009-02-25,1.8901549577713013,1.8901549577713013,1.8901549577713013,1.8901549577713013,0,0.5758504271507263,0.0,0.0
CIG-C,2009-02-26,2.0161659717559814,2.0161659717559814,1.9483139514923096,1.9483139514923096,1547,0.5935689806938171,0.0,0.0
CIG-C,2009-02-27,1.9483139514923096,1.9483139514923096,1.9483139514923096,1.9483139514923096,0,0.5935689806938171,0.0,0.0
CIG-C,2009-03-02,1.9347440004348755,1.9347440004348755,1.8707690238952637,1.8707690238952637,6189,0.5699442625045776,0.0,0.0
CIG-C,2009-03-03,1.8707690238952637,1.8707690238952637,1.8707690238952637,1.8707690238952637,0,0.5699442625045776,0.0,0.0
CIG-C,2009-03-04,1.8707690238952637,1.8707690238952637,1.8707690238952637,1.8707690238952637,0,0.5699442625045776,0.0,0.0
CIG-C,2009-03-05,1.8707690238952637,1.8707690238952637,1.8707690238952637,1.8707690238952637,0,0.5699442625045776,0.0,0.0
CIG-C,2009-03-06,1.8707690238952637,1.8707690238952637,1.8707690238952637,1.8707690238952637,0,0.5699442625045776,0.0,0.0
CIG-C,2009-03-09,1.9095419645309448,1.9095419645309448,1.9095419645309448,1.9095419645309448,515,0.5817567110061646,0.0,0.0
CIG-C,2009-03-10,1.9483139514923096,1.9483139514923096,1.9483139514923096,1.9483139514923096,515,0.5935689806938171,0.0,0.0
CIG-C,2009-03-11,1.9483139514923096,1.9483139514923096,1.9483139514923096,1.9483139514923096,0,0.5935689806938171,0.0,0.0
CIG-C,2009-03-12,1.9483139514923096,1.9483139514923096,1.9483139514923096,1.9483139514923096,0,0.5935689806938171,0.0,0.0
CIG-C,2009-03-13,1.9483139514923096,1.9483139514923096,1.9483139514923096,1.9483139514923096,0,0.5935689806938171,0.0,0.0
CIG-C,2009-03-16,1.9483139514923096,1.9483139514923096,1.9483139514923096,1.9483139514923096,0,0.5935689806938171,0.0,0.0
CIG-C,2009-03-17,1.9483139514923096,1.9483139514923096,1.9483139514923096,1.9483139514923096,0,0.5935689806938171,0.0,0.0
CIG-C,2009-03-18,1.9967800378799438,1.9967800378799438,1.9967800378799438,1.9967800378799438,515,0.6083346605300903,0.0,0.0
CIG-C,2009-03-19,2.0452449321746826,2.0452449321746826,2.0452449321746826,2.0452449321746826,515,0.6230997443199158,0.0,0.0
CIG-C,2009-03-20,2.0452449321746826,2.0452449321746826,2.0452449321746826,2.0452449321746826,0,0.6230997443199158,0.0,0.0
CIG-C,2009-03-23,2.0452449321746826,2.0452449321746826,2.0452449321746826,2.0452449321746826,0,0.6230997443199158,0.0,0.0
CIG-C,2009-03-24,2.0452449321746826,2.0452449321746826,2.0452449321746826,2.0452449321746826,0,0.6230997443199158,0.0,0.0
CIG-C,2009-03-25,2.1130969524383545,2.1130969524383545,2.1130969524383545,2.1130969524383545,515,0.6437716484069824,0.0,0.0
CIG-C,2009-03-26,2.1130969524383545,2.1130969524383545,2.1130969524383545,2.1130969524383545,0,0.6437716484069824,0.0,0.0
CIG-C,2009-03-27,2.1130969524383545,2.1130969524383545,2.1130969524383545,2.1130969524383545,0,0.6437716484069824,0.0,0.0
CIG-C,2009-03-30,2.1324830055236816,2.1324830055236816,2.1324830055236816,2.1324830055236816,515,0.6496775150299072,0.0,0.0
CIG-C,2009-03-31,2.1324830055236816,2.1324830055236816,2.1324830055236816,2.1324830055236816,0,0.6496775150299072,0.0,0.0
CIG-C,2009-04-01,2.1324830055236816,2.2100279331207275,2.1324830055236816,2.2100279331207275,1547,0.6733021140098572,0.0,0.0
CIG-C,2009-04-02,2.2100279331207275,2.2100279331207275,2.2100279331207275,2.2100279331207275,0,0.6733021140098572,0.0,0.0
CIG-C,2009-04-03,2.3263449668884277,2.477557897567749,2.3263449668884277,2.423275947570801,3094,0.7382698059082031,0.0,0.0
CIG-C,2009-04-06,2.4155220985412598,2.423275947570801,2.3748109340667725,2.3748109340667725,104197,0.7235047817230225,0.0,0.0
CIG-C,2009-04-07,2.3748109340667725,2.3748109340667725,2.3748109340667725,2.3748109340667725,0,0.7235047817230225,0.0,0.0
CIG-C,2009-04-08,2.3748109340667725,2.3748109340667725,2.3748109340667725,2.3748109340667725,0,0.7235047817230225,0.0,0.0
CIG-C,2009-04-09,2.423275947570801,2.423275947570801,2.423275947570801,2.423275947570801,515,0.7382698059082031,0.0,0.0
CIG-C,2009-04-13,2.4601099491119385,2.4601099491119385,2.4601099491119385,2.4601099491119385,5674,0.7494916915893555,0.0,0.0
CIG-C,2009-04-14,2.3554248809814453,2.3554248809814453,2.3554248809814453,2.3554248809814453,515,0.717598557472229,0.0,0.0
CIG-C,2009-04-15,2.3554248809814453,2.3554248809814453,2.3554248809814453,2.3554248809814453,0,0.717598557472229,0.0,0.0
CIG-C,2009-04-16,2.3515470027923584,2.423275947570801,2.31083607673645,2.3263449668884277,12379,0.7087389230728149,0.0,0.0
CIG-C,2009-04-17,2.3748109340667725,2.3748109340667725,2.3748109340667725,2.3748109340667725,515,0.7235047817230225,0.0,0.0
CIG-C,2009-04-20,2.3748109340667725,2.3748109340667725,2.3748109340667725,2.3748109340667725,0,0.7235047817230225,0.0,0.0
CIG-C,2009-04-21,2.3748109340667725,2.3748109340667725,2.3748109340667725,2.3748109340667725,0,0.7235047817230225,0.0,0.0
CIG-C,2009-04-22,2.3748109340667725,2.3748109340667725,2.3748109340667725,2.3748109340667725,0,0.7235047817230225,0.0,0.0
CIG-C,2009-04-23,2.3748109340667725,2.3748109340667725,2.3748109340667725,2.3748109340667725,0,0.7235047817230225,0.0,0.0
CIG-C,2009-04-24,2.3263449668884277,2.3263449668884277,2.3263449668884277,2.3263449668884277,5158,0.7087389230728149,0.0,0.0
CIG-C,2009-04-27,2.3263449668884277,2.3263449668884277,2.3263449668884277,2.3263449668884277,0,0.7087389230728149,0.0,0.0
CIG-C,2009-04-28,2.3263449668884277,2.3263449668884277,2.3263449668884277,2.3263449668884277,0,0.7087389230728149,0.0,0.0
CIG-C,2009-04-29,2.3554248809814453,2.4329700469970703,2.3554248809814453,2.4329700469970703,1547,0.7412233352661133,0.0,0.0
CIG-C,2009-04-30,2.3224680423736572,2.3224680423736572,2.2875730991363525,2.2875730991363525,1547,0.7413676977157593,0.145843,0.0
CIG-C,2009-05-01,2.2875730991363525,2.2875730991363525,2.2875730991363525,2.2875730991363525,0,0.7413676977157593,0.0,0.0
CIG-C,2009-05-04,2.336038112640381,2.336038112640381,2.336038112640381,2.336038112640381,515,0.7570745348930359,0.0,0.0
CIG-C,2009-05-05,2.336038112640381,2.336038112640381,2.336038112640381,2.336038112640381,0,0.7570745348930359,0.0,0.0
CIG-C,2009-05-06,2.3437929153442383,2.3437929153442383,2.3437929153442383,2.3437929153442383,2063,0.7595878839492798,0.0,0.0
CIG-C,2009-05-07,2.3263449668884277,2.3263449668884277,2.3263449668884277,2.3263449668884277,515,0.7539331316947937,0.0,0.0
CIG-C,2009-05-08,2.336038112640381,2.3651180267333984,2.336038112640381,2.3651180267333984,1547,0.7664989233016968,0.0,0.0
CIG-C,2009-05-11,2.3651180267333984,2.3651180267333984,2.3651180267333984,2.3651180267333984,0,0.7664989233016968,0.0,0.0
CIG-C,2009-05-12,2.3651180267333984,2.3651180267333984,2.3651180267333984,2.3651180267333984,0,0.7664989233016968,0.0,0.0
CIG-C,2009-05-13,2.3651180267333984,2.3651180267333984,2.3651180267333984,2.3651180267333984,0,0.7664989233016968,0.0,0.0
CIG-C,2009-05-14,2.3408849239349365,2.3408849239349365,2.3408849239349365,2.3408849239349365,1237,0.7586451768875122,0.0,1.25
CIG-C,2009-05-15,2.3408849239349365,2.3408849239349365,2.3408849239349365,2.3408849239349365,0,0.7586451768875122,0.0,0.0
CIG-C,2009-05-18,2.3408849239349365,2.3408849239349365,2.3408849239349365,2.3408849239349365,0,0.7586451768875122,0.0,0.0
CIG-C,2009-05-19,2.3408849239349365,2.3408849239349365,2.3408849239349365,2.3408849239349365,0,0.7586451768875122,0.0,0.0
CIG-C,2009-05-20,2.3408849239349365,2.3408849239349365,2.3408849239349365,2.3408849239349365,0,0.7586451768875122,0.0,0.0
CIG-C,2009-05-21,2.3408849239349365,2.3408849239349365,2.3408849239349365,2.3408849239349365,0,0.7586451768875122,0.0,0.0
CIG-C,2009-05-22,2.3021130561828613,2.3021130561828613,2.3021130561828613,2.3021130561828613,412,0.7460801005363464,0.0,0.0
CIG-C,2009-05-26,2.3021130561828613,2.3021130561828613,2.3021130561828613,2.3021130561828613,0,0.7460801005363464,0.0,0.0
CIG-C,2009-05-27,2.3263449668884277,2.3263449668884277,2.3263449668884277,2.3263449668884277,412,0.7539331316947937,0.0,0.0
CIG-C,2009-05-28,2.3748109340667725,2.4111599922180176,2.3748109340667725,2.3990440368652344,29278,0.7774938941001892,0.0,0.0
CIG-C,2009-05-29,2.4475090503692627,2.4475090503692627,2.423275947570801,2.423275947570801,7015,0.785347044467926,0.0,0.0
CIG-C,2009-06-01,2.4717419147491455,2.4717419147491455,2.4717419147491455,2.4717419147491455,412,0.8010541796684265,0.0,0.0
CIG-C,2009-06-02,2.4717419147491455,2.4717419147491455,2.4717419147491455,2.4717419147491455,0,0.8010541796684265,0.0,0.0
CIG-C,2009-06-03,2.4717419147491455,2.4717419147491455,2.4717419147491455,2.4717419147491455,0,0.8010541796684265,0.0,0.0
CIG-C,2009-06-04,2.4959750175476074,2.5444400310516357,2.4959750175476074,2.5444400310516357,825,0.8246144652366638,0.0,0.0
CIG-C,2009-06-05,2.6050219535827637,2.6050219535827637,2.6025989055633545,2.6025989055633545,6602,0.8434627056121826,0.0,0.0
CIG-C,2009-06-08,2.5565569400787354,2.5686728954315186,2.5565569400787354,2.5686728954315186,825,0.8324679136276245,0.0,0.0
CIG-C,2009-06-09,2.520206928253174,2.520206928253174,2.520206928253174,2.520206928253174,1237,0.8167611360549927,0.0,0.0
CIG-C,2009-06-10,2.520206928253174,2.520206928253174,2.520206928253174,2.520206928253174,0,0.8167611360549927,0.0,0.0
CIG-C,2009-06-11,2.5686728954315186,2.6534879207611084,2.5686728954315186,2.6534879207611084,1650,0.8599552512168884,0.0,0.0
CIG-C,2009-06-12,2.6898369789123535,2.6898369789123535,2.6898369789123535,2.6898369789123535,412,0.871735155582428,0.0,0.0
CIG-C,2009-06-15,2.634100914001465,2.634100914001465,2.5614030361175537,2.5614030361175537,1650,0.8301119804382324,0.0,0.0
CIG-C,2009-06-16,2.5444400310516357,2.5444400310516357,2.5444400310516357,2.5444400310516357,412,0.8246144652366638,0.0,0.0
CIG-C,2009-06-17,2.4959750175476074,2.4959750175476074,2.4717419147491455,2.4717419147491455,825,0.8010541796684265,0.0,0.0
CIG-C,2009-06-18,2.4862821102142334,2.4862821102142334,2.4862821102142334,2.4862821102142334,412,0.8057666420936584,0.0,0.0
CIG-C,2009-06-19,2.4862821102142334,2.4862821102142334,2.4862821102142334,2.4862821102142334,0,0.8057666420936584,0.0,0.0
CIG-C,2009-06-22,2.46689510345459,2.46689510345459,2.4329700469970703,2.4329700469970703,825,0.7884888052940369,0.0,0.0
CIG-C,2009-06-23,2.423275947570801,2.423275947570801,2.423275947570801,2.423275947570801,412,0.785347044467926,0.0,0.0
CIG-C,2009-06-24,2.4547789096832275,2.46689510345459,2.4547789096832275,2.46689510345459,4951,0.7994833588600159,0.0,0.0
CIG-C,2009-06-25,2.4620490074157715,2.4620490074157715,2.4620490074157715,2.4620490074157715,412,0.7979127764701843,0.0,0.0
CIG-C,2009-06-26,2.4887049198150635,2.520206928253174,2.4887049198150635,2.520206928253174,1237,0.8167611360549927,0.0,0.0
CIG-C,2009-06-29,2.520206928253174,2.520206928253174,2.520206928253174,2.520206928253174,0,0.8167611360549927,0.0,0.0
CIG-C,2009-06-30,2.5444400310516357,2.5444400310516357,2.5444400310516357,2.5444400310516357,412,0.8246144652366638,0.0,0.0
CIG-C,2009-07-01,2.5444400310516357,2.5444400310516357,2.5444400310516357,2.5444400310516357,0,0.8246144652366638,0.0,0.0
CIG-C,2009-07-02,2.614715099334717,2.614715099334717,2.5929059982299805,2.5929059982299805,1650,0.8403217196464539,0.0,0.0
CIG-C,2009-07-06,2.5444400310516357,2.5444400310516357,2.5444400310516357,2.5444400310516357,412,0.8246144652366638,0.0,0.0
CIG-C,2009-07-07,2.5080909729003906,2.5080909729003906,2.5080909729003906,2.5080909729003906,412,0.8128342032432556,0.0,0.0
CIG-C,2009-07-08,2.483858108520508,2.483858108520508,2.4475090503692627,2.4475090503692627,1237,0.7932005524635315,0.0,0.0
CIG-C,2009-07-09,2.4959750175476074,2.520206928253174,2.4959750175476074,2.520206928253174,825,0.8167611360549927,0.0,0.0
CIG-C,2009-07-10,2.4717419147491455,2.4717419147491455,2.4717419147491455,2.4717419147491455,412,0.8010541796684265,0.0,0.0
CIG-C,2009-07-13,2.4717419147491455,2.4717419147491455,2.4717419147491455,2.4717419147491455,0,0.8010541796684265,0.0,0.0
CIG-C,2009-07-14,2.4717419147491455,2.4717419147491455,2.4717419147491455,2.4717419147491455,0,0.8010541796684265,0.0,0.0
CIG-C,2009-07-15,2.5177841186523438,2.5177841186523438,2.5177841186523438,2.5177841186523438,412,0.8159758448600769,0.0,0.0
CIG-C,2009-07-16,2.5177841186523438,2.5177841186523438,2.5177841186523438,2.5177841186523438,0,0.8159758448600769,0.0,0.0
CIG-C,2009-07-17,2.5444400310516357,2.5444400310516357,2.5444400310516357,2.5444400310516357,412,0.8246144652366638,0.0,0.0
CIG-C,2009-07-20,2.5904829502105713,2.5904829502105713,2.5904829502105713,2.5904829502105713,412,0.839536190032959,0.0,0.0
CIG-C,2009-07-21,2.5710959434509277,2.5710959434509277,2.5710959434509277,2.5710959434509277,412,0.8332533240318298,0.0,0.0
CIG-C,2009-07-22,2.5710959434509277,2.5710959434509277,2.5710959434509277,2.5710959434509277,0,0.8332533240318298,0.0,0.0
CIG-C,2009-07-23,2.5710959434509277,2.5710959434509277,2.5710959434509277,2.5710959434509277,0,0.8332533240318298,0.0,0.0
CIG-C,2009-07-24,2.5710959434509277,2.5710959434509277,2.5710959434509277,2.5710959434509277,0,0.8332533240318298,0.0,0.0
CIG-C,2009-07-27,2.6050219535827637,2.6050219535827637,2.6050219535827637,2.6050219535827637,412,0.8442479372024536,0.0,0.0
CIG-C,2009-07-28,2.6050219535827637,2.6050219535827637,2.6050219535827637,2.6050219535827637,0,0.8442479372024536,0.0,0.0
CIG-C,2009-07-29,2.6050219535827637,2.6534879207611084,2.6050219535827637,2.6534879207611084,1650,0.8599552512168884,0.0,0.0
CIG-C,2009-07-30,2.7019529342651367,2.7552649974823,2.7019529342651367,2.7504189014434814,4539,0.8913690447807312,0.0,0.0
CIG-C,2009-07-31,2.7504189014434814,2.7504189014434814,2.7504189014434814,2.7504189014434814,0,0.8913690447807312,0.0,0.0
CIG-C,2009-08-03,2.7625350952148438,2.7843449115753174,2.7625350952148438,2.7843449115753174,1237,0.9023638367652893,0.0,0.0
CIG-C,2009-08-04,2.7988839149475098,2.992746114730835,2.7988839149475098,2.9079320430755615,9491,0.9424168467521667,0.0,0.0
CIG-C,2009-08-05,2.9006619453430176,2.9006619453430176,2.878851890563965,2.878851890563965,1650,0.9329925179481506,0.0,0.0
CIG-C,2009-08-06,2.878851890563965,2.878851890563965,2.878851890563965,2.878851890563965,0,0.9329925179481506,0.0,0.0
CIG-C,2009-08-07,2.9685139656066895,2.9685139656066895,2.9079320430755615,2.9079320430755615,4126,0.9424168467521667,0.0,0.0
CIG-C,2009-08-10,2.9079320430755615,2.9079320430755615,2.9079320430755615,2.9079320430755615,0,0.9424168467521667,0.0,0.0
CIG-C,2009-08-11,2.8473498821258545,2.8473498821258545,2.8473498821258545,2.8473498821258545,412,0.922783374786377,0.0,0.0
CIG-C,2009-08-12,2.8473498821258545,2.8473498821258545,2.8473498821258545,2.8473498821258545,0,0.922783374786377,0.0,0.0
CIG-C,2009-08-13,2.8473498821258545,2.8473498821258545,2.8473498821258545,2.8473498821258545,0,0.922783374786377,0.0,0.0
CIG-C,2009-08-14,2.8473498821258545,2.8473498821258545,2.8473498821258545,2.8473498821258545,0,0.922783374786377,0.0,0.0
CIG-C,2009-08-17,2.7770750522613525,2.7770750522613525,2.7770750522613525,2.7770750522613525,412,0.9000078439712524,0.0,0.0
CIG-C,2009-08-18,2.7770750522613525,2.7770750522613525,2.7770750522613525,2.7770750522613525,0,0.9000078439712524,0.0,0.0
CIG-C,2009-08-19,2.8449270725250244,2.8449270725250244,2.8449270725250244,2.8449270725250244,412,0.9219975471496582,0.0,0.0
CIG-C,2009-08-20,2.8449270725250244,2.8449270725250244,2.8449270725250244,2.8449270725250244,0,0.9219975471496582,0.0,0.0
CIG-C,2009-08-21,2.8449270725250244,2.8449270725250244,2.8449270725250244,2.8449270725250244,0,0.9219975471496582,0.0,0.0
CIG-C,2009-08-24,2.8449270725250244,2.8449270725250244,2.8449270725250244,2.8449270725250244,0,0.9219975471496582,0.0,0.0
CIG-C,2009-08-25,2.8449270725250244,2.8449270725250244,2.8449270725250244,2.8449270725250244,0,0.9219975471496582,0.0,0.0
CIG-C,2009-08-26,2.8449270725250244,2.8449270725250244,2.8449270725250244,2.8449270725250244,0,0.9219975471496582,0.0,0.0
CIG-C,2009-08-27,2.8449270725250244,2.8449270725250244,2.8449270725250244,2.8449270725250244,0,0.9219975471496582,0.0,0.0
CIG-C,2009-08-28,2.8449270725250244,2.8449270725250244,2.8449270725250244,2.8449270725250244,0,0.9219975471496582,0.0,0.0
CIG-C,2009-08-31,2.8449270725250244,2.8449270725250244,2.8449270725250244,2.8449270725250244,0,0.9219975471496582,0.0,0.0
CIG-C,2009-09-01,2.7867679595947266,2.7867679595947266,2.6656041145324707,2.6656041145324707,1237,0.8638820052146912,0.0,0.0
CIG-C,2009-09-02,2.6656041145324707,2.6656041145324707,2.6656041145324707,2.6656041145324707,0,0.8638820052146912,0.0,0.0
CIG-C,2009-09-03,2.6656041145324707,2.6656041145324707,2.6656041145324707,2.6656041145324707,0,0.8638820052146912,0.0,0.0
CIG-C,2009-09-04,2.7140700817108154,2.7140700817108154,2.7140700817108154,2.7140700817108154,825,0.8795890808105469,0.0,0.0
CIG-C,2009-09-08,2.7528419494628906,2.7528419494628906,2.7528419494628906,2.7528419494628906,412,0.892154335975647,0.0,0.0
CIG-C,2009-09-09,2.7867679595947266,2.7867679595947266,2.7867679595947266,2.7867679595947266,412,0.903149425983429,0.0,0.0
CIG-C,2009-09-10,2.8473498821258545,2.8473498821258545,2.8473498821258545,2.8473498821258545,412,0.922783374786377,0.0,0.0
CIG-C,2009-09-11,2.9079320430755615,2.9079320430755615,2.9079320430755615,2.9079320430755615,412,0.9424168467521667,0.0,0.0
CIG-C,2009-09-14,2.9079320430755615,2.9079320430755615,2.9079320430755615,2.9079320430755615,0,0.9424168467521667,0.0,0.0
CIG-C,2009-09-15,2.9079320430755615,2.9079320430755615,2.9079320430755615,2.9079320430755615,0,0.9424168467521667,0.0,0.0
CIG-C,2009-09-16,3.0206139087677,3.0509049892425537,3.0206139087677,3.0290958881378174,2888,0.9816839098930359,0.0,0.0
CIG-C,2009-09-17,2.9079320430755615,2.992746114730835,2.9079320430755615,2.9079320430755615,74692,0.9424168467521667,0.0,0.0
CIG-C,2009-09-18,2.9321649074554443,2.9321649074554443,2.9079320430755615,2.9079320430755615,318164,0.9424168467521667,0.0,0.0
CIG-C,2009-09-21,2.9079320430755615,2.9079320430755615,2.9079320430755615,2.9079320430755615,33013,0.9424168467521667,0.0,0.0
CIG-C,2009-09-22,2.9079320430755615,2.9079320430755615,2.9079320430755615,2.9079320430755615,0,0.9424168467521667,0.0,0.0
CIG-C,2009-09-23,2.9079320430755615,2.9079320430755615,2.9079320430755615,2.9079320430755615,0,0.9424168467521667,0.0,0.0
CIG-C,2009-09-24,2.9079320430755615,2.9079320430755615,2.9079320430755615,2.9079320430755615,0,0.9424168467521667,0.0,0.0
CIG-C,2009-09-25,2.8473498821258545,2.8473498821258545,2.8473498821258545,2.8473498821258545,412,0.922783374786377,0.0,0.0
CIG-C,2009-09-28,2.9079320430755615,2.9879000186920166,2.9079320430755615,2.9806299209594727,69740,0.9659770727157593,0.0,0.0
CIG-C,2009-09-29,2.9079320430755615,3.0605978965759277,2.9079320430755615,3.0290958881378174,2888,0.9816839098930359,0.0,0.0
CIG-C,2009-09-30,3.0824079513549805,3.0896780490875244,3.0824079513549805,3.0848309993743896,13535,0.9997467994689941,0.0,0.0
CIG-C,2009-10-01,3.0848309993743896,3.0848309993743896,3.0848309993743896,3.0848309993743896,0,0.9997467994689941,0.0,0.0
CIG-C,2009-10-02,3.0460588932037354,3.1332969665527344,3.0460588932037354,3.1332969665527344,2475,1.0154540538787842,0.0,0.0
CIG-C,2009-10-05,3.0921010971069336,3.0921010971069336,3.0290958881378174,3.0654449462890625,2888,0.9934639930725098,0.0,0.0
CIG-C,2009-10-06,3.0896780490875244,3.0921010971069336,3.0290958881378174,3.0654449462890625,2888,0.9934639930725098,0.0,0.0
CIG-C,2009-10-07,3.0896780490875244,3.0896780490875244,3.0896780490875244,3.0896780490875244,412,1.0013176202774048,0.0,0.0
CIG-C,2009-10-08,3.113909959793091,3.113909959793091,3.113909959793091,3.113909959793091,412,1.0091707706451416,0.0,0.0
CIG-C,2009-10-09,3.1381430625915527,3.1381430625915527,3.1381430625915527,3.1381430625915527,412,1.0170245170593262,0.0,0.0
CIG-C,2009-10-12,3.1381430625915527,3.1381430625915527,3.1381430625915527,3.1381430625915527,0,1.0170245170593262,0.0,0.0
CIG-C,2009-10-13,3.1987249851226807,3.1987249851226807,3.1260271072387695,3.1260271072387695,2063,1.013097882270813,0.0,0.0
CIG-C,2009-10-14,3.1526830196380615,3.2471909523010254,3.1526830196380615,3.2471909523010254,1650,1.0523655414581299,0.0,0.0
CIG-C,2009-10-15,3.2496140003204346,3.2496140003204346,3.1987249851226807,3.1987249851226807,4539,1.0366584062576294,0.0,0.0
CIG-C,2009-10-16,3.1987249851226807,3.1987249851226807,3.1987249851226807,3.1987249851226807,0,1.0366584062576294,0.0,0.0
CIG-C,2009-10-19,3.271423101425171,3.271423101425171,3.271423101425171,3.271423101425171,5777,1.0602186918258667,0.0,0.0
CIG-C,2009-10-20,3.1793389320373535,3.2690000534057617,3.150259017944336,3.2690000534057617,9078,1.0594334602355957,0.0,0.0
CIG-C,2009-10-21,3.210840940475464,3.332005023956299,3.210840940475464,3.315042018890381,13423,1.074354887008667,0.0,0.0
CIG-C,2009-10-22,3.2956559658050537,3.2956559658050537,3.271423101425171,3.271423101425171,1237,1.0602186918258667,0.0,0.0
CIG-C,2009-10-23,3.305349111557007,3.3114070892333984,3.271423101425171,3.271423101425171,3301,1.0602186918258667,0.0,0.0
CIG-C,2009-10-26,3.271423101425171,3.271423101425171,3.2471909523010254,3.2471909523010254,825,1.0523655414581299,0.0,0.0
CIG-C,2009-10-27,3.210840940475464,3.210840940475464,3.0290958881378174,3.0290958881378174,10316,0.9816839098930359,0.0,0.0
CIG-C,2009-10-28,3.0751380920410156,3.1260271072387695,3.070291042327881,3.0775609016418457,15681,0.9973907470703125,0.0,0.0
CIG-C,2009-10-29,3.1211800575256348,3.1211800575256348,3.1211800575256348,3.1211800575256348,412,1.01152765750885,0.0,0.0
CIG-C,2009-10-30,3.1211800575256348,3.1211800575256348,3.1211800575256348,3.1211800575256348,0,1.01152765750885,0.0,0.0
CIG-C,2009-11-02,3.0896780490875244,3.0896780490875244,3.0290958881378174,3.0290958881378174,1237,0.9816839098930359,0.0,0.0
CIG-C,2009-11-03,3.0290958881378174,3.0290958881378174,3.0290958881378174,3.0290958881378174,0,0.9816839098930359,0.0,0.0
CIG-C,2009-11-04,3.036365032196045,3.0896780490875244,3.036365032196045,3.0896780490875244,1237,1.0013176202774048,0.0,0.0
CIG-C,2009-11-05,3.0896780490875244,3.0896780490875244,3.0896780490875244,3.0896780490875244,0,1.0013176202774048,0.0,0.0
CIG-C,2009-11-06,3.0896780490875244,3.0896780490875244,3.0896780490875244,3.0896780490875244,0,1.0013176202774048,0.0,0.0
CIG-C,2009-11-09,3.2229580879211426,3.271423101425171,3.2059950828552246,3.2471909523010254,25172,1.0523655414581299,0.0,0.0
CIG-C,2009-11-10,3.254460096359253,3.2956559658050537,3.2520370483398438,3.2520370483398438,7427,1.0539358854293823,0.0,0.0
CIG-C,2009-11-11,3.2593069076538086,3.2593069076538086,3.2471909523010254,3.2568840980529785,4951,1.055506706237793,0.0,0.0
CIG-C,2009-11-12,3.218111038208008,3.218111038208008,3.150259017944336,3.150259017944336,1237,1.020951271057129,0.0,0.0
CIG-C,2009-11-13,3.1720690727233887,3.210840940475464,3.1720690727233887,3.210840940475464,1237,1.0405848026275635,0.0,0.0
CIG-C,2009-11-16,3.210840940475464,3.332005023956299,3.210840940475464,3.307771921157837,16919,1.0719984769821167,0.0,0.0
CIG-C,2009-11-17,3.210840940475464,3.3465449810028076,3.210840940475464,3.3441219329833984,15268,1.083778977394104,0.0,0.0
CIG-C,2009-11-18,3.3465449810028076,3.3659310340881348,3.3441219329833984,3.3441219329833984,11554,1.083778977394104,0.0,0.0
CIG-C,2009-11-19,3.3271589279174805,3.3392748832702637,3.3029260635375977,3.3392748832702637,9078,1.0822086334228516,0.0,0.0
CIG-C,2009-11-20,3.3174660205841064,3.3392748832702637,3.271423101425171,3.332005023956299,4951,1.07985258102417,0.0,0.0
CIG-C,2009-11-23,3.254460096359253,3.2762699127197266,3.2084178924560547,3.2471909523010254,332194,1.0523655414581299,0.0,0.0
CIG-C,2009-11-24,3.2399210929870605,3.4919419288635254,3.237497091293335,3.378046989440918,8253,1.0947738885879517,0.0,0.0
CIG-C,2009-11-25,3.3828940391540527,3.4410529136657715,3.3828940391540527,3.4410529136657715,8665,1.115193486213684,0.0,0.0
CIG-C,2009-11-27,3.3804709911346436,3.5137510299682617,3.3198890686035156,3.4701321125030518,12379,1.1246172189712524,0.0,0.0
CIG-C,2009-11-30,3.453169107437134,3.552522897720337,3.395009994506836,3.5282909870147705,27235,1.1434659957885742,0.0,0.0
CIG-C,2009-12-01,3.4967880249023438,3.5064809322357178,3.4919419288635254,3.5064809322357178,7427,1.136397361755371,0.0,0.0
CIG-C,2009-12-02,3.6106820106506348,3.6373379230499268,3.5985660552978516,3.6373379230499268,9078,1.178805947303772,0.0,0.0
CIG-C,2009-12-03,3.7051899433135986,3.707612991333008,3.5719099044799805,3.6373379230499268,17744,1.178805947303772,0.0,0.0
CIG-C,2009-12-04,3.666416883468628,3.666416883468628,3.5743329524993896,3.5743329524993896,825,1.1583870649337769,0.0,0.0
CIG-C,2009-12-07,3.6179521083831787,3.6349151134490967,3.6179521083831787,3.6349151134490967,1650,1.17802095413208,0.0,0.0
CIG-C,2009-12-08,3.5743329524993896,3.5743329524993896,3.516174077987671,3.5210208892822266,1279,1.1411094665527344,0.0,0.0
CIG-C,2009-12-09,3.5307140350341797,3.6082589626312256,3.5307140350341797,3.550100088119507,3713,1.1505337953567505,0.0,0.0
CIG-C,2009-12-10,3.5719099044799805,3.700342893600464,3.5719099044799805,3.663994073867798,12379,1.1874449253082275,0.0,0.0
CIG-C,2009-12-11,3.663994073867798,3.666416883468628,3.533137083053589,3.5646400451660156,8253,1.1552457809448242,0.0,0.0
CIG-C,2009-12-14,3.4434759616851807,3.6349151134490967,3.4434759616851807,3.5404069423675537,49532,1.1473925113677979,0.0,0.0
CIG-C,2009-12-15,3.5064809322357178,3.5064809322357178,3.453169107437134,3.455591917037964,2888,1.1199049949645996,0.0,0.0
CIG-C,2009-12-16,3.4967880249023438,3.5137510299682617,3.395009994506836,3.4047040939331055,8253,1.1034129858016968,0.0,0.0
CIG-C,2009-12-17,3.40228009223938,3.40228009223938,3.324734926223755,3.3271589279174805,13205,1.0782819986343384,0.0,0.0
CIG-C,2009-12-18,3.348968029022217,3.348968029022217,3.3029260635375977,3.3029260635375977,1237,1.070428490638733,0.0,0.0
CIG-C,2009-12-21,3.3198890686035156,3.322312116622925,3.3126189708709717,3.3126189708709717,5364,1.073569655418396,0.0,0.0
CIG-C,2009-12-22,3.2835400104522705,3.2835400104522705,3.2762699127197266,3.2762699127197266,825,1.061789631843567,0.0,0.0
CIG-C,2009-12-23,3.254460096359253,3.254460096359253,3.2447669506073,3.2447669506073,825,1.0515797138214111,0.0,0.0
CIG-C,2009-12-24,3.2447669506073,3.2447669506073,3.2447669506073,3.2447669506073,0,1.0515797138214111,0.0,0.0
CIG-C,2009-12-28,3.3005030155181885,3.3392748832702637,3.3005030155181885,3.307771921157837,13205,1.0719984769821167,0.0,0.0
CIG-C,2009-12-29,3.3659310340881348,3.3659310340881348,3.3659310340881348,3.3659310340881348,412,1.0908470153808594,0.0,0.0
CIG-C,2009-12-30,3.348968029022217,3.3925869464874268,3.3368520736694336,3.3925869464874268,2888,1.099485993385315,0.0,0.0
CIG-C,2009-12-31,3.3732008934020996,3.3732008934020996,3.3708019256591797,3.3708019256591797,825,1.09242582321167,0.0,0.0
CIG-C,2010-01-04,3.4143970012664795,3.453169107437134,3.4143970012664795,3.453169107437134,2888,1.1191197633743286,0.0,0.0
CIG-C,2010-01-05,3.482248067855835,3.5743091106414795,3.479825019836426,3.4846720695495605,55709,1.1293293237686157,0.0,0.0
CIG-C,2010-01-06,3.482248067855835,3.4846720695495605,3.453169107437134,3.4846720695495605,2723,1.1293293237686157,0.0,0.0
CIG-C,2010-01-07,3.4846720695495605,3.5016350746154785,3.453169107437134,3.5016350746154785,23109,1.1348270177841187,0.0,0.0
CIG-C,2010-01-08,3.4507460594177246,3.499211072921753,3.4507460594177246,3.499211072921753,1650,1.1340415477752686,0.0,0.0
CIG-C,2010-01-11,3.332005023956299,3.5743329524993896,3.332005023956299,3.5743329524993896,20220,1.1583870649337769,0.0,0.0
CIG-C,2010-01-12,3.4677090644836426,3.5016350746154785,3.385317087173462,3.3925869464874268,9078,1.099485993385315,0.0,0.0
CIG-C,2010-01-13,3.2956559658050537,3.499211072921753,3.2956559658050537,3.499211072921753,10316,1.1340415477752686,0.0,0.0
CIG-C,2010-01-14,3.4580159187316895,3.4580159187316895,3.3344290256500244,3.385317087173462,3713,1.0971300601959229,0.0,0.0
CIG-C,2010-01-15,3.358660936355591,3.358660936355591,3.184185028076172,3.271423101425171,14030,1.0602186918258667,0.0,0.0
CIG-C,2010-01-19,3.1720690727233887,3.1793389320373535,3.150259017944336,3.1793389320373535,3301,1.0303754806518555,0.0,0.0
CIG-C,2010-01-20,3.0848309993743896,3.1987249851226807,3.0848309993743896,3.1987249851226807,2888,1.0366584062576294,0.0,0.0
CIG-C,2010-01-21,3.1526830196380615,3.1866090297698975,3.150259017944336,3.1866090297698975,153923,1.0327317714691162,0.0,0.0
CIG-C,2010-01-22,3.1720690727233887,3.1720690727233887,3.0290958881378174,3.0896780490875244,9491,1.0013176202774048,0.0,0.0
CIG-C,2010-01-25,2.9975929260253906,3.104217052459717,2.9975929260253906,3.104217052459717,825,1.0060298442840576,0.0,0.0
CIG-C,2010-01-26,3.167222023010254,3.2253808975219727,3.070291042327881,3.2253808975219727,10316,1.0452969074249268,0.0,0.0
CIG-C,2010-01-27,3.2908101081848145,3.2908101081848145,3.0896780490875244,3.193877935409546,9491,1.0350874662399292,0.0,0.0
CIG-C,2010-01-28,3.1478359699249268,3.1720690727233887,3.096946954727173,3.1720690727233887,6189,1.028019666671753,0.0,0.0
CIG-C,2010-01-29,3.150259017944336,3.15752911567688,3.0751380920410156,3.0751380920410156,4951,0.996605396270752,0.0,0.0
CIG-C,2010-02-01,3.0896780490875244,3.210840940475464,3.0896780490875244,3.113909959793091,4126,1.0091707706451416,0.0,0.0
CIG-C,2010-02-02,3.1260271072387695,3.1381430625915527,3.1260271072387695,3.1381430625915527,7427,1.0170245170593262,0.0,0.0
CIG-C,2010-02-03,3.1260271072387695,3.1260271072387695,3.070291042327881,3.070291042327881,1237,0.9950351119041443,0.0,0.0
CIG-C,2010-02-04,3.0242490768432617,3.0242490768432617,2.9152019023895264,2.9152019023895264,2063,0.9447727799415588,0.0,0.0
CIG-C,2010-02-05,2.9248950481414795,3.0024399757385254,2.8473498821258545,3.0024399757385254,15681,0.9730454683303833,0.0,0.0
CIG-C,2010-02-08,3.0024399757385254,3.0024399757385254,3.0024399757385254,3.0024399757385254,0,0.9730454683303833,0.0,0.0
CIG-C,2010-02-09,3.079983949661255,3.0896780490875244,3.0290958881378174,3.0290958881378174,2888,0.9816839098930359,0.0,0.0
CIG-C,2010-02-10,3.0290958881378174,3.0290958881378174,3.0290958881378174,3.0290958881378174,0,0.9816839098930359,0.0,0.0
CIG-C,2010-02-11,3.0121328830718994,3.0727150440216064,3.0121328830718994,3.0727150440216064,1237,0.9958206415176392,0.0,0.0
CIG-C,2010-02-12,3.0727150440216064,3.0727150440216064,3.0727150440216064,3.0727150440216064,0,0.9958206415176392,0.0,0.0
CIG-C,2010-02-16,3.0727150440216064,3.0727150440216064,3.0727150440216064,3.0727150440216064,0,0.9958206415176392,0.0,0.0
CIG-C,2010-02-17,3.0896780490875244,3.0896780490875244,3.087254047393799,3.0896780490875244,10729,1.0013176202774048,0.0,0.0
CIG-C,2010-02-18,3.0896780490875244,3.0945239067077637,3.0824079513549805,3.0896780490875244,59011,1.0013176202774048,0.0,0.0
CIG-C,2010-02-19,3.0896780490875244,3.112941026687622,3.0830140113830566,3.0896780490875244,71184,1.0013176202774048,0.0,0.0
CIG-C,2010-02-22,3.0896780490875244,3.0896780490875244,3.0775609016418457,3.0775609016418457,1650,0.9973907470703125,0.0,0.0
CIG-C,2010-02-23,3.0315189361572266,3.0315189361572266,3.0048630237579346,3.0048630237579346,1650,0.9738306403160095,0.0,0.0
CIG-C,2010-02-24,2.983052968978882,2.983052968978882,2.983052968978882,2.983052968978882,825,0.9667622447013855,0.0,0.0
CIG-C,2010-02-25,2.939434051513672,3.0290958881378174,2.9321649074554443,3.0290958881378174,6602,0.9816839098930359,0.0,0.0
CIG-C,2010-02-26,3.009708881378174,3.0290958881378174,3.009708881378174,3.0290958881378174,2475,0.9816839098930359,0.0,0.0
CIG-C,2010-03-01,3.0581750869750977,3.0896780490875244,3.0581750869750977,3.0896780490875244,4951,1.0013176202774048,0.0,0.0
CIG-C,2010-03-02,3.0896780490875244,3.0896780490875244,3.0896780490875244,3.0896780490875244,0,1.0013176202774048,0.0,0.0
CIG-C,2010-03-03,3.1332969665527344,3.1623759269714355,3.1260271072387695,3.1357200145721436,6602,1.0162392854690552,0.0,0.0
CIG-C,2010-03-04,3.1017940044403076,3.1017940044403076,3.1017940044403076,3.1017940044403076,412,1.0052446126937866,0.0,0.0
CIG-C,2010-03-05,3.1332969665527344,3.1332969665527344,3.1332969665527344,3.1332969665527344,825,1.0154540538787842,0.0,0.0
CIG-C,2010-03-08,3.106640100479126,3.106640100479126,3.096946954727173,3.096946954727173,825,1.0036736726760864,0.0,0.0
CIG-C,2010-03-09,3.113909959793091,3.113909959793091,3.1114869117736816,3.113909959793091,825,1.0091707706451416,0.0,0.0
CIG-C,2010-03-10,3.150259017944336,3.167222023010254,3.1478359699249268,3.1478359699249268,2063,1.020166277885437,0.0,0.0
CIG-C,2010-03-11,3.1478359699249268,3.1478359699249268,3.1478359699249268,3.1478359699249268,0,1.020166277885437,0.0,0.0
CIG-C,2010-03-12,3.1211800575256348,3.150259017944336,3.1211800575256348,3.1284499168395996,4951,1.0138829946517944,0.0,0.0
CIG-C,2010-03-15,3.096946954727173,3.150259017944336,3.096946954727173,3.150259017944336,3301,1.020951271057129,0.0,0.0
CIG-C,2010-03-16,3.0896780490875244,3.1526830196380615,3.0896780490875244,3.1381430625915527,2475,1.0170245170593262,0.0,0.0
CIG-C,2010-03-17,3.1381430625915527,3.1381430625915527,3.1381430625915527,3.1381430625915527,0,1.0170245170593262,0.0,0.0
CIG-C,2010-03-18,3.1381430625915527,3.1381430625915527,3.0896780490875244,3.0896780490875244,22283,1.0013176202774048,0.0,0.0
CIG-C,2010-03-19,3.0896780490875244,3.0921010971069336,3.0848309993743896,3.0896780490875244,44567,1.0013176202774048,0.0,0.0
CIG-C,2010-03-22,3.0896780490875244,3.150259017944336,3.059386968612671,3.0896780490875244,23109,1.0013176202774048,0.0,0.0
CIG-C,2010-03-23,3.123603105545044,3.1696460247039795,3.123603105545044,3.167222023010254,11141,1.0264488458633423,0.0,0.0
CIG-C,2010-03-24,3.184185028076172,3.20114803314209,3.150259017944336,3.1526830196380615,40853,1.021736741065979,0.0,0.0
CIG-C,2010-03-25,3.1526830196380615,3.271423101425171,3.1526830196380615,3.2617299556732178,14855,1.057077407836914,0.0,0.0
CIG-C,2010-03-26,3.1963019371032715,3.1963019371032715,3.1744918823242188,3.1744918823242188,825,1.0288044214248657,0.0,0.0
CIG-C,2010-03-29,3.0896780490875244,3.1987249851226807,3.0896780490875244,3.1526830196380615,8253,1.021736741065979,0.0,0.0
CIG-C,2010-03-30,3.096946954727173,3.15752911567688,3.096946954727173,3.15752911567688,825,1.0233073234558105,0.0,0.0
CIG-C,2010-03-31,3.096946954727173,3.2084178924560547,3.096946954727173,3.20114803314209,2888,1.0374436378479004,0.0,0.0
CIG-C,2010-04-01,3.20114803314209,3.20114803314209,3.20114803314209,3.20114803314209,0,1.0374436378479004,0.0,0.0
CIG-C,2010-04-05,3.2568840980529785,3.2568840980529785,3.227803945541382,3.2568840980529785,1237,1.055506706237793,0.0,0.0
CIG-C,2010-04-06,3.2084178924560547,3.3101959228515625,3.2084178924560547,3.3101959228515625,1650,1.0727845430374146,0.0,0.0
CIG-C,2010-04-07,3.3101959228515625,3.3101959228515625,3.3101959228515625,3.3101959228515625,0,1.0727845430374146,0.0,0.0
CIG-C,2010-04-08,3.2447669506073,3.2447669506073,3.150259017944336,3.150259017944336,4539,1.020951271057129,0.0,0.0
CIG-C,2010-04-09,3.0945239067077637,3.150259017944336,3.0945239067077637,3.150259017944336,4951,1.020951271057129,0.0,0.0
CIG-C,2010-04-12,3.0945239067077637,3.150259017944336,3.0945239067077637,3.150259017944336,825,1.020951271057129,0.0,0.0
CIG-C,2010-04-13,3.150259017944336,3.1769158840179443,3.150259017944336,3.1769158840179443,2063,1.029590129852295,0.0,0.0
CIG-C,2010-04-14,3.1866090297698975,3.1866090297698975,3.1866090297698975,3.1866090297698975,825,1.0327317714691162,0.0,0.0
CIG-C,2010-04-15,3.2253808975219727,3.281116008758545,3.2253808975219727,3.281116008758545,1237,1.0633600950241089,0.0,0.0
CIG-C,2010-04-16,3.2253808975219727,3.2762699127197266,3.2253808975219727,3.2762699127197266,412,1.061789631843567,0.0,0.0
CIG-C,2010-04-19,3.2762699127197266,3.2762699127197266,3.2762699127197266,3.2762699127197266,0,1.061789631843567,0.0,0.0
CIG-C,2010-04-20,3.2568840980529785,3.2835400104522705,3.254460096359253,3.2786929607391357,8253,1.0625746250152588,0.0,0.0
CIG-C,2010-04-21,3.2762699127197266,3.2956318855285645,3.0896780490875244,3.2956318855285645,7840,1.0680640935897827,0.0,0.0
CIG-C,2010-04-22,3.1987249851226807,3.2956559658050537,3.1454129219055176,3.2859630584716797,11141,1.0649309158325195,0.0,0.0
CIG-C,2010-04-23,3.281116008758545,3.332005023956299,3.2665770053863525,3.307771921157837,14550,1.0719984769821167,0.0,0.0
CIG-C,2010-04-26,3.341697931289673,3.4265129566192627,3.235074043273926,3.4264891147613525,8253,1.1104731559753418,0.0,0.0
CIG-C,2010-04-27,3.5743329524993896,3.5743329524993896,3.3877410888671875,3.3877410888671875,8327,1.097915768623352,0.0,0.0
CIG-C,2010-04-28,3.5743329524993896,3.5743329524993896,3.3271589279174805,3.358660936355591,1237,1.0884908437728882,0.0,0.0
CIG-C,2010-04-29,3.358660936355591,3.358660936355591,3.358660936355591,3.358660936355591,0,1.0884908437728882,0.0,0.0
CIG-C,2010-04-30,3.246706008911133,3.246706008911133,3.158740997314453,3.1627390384674072,6752,1.068074345588684,0.135465,1.1
CIG-C,2010-05-03,3.1720690727233887,3.379986047744751,3.1720690727233887,3.358660936355591,4876,1.1342382431030273,0.0,0.0
CIG-C,2010-05-04,3.1720690727233887,3.4253010749816895,3.1720690727233887,3.4253010749816895,375,1.1567431688308716,0.0,0.0
CIG-C,2010-05-05,3.2786929607391357,3.2786929607391357,3.158740997314453,3.166390895843506,3751,1.0693079233169556,0.0,0.0
CIG-C,2010-05-06,3.1027629375457764,3.1027629375457764,2.8388679027557373,2.8975119590759277,12214,0.9785057306289673,0.0,0.0
CIG-C,2010-05-07,2.9614861011505127,3.052117109298706,2.868190050125122,2.9854769706726074,6752,1.0082120895385742,0.0,0.0
CIG-C,2010-05-10,3.0654449462890625,3.1774001121520996,3.0654449462890625,3.1774001121520996,5244,1.0730255842208862,0.0,0.0
CIG-C,2010-05-11,3.217384099960327,3.220050096511841,3.08943510055542,3.1454129219055176,10973,1.0622233152389526,0.0,0.0
CIG-C,2010-05-12,3.300018072128296,3.3080151081085205,3.1347498893737793,3.1347498893737793,8009,1.0586223602294922,0.0,0.0
CIG-C,2010-05-13,3.1480789184570312,3.1774001121520996,3.1200900077819824,3.169403076171875,2626,1.0703251361846924,0.0,0.0
CIG-C,2010-05-14,3.084104061126709,3.100097894668579,3.0761070251464844,3.0761070251464844,2250,1.0388184785842896,0.0,0.0
CIG-C,2010-05-17,3.0094668865203857,3.0654449462890625,2.9401609897613525,3.0654449462890625,8253,1.0352178812026978,0.0,0.0
CIG-C,2010-05-18,3.046786069869995,3.046786069869995,3.0334579944610596,3.0334579944610596,1500,1.0244157314300537,0.0,0.0
CIG-C,2010-05-19,2.9908080101013184,2.9908080101013184,2.873521089553833,2.9135050773620605,5593,0.9839070439338684,0.0,0.0
CIG-C,2010-05-20,2.878851890563965,2.878851890563965,2.756234884262085,2.814877986907959,9847,0.9506002068519592,0.0,0.0
CIG-C,2010-05-21,2.804215908050537,2.9055089950561523,2.7988839149475098,2.8868489265441895,9378,0.9749047756195068,0.0,0.0
CIG-C,2010-05-24,2.889514923095703,3.0654449462890625,2.8495309352874756,2.9055089950561523,14255,0.9812062978744507,0.0,0.0
CIG-C,2010-05-25,2.8122119903564453,2.8388679027557373,2.766896963119507,2.813544988632202,7150,0.9501497149467468,0.0,0.0
CIG-C,2010-05-26,2.868190050125122,2.98014497756958,2.8548619747161865,2.98014497756958,4408,1.0064114332199097,0.0,0.0
CIG-C,2010-05-27,2.948158025741577,3.030791997909546,2.8495309352874756,2.8495309352874756,6752,0.9623023867607117,0.0,0.0
CIG-C,2010-05-28,2.7588999271392822,2.9321649074554443,2.6656041145324707,2.8175439834594727,7495,0.9515001177787781,0.0,0.0
CIG-C,2010-06-01,2.7775590419769287,2.7988839149475098,2.7748939990997314,2.7988839149475098,1125,0.9451985955238342,0.0,0.0
CIG-C,2010-06-02,2.761565923690796,2.761565923690796,2.678931951522827,2.7135848999023438,4876,0.9163926243782043,0.0,0.0
CIG-C,2010-06-03,2.740241050720215,2.8228750228881836,2.6922600269317627,2.6922600269317627,3751,0.9091908931732178,0.0,0.0
CIG-C,2010-06-04,2.7215819358825684,2.7215819358825684,2.6922600269317627,2.6922600269317627,1500,0.9091908931732178,0.0,0.0
CIG-C,2010-06-07,2.6922600269317627,2.7429070472717285,2.6922600269317627,2.6949260234832764,3698,0.9100914001464844,0.0,0.0
CIG-C,2010-06-08,2.745572090148926,2.745572090148926,2.745572090148926,2.745572090148926,375,0.9271947741508484,0.0,0.0
CIG-C,2010-06-09,2.6922600269317627,2.6922600269317627,2.6922600269317627,2.6922600269317627,375,0.9091908931732178,0.0,0.0
CIG-C,2010-06-10,2.7962191104888916,2.7962191104888916,2.788222074508667,2.7962191104888916,1125,0.944298505783081,0.0,0.0
CIG-C,2010-06-11,2.8921799659729004,2.8921799659729004,2.825540065765381,2.825540065765381,1500,0.9542006850242615,0.0,0.0
CIG-C,2010-06-14,2.793553113937378,2.8282060623168945,2.756234884262085,2.8282060623168945,1500,0.9551007747650146,0.0,0.0
CIG-C,2010-06-15,2.7988839149475098,2.8921799659729004,2.7962191104888916,2.8921799659729004,5627,0.9767051935195923,0.0,0.0
CIG-C,2010-06-16,2.82020902633667,2.977479934692383,2.82020902633667,2.9108400344848633,4126,0.9830069541931152,0.0,0.0
CIG-C,2010-06-17,2.9854769706726074,3.0174639225006104,2.852195978164673,2.8655240535736084,3376,0.9677034020423889,0.0,0.0
CIG-C,2010-06-18,2.9854769706726074,2.9854769706726074,2.878851890563965,2.878851890563965,2250,0.972204327583313,0.0,0.0
CIG-C,2010-06-21,2.878851890563965,2.878851890563965,2.878851890563965,2.878851890563965,0,0.972204327583313,0.0,0.0
CIG-C,2010-06-22,2.878851890563965,2.878851890563965,2.878851890563965,2.878851890563965,0,0.972204327583313,0.0,0.0
CIG-C,2010-06-23,2.878851890563965,2.878851890563965,2.878851890563965,2.878851890563965,0,0.972204327583313,0.0,0.0
CIG-C,2010-06-24,2.878851890563965,2.878851890563965,2.878851890563965,2.878851890563965,0,0.972204327583313,0.0,0.0
CIG-C,2010-06-25,2.878851890563965,2.878851890563965,2.878851890563965,2.878851890563965,0,0.972204327583313,0.0,0.0
CIG-C,2010-06-28,2.9854769706726074,3.0174639225006104,2.9854769706726074,2.9854769706726074,1950,1.0082120895385742,0.0,0.0
CIG-C,2010-06-29,2.9854769706726074,2.9854769706726074,2.9854769706726074,2.9854769706726074,0,1.0082120895385742,0.0,0.0
CIG-C,2010-06-30,2.9854769706726074,2.9854769706726074,2.9854769706726074,2.9854769706726074,0,1.0082120895385742,0.0,0.0
CIG-C,2010-07-01,2.9854769706726074,2.9854769706726074,2.9854769706726074,2.9854769706726074,0,1.0082120895385742,0.0,0.0
CIG-C,2010-07-02,3.0761070251464844,3.0761070251464844,3.0761070251464844,3.0761070251464844,375,1.0388184785842896,0.0,0.0
CIG-C,2010-07-06,3.100097894668579,3.100097894668579,3.052117109298706,3.052117109298706,5252,1.030717134475708,0.0,0.0
CIG-C,2010-07-07,2.974813938140869,3.0681099891662598,2.9668169021606445,3.046786069869995,4501,1.028916597366333,0.0,0.0
CIG-C,2010-07-08,3.1240880489349365,3.1240880489349365,2.98014497756958,2.98014497756958,5252,1.0064114332199097,0.0,0.0
CIG-C,2010-07-09,2.969482898712158,3.004136085510254,2.9614861011505127,2.9614861011505127,1481,1.000110387802124,0.0,0.0
CIG-C,2010-07-12,2.9614861011505127,2.9614861011505127,2.9614861011505127,2.9614861011505127,0,1.000110387802124,0.0,0.0
CIG-C,2010-07-13,2.9614861011505127,2.9614861011505127,2.9614861011505127,2.9614861011505127,0,1.000110387802124,0.0,0.0
CIG-C,2010-07-14,2.9614861011505127,2.9614861011505127,2.9614861011505127,2.9614861011505127,0,1.000110387802124,0.0,0.0
CIG-C,2010-07-15,2.9614861011505127,2.9614861011505127,2.9614861011505127,2.9614861011505127,0,1.000110387802124,0.0,0.0
CIG-C,2010-07-16,2.9614861011505127,2.9614861011505127,2.9614861011505127,2.9614861011505127,0,1.000110387802124,0.0,0.0
CIG-C,2010-07-19,2.9614861011505127,2.9614861011505127,2.9614861011505127,2.9614861011505127,0,1.000110387802124,0.0,0.0
CIG-C,2010-07-20,2.9908080101013184,2.9908080101013184,2.846864938735962,2.846864938735962,3001,0.9614019393920898,0.0,0.0
CIG-C,2010-07-21,2.8282060623168945,2.8815178871154785,2.8282060623168945,2.8815178871154785,750,0.9731044173240662,0.0,0.0
CIG-C,2010-07-22,2.852195978164673,2.921502113342285,2.852195978164673,2.921502113342285,1875,0.9866076111793518,0.0,0.0
CIG-C,2010-07-23,3.0201289653778076,3.0201289653778076,3.0201289653778076,3.0201289653778076,375,1.0199142694473267,0.0,0.0
CIG-C,2010-07-26,3.0201289653778076,3.0201289653778076,3.0201289653778076,3.0201289653778076,0,1.0199142694473267,0.0,0.0
CIG-C,2010-07-27,2.9881420135498047,2.9881420135498047,2.9828109741210938,2.9828109741210938,2626,1.0073118209838867,0.0,0.0
CIG-C,2010-07-28,3.0201289653778076,3.0201289653778076,2.993767023086548,2.993767023086548,1162,1.0110118389129639,0.0,0.0
CIG-C,2010-07-29,3.0601139068603516,3.0601139068603516,3.0094668865203857,3.0094668865203857,4876,1.0163137912750244,0.0,0.0
CIG-C,2010-07-30,2.9135050773620605,3.025460958480835,2.9135050773620605,3.025460958480835,1125,1.0217149257659912,0.0,0.0
CIG-C,2010-08-02,3.0814380645751953,3.0814380645751953,3.0281260013580322,3.0281260013580322,750,1.02261483669281,0.0,0.0
CIG-C,2010-08-03,3.0281260013580322,3.0281260013580322,3.0281260013580322,3.0281260013580322,0,1.02261483669281,0.0,0.0
CIG-C,2010-08-04,3.0814380645751953,3.0814380645751953,3.0814380645751953,3.0814380645751953,375,1.0406183004379272,0.0,0.0
CIG-C,2010-08-05,3.0121328830718994,3.0121328830718994,3.0121328830718994,3.0121328830718994,787,1.0172139406204224,0.0,0.0
CIG-C,2010-08-06,2.9668169021606445,3.102790117263794,2.9668169021606445,3.102790117263794,750,1.0478296279907227,0.0,0.0
CIG-C,2010-08-09,3.102790117263794,3.102790117263794,3.102790117263794,3.102790117263794,0,1.0478296279907227,0.0,0.0
CIG-C,2010-08-10,3.102790117263794,3.102790117263794,3.102790117263794,3.102790117263794,0,1.0478296279907227,0.0,0.0
CIG-C,2010-08-11,3.102790117263794,3.102790117263794,3.102790117263794,3.102790117263794,0,1.0478296279907227,0.0,0.0
CIG-C,2010-08-12,3.102790117263794,3.102790117263794,3.102790117263794,3.102790117263794,0,1.0478296279907227,0.0,0.0
CIG-C,2010-08-13,3.102790117263794,3.102790117263794,3.102790117263794,3.102790117263794,0,1.0478296279907227,0.0,0.0
CIG-C,2010-08-16,3.102790117263794,3.102790117263794,3.102790117263794,3.102790117263794,0,1.0478296279907227,0.0,0.0
CIG-C,2010-08-17,3.102790117263794,3.102790117263794,3.102790117263794,3.102790117263794,0,1.0478296279907227,0.0,0.0
CIG-C,2010-08-18,2.9828109741210938,3.0921010971069336,2.9828109741210938,3.0921010971069336,4910,1.044219970703125,0.0,0.0
CIG-C,2010-08-19,2.972148895263672,3.0227949619293213,2.737575054168701,3.0227949619293213,19627,1.0208144187927246,0.0,0.0
CIG-C,2010-08-20,3.0227949619293213,3.0227949619293213,3.0227949619293213,3.0227949619293213,0,1.0208144187927246,0.0,0.0
CIG-C,2010-08-23,2.8921799659729004,2.9055089950561523,2.8921799659729004,2.9055089950561523,2626,0.9812062978744507,0.0,0.0
CIG-C,2010-08-24,3.006800889968872,3.0334579944610596,2.94549298286438,3.0094668865203857,4801,1.0163137912750244,0.0,0.0
CIG-C,2010-08-25,3.0761070251464844,3.0761070251464844,2.942826986312866,3.0174639225006104,4876,1.0190144777297974,0.0,0.0
CIG-C,2010-08-26,3.0387890338897705,3.10542893409729,2.972148895263672,3.10542893409729,2551,1.0487204790115356,0.0,0.0
CIG-C,2010-08-27,3.1720690727233887,3.2653648853302,3.1720690727233887,3.262700080871582,2626,1.1018320322036743,0.0,0.0
CIG-C,2010-08-30,3.3826520442962646,3.3826520442962646,3.2307119369506836,3.3186769485473633,20933,1.1207355260849,0.0,0.0
CIG-C,2010-08-31,3.2547030448913574,3.2547030448913574,3.2520370483398438,3.2520370483398438,1125,1.0982310771942139,0.0,0.0
CIG-C,2010-09-01,3.3186769485473633,3.3186769485473633,3.2573680877685547,3.2653648853302,3695,1.1027320623397827,0.0,0.0
CIG-C,2010-09-02,3.3186769485473633,3.332005023956299,3.2547030448913574,3.2973520755767822,6752,1.1135337352752686,0.0,0.0
CIG-C,2010-09-03,3.2333779335021973,3.2333779335021973,3.2307119369506836,3.2333779335021973,750,1.09192955493927,0.0,0.0
CIG-C,2010-09-07,3.2760279178619385,3.2760279178619385,3.2760279178619385,3.2760279178619385,375,1.1063328981399536,0.0,0.0
CIG-C,2010-09-08,3.1987249851226807,3.1987249851226807,3.132085084915161,3.132085084915161,3001,1.0577223300933838,0.0,0.0
CIG-C,2010-09-09,3.2653648853302,3.2653648853302,3.132085084915161,3.190727949142456,4876,1.077526569366455,0.0,0.0
CIG-C,2010-09-10,3.2333779335021973,3.2333779335021973,3.1720690727233887,3.1720690727233887,1125,1.0712254047393799,0.0,0.0
CIG-C,2010-09-13,3.190727949142456,3.2280468940734863,3.190727949142456,3.2280468940734863,1500,1.0901293754577637,0.0,0.0
CIG-C,2010-09-14,3.358660936355591,3.358660936355591,3.2547030448913574,3.262700080871582,5252,1.1018320322036743,0.0,0.0
CIG-C,2010-09-15,3.358660936355591,3.3613269329071045,3.164072036743164,3.164072036743164,7127,1.0685244798660278,0.0,0.0
CIG-C,2010-09-16,3.342668056488037,3.342668056488037,3.116091012954712,3.2973520755767822,6002,1.1135337352752686,0.0,0.0
CIG-C,2010-09-17,3.2973520755767822,3.2973520755767822,3.2973520755767822,3.2973520755767822,0,1.1135337352752686,0.0,0.0
CIG-C,2010-09-20,3.2973520755767822,3.2973520755767822,3.2973520755767822,3.2973520755767822,0,1.1135337352752686,0.0,0.0
CIG-C,2010-09-21,3.2973520755767822,3.2973520755767822,3.2973520755767822,3.2973520755767822,0,1.1135337352752686,0.0,0.0
CIG-C,2010-09-22,3.2973520755767822,3.2973520755767822,3.2973520755767822,3.2973520755767822,0,1.1135337352752686,0.0,0.0
CIG-C,2010-09-23,3.2973520755767822,3.2973520755767822,3.2973520755767822,3.2973520755767822,0,1.1135337352752686,0.0,0.0
CIG-C,2010-09-24,3.188062906265259,3.188062906265259,3.1454129219055176,3.1454129219055176,8384,1.0622233152389526,0.0,0.0
CIG-C,2010-09-27,3.1454129219055176,3.1454129219055176,3.1454129219055176,3.1454129219055176,0,1.0622233152389526,0.0,0.0
CIG-C,2010-09-28,3.1454129219055176,3.1454129219055176,3.1454129219055176,3.1454129219055176,0,1.0622233152389526,0.0,0.0
CIG-C,2010-09-29,3.1987249851226807,3.1987249851226807,3.1987249851226807,3.1987249851226807,1875,1.0802271366119385,0.0,0.0
CIG-C,2010-09-30,3.1720690727233887,3.1800661087036133,3.1720690727233887,3.1800661087036133,1125,1.0739259719848633,0.0,0.0
CIG-C,2010-10-01,3.241374969482422,3.244040012359619,3.1667380332946777,3.1667380332946777,3376,1.0694252252578735,0.0,0.0
CIG-C,2010-10-04,3.2786929607391357,3.2786929607391357,3.24937105178833,3.268030881881714,3061,1.1036323308944702,0.0,0.0
CIG-C,2010-10-05,3.3639919757843018,3.3719890117645264,3.342668056488037,3.342668056488037,7484,1.1288374662399292,0.0,0.0
CIG-C,2010-10-06,3.342668056488037,3.342668056488037,3.342668056488037,3.342668056488037,0,1.1288374662399292,0.0,0.0
CIG-C,2010-10-07,3.342668056488037,3.342668056488037,3.342668056488037,3.342668056488037,0,1.1288374662399292,0.0,0.0
CIG-C,2010-10-08,3.342668056488037,3.342668056488037,3.342668056488037,3.342668056488037,0,1.1288374662399292,0.0,0.0
CIG-C,2010-10-11,3.342668056488037,3.342668056488037,3.342668056488037,3.342668056488037,0,1.1288374662399292,0.0,0.0
CIG-C,2010-10-12,3.427967071533203,3.4359641075134277,3.427967071533203,3.4359641075134277,2250,1.1603443622589111,0.0,0.0
CIG-C,2010-10-13,3.4359641075134277,3.4359641075134277,3.4359641075134277,3.4359641075134277,0,1.1603443622589111,0.0,0.0
CIG-C,2010-10-14,3.4359641075134277,3.4359641075134277,3.4359641075134277,3.4359641075134277,0,1.1603443622589111,0.0,0.0
CIG-C,2010-10-15,3.515932083129883,3.5185980796813965,3.515932083129883,3.5185980796813965,6463,1.1882497072219849,0.0,0.0
CIG-C,2010-10-18,3.515932083129883,3.5212628841400146,3.457288980484009,3.515932083129883,6036,1.1873499155044556,0.0,0.0
CIG-C,2010-10-19,3.515932083129883,3.515932083129883,3.515932083129883,3.515932083129883,375,1.1873499155044556,0.0,0.0
CIG-C,2010-10-20,3.515932083129883,3.515932083129883,3.515932083129883,3.515932083129883,0,1.1873499155044556,0.0,0.0
CIG-C,2010-10-21,3.422636032104492,3.4412949085235596,3.4173049926757812,3.430633068084717,3001,1.1585434675216675,0.0,0.0
CIG-C,2010-10-22,3.385317087173462,3.459954023361206,3.385317087173462,3.3906490802764893,5248,1.1450408697128296,0.0,0.0
CIG-C,2010-10-25,3.4519569873809814,3.4626200199127197,3.4439609050750732,3.4439609050750732,2993,1.1630444526672363,0.0,0.0
CIG-C,2010-10-26,3.481278896331787,3.4919419288635254,3.4786128997802734,3.486609935760498,11419,1.1774475574493408,0.0,0.0
CIG-C,2010-10-27,3.510601043701172,3.64388108253479,3.4359641075134277,3.4359641075134277,7315,1.1603443622589111,0.0,0.0
CIG-C,2010-10-28,3.515932083129883,3.515932083129883,3.4519569873809814,3.4519569873809814,15381,1.1657450199127197,0.0,0.0
CIG-C,2010-10-29,3.481278896331787,3.505270004272461,3.465259075164795,3.465285062789917,29021,1.170245885848999,0.0,0.0
CIG-C,2010-11-01,3.5185980796813965,3.5185980796813965,3.457288980484009,3.465285062789917,27869,1.170245885848999,0.0,0.0
CIG-C,2010-11-02,3.4732820987701416,3.4786128997802734,3.465285062789917,3.4706170558929443,24763,1.1720465421676636,0.0,0.0
CIG-C,2010-11-03,3.4972729682922363,3.515932083129883,3.4972729682922363,3.5026040077209473,10673,1.1828489303588867,0.0,0.0
CIG-C,2010-11-04,3.5185980796813965,3.569243907928467,3.515932083129883,3.569243907928467,73780,1.2053532600402832,0.0,0.0
CIG-C,2010-11-05,3.5026040077209473,3.5026040077209473,3.4359641075134277,3.4359641075134277,2626,1.1603443622589111,0.0,0.0
CIG-C,2010-11-08,3.5452539920806885,3.5452539920806885,3.4519569873809814,3.4519569873809814,3751,1.1657450199127197,0.0,0.0
CIG-C,2010-11-09,3.4519569873809814,3.4519569873809814,3.4519569873809814,3.4519569873809814,0,1.1657450199127197,0.0,0.0
CIG-C,2010-11-10,3.4439609050750732,3.4999380111694336,3.4439609050750732,3.4999380111694336,2250,1.1819485425949097,0.0,0.0
CIG-C,2010-11-11,3.401310920715332,3.401310920715332,3.3346710205078125,3.3346710205078125,2626,1.1261366605758667,0.0,0.0
CIG-C,2010-11-12,3.3346710205078125,3.3346710205078125,3.3346710205078125,3.3346710205078125,0,1.1261366605758667,0.0,0.0
CIG-C,2010-11-15,3.3346710205078125,3.3346710205078125,3.3346710205078125,3.3346710205078125,0,1.1261366605758667,0.0,0.0
CIG-C,2010-11-16,3.2786929607391357,3.2786929607391357,3.1987249851226807,3.2333779335021973,81032,1.09192955493927,0.0,0.0
CIG-C,2010-11-17,3.3026840686798096,3.3026840686798096,3.3026840686798096,3.3026840686798096,750,1.1153348684310913,0.0,0.0
CIG-C,2010-11-18,3.358660936355591,3.395979881286621,3.358660936355591,3.395979881286621,979,1.146841287612915,0.0,0.0
CIG-C,2010-11-19,3.395979881286621,3.395979881286621,3.395979881286621,3.395979881286621,0,1.146841287612915,0.0,0.0
CIG-C,2010-11-22,3.395979881286621,3.395979881286621,3.395979881286621,3.395979881286621,0,1.146841287612915,0.0,0.0
CIG-C,2010-11-23,3.3400020599365234,3.3400020599365234,3.2760279178619385,3.2760279178619385,750,1.1063328981399536,0.0,0.0
CIG-C,2010-11-24,3.332005023956299,3.5745749473571777,3.332005023956299,3.5505850315093994,3751,1.199052333831787,0.0,0.0
CIG-C,2010-11-26,3.4946069717407227,3.4946069717407227,3.4946069717407227,3.4946069717407227,375,1.1801478862762451,0.0,0.0
CIG-C,2010-11-29,3.438628911972046,3.438628911972046,3.326673984527588,3.3822250366210938,4726,1.1421959400177002,0.0,0.0
CIG-C,2010-11-30,3.369323968887329,3.3773210048675537,3.369323968887329,3.3773210048675537,1125,1.1405398845672607,0.0,0.0
CIG-C,2010-12-01,3.3773210048675537,3.3773210048675537,3.3773210048675537,3.3773210048675537,0,1.1405398845672607,0.0,0.0
CIG-C,2010-12-02,3.4439609050750732,3.4439609050750732,3.4439609050750732,3.4439609050750732,1500,1.1630444526672363,0.0,0.0
CIG-C,2010-12-03,3.510601043701172,3.5772409439086914,3.510601043701172,3.510627031326294,2663,1.1855583190917969,0.0,0.0
CIG-C,2010-12-06,3.601231098175049,3.601231098175049,3.601231098175049,3.601231098175049,375,1.216156244277954,0.0,0.0
CIG-C,2010-12-07,3.6732029914855957,3.6732029914855957,3.5265939235687256,3.5265939235687256,3357,1.1909502744674683,0.0,0.0
CIG-C,2010-12-08,3.459954023361206,3.459954023361206,3.459954023361206,3.459954023361206,1125,1.1684454679489136,0.0,0.0
CIG-C,2010-12-09,3.4039769172668457,3.427967071533203,3.324007987976074,3.3613269329071045,8748,1.135138750076294,0.0,0.0
CIG-C,2010-12-10,3.3133459091186523,3.3133459091186523,3.3106799125671387,3.3106799125671387,2228,1.118035078048706,0.0,0.0
CIG-C,2010-12-13,3.342668056488037,3.4439609050750732,3.342668056488037,3.4439609050750732,3522,1.1630444526672363,0.0,0.0
CIG-C,2010-12-14,3.4439609050750732,3.4439609050750732,3.4439609050750732,3.4439609050750732,0,1.1630444526672363,0.0,0.0
CIG-C,2010-12-15,3.4532899856567383,3.454622983932495,3.4532899856567383,3.454622983932495,1500,1.1666451692581177,0.0,0.0
CIG-C,2010-12-16,3.4892759323120117,3.5026040077209473,3.481278896331787,3.5026040077209473,4392,1.1828489303588867,0.0,0.0
CIG-C,2010-12-17,3.5026040077209473,3.5026040077209473,3.5026040077209473,3.5026040077209473,0,1.1828489303588867,0.0,0.0
CIG-C,2010-12-20,3.5185980796813965,3.633219003677368,3.5185980796813965,3.633219003677368,7878,1.2269580364227295,0.0,0.0
CIG-C,2010-12-21,3.4519569873809814,3.4519569873809814,3.4519569873809814,3.4519569873809814,1575,1.269439458847046,0.296779,0.0
CIG-C,2010-12-22,3.35332989692688,3.35332989692688,3.289355993270874,3.289355993270874,3001,1.2096433639526367,0.0,0.0
CIG-C,2010-12-23,3.289355993270874,3.289355993270874,3.289355993270874,3.289355993270874,0,1.2096433639526367,0.0,0.0
CIG-C,2010-12-27,3.270695924758911,3.270695924758911,3.2653648853302,3.2653648853302,1500,1.200820803642273,0.0,0.0
CIG-C,2010-12-28,3.3133459091186523,3.3559958934783936,3.305349111557007,3.3559958934783936,1500,1.2341500520706177,0.0,0.0
CIG-C,2010-12-29,3.3559958934783936,3.3559958934783936,3.3559958934783936,3.3559958934783936,0,1.2341500520706177,0.0,0.0
CIG-C,2010-12-30,3.3719890117645264,3.3719890117645264,3.316011905670166,3.316011905670166,1444,1.219445824623108,0.0,0.0
CIG-C,2010-12-31,3.316011905670166,3.316011905670166,3.316011905670166,3.316011905670166,0,1.219445824623108,0.0,0.0
CIG-C,2011-01-03,3.3666579723358154,3.3826520442962646,3.3666579723358154,3.3826520442962646,1125,1.2439526319503784,0.0,0.0
CIG-C,2011-01-04,3.449291944503784,3.457288980484009,3.449291944503784,3.457288980484009,1125,1.271399736404419,0.0,0.0
CIG-C,2011-01-05,3.4253010749816895,3.4253010749816895,3.4253010749816895,3.4253010749816895,4501,1.2596365213394165,0.0,0.0
CIG-C,2011-01-06,3.4253010749816895,3.4253010749816895,3.4253010749816895,3.4253010749816895,0,1.2596365213394165,0.0,0.0
CIG-C,2011-01-07,3.427967071533203,3.427967071533203,3.422636032104492,3.427967071533203,3001,1.2606167793273926,0.0,0.0
CIG-C,2011-01-10,3.427967071533203,3.427967071533203,3.427967071533203,3.427967071533203,0,1.2606167793273926,0.0,0.0
CIG-C,2011-01-11,3.427967071533203,3.427967071533203,3.427967071533203,3.427967071533203,0,1.2606167793273926,0.0,0.0
CIG-C,2011-01-12,3.4919419288635254,3.4919419288635254,3.4919419288635254,3.4919419288635254,1500,1.2841432094573975,0.0,0.0
CIG-C,2011-01-13,3.5452539920806885,3.5452539920806885,3.5452539920806885,3.5452539920806885,1500,1.3037484884262085,0.0,0.0
CIG-C,2011-01-14,3.53459095954895,3.53459095954895,3.5185980796813965,3.5185980796813965,1500,1.2939462661743164,0.0,0.0
CIG-C,2011-01-18,3.566577911376953,3.566577911376953,3.5559160709381104,3.5559160709381104,1125,1.3076696395874023,0.0,0.0
CIG-C,2011-01-19,3.5559160709381104,3.5559160709381104,3.510601043701172,3.510601043701172,791,1.2910046577453613,0.0,0.0
CIG-C,2011-01-20,3.513266086578369,3.513266086578369,3.4359641075134277,3.4466259479522705,2626,1.267478585243225,0.0,0.0
CIG-C,2011-01-21,3.395979881286621,3.395979881286621,3.358660936355591,3.358660936355591,3001,1.235129714012146,0.0,0.0
CIG-C,2011-01-24,3.358660936355591,3.358660936355591,3.358660936355591,3.358660936355591,0,1.235129714012146,0.0,0.0
CIG-C,2011-01-25,3.358660936355591,3.358660936355591,3.358660936355591,3.358660936355591,0,1.235129714012146,0.0,0.0
CIG-C,2011-01-26,3.4039769172668457,3.4039769172668457,3.395979881286621,3.395979881286621,3001,1.2488538026809692,0.0,0.0
CIG-C,2011-01-27,3.395979881286621,3.395979881286621,3.395979881286621,3.395979881286621,0,1.2488538026809692,0.0,0.0
CIG-C,2011-01-28,3.358660936355591,3.358660936355591,3.358660936355591,3.358660936355591,1650,1.235129714012146,0.0,0.0
CIG-C,2011-01-31,3.358660936355591,3.358660936355591,3.358660936355591,3.358660936355591,0,1.235129714012146,0.0,0.0
CIG-C,2011-02-01,3.358660936355591,3.358660936355591,3.358660936355591,3.358660936355591,0,1.235129714012146,0.0,0.0
CIG-C,2011-02-02,3.358660936355591,3.358660936355591,3.358660936355591,3.358660936355591,0,1.235129714012146,0.0,0.0
CIG-C,2011-02-03,3.358660936355591,3.358660936355591,3.358660936355591,3.358660936355591,0,1.235129714012146,0.0,0.0
CIG-C,2011-02-04,3.332005023956299,3.332005023956299,3.332005023956299,3.332005023956299,2250,1.2253273725509644,0.0,0.0
CIG-C,2011-02-07,3.332005023956299,3.332005023956299,3.332005023956299,3.332005023956299,1875,1.2253273725509644,0.0,0.0
CIG-C,2011-02-08,3.3986449241638184,3.3986449241638184,3.161406993865967,3.2653648853302,31512,1.200820803642273,0.0,0.0
CIG-C,2011-02-09,3.2653648853302,3.2653648853302,3.2653648853302,3.2653648853302,0,1.200820803642273,0.0,0.0
CIG-C,2011-02-10,3.2653648853302,3.2653648853302,3.2653648853302,3.2653648853302,0,1.200820803642273,0.0,0.0
CIG-C,2011-02-11,3.2653648853302,3.2653648853302,3.2653648853302,3.2653648853302,0,1.200820803642273,0.0,0.0
CIG-C,2011-02-14,3.2520370483398438,3.2520370483398438,3.2520370483398438,3.2520370483398438,1500,1.1959192752838135,0.0,0.0
CIG-C,2011-02-15,3.2520370483398438,3.2520370483398438,3.2520370483398438,3.2520370483398438,0,1.1959192752838135,0.0,0.0
CIG-C,2011-02-16,3.238708972930908,3.2920210361480713,3.1933939456939697,3.2920210361480713,9753,1.2106236219406128,0.0,0.0
CIG-C,2011-02-17,3.2973520755767822,3.3293399810791016,3.2973520755767822,3.3293399810791016,1125,1.2243473529815674,0.0,0.0
CIG-C,2011-02-18,3.347999095916748,3.427967071533203,3.347999095916748,3.3879830837249756,7127,1.245912790298462,0.0,0.0
CIG-C,2011-02-22,3.4439609050750732,3.4732820987701416,3.4039769172668457,3.4706170558929443,9423,1.276301383972168,0.0,0.0
CIG-C,2011-02-23,3.4039769172668457,3.4732820987701416,3.321342945098877,3.3400020599365234,8253,1.2282679080963135,0.0,0.0
CIG-C,2011-02-24,3.3400020599365234,3.3400020599365234,3.3400020599365234,3.3400020599365234,0,1.2282679080963135,0.0,0.0
CIG-C,2011-02-25,3.438628911972046,3.438628911972046,3.438628911972046,3.438628911972046,1125,1.2645378112792969,0.0,0.0
CIG-C,2011-02-28,3.438628911972046,3.438628911972046,3.438628911972046,3.438628911972046,0,1.2645378112792969,0.0,0.0
CIG-C,2011-03-01,3.537256956100464,3.537256956100464,3.537256956100464,3.537256956100464,3001,1.3008074760437012,0.0,0.0
CIG-C,2011-03-02,3.537256956100464,3.537256956100464,3.537256956100464,3.537256956100464,0,1.3008074760437012,0.0,0.0
CIG-C,2011-03-03,3.537256956100464,3.537256956100464,3.537256956100464,3.537256956100464,0,1.3008074760437012,0.0,0.0
CIG-C,2011-03-04,3.6358840465545654,3.6358840465545654,3.6358840465545654,3.6358840465545654,4359,1.337077260017395,0.0,0.0
CIG-C,2011-03-07,3.638550043106079,3.638550043106079,3.638550043106079,3.638550043106079,2025,1.3380573987960815,0.0,0.0
CIG-C,2011-03-08,3.638550043106079,3.638550043106079,3.638550043106079,3.638550043106079,0,1.3380573987960815,0.0,0.0
CIG-C,2011-03-09,3.638550043106079,3.638550043106079,3.638550043106079,3.638550043106079,0,1.3380573987960815,0.0,0.0
CIG-C,2011-03-10,3.638550043106079,3.638550043106079,3.638550043106079,3.638550043106079,0,1.3380573987960815,0.0,0.0
CIG-C,2011-03-11,3.5612471103668213,3.5879030227661133,3.5612471103668213,3.5745749473571777,23634,1.3145310878753662,0.0,0.0
CIG-C,2011-03-14,3.4919419288635254,3.65987491607666,3.4919419288635254,3.5799059867858887,16506,1.3164914846420288,0.0,0.0
CIG-C,2011-03-15,3.5799059867858887,3.5799059867858887,3.5799059867858887,3.5799059867858887,0,1.3164914846420288,0.0,0.0
CIG-C,2011-03-16,3.481278896331787,3.481278896331787,3.459954023361206,3.459954023361206,5102,1.2723796367645264,0.0,0.0
CIG-C,2011-03-17,3.5185980796813965,3.558582067489624,3.5185980796813965,3.558582067489624,1500,1.3086494207382202,0.0,0.0
CIG-C,2011-03-18,3.558582067489624,3.558582067489624,3.558582067489624,3.558582067489624,0,1.3086494207382202,0.0,0.0
CIG-C,2011-03-21,3.5212628841400146,3.5212628841400146,3.5212628841400146,3.5212628841400146,603,1.294925570487976,0.0,0.0
CIG-C,2011-03-22,3.5212628841400146,3.585237979888916,3.5212628841400146,3.5719099044799805,156812,1.3135508298873901,0.0,0.0
CIG-C,2011-03-23,3.569243907928467,3.6252219676971436,3.569243907928467,3.611893892288208,401995,1.3282548189163208,0.0,0.0
CIG-C,2011-03-24,3.6252219676971436,3.6678709983825684,3.6252219676971436,3.6518781185150146,31137,1.3429591655731201,0.0,0.0
CIG-C,2011-03-25,3.6518781185150146,3.6518781185150146,3.6518781185150146,3.6518781185150146,0,1.3429591655731201,0.0,0.0
CIG-C,2011-03-28,3.6465470790863037,3.7158520221710205,3.6465470790863037,3.7158520221710205,4876,1.3664851188659668,0.0,0.0
CIG-C,2011-03-29,3.74783992767334,3.833138942718506,3.74783992767334,3.833138942718506,4276,1.4096163511276245,0.0,0.0
CIG-C,2011-03-30,3.918437957763672,4.0597147941589355,3.918437957763672,3.9424290657043457,8628,1.4498074054718018,0.0,0.0
CIG-C,2011-03-31,3.9424290657043457,3.9424290657043457,3.9424290657043457,3.9424290657043457,0,1.4498074054718018,0.0,0.0
CIG-C,2011-04-01,4.01706600189209,4.1050310134887695,3.9317660331726074,4.1050310134887695,16919,1.5096039772033691,0.0,0.0
CIG-C,2011-04-04,4.251638889312744,4.251638889312744,4.161007881164551,4.174335956573486,15883,1.5350898504257202,0.0,0.0
CIG-C,2011-04-05,4.235644817352295,4.251638889312744,4.19832706451416,4.19832706451416,4876,1.5439127683639526,0.0,0.0
CIG-C,2011-04-06,4.35826301574707,4.35826301574707,4.099699020385742,4.126355171203613,14030,1.5174455642700195,0.0,0.0
CIG-C,2011-04-07,4.15567684173584,4.15567684173584,4.131687164306641,4.131687164306641,750,1.5194060802459717,0.0,0.0
CIG-C,2011-04-08,4.131687164306641,4.131687164306641,4.131687164306641,4.131687164306641,0,1.5194060802459717,0.0,0.0
CIG-C,2011-04-11,4.1103620529174805,4.168978214263916,4.0650458335876465,4.118359088897705,4014,1.5145050287246704,0.0,0.0
CIG-C,2011-04-12,4.118359088897705,4.118359088897705,4.118359088897705,4.118359088897705,0,1.5145050287246704,0.0,0.0
CIG-C,2011-04-13,4.118359088897705,4.118359088897705,4.118359088897705,4.118359088897705,0,1.5145050287246704,0.0,0.0
CIG-C,2011-04-14,4.1050310134887695,4.1050310134887695,4.014400005340576,4.073042869567871,35264,1.4978400468826294,0.0,0.0
CIG-C,2011-04-15,4.073042869567871,4.073042869567871,4.073042869567871,4.073042869567871,0,1.4978400468826294,0.0,0.0
CIG-C,2011-04-18,4.041056156158447,4.0650458335876465,3.966418981552124,4.0650458335876465,2250,1.4948991537094116,0.0,0.0
CIG-C,2011-04-19,4.0650458335876465,4.216986179351807,4.0650458335876465,4.1050310134887695,265980,1.5096039772033691,0.0,0.0
CIG-C,2011-04-20,4.171670913696289,4.171670913696289,4.120997905731201,4.120997905731201,2888,1.5154752731323242,0.0,0.0
CIG-C,2011-04-21,4.230313777923584,4.230313777923584,4.1050310134887695,4.131687164306641,9753,1.5194060802459717,0.0,0.0
CIG-C,2011-04-25,4.19832706451416,4.19832706451416,4.134352207183838,4.1583428382873535,29261,1.529208779335022,0.0,0.0
CIG-C,2011-04-26,4.216986179351807,4.216986179351807,4.216986179351807,4.216986179351807,1125,1.5507745742797852,0.0,0.0
CIG-C,2011-04-27,4.216986179351807,4.238310813903809,4.200992107391357,4.200992107391357,4426,1.5448927879333496,0.0,0.0
CIG-C,2011-04-28,4.200992107391357,4.200992107391357,4.200992107391357,4.200992107391357,0,1.5448927879333496,0.0,0.0
CIG-C,2011-04-29,4.299620151519775,4.398246765136719,4.299592971801758,4.398246765136719,8384,1.6174319982528687,0.0,0.0
CIG-C,2011-05-02,4.003737926483154,4.009068965911865,3.9744160175323486,3.993074893951416,7502,1.539659023284912,0.20347,0.0
CIG-C,2011-05-03,3.8944480419158936,3.9797470569610596,3.881119966506958,3.913106918334961,5064,1.5088251829147339,0.0,0.0
CIG-C,2011-05-04,3.913106918334961,3.913106918334961,3.913106918334961,3.913106918334961,0,1.5088251829147339,0.0,0.0
CIG-C,2011-05-05,3.913106918334961,3.913106918334961,3.913106918334961,3.913106918334961,0,1.5088251829147339,0.0,0.0
CIG-C,2011-05-06,3.9317660331726074,3.945094108581543,3.9317660331726074,3.945094108581543,3001,1.5211589336395264,0.0,0.0
CIG-C,2011-05-09,3.92910099029541,3.955756902694702,3.8891170024871826,3.955756902694702,10129,1.5252703428268433,0.0,0.0
CIG-C,2011-05-10,3.9637539386749268,3.993074893951416,3.9637539386749268,3.993074893951416,1500,1.539659023284912,0.0,0.0
CIG-C,2011-05-11,3.939763069152832,3.9584219455718994,3.939763069152832,3.950424909591675,3976,1.523214340209961,0.0,0.0
CIG-C,2011-05-12,3.950424909591675,3.950424909591675,3.950424909591675,3.950424909591675,0,1.523214340209961,0.0,0.0
CIG-C,2011-05-13,3.9211039543151855,3.9211039543151855,3.9211039543151855,3.9211039543151855,375,1.5119084119796753,0.0,0.0
CIG-C,2011-05-16,3.9104409217834473,3.913106918334961,3.9104409217834473,3.9104409217834473,1125,1.507797122001648,0.0,0.0
CIG-C,2011-05-17,3.918437957763672,3.9424290657043457,3.918437957763672,3.9424290657043457,8253,1.5201311111450195,0.0,0.0
CIG-C,2011-05-18,3.9424290657043457,3.9424290657043457,3.9424290657043457,3.9424290657043457,0,1.5201311111450195,0.0,0.0
CIG-C,2011-05-19,3.950424909591675,3.998405933380127,3.9211039543151855,3.998405933380127,11929,1.5417145490646362,0.0,0.0
CIG-C,2011-05-20,3.92910099029541,4.003737926483154,3.92910099029541,3.993074893951416,3001,1.539659023284912,0.0,0.0
CIG-C,2011-05-23,3.955756902694702,3.9584219455718994,3.955756902694702,3.9584219455718994,1875,1.526297688484192,0.0,0.0
CIG-C,2011-05-24,3.9584219455718994,3.9584219455718994,3.9584219455718994,3.9584219455718994,0,1.526297688484192,0.0,0.0
CIG-C,2011-05-25,3.945094108581543,3.9477601051330566,3.945094108581543,3.9477601051330566,2025,1.522186279296875,0.0,0.0
CIG-C,2011-05-26,3.9477601051330566,3.9477601051330566,3.9477601051330566,3.9477601051330566,0,1.522186279296875,0.0,0.0
CIG-C,2011-05-27,3.9477601051330566,3.9477601051330566,3.9477601051330566,3.9477601051330566,0,1.522186279296875,0.0,0.0
CIG-C,2011-05-31,3.961087942123413,3.966418981552124,3.9530909061431885,3.966418981552124,6002,1.5293813943862915,0.0,0.0
CIG-C,2011-06-01,3.950424909591675,3.950424909591675,3.8837850093841553,3.9051098823547363,2250,1.5057415962219238,0.0,0.0
CIG-C,2011-06-02,3.9264349937438965,3.955756902694702,3.9264349937438965,3.955756902694702,1500,1.5252703428268433,0.0,0.0
CIG-C,2011-06-03,3.955756902694702,3.955756902694702,3.955756902694702,3.955756902694702,0,1.5252703428268433,0.0,0.0
CIG-C,2011-06-06,3.955756902694702,3.955756902694702,3.955756902694702,3.955756902694702,0,1.5252703428268433,0.0,0.0
CIG-C,2011-06-07,4.142348766326904,4.142348766326904,4.102365016937256,4.102365016937256,1500,1.5817996263504028,0.0,0.0
CIG-C,2011-06-08,4.06771183013916,4.107696056365967,4.054384231567383,4.066858768463135,3751,1.568109393119812,0.0,0.0
CIG-C,2011-06-09,4.051718235015869,4.051718235015869,4.051718235015869,4.051718235015869,375,1.562271237373352,0.0,0.0
CIG-C,2011-06-10,4.051718235015869,4.051718235015869,4.051718235015869,4.051718235015869,0,1.562271237373352,0.0,0.0
CIG-C,2011-06-13,4.046387195587158,4.329901218414307,4.038390159606934,4.0597147941589355,23634,1.565354824066162,0.0,0.0
CIG-C,2011-06-14,4.0650458335876465,4.387585163116455,4.0650458335876465,4.097033977508545,19413,1.5797441005706787,0.0,0.0
CIG-C,2011-06-15,4.022397041320801,4.131687164306641,4.001071929931641,4.1114277839660645,10980,1.5852941274642944,0.0,0.0
CIG-C,2011-06-16,4.1114277839660645,4.1114277839660645,4.1114277839660645,4.1114277839660645,0,1.5852941274642944,0.0,0.0
CIG-C,2011-06-17,4.126355171203613,4.182332992553711,4.126355171203613,4.182332992553711,3001,1.6126337051391602,0.0,0.0
CIG-C,2011-06-20,4.187664031982422,4.21965217590332,4.187664031982422,4.21965217590332,2363,1.627023696899414,0.0,0.0
CIG-C,2011-06-21,4.21965217590332,4.21965217590332,4.21965217590332,4.21965217590332,0,1.627023696899414,0.0,0.0
CIG-C,2011-06-22,4.21965217590332,4.21965217590332,4.21965217590332,4.21965217590332,0,1.627023696899414,0.0,0.0
CIG-C,2011-06-23,4.262300968170166,4.262300968170166,4.262300968170166,4.262300968170166,750,1.643467664718628,0.0,0.0
CIG-C,2011-06-24,4.299620151519775,4.299620151519775,4.262300968170166,4.262300968170166,3751,1.643467664718628,0.0,0.0
CIG-C,2011-06-27,4.262300968170166,4.262300968170166,4.262300968170166,4.262300968170166,375,1.643467664718628,0.0,0.0
CIG-C,2011-06-28,4.262300968170166,4.262300968170166,4.262300968170166,4.262300968170166,375,1.643467664718628,0.0,0.0
CIG-C,2011-06-29,4.320944786071777,4.320944786071777,4.320944786071777,4.320944786071777,750,1.666080355644226,0.0,0.0
CIG-C,2011-06-30,4.320944786071777,4.320944786071777,4.320944786071777,4.320944786071777,0,1.666080355644226,0.0,0.0
CIG-C,2011-07-01,4.360929012298584,4.384919166564941,4.33693790435791,4.376922130584717,2250,1.6876639127731323,0.0,0.0
CIG-C,2011-07-05,4.902046203613281,4.907378196716309,4.390250205993652,4.478215217590332,8253,1.726720929145813,0.0,0.0
CIG-C,2011-07-06,4.42490291595459,4.590170860290527,4.368925094604492,4.371591091156006,79002,1.685608983039856,0.0,0.0
CIG-C,2011-07-07,4.416666030883789,4.416666030883789,4.416666030883789,4.416666030883789,3657,1.702988862991333,0.0,0.0
CIG-C,2011-07-08,4.347600936889648,4.347600936889648,4.206324100494385,4.267632007598877,122906,1.6455236673355103,0.0,0.0
CIG-C,2011-07-11,4.320944786071777,4.320944786071777,4.22764778137207,4.235644817352295,3864,1.6331894397735596,0.0,0.0
CIG-C,2011-07-12,4.294288158416748,4.49687385559082,4.230313777923584,4.256969928741455,49572,1.6414122581481934,0.0,0.0
CIG-C,2011-07-13,4.3076171875,4.451559066772461,4.206324100494385,4.304951190948486,53953,1.6599138975143433,0.0,0.0
CIG-C,2011-07-14,4.382253170013428,4.392916202545166,4.270298004150391,4.344934940338135,9101,1.6753301620483398,0.0,0.0
CIG-C,2011-07-15,4.302285194396973,4.376922130584717,4.302285194396973,4.355597019195557,4111,1.6794418096542358,0.0,0.0
CIG-C,2011-07-18,4.326275825500488,4.3289408683776855,4.326275825500488,4.3289408683776855,2430,1.6691638231277466,0.0,0.0
CIG-C,2011-07-19,4.3289408683776855,4.3289408683776855,4.3289408683776855,4.3289408683776855,0,1.6691638231277466,0.0,0.0
CIG-C,2011-07-20,4.3076171875,4.3076171875,4.304951190948486,4.304951190948486,1875,1.6599138975143433,0.0,0.0
CIG-C,2011-07-21,4.430233955383301,4.430233955383301,4.400912761688232,4.430233955383301,1875,1.70822012424469,0.0,0.0
CIG-C,2011-07-22,4.430233955383301,4.430233955383301,4.430233955383301,4.430233955383301,0,1.70822012424469,0.0,0.0
CIG-C,2011-07-25,4.430233955383301,4.430233955383301,4.430233955383301,4.430233955383301,0,1.70822012424469,0.0,0.0
CIG-C,2011-07-26,4.363594055175781,4.363594055175781,4.299620151519775,4.299620151519775,1500,1.6578577756881714,0.0,0.0
CIG-C,2011-07-27,4.299620151519775,4.299620151519775,4.299620151519775,4.299620151519775,0,1.6578577756881714,0.0,0.0
CIG-C,2011-07-28,4.299620151519775,4.299620151519775,4.299620151519775,4.299620151519775,0,1.6578577756881714,0.0,0.0
CIG-C,2011-07-29,4.299620151519775,4.299620151519775,4.299620151519775,4.299620151519775,0,1.6578577756881714,0.0,0.0
CIG-C,2011-08-01,4.121024131774902,4.208989143371582,4.121024131774902,4.208989143371582,1207,1.6229116916656494,0.0,0.0
CIG-C,2011-08-02,4.1103620529174805,4.169004917144775,4.078374862670898,4.169004917144775,2933,1.6074950695037842,0.0,0.0
CIG-C,2011-08-03,4.046387195587158,4.046387195587158,3.990410089492798,3.990410089492798,2250,1.538631558418274,0.0,0.0
CIG-C,2011-08-04,3.9317660331726074,3.9317660331726074,3.830472946166992,3.89178204536438,7315,1.5006027221679688,0.0,0.0
CIG-C,2011-08-05,3.89178204536438,3.89178204536438,3.89178204536438,3.89178204536438,0,1.5006027221679688,0.0,0.0
CIG-C,2011-08-08,3.6198909282684326,3.638550043106079,3.537256956100464,3.5415220260620117,3376,1.3655484914779663,0.0,0.0
CIG-C,2011-08-09,3.6305530071258545,3.6305530071258545,3.427967071533203,3.6305530071258545,8620,1.3998773097991943,0.0,0.0
CIG-C,2011-08-10,3.6305530071258545,3.6305530071258545,3.6305530071258545,3.6305530071258545,0,1.3998773097991943,0.0,0.0
CIG-C,2011-08-11,3.5452539920806885,3.5452539920806885,3.505270004272461,3.505270004272461,750,1.3515703678131104,0.0,0.0
CIG-C,2011-08-12,3.590569019317627,3.593234062194824,3.539921998977661,3.539921998977661,4164,1.364931583404541,0.0,0.0
CIG-C,2011-08-15,3.7318460941314697,3.838469982147217,3.6252219676971436,3.6252219676971436,6002,1.3978219032287598,0.0,0.0
CIG-C,2011-08-16,3.811814069747925,3.811814069747925,3.7878239154815674,3.7878239154815674,1800,1.4605183601379395,0.0,0.0
CIG-C,2011-08-17,3.7878239154815674,3.7878239154815674,3.7878239154815674,3.7878239154815674,0,1.4605183601379395,0.0,0.0
CIG-C,2011-08-18,3.745173931121826,3.745173931121826,3.6465470790863037,3.6465470790863037,2250,1.4060441255569458,0.0,0.0
CIG-C,2011-08-19,3.774496078491211,3.774496078491211,3.7611680030822754,3.7611680030822754,1125,1.450239896774292,0.0,0.0
CIG-C,2011-08-22,3.7664990425109863,3.7984859943389893,3.707854986190796,3.707854986190796,2626,1.429684042930603,0.0,0.0
CIG-C,2011-08-23,3.707854986190796,3.707854986190796,3.707854986190796,3.707854986190796,0,1.429684042930603,0.0,0.0
CIG-C,2011-08-24,3.707854986190796,3.707854986190796,3.707854986190796,3.707854986190796,0,1.429684042930603,0.0,0.0
CIG-C,2011-08-25,3.707854986190796,3.707854986190796,3.707854986190796,3.707854986190796,0,1.429684042930603,0.0,0.0
CIG-C,2011-08-26,3.7718300819396973,3.7718300819396973,3.7664990425109863,3.7664990425109863,2250,1.4522953033447266,0.0,0.0
CIG-C,2011-08-29,3.7664990425109863,3.7664990425109863,3.7664990425109863,3.7664990425109863,0,1.4522953033447266,0.0,0.0
CIG-C,2011-08-30,3.7664990425109863,3.7664990425109863,3.7664990425109863,3.7664990425109863,0,1.4522953033447266,0.0,0.0
CIG-C,2011-08-31,3.9530909061431885,3.9530909061431885,3.9530909061431885,3.9530909061431885,1125,1.5242421627044678,0.0,0.0
CIG-C,2011-09-01,4.030394077301025,4.030394077301025,4.030394077301025,4.030394077301025,750,1.5540485382080078,0.0,0.0
CIG-C,2011-09-02,4.030394077301025,4.030394077301025,4.030394077301025,4.030394077301025,0,1.5540485382080078,0.0,0.0
CIG-C,2011-09-06,3.7958199977874756,3.809148073196411,3.7958199977874756,3.809148073196411,1050,1.4687401056289673,0.0,0.0
CIG-C,2011-09-07,3.809148073196411,3.809148073196411,3.809148073196411,3.809148073196411,0,1.4687401056289673,0.0,0.0
CIG-C,2011-09-08,3.809148073196411,3.809148073196411,3.809148073196411,3.809148073196411,0,1.4687401056289673,0.0,0.0
CIG-C,2011-09-09,3.8571290969848633,3.875788927078247,3.627887010574341,3.6678709983825684,5252,1.4142662286758423,0.0,0.0
CIG-C,2011-09-12,3.64388108253479,3.6572089195251465,3.64388108253479,3.6572089195251465,2250,1.4101555347442627,0.0,0.0
CIG-C,2011-09-13,3.6572089195251465,3.6572089195251465,3.6572089195251465,3.6572089195251465,0,1.4101555347442627,0.0,0.0
CIG-C,2011-09-14,3.5745749473571777,3.5745749473571777,3.5745749473571777,3.5745749473571777,750,1.3782929182052612,0.0,0.0
CIG-C,2011-09-15,3.5985660552978516,3.5985660552978516,3.5985660552978516,3.5985660552978516,1042,1.3875439167022705,0.0,0.0
CIG-C,2011-09-16,3.5985660552978516,3.5985660552978516,3.5985660552978516,3.5985660552978516,0,1.3875439167022705,0.0,0.0
CIG-C,2011-09-19,3.5985660552978516,3.5985660552978516,3.5985660552978516,3.5985660552978516,0,1.3875439167022705,0.0,0.0
CIG-C,2011-09-20,3.5985660552978516,3.5985660552978516,3.5985660552978516,3.5985660552978516,0,1.3875439167022705,0.0,0.0
CIG-C,2011-09-21,3.5985660552978516,3.5985660552978516,3.5985660552978516,3.5985660552978516,0,1.3875439167022705,0.0,0.0
CIG-C,2011-09-22,3.3719890117645264,3.3719890117645264,2.7215819358825684,3.0867700576782227,11629,1.190204381942749,0.0,0.0
CIG-C,2011-09-23,3.1987249851226807,3.1987249851226807,3.1027629375457764,3.1987249851226807,12004,1.2333723306655884,0.0,0.0
CIG-C,2011-09-26,3.1987249851226807,3.1987249851226807,3.1987249851226807,3.1987249851226807,0,1.2333723306655884,0.0,0.0
CIG-C,2011-09-27,3.1987249851226807,3.1987249851226807,3.1987249851226807,3.1987249851226807,0,1.2333723306655884,0.0,0.0
CIG-C,2011-09-28,3.1987249851226807,3.241374969482422,3.1987249851226807,3.241374969482422,2250,1.249817132949829,0.0,0.0
CIG-C,2011-09-29,3.2360429763793945,3.270695924758911,3.1774001121520996,3.1774001121520996,3001,1.225149393081665,0.0,0.0
CIG-C,2011-09-30,3.0974318981170654,3.438628911972046,3.0974318981170654,3.369323968887329,28901,1.29915189743042,0.0,0.0
CIG-C,2011-10-03,3.1774001121520996,3.1827309131622314,3.0494511127471924,3.0649120807647705,7127,1.1817761659622192,0.0,0.0
CIG-C,2011-10-04,3.0094668865203857,3.0094668865203857,3.0094668865203857,3.0094668865203857,1125,1.1603972911834717,0.0,0.0
CIG-C,2011-10-05,3.0094668865203857,3.0094668865203857,3.0094668865203857,3.0094668865203857,0,1.1603972911834717,0.0,0.0
CIG-C,2011-10-06,3.0094668865203857,3.0094668865203857,3.0094668865203857,3.0094668865203857,0,1.1603972911834717,0.0,0.0
CIG-C,2011-10-07,3.2307119369506836,3.2307119369506836,3.2307119369506836,3.2307119369506836,375,1.2457057237625122,0.0,0.0
CIG-C,2011-10-10,3.2307119369506836,3.2307119369506836,3.2307119369506836,3.2307119369506836,0,1.2457057237625122,0.0,0.0
CIG-C,2011-10-11,3.2307119369506836,3.2307119369506836,3.2307119369506836,3.2307119369506836,0,1.2457057237625122,0.0,0.0
CIG-C,2011-10-12,3.2307119369506836,3.2307119369506836,3.2307119369506836,3.2307119369506836,0,1.2457057237625122,0.0,0.0
CIG-C,2011-10-13,3.2093870639801025,4.174335956573486,3.1987249851226807,3.3986189365386963,10946,1.3104474544525146,0.0,0.0
CIG-C,2011-10-14,3.3106799125671387,3.3106799125671387,3.084104061126709,3.153409957885742,69736,1.2158994674682617,0.0,0.0
CIG-C,2011-10-17,3.0387890338897705,3.406641960144043,3.0387890338897705,3.2307119369506836,59044,1.2457057237625122,0.0,0.0
CIG-C,2011-10-18,3.121422052383423,3.5825719833374023,2.8122119903564453,3.5719099044799805,77235,1.377265214920044,0.0,0.0
CIG-C,2011-10-19,3.4786128997802734,3.515932083129883,3.246706008911133,3.342668056488037,27010,1.2888739109039307,0.0,0.0
CIG-C,2011-10-20,3.3559958934783936,3.3826520442962646,3.3453330993652344,3.3826520442962646,4783,1.3042912483215332,0.0,0.0
CIG-C,2011-10-21,3.3826520442962646,3.3826520442962646,3.3826520442962646,3.3826520442962646,0,1.3042912483215332,0.0,0.0
CIG-C,2011-10-24,3.4626200199127197,3.4626200199127197,3.4039769172668457,3.4039769172668457,2543,1.3125131130218506,0.0,0.0
CIG-C,2011-10-25,3.3826520442962646,3.3826520442962646,3.3666579723358154,3.3666579723358154,2862,1.298123836517334,0.0,0.0
CIG-C,2011-10-26,3.3933138847351074,3.5719099044799805,3.3666579723358154,3.3666579723358154,3593,1.298123836517334,0.0,0.0
CIG-C,2011-10-27,3.542587995529175,3.542587995529175,3.542587995529175,3.542587995529175,1264,1.365959644317627,0.0,0.0
CIG-C,2011-10-28,3.542587995529175,3.542587995529175,3.542587995529175,3.542587995529175,0,1.365959644317627,0.0,0.0
CIG-C,2011-10-31,3.675868034362793,3.7585020065307617,3.675868034362793,3.7585020065307617,1500,1.4492120742797852,0.0,0.0
CIG-C,2011-11-01,3.755836009979248,3.755836009979248,3.53459095954895,3.638550043106079,1969,1.4029608964920044,0.0,0.0
CIG-C,2011-11-02,3.8198111057281494,3.961087942123413,3.6891961097717285,3.6891961097717285,8065,1.4224889278411865,0.0,0.0
CIG-C,2011-11-03,3.8144800662994385,3.8144800662994385,3.6198909282684326,3.6198909282684326,9003,1.395766019821167,0.0,0.0
CIG-C,2011-11-04,3.6198909282684326,3.6198909282684326,3.6198909282684326,3.6198909282684326,0,1.395766019821167,0.0,0.0
CIG-C,2011-11-07,3.886451005935669,3.886451005935669,3.7318460941314697,3.7318460941314697,32262,1.438934564590454,0.0,0.0
CIG-C,2011-11-08,3.7318460941314697,3.8944480419158936,3.5265939235687256,3.7158520221710205,15568,1.4327672719955444,0.0,0.0
CIG-C,2011-11-09,3.5612471103668213,3.5612471103668213,3.5612471103668213,3.5612471103668213,1496,1.3731541633605957,0.0,0.0
CIG-C,2011-11-10,3.6092278957366943,3.7158520221710205,3.5452539920806885,3.5479190349578857,70340,1.3680148124694824,0.0,0.0
CIG-C,2011-11-11,3.590569019317627,3.590569019317627,3.585237979888916,3.585237979888916,375149,1.3824045658111572,0.0,0.0
CIG-C,2011-11-14,3.6732029914855957,3.6732029914855957,3.5532500743865967,3.585237979888916,195452,1.3824045658111572,0.0,0.0
CIG-C,2011-11-15,3.5799059867858887,3.585237979888916,3.5799059867858887,3.585237979888916,1763,1.3824045658111572,0.0,0.0
CIG-C,2011-11-16,3.7051899433135986,3.7051899433135986,3.6465470790863037,3.6465470790863037,4876,1.4060441255569458,0.0,0.0
CIG-C,2011-11-17,3.6465470790863037,3.7638330459594727,3.6465470790863037,3.6785340309143066,86280,1.4183777570724487,0.0,0.0
CIG-C,2011-11-18,3.6785340309143066,3.6785340309143066,3.6785340309143066,3.6785340309143066,0,1.4183777570724487,0.0,0.0
CIG-C,2011-11-21,3.513266086578369,3.5745749473571777,3.465285062789917,3.5745749473571777,4134,1.3782929182052612,0.0,0.0
CIG-C,2011-11-22,3.5745749473571777,3.5745749473571777,3.5745749473571777,3.5745749473571777,0,1.3782929182052612,0.0,0.0
CIG-C,2011-11-23,3.566577911376953,3.5772409439086914,3.465285062789917,3.465285062789917,55563,1.3361527919769287,0.0,0.0
CIG-C,2011-11-25,3.385317087173462,3.4359641075134277,3.385317087173462,3.4359641075134277,7375,1.3248474597930908,0.0,0.0
CIG-C,2011-11-28,3.4359641075134277,3.4359641075134277,3.4359641075134277,3.4359641075134277,0,1.3248474597930908,0.0,0.0
CIG-C,2011-11-29,3.4359641075134277,3.4359641075134277,3.4359641075134277,3.4359641075134277,0,1.3248474597930908,0.0,0.0
CIG-C,2011-11-30,3.675868034362793,3.779827117919922,3.644148111343384,3.779827117919922,3864,1.4574350118637085,0.0,0.0
CIG-C,2011-12-01,3.7371768951416016,3.7371768951416016,3.721184015274048,3.721184015274048,1500,1.434822916984558,0.0,0.0
CIG-C,2011-12-02,3.721184015274048,3.721184015274048,3.721184015274048,3.721184015274048,0,1.434822916984558,0.0,0.0
CIG-C,2011-12-05,3.745173931121826,3.755836009979248,3.7371768951416016,3.755836009979248,2250,1.4481841325759888,0.0,0.0
CIG-C,2011-12-06,3.723849058151245,3.809148073196411,3.7131869792938232,3.7131869792938232,1500,1.431739091873169,0.0,0.0
CIG-C,2011-12-07,3.7131869792938232,3.7131869792938232,3.7131869792938232,3.7131869792938232,0,1.431739091873169,0.0,0.0
CIG-C,2011-12-08,3.670536994934082,3.670536994934082,3.65987491607666,3.65987491607666,1500,1.4111833572387695,0.0,0.0
CIG-C,2011-12-09,3.65987491607666,3.65987491607666,3.65987491607666,3.65987491607666,0,1.4111833572387695,0.0,0.0
CIG-C,2011-12-12,3.558582067489624,3.7718300819396973,3.558582067489624,3.6518781185150146,18502,1.4080997705459595,0.0,0.0
CIG-C,2011-12-13,3.7718300819396973,3.934432029724121,3.7664990425109863,3.7984859943389893,18656,1.4646294116973877,0.0,0.0
CIG-C,2011-12-14,3.750504970550537,3.7585020065307617,3.750504970550537,3.753170967102051,2626,1.4471569061279297,0.0,0.0
CIG-C,2011-12-15,3.961087942123413,3.961087942123413,3.9317660331726074,3.9317660331726074,1125,1.5160197019577026,0.0,0.0
CIG-C,2011-12-16,3.923768997192383,3.923768997192383,3.7051899433135986,3.7051899433135986,16832,1.4286563396453857,0.0,0.0
CIG-C,2011-12-19,3.865125894546509,3.8891170024871826,3.7051899433135986,3.7051899433135986,51226,1.4286563396453857,0.0,0.0
CIG-C,2011-12-20,3.7691640853881836,3.9104409217834473,3.7691640853881836,3.9104409217834473,10181,1.507797122001648,0.0,0.0
CIG-C,2011-12-21,3.6625399589538574,3.6625399589538574,3.6625399589538574,3.6625399589538574,7878,1.5082590579986572,0.249023,0.0
CIG-C,2011-12-22,3.7984859943389893,3.7984859943389893,3.7638330459594727,3.7691640853881836,6058,1.552167534828186,0.0,0.0
CIG-C,2011-12-23,3.806483030319214,3.8438010215759277,3.806483030319214,3.8438010215759277,1117,1.5829038619995117,0.0,0.0
CIG-C,2011-12-27,3.9051098823547363,3.9051098823547363,3.859795093536377,3.859795093536377,1470,1.589490294456482,0.0,0.0
CIG-C,2011-12-28,3.859795093536377,3.859795093536377,3.859795093536377,3.859795093536377,0,1.589490294456482,0.0,0.0
CIG-C,2011-12-29,3.7931549549102783,3.875788927078247,3.7931549549102783,3.875788927078247,3751,1.596076488494873,0.0,0.0
CIG-C,2011-12-30,3.7611680030822754,3.7878239154815674,3.7611680030822754,3.7611680030822754,2250,1.548874855041504,0.0,0.0
CIG-C,2012-01-03,3.8837850093841553,3.8837850093841553,3.7984859943389893,3.7984859943389893,14105,1.564242959022522,0.0,0.0
CIG-C,2012-01-04,3.7984859943389893,3.7984859943389893,3.7984859943389893,3.7984859943389893,0,1.564242959022522,0.0,0.0
CIG-C,2012-01-05,3.89178204536438,3.89178204536438,3.7851579189300537,3.8411359786987305,5259,1.5818063020706177,0.0,0.0
CIG-C,2012-01-06,3.8784539699554443,3.9477601051330566,3.7851579189300537,3.8997790813446045,11164,1.6059564352035522,0.0,0.0
CIG-C,2012-01-09,3.9530909061431885,3.9530909061431885,3.9157729148864746,3.9157729148864746,1399,1.6125426292419434,0.0,0.0
CIG-C,2012-01-10,3.945094108581543,3.945094108581543,3.907776117324829,3.9424290657043457,7127,1.6235188245773315,0.0,0.0
CIG-C,2012-01-11,3.945094108581543,4.0433478355407715,3.945094108581543,4.0433478355407715,19627,1.665078043937683,0.0,0.0
CIG-C,2012-01-12,3.9797470569610596,4.001071929931641,3.9797470569610596,4.001071929931641,1875,1.6476689577102661,0.0,0.0
CIG-C,2012-01-13,4.003737926483154,4.025062084197998,4.003737926483154,4.025062084197998,2438,1.6575483083724976,0.0,0.0
CIG-C,2012-01-17,4.083705902099609,4.083705902099609,4.083705902099609,4.083705902099609,1125,1.6816985607147217,0.0,0.0
CIG-C,2012-01-18,4.083705902099609,4.083705902099609,4.083705902099609,4.083705902099609,0,1.6816985607147217,0.0,0.0
CIG-C,2012-01-19,4.206324100494385,4.206324100494385,4.206324100494385,4.206324100494385,2250,1.7321927547454834,0.0,0.0
CIG-C,2012-01-20,4.302285194396973,4.323609828948975,4.302285194396973,4.323609828948975,2626,1.7804924249649048,0.0,0.0
CIG-C,2012-01-23,4.331606864929199,4.331606864929199,4.291623115539551,4.291623115539551,937,1.7673197984695435,0.0,0.0
CIG-C,2012-01-24,4.296954154968262,4.331606864929199,4.296954154968262,4.331606864929199,1688,1.783785104751587,0.0,0.0
CIG-C,2012-01-25,4.363594055175781,4.363594055175781,4.363594055175781,4.363594055175781,750,1.7969584465026855,0.0,0.0
CIG-C,2012-01-26,4.363594055175781,4.363594055175781,4.363594055175781,4.363594055175781,0,1.7969584465026855,0.0,0.0
CIG-C,2012-01-27,4.28629207611084,4.304951190948486,4.28629207611084,4.304951190948486,5627,1.7728090286254883,0.0,0.0
CIG-C,2012-01-30,4.291623115539551,4.291623115539551,4.291623115539551,4.291623115539551,1875,1.7673197984695435,0.0,0.0
CIG-C,2012-01-31,4.318278789520264,4.42490291595459,4.318278789520264,4.42490291595459,4501,1.8222060203552246,0.0,0.0
CIG-C,2012-02-01,4.470218181610107,4.510201930999756,4.470218181610107,4.510201930999756,1219,1.8573321104049683,0.0,0.0
CIG-C,2012-02-02,4.614161014556885,4.616827011108398,4.470218181610107,4.470218181610107,9191,1.8408665657043457,0.0,0.0
CIG-C,2012-02-03,4.470218181610107,4.539524078369141,4.470218181610107,4.539524078369141,1875,1.8694067001342773,0.0,0.0
CIG-C,2012-02-06,4.488877773284912,4.5848388671875,4.488877773284912,4.504870891571045,11156,1.8551362752914429,0.0,0.0
CIG-C,2012-02-07,4.507536888122559,4.507536888122559,4.507536888122559,4.507536888122559,750,1.8562347888946533,0.0,0.0
CIG-C,2012-02-08,4.515533924102783,4.614161014556885,4.504870891571045,4.590170860290527,11337,1.8902640342712402,0.0,0.0
CIG-C,2012-02-09,4.576842784881592,4.758103847503662,4.5715107917785645,4.758103847503662,3094,1.9594204425811768,0.0,0.0
CIG-C,2012-02-10,4.763434886932373,4.9340338706970215,4.742109775543213,4.934007167816162,10129,2.0318586826324463,0.0,0.0
CIG-C,2012-02-13,4.547521114349365,5.059317111968994,4.547521114349365,5.059317111968994,78556,2.0834619998931885,0.0,0.0
CIG-C,2012-02-14,4.94202995300293,4.968686103820801,4.94202995300293,4.950026988983154,114795,2.038455009460449,0.0,0.0
CIG-C,2012-02-15,4.9340338706970215,4.992677211761475,4.9340338706970215,4.987346172332764,2250,2.053823471069336,0.0,0.0
CIG-C,2012-02-16,4.987346172332764,5.085972785949707,4.987346172332764,5.085972785949707,1125,2.094438076019287,0.0,0.0
CIG-C,2012-02-17,5.080642223358154,5.088638782501221,5.080642223358154,5.088638782501221,1500,2.095536231994629,0.0,0.0
CIG-C,2012-02-21,5.075311183929443,5.075311183929443,5.075311183929443,5.075311183929443,750,2.09004807472229,0.0,0.0
CIG-C,2012-02-22,5.069979190826416,5.099300861358643,5.048655033111572,5.099300861358643,2907,2.0999279022216797,0.0,0.0
CIG-C,2012-02-23,5.168607234954834,5.2352471351623535,5.168607234954834,5.205924987792969,12286,2.143836259841919,0.0,0.0
CIG-C,2012-02-24,5.157944202423096,5.221919059753418,5.123291969299316,5.221919059753418,7127,2.1504218578338623,0.0,0.0
CIG-C,2012-02-27,5.221919059753418,5.221919059753418,5.221919059753418,5.221919059753418,0,2.1504218578338623,0.0,0.0
CIG-C,2012-02-28,5.160610198974609,5.285892963409424,5.160610198974609,5.214694976806641,3751,2.147446870803833,0.0,0.0
CIG-C,2012-02-29,5.171271800994873,5.192596912384033,5.152613162994385,5.152613162994385,7596,2.1218814849853516,0.0,0.0
CIG-C,2012-03-01,5.152613162994385,5.309884071350098,5.152613162994385,5.309884071350098,1500,2.1866469383239746,0.0,0.0
CIG-C,2012-03-02,5.309884071350098,5.309884071350098,5.192596912384033,5.195262908935547,6377,2.139444589614868,0.0,0.0
CIG-C,2012-03-05,5.197927951812744,5.363195896148682,5.197927951812744,5.363195896148682,4501,2.2086007595062256,0.0,0.0
CIG-C,2012-03-06,5.168607234954834,5.35253381729126,5.117959976196289,5.35253381729126,7502,2.2042105197906494,0.0,0.0
CIG-C,2012-03-07,5.168607234954834,5.267233848571777,5.168607234954834,5.267233848571777,3751,2.1690828800201416,0.0,0.0
CIG-C,2012-03-08,5.216588020324707,5.216588020324707,5.216588020324707,5.216588020324707,750,2.1482269763946533,0.0,0.0
CIG-C,2012-03-09,5.243244171142578,5.243244171142578,5.243244171142578,5.243244171142578,750,2.1592040061950684,0.0,0.0
CIG-C,2012-03-12,5.323212146759033,5.480483055114746,5.179268836975098,5.224584102630615,16881,2.151519298553467,0.0,0.0
CIG-C,2012-03-13,5.283227920532227,5.349867820739746,5.245909214019775,5.349867820739746,14030,2.2031126022338867,0.0,0.0
CIG-C,2012-03-14,5.355198860168457,5.453825950622559,5.355198860168457,5.389852046966553,4501,2.219578266143799,0.0,0.0
CIG-C,2012-03-15,5.440497875213623,5.483148097991943,5.35253381729126,5.483148097991943,8628,2.25799822807312,0.0,0.0
CIG-C,2012-03-16,5.336540222167969,5.416508197784424,5.304553031921387,5.384521007537842,13775,2.2173824310302734,0.0,0.0
CIG-C,2012-03-19,5.323212146759033,5.381855010986328,5.323212146759033,5.381855010986328,6283,2.21628475189209,0.0,0.0
CIG-C,2012-03-20,5.371192932128906,5.403180122375488,5.339204788208008,5.397849082946777,11059,2.2228715419769287,0.0,0.0
CIG-C,2012-03-21,5.400514125823975,5.448494911193848,5.400514125823975,5.411177158355713,4876,2.228360176086426,0.0,0.0
CIG-C,2012-03-22,5.411177158355713,5.435166835784912,5.395183086395264,5.395183086395264,9003,2.221773386001587,0.0,0.0
CIG-C,2012-03-23,5.381855010986328,5.381855010986328,5.381855010986328,5.381855010986328,1875,2.21628475189209,0.0,0.0
CIG-C,2012-03-26,5.397849082946777,5.491145133972168,5.397849082946777,5.411177158355713,8253,2.228360176086426,0.0,0.0
CIG-C,2012-03-27,5.5204668045043945,5.616427898406982,5.469820022583008,5.469820022583008,11460,2.252509355545044,0.0,0.0
CIG-C,2012-03-28,5.469820022583008,5.469820022583008,5.469820022583008,5.469820022583008,0,2.252509355545044,0.0,0.0
CIG-C,2012-03-29,5.51246976852417,5.51246976852417,5.509803771972656,5.509803771972656,2250,2.268975257873535,0.0,0.0
CIG-C,2012-03-30,5.509803771972656,5.509803771972656,5.509803771972656,5.509803771972656,0,2.268975257873535,0.0,0.0
CIG-C,2012-04-02,5.531102180480957,5.701727867126465,5.5257978439331055,5.701727867126465,8253,2.348011016845703,0.0,0.0
CIG-C,2012-04-03,5.731049060821533,5.819014072418213,5.731049060821533,5.731049060821533,4876,2.3600852489471436,0.0,0.0
CIG-C,2012-04-04,5.771032810211182,5.821680068969727,5.731049060821533,5.820613861083984,8133,2.3969690799713135,0.0,0.0
CIG-C,2012-04-05,5.811017990112305,5.811017990112305,5.811017990112305,5.811017990112305,3188,2.3930177688598633,0.0,0.0
CIG-C,2012-04-09,5.811017990112305,5.811017990112305,5.811017990112305,5.811017990112305,4014,2.3930177688598633,0.0,0.0
CIG-C,2012-04-10,5.816349029541016,5.877123832702637,5.811017990112305,5.877123832702637,2626,2.4202401638031006,0.0,0.0
CIG-C,2012-04-11,6.05092191696167,6.05092191696167,5.911243915557861,5.911243915557861,6002,2.434290885925293,0.0,0.0
CIG-C,2012-04-12,5.920307159423828,5.973618984222412,5.864329814910889,5.946962833404541,7840,2.449000358581543,0.0,0.0
CIG-C,2012-04-13,5.797688961029053,5.797688961029053,5.752906799316406,5.752906799316406,1500,2.369086742401123,0.0,0.0
CIG-C,2012-04-16,5.797688961029053,5.797688961029053,5.797688961029053,5.797688961029053,750,2.38752818107605,0.0,0.0
CIG-C,2012-04-17,5.797688961029053,5.797688961029053,5.797688961029053,5.797688961029053,1500,2.38752818107605,0.0,0.0
CIG-C,2012-04-18,5.8696608543396,5.893651008605957,5.8696608543396,5.893651008605957,2250,2.4270453453063965,0.0,0.0
CIG-C,2012-04-19,5.832342147827148,5.917642116546631,5.7150559425354,5.917642116546631,5439,2.4369256496429443,0.0,0.0
CIG-C,2012-04-20,5.763037204742432,5.78169584274292,5.731049060821533,5.739046096801758,8347,2.3633790016174316,0.0,0.0
CIG-C,2012-04-23,5.739046096801758,5.739046096801758,5.739046096801758,5.739046096801758,0,2.3633790016174316,0.0,0.0
CIG-C,2012-04-24,5.677737236022949,5.920307159423828,5.677737236022949,5.800354957580566,6377,2.3886263370513916,0.0,0.0
CIG-C,2012-04-25,5.819014072418213,5.922973155975342,5.819014072418213,5.922973155975342,1125,2.4391210079193115,0.0,0.0
CIG-C,2012-04-26,5.922973155975342,5.922973155975342,5.922973155975342,5.922973155975342,0,2.4391210079193115,0.0,0.0
CIG-C,2012-04-27,5.98428201675415,6.085575103759766,5.98428201675415,5.989613056182861,1909,2.4665639400482178,0.0,0.0
CIG-C,2012-04-30,5.728384017944336,5.728384017944336,5.639352798461914,5.691064834594727,4936,2.468205213546753,0.302332,0.0
CIG-C,2012-05-01,5.6057658195495605,5.7097249031066895,5.60043478012085,5.7097249031066895,1500,2.476297378540039,0.0,0.0
CIG-C,2012-05-02,5.664409160614014,5.779029846191406,5.35253381729126,5.544456958770752,30011,2.404621124267578,0.0,0.0
CIG-C,2012-05-03,5.584441184997559,5.624424934387207,5.384521007537842,5.410644054412842,8253,2.3465874195098877,0.0,0.0
CIG-C,2012-05-04,5.416508197784424,5.461822986602783,5.411177158355713,5.429835796356201,2626,2.354909658432007,0.0,0.0
CIG-C,2012-05-07,5.384521007537842,5.453800201416016,5.384521007537842,5.453800201416016,4756,2.3653032779693604,0.0,0.0
CIG-C,2012-05-08,5.387186050415039,5.397849082946777,5.197927951812744,5.211523056030273,86892,2.260228395462036,0.0,0.0
CIG-C,2012-05-09,5.197927951812744,5.645750045776367,5.141951084136963,5.23258113861084,20351,2.2693614959716797,0.0,0.0
CIG-C,2012-05-10,5.2565717697143555,5.291224956512451,5.195262908935547,5.273632049560547,23664,2.2871649265289307,0.0,0.0
CIG-C,2012-05-11,5.267233848571777,5.938967227935791,5.267233848571777,5.328543186187744,53470,2.3109803199768066,0.0,0.0
CIG-C,2012-05-14,5.247909069061279,5.247909069061279,5.014667987823486,5.0346598625183105,10429,2.1835227012634277,0.0,1.25
CIG-C,2012-05-15,5.087972164154053,5.107964038848877,4.851399898529053,4.898047924041748,7346,2.1242752075195312,0.0,0.0
CIG-C,2012-05-16,4.9546918869018555,5.014001846313477,4.934700012207031,4.95136022567749,4501,2.1473963260650635,0.0,0.0
CIG-C,2012-05-17,4.878056049346924,4.8847198486328125,4.821412086486816,4.838071823120117,2400,2.098263740539551,0.0,0.0
CIG-C,2012-05-18,4.9713521003723145,4.9713521003723145,4.751440048217773,4.888051986694336,18994,2.1199395656585693,0.0,0.0
CIG-C,2012-05-21,4.654811859130859,4.801420211791992,4.648147106170654,4.801420211791992,4201,2.0823678970336914,0.0,0.0
CIG-C,2012-05-22,4.794755935668945,4.898047924041748,4.768099784851074,4.803085803985596,8778,2.083089828491211,0.0,0.0
CIG-C,2012-05-23,4.7347798347473145,4.7347798347473145,4.658143997192383,4.658143997192383,1200,2.0202293395996094,0.0,0.0
CIG-C,2012-05-24,4.918039798736572,4.921371936798096,4.788092136383057,4.8480682373046875,5477,2.1025986671447754,0.0,0.0
CIG-C,2012-05-25,5.094635963439941,5.094635963439941,4.8480682373046875,4.8747239112854,31887,2.114159345626831,0.0,0.0
CIG-C,2012-05-29,4.924704074859619,4.924704074859619,4.90804386138916,4.90804386138916,900,2.128610372543335,0.0,0.0
CIG-C,2012-05-30,4.90804386138916,4.90804386138916,4.90804386138916,4.90804386138916,0,2.128610372543335,0.0,0.0
CIG-C,2012-05-31,4.9013800621032715,4.9013800621032715,4.851399898529053,4.851399898529053,1200,2.104044198989868,0.0,0.0
CIG-C,2012-06-01,4.791423797607422,4.791423797607422,4.754772186279297,4.754772186279297,900,2.062136173248291,0.0,0.0
CIG-C,2012-06-04,4.871391773223877,4.898047924041748,4.701459884643555,4.894715785980225,36788,2.1228296756744385,0.0,0.0
CIG-C,2012-06-05,4.8314080238342285,4.894715785980225,4.674804210662842,4.828075885772705,17986,2.093928337097168,0.0,0.0
CIG-C,2012-06-06,4.828075885772705,4.828075885772705,4.828075885772705,4.828075885772705,0,2.093928337097168,0.0,0.0
CIG-C,2012-06-07,4.9013800621032715,4.9013800621032715,4.9013800621032715,4.9013800621032715,300,2.1257197856903076,0.0,0.0
CIG-C,2012-06-08,4.9013800621032715,4.9013800621032715,4.9013800621032715,4.9013800621032715,900,2.1257197856903076,0.0,0.0
CIG-C,2012-06-11,4.964687824249268,4.9713521003723145,4.888051986694336,4.888051986694336,3001,2.1199395656585693,0.0,0.0
CIG-C,2012-06-12,5.0513200759887695,5.134620189666748,4.851399898529053,4.944695949554443,5702,2.144505739212036,0.0,0.0
CIG-C,2012-06-13,5.047987937927246,5.047987937927246,4.988011837005615,5.014667987823486,1779,2.1748528480529785,0.0,0.0
CIG-C,2012-06-14,4.90804386138916,4.924704074859619,4.894715785980225,4.894715785980225,4963,2.1228296756744385,0.0,0.0
CIG-C,2012-06-15,4.788092136383057,4.791423797607422,4.788092136383057,4.791423797607422,2400,2.0780327320098877,0.0,0.0
CIG-C,2012-06-18,4.851399898529053,4.851399898529053,4.818079948425293,4.818079948425293,5813,2.0895931720733643,0.0,0.0
CIG-C,2012-06-19,5.014667987823486,5.01800012588501,4.981348037719727,5.01800012588501,2145,2.176298141479492,0.0,0.0
CIG-C,2012-06-20,5.081307888031006,5.151279926300049,5.037992000579834,5.037992000579834,3976,2.184968948364258,0.0,0.0
CIG-C,2012-06-21,5.037992000579834,5.037992000579834,5.037992000579834,5.037992000579834,0,2.184968948364258,0.0,0.0
CIG-C,2012-06-22,4.938032150268555,4.938032150268555,4.738111972808838,4.738111972808838,2701,2.0549111366271973,0.0,0.0
CIG-C,2012-06-25,4.7780961990356445,4.784759998321533,4.7780961990356445,4.784759998321533,900,2.0751426219940186,0.0,0.0
CIG-C,2012-06-26,4.784759998321533,4.938032150268555,4.771431922912598,4.936831951141357,14738,2.14109468460083,0.0,0.0
CIG-C,2012-06-27,4.924704074859619,4.944695949554443,4.924704074859619,4.944695949554443,3001,2.144505739212036,0.0,0.0
CIG-C,2012-06-28,4.944695949554443,4.944695949554443,4.944695949554443,4.944695949554443,0,2.144505739212036,0.0,0.0
CIG-C,2012-06-29,5.261237144470215,5.261237144470215,5.21125602722168,5.21125602722168,1581,2.2601122856140137,0.0,0.0
CIG-C,2012-07-02,5.301220893859863,5.381188869476318,5.297889232635498,5.297889232635498,5783,2.297685384750366,0.0,0.0
CIG-C,2012-07-03,5.297889232635498,5.297889232635498,5.297889232635498,5.297889232635498,0,2.297685384750366,0.0,0.0
CIG-C,2012-07-05,5.297889232635498,5.297889232635498,5.297889232635498,5.297889232635498,0,2.297685384750366,0.0,0.0
CIG-C,2012-07-06,5.1912641525268555,5.1912641525268555,5.1912641525268555,5.1912641525268555,600,2.2514419555664062,0.0,0.0
CIG-C,2012-07-09,5.26456880569458,5.26456880569458,5.26456880569458,5.26456880569458,324,2.283234119415283,0.0,0.0
CIG-C,2012-07-10,5.184599876403809,5.184599876403809,5.14461612701416,5.14461612701416,1500,2.231210708618164,0.0,0.0
CIG-C,2012-07-11,5.27456521987915,5.27456521987915,5.097968101501465,5.097968101501465,1800,2.21097993850708,0.0,0.0
CIG-C,2012-07-12,5.107964038848877,5.171271800994873,5.107964038848877,5.171271800994873,900,2.2427711486816406,0.0,0.0
CIG-C,2012-07-13,5.184599876403809,5.187932014465332,5.1746039390563965,5.1746039390563965,900,2.2442171573638916,0.0,0.0
CIG-C,2012-07-16,5.17793607711792,5.264534950256348,5.141283988952637,5.264534950256348,4216,2.283219575881958,0.0,0.0
CIG-C,2012-07-17,5.157944202423096,5.229916095733643,5.107997894287109,5.107997894287109,3316,2.215329885482788,0.0,0.0
CIG-C,2012-07-18,5.014667987823486,5.181268215179443,5.014667987823486,5.137951850891113,1236,2.228320598602295,0.0,0.0
CIG-C,2012-07-19,5.23124885559082,5.331209182739258,5.2279157638549805,5.331209182739258,2551,2.31213641166687,0.0,0.0
CIG-C,2012-07-20,5.331209182739258,5.331209182739258,5.331209182739258,5.331209182739258,0,2.31213641166687,0.0,0.0
CIG-C,2012-07-23,5.331209182739258,5.331209182739258,5.331209182739258,5.331209182739258,0,2.31213641166687,0.0,0.0
CIG-C,2012-07-24,5.331209182739258,5.331209182739258,5.331209182739258,5.331209182739258,0,2.31213641166687,0.0,0.0
CIG-C,2012-07-25,5.331209182739258,5.331209182739258,5.331209182739258,5.331209182739258,0,2.31213641166687,0.0,0.0
CIG-C,2012-07-26,5.331209182739258,5.331209182739258,5.331209182739258,5.331209182739258,0,2.31213641166687,0.0,0.0
CIG-C,2012-07-27,5.294557094573975,5.294557094573975,5.081307888031006,5.081307888031006,15342,2.20375394821167,0.0,0.0
CIG-C,2012-07-30,5.281229019165039,5.334540843963623,5.281229019165039,5.314548969268799,12605,2.304910659790039,0.0,0.0
CIG-C,2012-07-31,5.397849082946777,5.397849082946777,5.301220893859863,5.301220893859863,5870,2.2991302013397217,0.0,0.0
CIG-C,2012-08-01,5.357864856719971,5.414508819580078,5.344536781311035,5.414508819580078,2100,2.3482627868652344,0.0,0.0
CIG-C,2012-08-02,5.414508819580078,5.414508819580078,5.414508819580078,5.414508819580078,0,2.3482627868652344,0.0,0.0
CIG-C,2012-08-03,5.414508819580078,5.414508819580078,5.414508819580078,5.414508819580078,0,2.3482627868652344,0.0,0.0
CIG-C,2012-08-06,5.431169033050537,5.560783863067627,5.431169033050537,5.560783863067627,900,2.4117026329040527,0.0,0.0
CIG-C,2012-08-07,5.571113109588623,5.571113109588623,5.571113109588623,5.571113109588623,762,2.416181802749634,0.0,0.0
CIG-C,2012-08-08,5.571113109588623,5.571113109588623,5.571113109588623,5.571113109588623,0,2.416181802749634,0.0,0.0
CIG-C,2012-08-09,5.394516944885254,5.544456958770752,5.261237144470215,5.5044732093811035,19420,2.387280225753784,0.0,0.0
CIG-C,2012-08-10,5.544456958770752,5.6810688972473145,5.544456958770752,5.597768783569336,35240,2.4277422428131104,0.0,0.0
CIG-C,2012-08-13,5.597768783569336,5.597768783569336,5.597768783569336,5.597768783569336,300,2.4277422428131104,0.0,0.0
CIG-C,2012-08-14,5.597768783569336,5.597768783569336,5.597768783569336,5.597768783569336,0,2.4277422428131104,0.0,0.0
CIG-C,2012-08-15,5.591104984283447,5.591104984283447,5.591104984283447,5.591104984283447,600,2.4248528480529785,0.0,0.0
CIG-C,2012-08-16,5.651081085205078,5.729716777801514,5.647748947143555,5.729716777801514,5402,2.4849681854248047,0.0,0.0
CIG-C,2012-08-17,5.72771692276001,5.880990028381348,5.714388847351074,5.714388847351074,5702,2.478320360183716,0.0,0.0
CIG-C,2012-08-20,5.604433059692383,5.604433059692383,5.604433059692383,5.604433059692383,900,2.430633068084717,0.0,0.0
CIG-C,2012-08-21,5.50114107131958,5.63908576965332,5.50114107131958,5.63908576965332,6113,2.445662260055542,0.0,0.0
CIG-C,2012-08-22,5.561117172241211,5.584441184997559,5.5411248207092285,5.56441593170166,4201,2.413278102874756,0.0,0.0
CIG-C,2012-08-23,5.497808933258057,5.571080207824707,5.247909069061279,5.357864856719971,5132,2.3236968517303467,0.0,0.0
CIG-C,2012-08-24,5.261237144470215,5.277896881103516,5.261237144470215,5.277896881103516,1200,2.2890145778656006,0.0,0.0
CIG-C,2012-08-27,5.271233081817627,5.361196994781494,5.271233081817627,5.317881107330322,5252,2.3063557147979736,0.0,0.0
CIG-C,2012-08-28,5.261237144470215,5.261237144470215,5.261237144470215,5.261237144470215,1800,2.2817893028259277,0.0,0.0
CIG-C,2012-08-29,5.214588165283203,5.214588165283203,5.187932014465332,5.214588165283203,2475,2.2615580558776855,0.0,0.0
CIG-C,2012-08-30,5.181268215179443,5.181268215179443,5.151947021484375,5.151947021484375,2100,2.2343904972076416,0.0,0.0
CIG-C,2012-08-31,5.0513200759887695,5.0513200759887695,4.801420211791992,4.898047924041748,12304,2.1242752075195312,0.0,0.0
CIG-C,2012-09-04,4.961356163024902,4.961356163024902,4.828075885772705,4.8747239112854,3241,2.114159345626831,0.0,0.0
CIG-C,2012-09-05,4.9013800621032715,4.9013800621032715,4.9013800621032715,4.9013800621032715,630,2.1257197856903076,0.0,0.0
CIG-C,2012-09-06,4.934700012207031,4.97468376159668,4.888051986694336,4.888051986694336,13235,2.1199395656585693,0.0,0.0
CIG-C,2012-09-07,4.888051986694336,4.888051986694336,4.888051986694336,4.888051986694336,0,2.1199395656585693,0.0,0.0
CIG-C,2012-09-10,4.914708137512207,4.914708137512207,4.834740161895752,4.834740161895752,1500,2.0968189239501953,0.0,0.0
CIG-C,2012-09-11,4.801420211791992,4.801420211791992,4.451559066772461,4.451559066772461,18457,1.930633783340454,0.0,0.0
CIG-C,2012-09-12,3.841801881790161,3.841801881790161,3.488610029220581,3.7818260192871094,64108,1.6401710510253906,0.0,0.0
CIG-C,2012-09-13,3.725182056427002,3.7918219566345215,3.5819060802459717,3.62255597114563,22571,1.5710961818695068,0.0,0.0
CIG-C,2012-09-14,3.708522081375122,3.831805944442749,3.6855309009552,3.7318460941314697,8715,1.6184954643249512,0.0,0.0
CIG-C,2012-09-17,3.7318460941314697,3.7485060691833496,3.665205955505371,3.698525905609131,13055,1.6040441989898682,0.0,0.0
CIG-C,2012-09-18,3.7485060691833496,3.9217700958251953,3.7485060691833496,3.8751220703125,6602,1.680633783340454,0.0,0.0
CIG-C,2012-09-19,3.9784140586853027,3.9784140586853027,3.831805944442749,3.831805944442749,2208,1.6618479490280151,0.0,0.0
CIG-C,2012-09-20,3.811814069747925,3.811814069747925,3.648545980453491,3.6585419178009033,10054,1.5867029428482056,0.0,0.0
CIG-C,2012-09-21,3.745173931121826,3.7651329040527344,3.6152260303497314,3.6152260303497314,16605,1.5679177045822144,0.0,0.0
CIG-C,2012-09-24,3.618557929992676,3.6585419178009033,3.618557929992676,3.6585419178009033,2566,1.5867029428482056,0.0,0.0
CIG-C,2012-09-25,3.691862106323242,3.691862106323242,3.611893892288208,3.611893892288208,2031,1.566472053527832,0.0,0.0
CIG-C,2012-09-26,3.498605966567993,3.601897954940796,3.481945037841797,3.5819060802459717,6002,1.5534659624099731,0.0,0.0
CIG-C,2012-09-27,3.5819060802459717,3.645214080810547,3.548585891723633,3.645214080810547,10240,1.5809228420257568,0.0,0.0
CIG-C,2012-09-28,3.531925916671753,3.5552499294281006,3.531925916671753,3.5552499294281006,19165,1.5419056415557861,0.0,0.0
CIG-C,2012-10-01,3.5552499294281006,3.5552499294281006,3.5552499294281006,3.5552499294281006,0,1.5419056415557861,0.0,0.0
CIG-C,2012-10-02,3.648545980453491,3.648545980453491,3.568578004837036,3.6152260303497314,13010,1.5679177045822144,0.0,0.0
CIG-C,2012-10-03,3.575242042541504,3.591902017593384,3.495274066925049,3.565246105194092,12004,1.5462408065795898,0.0,0.0
CIG-C,2012-10-04,3.541922092437744,3.568578004837036,3.5291600227355957,3.5291600227355957,1200,1.530590534210205,0.0,0.0
CIG-C,2012-10-05,3.5291600227355957,3.5291600227355957,3.5291600227355957,3.5291600227355957,0,1.530590534210205,0.0,0.0
CIG-C,2012-10-08,3.591902017593384,3.618557929992676,3.591902017593384,3.618557929992676,1800,1.5693625211715698,0.0,0.0
CIG-C,2012-10-09,3.5985660552978516,3.5985660552978516,3.5885701179504395,3.5885701179504395,1200,1.5563565492630005,0.0,0.0
CIG-C,2012-10-10,3.681865930557251,3.681865930557251,3.6138930320739746,3.6138930320739746,4351,1.5673391819000244,0.0,0.0
CIG-C,2012-10-11,3.681865930557251,3.7818260192871094,3.681865930557251,3.719851016998291,13916,1.6132934093475342,0.0,0.0
CIG-C,2012-10-12,3.768497943878174,3.831805944442749,3.768497943878174,3.831805944442749,4261,1.6618479490280151,0.0,0.0
CIG-C,2012-10-15,3.831805944442749,3.831805944442749,3.7385098934173584,3.811814069747925,6302,1.6531771421432495,0.0,0.0
CIG-C,2012-10-16,3.848465919494629,3.848465919494629,3.7385098934173584,3.821810007095337,4501,1.6575124263763428,0.0,0.0
CIG-C,2012-10-17,3.838469982147217,3.895113945007324,3.7851579189300537,3.7851579189300537,9738,1.6416168212890625,0.0,0.0
CIG-C,2012-10-18,4.128355026245117,4.128355026245117,3.5452539920806885,3.5452539920806885,39765,1.5375703573226929,0.0,0.0
CIG-C,2012-10-19,3.648545980453491,3.8084490299224854,3.5719099044799805,3.7485060691833496,14204,1.6257201433181763,0.0,0.0
CIG-C,2012-10-22,3.7651660442352295,3.8251419067382812,3.7651660442352295,3.8251419067382812,2701,1.6589574813842773,0.0,0.0
CIG-C,2012-10-23,3.7018580436706543,3.7018580436706543,3.638550043106079,3.638550043106079,1200,1.5780329704284668,0.0,0.0
CIG-C,2012-10-24,3.638550043106079,3.638550043106079,3.638550043106079,3.638550043106079,0,1.5780329704284668,0.0,0.0
CIG-C,2012-10-25,3.8018178939819336,3.841801881790161,3.7118539810180664,3.7218499183654785,2833,1.6141598224639893,0.0,0.0
CIG-C,2012-10-26,3.655210018157959,3.655210018157959,3.655210018157959,3.655210018157959,2253,1.5852587223052979,0.0,0.0
CIG-C,2012-10-31,3.655210018157959,3.655210018157959,3.655210018157959,3.655210018157959,0,1.5852587223052979,0.0,0.0
CIG-C,2012-11-01,3.768497943878174,3.7918219566345215,3.768497943878174,3.7918219566345215,732,1.6445066928863525,0.0,0.0
CIG-C,2012-11-02,3.811814069747925,3.9484260082244873,3.698525905609131,3.768497943878174,30243,1.6343907117843628,0.0,0.0
CIG-C,2012-11-05,3.865125894546509,3.865125894546509,3.4153048992156982,3.4153048992156982,35591,1.4812119007110596,0.0,0.0
CIG-C,2012-11-06,3.665205955505371,3.7818260192871094,3.655210018157959,3.741842031478882,7202,1.6228306293487549,0.0,0.0
CIG-C,2012-11-07,3.621890068054199,3.761833906173706,3.5619139671325684,3.708522081375122,21008,1.6083793640136719,0.0,0.0
CIG-C,2012-11-08,3.7118539810180664,3.7118539810180664,3.621890068054199,3.6738688945770264,2791,1.5933507680892944,0.0,0.0
CIG-C,2012-11-09,3.5385899543762207,3.7984859943389893,3.531925916671753,3.5385899543762207,19675,1.5346801280975342,0.0,0.0
CIG-C,2012-11-12,3.595233917236328,3.6418819427490234,3.595233917236328,3.6418819427490234,1332,1.5794776678085327,0.0,0.0
CIG-C,2012-11-13,3.5719099044799805,3.665205955505371,3.505270004272461,3.665205955505371,5840,1.5895932912826538,0.0,0.0
CIG-C,2012-11-14,3.681865930557251,3.681865930557251,3.505270004272461,3.5552499294281006,6137,1.5419056415557861,0.0,0.0
CIG-C,2012-11-15,3.648545980453491,3.648545980453491,3.648545980453491,3.648545980453491,828,1.5823681354522705,0.0,0.0
CIG-C,2012-11-16,3.498605966567993,3.515265941619873,3.430633068084717,3.498605966567993,19459,1.5173395872116089,0.0,0.0
CIG-C,2012-11-19,3.498605966567993,3.498605966567993,3.485276937484741,3.4919419288635254,2058,1.5144497156143188,0.0,0.0
CIG-C,2012-11-20,3.465285062789917,3.498605966567993,3.465285062789917,3.498605966567993,8259,1.5173395872116089,0.0,0.0
CIG-C,2012-11-21,3.448625087738037,3.448625087738037,3.448625087738037,3.448625087738037,6587,1.495662808418274,0.0,0.0
CIG-C,2012-11-23,3.5985660552978516,3.718518018722534,3.5985660552978516,3.71518611907959,20906,1.6112698316574097,0.0,0.0
CIG-C,2012-11-26,3.7651660442352295,3.7651660442352295,3.6152260303497314,3.7051899433135986,1800,1.606934666633606,0.0,0.0
CIG-C,2012-11-27,3.7651660442352295,3.788490056991577,3.7335119247436523,3.788490056991577,14735,1.6430613994598389,0.0,0.0
CIG-C,2012-11-28,3.6885299682617188,3.7231829166412354,3.681865930557251,3.7231829166412354,9768,1.6147379875183105,0.0,0.0
CIG-C,2012-11-29,3.7485060691833496,3.7485060691833496,3.645214080810547,3.645214080810547,9615,1.5809228420257568,0.0,0.0
CIG-C,2012-11-30,3.595233917236328,3.8284740447998047,3.5352580547332764,3.7751619815826416,13400,1.6372814178466797,0.0,0.0
CIG-C,2012-12-03,3.648545980453491,3.6885299682617188,3.621890068054199,3.6292200088500977,17406,1.5739864110946655,0.0,0.0
CIG-C,2012-12-04,3.5919349193573,3.7984859943389893,3.5285940170288086,3.5285940170288086,20309,1.53034508228302,0.0,0.0
CIG-C,2012-12-05,3.515265941619873,3.515265941619873,3.288688898086548,3.305349111557007,23994,1.4335243701934814,0.0,0.0
CIG-C,2012-12-06,3.395313024520874,3.67653489112854,3.395313024520874,3.67653489112854,13670,1.594507098197937,0.0,0.0
CIG-C,2012-12-07,3.67653489112854,3.67653489112854,3.67653489112854,3.67653489112854,0,1.594507098197937,0.0,0.0
CIG-C,2012-12-10,3.618557929992676,3.8617939949035645,3.618557929992676,3.7485060691833496,5042,1.6257201433181763,0.0,0.0
CIG-C,2012-12-11,3.6152260303497314,3.78249192237854,3.475281000137329,3.78249192237854,6071,1.640459656715393,0.0,0.0
CIG-C,2012-12-12,3.78249192237854,3.78249192237854,3.78249192237854,3.78249192237854,0,1.640459656715393,0.0,0.0
CIG-C,2012-12-13,3.751837968826294,3.751837968826294,3.751837968826294,3.751837968826294,735,1.6271657943725586,0.0,0.0
CIG-C,2012-12-14,3.7718300819396973,3.7818260192871094,3.7285139560699463,3.778493881225586,4726,1.638725996017456,0.0,0.0
CIG-C,2012-12-17,3.7818260192871094,3.8551299571990967,3.7818260192871094,3.8551299571990967,1800,1.6719635725021362,0.0,0.0
CIG-C,2012-12-18,3.901777982711792,3.9850780963897705,3.751837968826294,3.8617939949035645,20507,1.6748528480529785,0.0,0.0
CIG-C,2012-12-19,4.048386096954346,4.108363151550293,3.7651660442352295,3.7651660442352295,106659,1.6329458951950073,0.0,0.0
CIG-C,2012-12-20,3.8184781074523926,3.8348050117492676,3.6288869380950928,3.7318460941314697,66599,1.6184954643249512,0.0,0.0
CIG-C,2012-12-21,4.0650458335876465,4.2449750900268555,4.048386096954346,4.2449750900268555,61464,1.841038465499878,0.0,0.0
CIG-C,2012-12-24,4.2449750900268555,4.2449750900268555,3.6688709259033203,3.7651660442352295,18682,1.6329458951950073,0.0,0.0
CIG-C,2012-12-26,3.998405933380127,4.145014762878418,3.955090045928955,4.00173807144165,24009,1.735546588897705,0.0,0.0
CIG-C,2012-12-27,3.6351840496063232,3.681865930557251,3.498605966567993,3.5086019039154053,18661,1.6557047367095947,0.323943,0.0
CIG-C,2012-12-28,3.531925916671753,3.7651660442352295,3.531925916671753,3.7485060691833496,43601,1.7689154148101807,0.0,0.0
CIG-C,2012-12-31,3.6318860054016113,3.725182056427002,3.531925916671753,3.725182056427002,9468,1.7579082250595093,0.0,0.0
CIG-C,2013-01-02,3.7018580436706543,3.7651660442352295,3.675201892852783,3.757169008255005,42713,1.7730029821395874,0.0,0.0
CIG-C,2013-01-03,3.831805944442749,3.831805944442749,3.5819060802459717,3.5819060802459717,7896,1.6902965307235718,0.0,0.0
CIG-C,2013-01-04,3.6885299682617188,3.7018580436706543,3.531925916671753,3.610560894012451,21431,1.703818917274475,0.0,0.0
CIG-C,2013-01-07,3.5819060802459717,3.621890068054199,3.498605966567993,3.585237979888916,14285,1.6918693780899048,0.0,0.0
CIG-C,2013-01-08,3.458621025085449,3.515265941619873,3.458621025085449,3.465285062789917,5354,1.6352638006210327,0.0,0.0
CIG-C,2013-01-09,3.411972999572754,3.465285062789917,3.411972999572754,3.4519569873809814,6077,1.6289743185043335,0.0,0.0
CIG-C,2013-01-10,3.488610029220581,3.665205955505371,3.458621025085449,3.665205955505371,9150,1.729605793952942,0.0,0.0
CIG-C,2013-01-11,3.6318860054016113,3.6318860054016113,3.401977062225342,3.4319651126861572,29672,1.619539737701416,0.0,0.0
CIG-C,2013-01-14,3.4319651126861572,3.5649120807647705,3.4319651126861572,3.531925916671753,8436,1.6667115688323975,0.0,0.0
CIG-C,2013-01-15,3.5519180297851562,3.5519180297851562,3.4519569873809814,3.5452539920806885,2911,1.6730009317398071,0.0,0.0
CIG-C,2013-01-16,3.5619139671325684,3.5619139671325684,3.498605966567993,3.498605966567993,6002,1.650988221168518,0.0,0.0
CIG-C,2013-01-17,3.515265941619873,3.558582067489624,3.515265941619873,3.558582067489624,5102,1.6792901754379272,0.0,0.0
CIG-C,2013-01-18,3.548585891723633,3.548585891723633,3.50893497467041,3.50893497467041,3376,1.6558618545532227,0.0,0.0
CIG-C,2013-01-22,3.558582067489624,3.575242042541504,3.515265941619873,3.548585891723633,23481,1.6745731830596924,0.0,0.0
CIG-C,2013-01-23,3.6085619926452637,3.6085619926452637,3.5252621173858643,3.5985660552978516,4501,1.6981585025787354,0.0,0.0
CIG-C,2013-01-24,3.5819060802459717,3.6085619926452637,3.548585891723633,3.6085619926452637,6854,1.702876091003418,0.0,0.0
CIG-C,2013-01-25,3.665205955505371,3.665205955505371,3.6252219676971436,3.665205955505371,8985,1.729605793952942,0.0,0.0
CIG-C,2013-01-28,3.665205955505371,3.665205955505371,3.565246105194092,3.5819060802459717,5870,1.6902965307235718,0.0,0.0
CIG-C,2013-01-29,3.6152260303497314,3.665205955505371,3.6152260303497314,3.665205955505371,1500,1.729605793952942,0.0,0.0
CIG-C,2013-01-30,3.565246105194092,3.565246105194092,3.565246105194092,3.565246105194092,28811,1.6824352741241455,0.0,0.0
CIG-C,2013-01-31,3.565246105194092,3.565246105194092,3.565246105194092,3.565246105194092,600,1.6824352741241455,0.0,0.0
CIG-C,2013-02-01,3.5719099044799805,3.638550043106079,3.4352970123291016,3.6145589351654053,7529,1.7057065963745117,0.0,0.0
CIG-C,2013-02-04,3.645214080810547,3.665205955505371,3.505270004272461,3.6585419178009033,9042,1.726461410522461,0.0,0.0
CIG-C,2013-02-05,3.6585419178009033,3.6585419178009033,3.6585419178009033,3.6585419178009033,0,1.726461410522461,0.0,0.0
CIG-C,2013-02-06,3.5985660552978516,3.5985660552978516,3.5985660552978516,3.5985660552978516,630,1.6981585025787354,0.0,0.0
CIG-C,2013-02-07,3.5279269218444824,3.5279269218444824,3.5279269218444824,3.5279269218444824,1761,1.664824366569519,0.0,0.0
CIG-C,2013-02-08,3.5279269218444824,3.5279269218444824,3.5279269218444824,3.5279269218444824,0,1.664824366569519,0.0,0.0
CIG-C,2013-02-11,3.5279269218444824,3.5279269218444824,3.5279269218444824,3.5279269218444824,0,1.664824366569519,0.0,0.0
CIG-C,2013-02-12,3.5279269218444824,3.5279269218444824,3.5279269218444824,3.5279269218444824,0,1.664824366569519,0.0,0.0
CIG-C,2013-02-13,3.5225958824157715,3.5225958824157715,3.5225958824157715,3.5225958824157715,3001,1.6623082160949707,0.0,0.0
CIG-C,2013-02-14,3.5225958824157715,3.5225958824157715,3.5225958824157715,3.5225958824157715,0,1.6623082160949707,0.0,0.0
CIG-C,2013-02-15,3.618557929992676,3.618557929992676,3.618557929992676,3.618557929992676,1200,1.7075926065444946,0.0,0.0
CIG-C,2013-02-19,3.665205955505371,3.6685380935668945,3.648545980453491,3.6685380935668945,1200,1.7311782836914062,0.0,0.0
CIG-C,2013-02-20,3.6851649284362793,3.6851649284362793,3.6685380935668945,3.6685380935668945,900,1.7311782836914062,0.0,0.0
CIG-C,2013-02-21,3.6685380935668945,3.6685380935668945,3.6685380935668945,3.6685380935668945,0,1.7311782836914062,0.0,0.0
CIG-C,2013-02-22,3.628554105758667,3.628554105758667,3.595233917236328,3.595233917236328,2100,1.6965872049331665,0.0,0.0
CIG-C,2013-02-25,3.6418819427490234,3.708522081375122,3.6418819427490234,3.708522081375122,2400,1.7500468492507935,0.0,0.0
CIG-C,2013-02-26,3.7485060691833496,3.8884499073028564,3.7485060691833496,3.7818260192871094,13724,1.7846386432647705,0.0,0.0
CIG-C,2013-02-27,3.7818260192871094,3.7818260192871094,3.7818260192871094,3.7818260192871094,0,1.7846386432647705,0.0,0.0
CIG-C,2013-02-28,3.788490056991577,3.8551299571990967,3.788490056991577,3.8351380825042725,2100,1.8097972869873047,0.0,0.0
CIG-C,2013-03-01,3.805150032043457,3.831805944442749,3.805150032043457,3.831805944442749,1500,1.8082249164581299,0.0,0.0
CIG-C,2013-03-04,3.7485060691833496,3.8451340198516846,3.7485060691833496,3.831805944442749,8403,1.8082249164581299,0.0,0.0
CIG-C,2013-03-05,3.865125894546509,3.865125894546509,3.865125894546509,3.865125894546509,2100,1.8239481449127197,0.0,0.0
CIG-C,2013-03-06,3.9940080642700195,4.031725883483887,3.9940080642700195,4.031725883483887,1500,1.9025664329528809,0.0,0.0
CIG-C,2013-03-07,4.241642951965332,4.331606864929199,4.241642951965332,4.331606864929199,2292,2.044079542160034,0.0,0.0
CIG-C,2013-03-08,4.0883708000183105,4.251638889312744,4.081707000732422,4.251638889312744,6389,2.006342887878418,0.0,0.0
CIG-C,2013-03-11,4.251638889312744,4.251638889312744,4.251638889312744,4.251638889312744,0,2.006342887878418,0.0,0.0
CIG-C,2013-03-12,4.251638889312744,4.251638889312744,4.251638889312744,4.251638889312744,0,2.006342887878418,0.0,0.0
CIG-C,2013-03-13,4.238310813903809,4.251638889312744,4.168338775634766,4.251638889312744,3100,2.006342887878418,0.0,0.0
CIG-C,2013-03-14,4.170504093170166,4.170504093170166,4.148346900939941,4.155011177062988,2325,1.9607447385787964,0.0,0.0
CIG-C,2013-03-15,4.214986801147461,4.214986801147461,4.145014762878418,4.145014762878418,4072,1.956027626991272,0.0,0.0
CIG-C,2013-03-18,4.145014762878418,4.145014762878418,4.145014762878418,4.145014762878418,0,1.956027626991272,0.0,0.0
CIG-C,2013-03-19,4.145014762878418,4.145014762878418,4.145014762878418,4.145014762878418,0,1.956027626991272,0.0,0.0
CIG-C,2013-03-20,3.831805944442749,3.831805944442749,3.7485060691833496,3.821810007095337,10537,1.80350661277771,0.0,0.0
CIG-C,2013-03-21,3.788490056991577,3.788490056991577,3.665205955505371,3.7485060691833496,10168,1.7689154148101807,0.0,0.0
CIG-C,2013-03-22,3.741842031478882,3.831805944442749,3.725182056427002,3.7651660442352295,122895,1.7767770290374756,0.0,0.0
CIG-C,2013-03-25,3.8717899322509766,3.8717899322509766,3.761833906173706,3.848465919494629,4831,1.8160864114761353,0.0,0.0
CIG-C,2013-03-26,3.7918219566345215,3.811814069747925,3.788490056991577,3.788490056991577,1545,1.7877838611602783,0.0,0.0
CIG-C,2013-03-27,3.815145969390869,3.868791103363037,3.7984859943389893,3.7984859943389893,7740,1.7925009727478027,0.0,0.0
CIG-C,2013-03-28,3.9151060581207275,3.9484260082244873,3.8251419067382812,3.9484260082244873,10051,1.8632571697235107,0.0,0.0
CIG-C,2013-04-01,3.955090045928955,3.955090045928955,3.9151060581207275,3.9151060581207275,1800,1.8475342988967896,0.0,0.0
CIG-C,2013-04-02,3.9151060581207275,3.9151060581207275,3.8684580326080322,3.8684580326080322,14189,1.8255207538604736,0.0,0.0
CIG-C,2013-04-03,3.8684580326080322,3.8684580326080322,3.8684580326080322,3.8684580326080322,0,1.8255207538604736,0.0,0.0
CIG-C,2013-04-04,3.8684580326080322,3.8684580326080322,3.8684580326080322,3.8684580326080322,0,1.8255207538604736,0.0,0.0
CIG-C,2013-04-05,3.9217700958251953,3.988409996032715,3.8631269931793213,3.988409996032715,103205,1.882125735282898,0.0,0.0
CIG-C,2013-04-08,3.961754083633423,3.961754083633423,3.8817861080169678,3.89178204536438,10180,1.836526870727539,0.0,0.0
CIG-C,2013-04-09,3.85846209526062,3.85846209526062,3.85846209526062,3.85846209526062,450,1.8208041191101074,0.0,0.0
CIG-C,2013-04-10,3.998405933380127,4.015066146850586,3.998405933380127,4.015066146850586,6002,1.8947042226791382,0.0,0.0
CIG-C,2013-04-11,3.991741895675659,4.031725883483887,3.9617209434509277,3.9617209434509277,4501,1.8695310354232788,0.0,0.0
CIG-C,2013-04-12,3.9417619705200195,3.9417619705200195,3.8751220703125,3.8884499073028564,9849,1.8349545001983643,0.0,0.0
CIG-C,2013-04-15,3.9317660331726074,3.9317660331726074,3.8946480751037598,3.8946480751037598,2355,1.8378793001174927,0.0,0.0
CIG-C,2013-04-16,3.8684580326080322,3.9151060581207275,3.8684580326080322,3.9151060581207275,2160,1.8475342988967896,0.0,0.0
CIG-C,2013-04-17,3.928433895111084,3.928433895111084,3.8617939949035645,3.8751220703125,3148,1.828664779663086,0.0,0.0
CIG-C,2013-04-18,3.998405933380127,3.998405933380127,3.8784539699554443,3.885118007659912,3169,1.8333823680877686,0.0,0.0
CIG-C,2013-04-19,3.885118007659912,3.885118007659912,3.885118007659912,3.885118007659912,0,1.8333823680877686,0.0,0.0
CIG-C,2013-04-22,4.048386096954346,4.101698875427246,4.047354221343994,4.047354221343994,1500,1.9099410772323608,0.0,0.0
CIG-C,2013-04-23,4.047354221343994,4.047354221343994,4.047354221343994,4.047354221343994,0,1.9099410772323608,0.0,0.0
CIG-C,2013-04-24,3.981745958328247,4.094700813293457,3.981745958328247,4.094700813293457,1200,1.9322842359542847,0.0,0.0
CIG-C,2013-04-25,4.094700813293457,4.094700813293457,4.094700813293457,4.094700813293457,0,1.9322842359542847,0.0,0.0
CIG-C,2013-04-26,4.051718235015869,4.051718235015869,4.041721820831299,4.041721820831299,1800,1.9072835445404053,0.0,0.0
CIG-C,2013-04-29,4.055049896240234,4.1650071144104,4.051718235015869,4.138350963592529,5630,1.9528828859329224,0.0,0.0
CIG-C,2013-04-30,4.0650458335876465,4.204990863800049,3.998405933380127,4.184998989105225,24879,1.97489595413208,0.0,0.0
CIG-C,2013-05-01,4.128355026245117,4.2982869148254395,4.128355026245117,4.2982869148254395,8109,2.0283563137054443,0.0,0.0
CIG-C,2013-05-02,4.354467868804932,4.354467868804932,4.004755973815918,4.004755973815918,7778,1.9587119817733765,0.151137,1.12855
CIG-C,2013-05-03,4.079963207244873,4.079963207244873,4.004755973815918,4.064169883728027,13057,1.987770915031433,0.0,0.0
CIG-C,2013-05-06,4.027318000793457,4.027318000793457,3.9934749603271484,4.008516788482666,2592,1.960551142692566,0.0,0.0
CIG-C,2013-05-07,4.127380847930908,4.127380847930908,4.127380847930908,4.127380847930908,265,2.0186870098114014,0.0,0.0
CIG-C,2013-05-08,4.087483882904053,4.091244220733643,4.031078815460205,4.040103912353516,4387,1.9760003089904785,0.0,0.0
CIG-C,2013-05-09,4.038599014282227,4.057401180267334,4.034839153289795,4.034839153289795,4028,1.9734258651733398,0.0,0.0
CIG-C,2013-05-10,4.079963207244873,4.079963207244873,4.076202869415283,4.079963207244873,1680,1.9954955577850342,0.0,0.0
CIG-C,2013-05-13,3.9934749603271484,3.9934749603271484,3.9934749603271484,3.9934749603271484,531,1.953194499015808,0.0,0.0
CIG-C,2013-05-14,3.9934749603271484,3.9934749603271484,3.9934749603271484,3.9934749603271484,0,1.953194499015808,0.0,0.0
CIG-C,2013-05-15,4.034801006317139,4.034801006317139,3.8919460773468018,3.8919460773468018,8571,1.9035371541976929,0.0,0.0
CIG-C,2013-05-16,3.9709129333496094,4.000996112823486,3.8919460773468018,3.933310031890869,7621,1.923768401145935,0.0,0.0
CIG-C,2013-05-17,3.933310031890869,3.933310031890869,3.933310031890869,3.933310031890869,0,1.923768401145935,0.0,0.0
CIG-C,2013-05-20,3.933310031890869,3.933310031890869,3.933310031890869,3.933310031890869,0,1.923768401145935,0.0,0.0
CIG-C,2013-05-21,4.200294017791748,4.230339050292969,4.19277286529541,4.230339050292969,1329,2.0690438747406006,0.0,0.0
CIG-C,2013-05-22,4.158929824829102,4.320623874664307,4.158929824829102,4.320623874664307,2393,2.113201856613159,0.0,0.0
CIG-C,2013-05-23,4.215334892272949,4.215334892272949,4.215334892272949,4.215334892272949,513,2.0617053508758545,0.0,0.0
CIG-C,2013-05-24,4.298061847686768,4.301823139190674,4.286780834197998,4.301823139190674,941,2.104006052017212,0.0,0.0
CIG-C,2013-05-28,4.173971176147461,4.190516948699951,4.173971176147461,4.190516948699951,1124,2.0495665073394775,0.0,0.0
CIG-C,2013-05-29,4.190516948699951,4.190516948699951,4.190516948699951,4.190516948699951,0,2.0495665073394775,0.0,0.0
CIG-C,2013-05-30,3.982193946838379,3.9942269325256348,3.982193946838379,3.9942269325256348,1268,1.953561782836914,0.0,0.0
CIG-C,2013-05-31,3.937069892883301,3.937069892883301,3.937069892883301,3.937069892883301,356,1.9256069660186768,0.0,0.0
CIG-C,2013-06-03,4.023558139801025,4.023558139801025,4.023558139801025,4.023558139801025,265,1.9679077863693237,0.0,0.0
CIG-C,2013-06-04,3.9746739864349365,3.9746739864349365,3.8468220233917236,3.8468220233917236,10826,1.8814672231674194,0.0,0.0
CIG-C,2013-06-05,3.8317809104919434,3.8693840503692627,3.8276450634002686,3.8550949096679688,6329,1.8855125904083252,0.0,0.0
CIG-C,2013-06-06,3.777631998062134,3.777631998062134,3.777631998062134,3.777631998062134,664,1.8476263284683228,0.0,0.0
CIG-C,2013-06-07,3.7603349685668945,3.7640950679779053,3.6851279735565186,3.6851279735565186,7095,1.8023831844329834,0.0,0.0
CIG-C,2013-06-10,3.6603100299835205,3.6603100299835205,3.6603100299835205,3.6603100299835205,1800,1.7902449369430542,0.0,0.0
CIG-C,2013-06-11,3.6550450325012207,3.658806085586548,3.643764019012451,3.658806085586548,2925,1.7895091772079468,0.0,0.0
CIG-C,2013-06-12,3.6099209785461426,3.6099209785461426,3.5422348976135254,3.5422348976135254,2925,1.7324942350387573,0.0,0.0
CIG-C,2013-06-13,3.6099209785461426,3.643764019012451,3.6099209785461426,3.6400039196014404,2372,1.7803130149841309,0.0,0.0
CIG-C,2013-06-14,3.5911190509796143,3.6475250720977783,3.5911190509796143,3.6475250720977783,3845,1.7839914560317993,0.0,0.0
CIG-C,2013-06-17,3.621201992034912,3.65128493309021,3.621201992034912,3.65128493309021,1595,1.7858306169509888,0.0,0.0
CIG-C,2013-06-18,3.6249630451202393,3.6249630451202393,3.606161117553711,3.606161117553711,2824,1.7637605667114258,0.0,0.0
CIG-C,2013-06-19,3.6926488876342773,3.6926488876342773,3.5159130096435547,3.5159130096435547,2419,1.7196201086044312,0.0,0.0
CIG-C,2013-06-20,3.3579790592193604,3.3579790592193604,3.2827720642089844,3.309093952178955,19359,1.6184656620025635,0.0,0.0
CIG-C,2013-06-21,3.192523956298828,3.3241360187530518,3.192523956298828,3.291796922683716,4909,1.610006332397461,0.0,0.0
CIG-C,2013-06-24,3.0834739208221436,3.1135571002960205,3.0195488929748535,3.072192907333374,35081,1.502598762512207,0.0,0.0
CIG-C,2013-06-25,3.000746965408325,3.154921054840088,3.000746965408325,3.117316961288452,5573,1.5246683359146118,0.0,0.0
CIG-C,2013-06-26,3.2564499378204346,3.309093952178955,3.2564499378204346,3.309093952178955,898,1.6184656620025635,0.0,0.0
CIG-C,2013-06-27,3.354218006134033,3.5873589515686035,3.3278961181640625,3.3993420600891113,23747,1.6626057624816895,0.0,0.0
CIG-C,2013-06-28,3.3955819606781006,3.4407060146331787,3.3203749656677246,3.4407060146331787,17447,1.682836890220642,0.0,0.0
CIG-C,2013-07-01,3.6099209785461426,3.6099209785461426,3.414383888244629,3.4219040870666504,12921,1.6736410856246948,0.0,0.0
CIG-C,2013-07-02,3.3579790592193604,3.3579790592193604,3.294053077697754,3.294053077697754,3935,1.6111096143722534,0.0,0.0
CIG-C,2013-07-03,3.294053077697754,3.294053077697754,3.294053077697754,3.294053077697754,0,1.6111096143722534,0.0,0.0
CIG-C,2013-07-05,3.4031031131744385,3.4031031131744385,3.2564499378204346,3.2564499378204346,4534,1.5927181243896484,0.0,0.0
CIG-C,2013-07-08,3.3203749656677246,3.4707889556884766,3.3203749656677246,3.4707889556884766,3983,1.6975502967834473,0.0,0.0
CIG-C,2013-07-09,3.4745490550994873,3.504631996154785,3.4745490550994873,3.504631996154785,5704,1.7141027450561523,0.0,0.0
CIG-C,2013-07-10,3.523432970046997,3.523432970046997,3.523432970046997,3.523432970046997,611,1.72329843044281,0.0,0.0
CIG-C,2013-07-11,3.504631996154785,3.504631996154785,3.391822099685669,3.391822099685669,3723,1.6589276790618896,0.0,0.0
CIG-C,2013-07-12,3.3241360187530518,3.3241360187530518,3.309093952178955,3.3241360187530518,2925,1.6258233785629272,0.0,0.0
CIG-C,2013-07-15,3.553515911102295,3.553515911102295,3.196284055709839,3.196284055709839,25354,1.563291311264038,0.0,0.0
CIG-C,2013-07-16,3.4219040870666504,3.4219040870666504,3.286531925201416,3.286531925201416,14291,1.607431173324585,0.0,0.0
CIG-C,2013-07-17,3.3730199337005615,3.410623073577881,3.339176893234253,3.4031031131744385,3531,1.6644457578659058,0.0,0.0
CIG-C,2013-07-18,3.463644027709961,3.530953884124756,3.463644027709961,3.530953884124756,8544,1.726976752281189,0.0,0.0
CIG-C,2013-07-19,3.530953884124756,3.530953884124756,3.530953884124756,3.530953884124756,0,1.726976752281189,0.0,0.0
CIG-C,2013-07-22,3.5723180770874023,3.5911190509796143,3.478308916091919,3.5911190509796143,6709,1.756403923034668,0.0,0.0
CIG-C,2013-07-23,3.6663260459899902,3.6791110038757324,3.65128493309021,3.6791110038757324,1994,1.799439787864685,0.0,0.0
CIG-C,2013-07-24,3.6625659465789795,3.6625659465789795,3.6099209785461426,3.6099209785461426,1063,1.7655996084213257,0.0,0.0
CIG-C,2013-07-25,3.6776070594787598,3.767854928970337,3.6776070594787598,3.767854928970337,3723,1.8428444862365723,0.0,0.0
CIG-C,2013-07-26,3.7340118885040283,3.749053955078125,3.7340118885040283,3.749053955078125,941,1.8336490392684937,0.0,0.0
CIG-C,2013-07-29,3.726491928100586,3.7528140544891357,3.726491928100586,3.7528140544891357,2925,1.835487961769104,0.0,0.0
CIG-C,2013-07-30,3.6851279735565186,3.6851279735565186,3.6249630451202393,3.6625659465789795,4909,1.7913475036621094,0.0,0.0
CIG-C,2013-07-31,3.628722906112671,3.628722906112671,3.414383888244629,3.414383888244629,8440,1.6699626445770264,0.0,0.0
CIG-C,2013-08-01,3.482069969177246,3.482069969177246,3.388061046600342,3.388061046600342,5052,1.6570887565612793,0.0,0.0
CIG-C,2013-08-02,3.4670279026031494,3.4707889556884766,3.410623073577881,3.410623073577881,1598,1.6681232452392578,0.0,0.0
CIG-C,2013-08-05,3.459507942199707,3.4670279026031494,3.3993420600891113,3.40686297416687,8243,1.6662846803665161,0.0,0.0
CIG-C,2013-08-06,3.388061046600342,3.388061046600342,3.3278961181640625,3.346698045730591,4693,1.6368581056594849,0.0,0.0
CIG-C,2013-08-07,3.3278961181640625,3.3278961181640625,3.3278961181640625,3.3278961181640625,297,1.6276620626449585,0.0,0.0
CIG-C,2013-08-08,3.3278961181640625,3.3278961181640625,3.3278961181640625,3.3278961181640625,0,1.6276620626449585,0.0,0.0
CIG-C,2013-08-09,3.3278961181640625,3.3278961181640625,3.3278961181640625,3.3278961181640625,0,1.6276620626449585,0.0,0.0
CIG-C,2013-08-12,3.4971110820770264,3.4971110820770264,3.43318510055542,3.43318510055542,7180,1.6791585683822632,0.0,0.0
CIG-C,2013-08-13,3.4444661140441895,3.4444661140441895,3.3053340911865234,3.3053340911865234,1928,1.6166273355484009,0.0,0.0
CIG-C,2013-08-14,3.3911819458007812,3.3911819458007812,3.316615104675293,3.316615104675293,6914,1.6221446990966797,0.0,0.0
CIG-C,2013-08-15,3.2301270961761475,3.2564499378204346,3.169961929321289,3.2376480102539062,40687,1.5835223197937012,0.0,0.0
CIG-C,2013-08-16,3.1060359477996826,3.1586809158325195,3.1030280590057373,3.14739990234375,12256,1.5393821001052856,0.0,0.0
CIG-C,2013-08-19,3.177483081817627,3.177483081817627,2.9443418979644775,3.008268117904663,63039,1.471333384513855,0.0,0.0
CIG-C,2013-08-20,2.963144063949585,3.028836965560913,2.9518630504608154,2.9518630504608154,9637,1.4437456130981445,0.0,0.0
CIG-C,2013-08-21,2.9518630504608154,3.008268117904663,2.9518630504608154,2.9894659519195557,22303,1.4621373414993286,0.0,0.0
CIG-C,2013-08-22,2.9969871044158936,3.0120279788970947,2.9518630504608154,3.0120279788970947,14535,1.4731724262237549,0.0,0.0
CIG-C,2013-08-23,3.057152032852173,3.132359027862549,3.057152032852173,3.132359027862549,1446,1.5320261716842651,0.0,0.0
CIG-C,2013-08-26,3.053391933441162,3.053391933441162,2.9217801094055176,2.9744250774383545,7712,1.4547806978225708,0.0,0.0
CIG-C,2013-08-27,2.9744250774383545,2.9744250774383545,2.9744250774383545,2.9744250774383545,0,1.4547806978225708,0.0,0.0
CIG-C,2013-08-28,3.0383501052856445,3.286531925201416,3.0383501052856445,3.286531925201416,4425,1.607431173324585,0.0,0.0
CIG-C,2013-08-29,2.9518630504608154,2.992098093032837,2.9518630504608154,2.992098093032837,531,1.4634244441986084,0.0,0.0
CIG-C,2013-08-30,2.992098093032837,2.992098093032837,2.992098093032837,2.992098093032837,0,1.4634244441986084,0.0,0.0
CIG-C,2013-09-03,3.0120279788970947,3.0120279788970947,3.008268117904663,3.008268117904663,1100,1.471333384513855,0.0,0.0
CIG-C,2013-09-04,2.9894280433654785,2.9894659519195557,2.9894280433654785,2.9894659519195557,1116,1.4621373414993286,0.0,0.0
CIG-C,2013-09-05,3.008268117904663,3.008268117904663,3.008268117904663,3.008268117904663,2978,1.471333384513855,0.0,0.0
CIG-C,2013-09-06,3.008268117904663,3.008268117904663,2.9932260513305664,2.9932260513305664,1063,1.4639766216278076,0.0,0.0
CIG-C,2013-09-09,3.0834739208221436,3.0834739208221436,3.0834739208221436,3.0834739208221436,1329,1.5081158876419067,0.0,0.0
CIG-C,2013-09-10,3.1135571002960205,3.12111496925354,3.1135571002960205,3.12111496925354,1861,1.5265262126922607,0.0,0.0
CIG-C,2013-09-11,3.12111496925354,3.12111496925354,3.12111496925354,3.12111496925354,0,1.5265262126922607,0.0,0.0
CIG-C,2013-09-12,3.0909950733184814,3.0909950733184814,2.9894659519195557,3.0909950733184814,3973,1.5117946863174438,0.0,0.0
CIG-C,2013-09-13,3.0684330463409424,3.0684330463409424,3.0421109199523926,3.0421109199523926,1627,1.4878853559494019,0.0,0.0
CIG-C,2013-09-16,3.057152032852173,3.0646729469299316,3.057152032852173,3.057152032852173,5132,1.4952418804168701,0.0,0.0
CIG-C,2013-09-17,3.0909950733184814,3.1060359477996826,3.0909950733184814,3.1060359477996826,3989,1.5191508531570435,0.0,0.0
CIG-C,2013-09-18,3.1060359477996826,3.2338879108428955,3.075953960418701,3.1887640953063965,7988,1.5596128702163696,0.0,0.0
CIG-C,2013-09-19,3.1361188888549805,3.147023916244507,3.094754934310913,3.1257030963897705,137221,1.5287702083587646,0.0,0.0
CIG-C,2013-09-20,3.1097970008850098,3.2526888847351074,3.1097970008850098,3.2526888847351074,4233,1.5908787250518799,0.0,0.0
CIG-C,2013-09-23,3.218846082687378,3.218846082687378,3.0684330463409424,3.197036027908325,10315,1.5636589527130127,0.0,0.0
CIG-C,2013-09-24,3.197036027908325,3.197036027908325,3.197036027908325,3.197036027908325,0,1.5636589527130127,0.0,0.0
CIG-C,2013-09-25,3.3203749656677246,3.3203749656677246,3.2301270961761475,3.2338879108428955,9392,1.5816837549209595,0.0,0.0
CIG-C,2013-09-26,3.2338879108428955,3.2338879108428955,3.2338879108428955,3.2338879108428955,0,1.5816837549209595,0.0,0.0
CIG-C,2013-09-27,3.2338879108428955,3.2338879108428955,3.2338879108428955,3.2338879108428955,0,1.5816837549209595,0.0,0.0
CIG-C,2013-09-30,3.12483811378479,3.2564499378204346,3.12483811378479,3.2564499378204346,6488,1.5927181243896484,0.0,0.0
CIG-C,2013-10-01,3.384300947189331,3.384300947189331,3.2978129386901855,3.2978129386901855,1329,1.6129487752914429,0.0,0.0
CIG-C,2013-10-02,3.3241360187530518,3.3241360187530518,3.309093952178955,3.323158025741577,11568,1.6253451108932495,0.0,0.0
CIG-C,2013-10-03,3.296308994293213,3.296308994293213,3.271491050720215,3.271491050720215,1595,1.6000747680664062,0.0,0.0
CIG-C,2013-10-04,3.271491050720215,3.271491050720215,3.241408109664917,3.248929023742676,2478,1.58903968334198,0.0,0.0
CIG-C,2013-10-07,3.2564499378204346,3.2564499378204346,3.2564499378204346,3.2564499378204346,400230,1.5927181243896484,0.0,0.0
CIG-C,2013-10-08,3.245168924331665,3.271491050720215,3.2338879108428955,3.2338879108428955,158759,1.5816837549209595,0.0,0.0
CIG-C,2013-10-09,3.2338879108428955,3.2338879108428955,3.2338879108428955,3.2338879108428955,0,1.5816837549209595,0.0,0.0
CIG-C,2013-10-10,3.2338879108428955,3.2338879108428955,3.2338879108428955,3.2338879108428955,0,1.5816837549209595,0.0,0.0
CIG-C,2013-10-11,3.3654990196228027,3.3654990196228027,3.3654990196228027,3.3654990196228027,1063,1.6460537910461426,0.0,0.0
CIG-C,2013-10-14,3.3316190242767334,3.3767800331115723,3.3316190242767334,3.3730199337005615,1010,1.6497318744659424,0.0,0.0
CIG-C,2013-10-15,3.3579790592193604,3.3579790592193604,3.2564499378204346,3.2564499378204346,3970,1.5927181243896484,0.0,0.0
CIG-C,2013-10-16,3.3767800331115723,3.3993420600891113,3.3767800331115723,3.384300947189331,2818,1.6552497148513794,0.0,0.0
CIG-C,2013-10-17,3.3843390941619873,3.3843390941619873,3.384300947189331,3.384300947189331,1861,1.6552497148513794,0.0,0.0
CIG-C,2013-10-18,3.429425001144409,3.527194023132324,3.3654990196228027,3.527194023132324,33927,1.7251379489898682,0.0,0.0
CIG-C,2013-10-21,3.4632680416107178,3.4632680416107178,3.459507942199707,3.459507942199707,1563,1.6920326948165894,0.0,0.0
CIG-C,2013-10-22,3.4670279026031494,3.4670279026031494,3.4670279026031494,3.4670279026031494,531,1.6957111358642578,0.0,0.0
CIG-C,2013-10-23,3.4670279026031494,3.4670279026031494,3.4670279026031494,3.4670279026031494,0,1.6957111358642578,0.0,0.0
CIG-C,2013-10-24,3.388061046600342,3.388061046600342,3.3843390941619873,3.3843390941619873,2659,1.6552683115005493,0.0,0.0
CIG-C,2013-10-25,3.4102470874786377,3.410623073577881,3.4102470874786377,3.410623073577881,5970,1.6681232452392578,0.0,0.0
CIG-C,2013-10-28,3.4745490550994873,3.4745490550994873,3.316615104675293,3.316615104675293,8509,1.6221446990966797,0.0,0.0
CIG-C,2013-10-29,3.3805410861968994,3.3805410861968994,3.3805410861968994,3.3805410861968994,1329,1.65341055393219,0.0,0.0
CIG-C,2013-10-30,3.354218006134033,3.388061046600342,3.354218006134033,3.388061046600342,6996,1.6570887565612793,0.0,0.0
CIG-C,2013-10-31,3.384300947189331,3.384300947189331,3.35384202003479,3.371553897857666,1079,1.6490150690078735,0.0,0.0
CIG-C,2013-11-01,3.371553897857666,3.371553897857666,3.371553897857666,3.371553897857666,0,1.6490150690078735,0.0,0.0
CIG-C,2013-11-04,3.371553897857666,3.371553897857666,3.371553897857666,3.371553897857666,0,1.6490150690078735,0.0,0.0
CIG-C,2013-11-05,3.371553897857666,3.371553897857666,3.371553897857666,3.371553897857666,0,1.6490150690078735,0.0,0.0
CIG-C,2013-11-06,3.2376480102539062,3.2376480102539062,3.2376480102539062,3.2376480102539062,2393,1.5835223197937012,0.0,0.0
CIG-C,2013-11-07,3.2376480102539062,3.2376480102539062,3.2376480102539062,3.2376480102539062,0,1.5835223197937012,0.0,0.0
CIG-C,2013-11-08,3.1361188888549805,3.177483081817627,3.1097970008850098,3.177483081817627,2393,1.5540952682495117,0.0,0.0
CIG-C,2013-11-11,3.0910329818725586,3.2564499378204346,3.0909950733184814,3.196284055709839,16642,1.563291311264038,0.0,0.0
CIG-C,2013-11-12,3.0834739208221436,3.0834739208221436,3.0834739208221436,3.0834739208221436,5058,1.5081158876419067,0.0,0.0
CIG-C,2013-11-13,3.057152032852173,3.1060359477996826,3.057152032852173,3.1060359477996826,1946,1.5191508531570435,0.0,0.0
CIG-C,2013-11-14,3.154921054840088,3.154921054840088,3.0834739208221436,3.0834739208221436,9943,1.5081158876419067,0.0,0.0
CIG-C,2013-11-15,3.1210780143737793,3.1737220287323,3.1210780143737793,3.1737220287323,1595,1.5522562265396118,0.0,0.0
CIG-C,2013-11-18,3.1812429428100586,3.2335119247436523,3.177483081817627,3.2038049697875977,5276,1.566969633102417,0.0,0.0
CIG-C,2013-11-19,3.2038049697875977,3.2038049697875977,3.2038049697875977,3.2038049697875977,0,1.566969633102417,0.0,0.0
CIG-C,2013-11-20,3.2038049697875977,3.2038049697875977,3.2038049697875977,3.2038049697875977,0,1.566969633102417,0.0,0.0
CIG-C,2013-11-21,3.1097970008850098,3.132359027862549,3.1097970008850098,3.132359027862549,531,1.5320261716842651,0.0,0.0
CIG-C,2013-11-22,3.200045108795166,3.218846082687378,3.1210780143737793,3.1285979747772217,5850,1.5301861763000488,0.0,0.0
CIG-C,2013-11-25,3.222606897354126,3.222606897354126,3.1737220287323,3.1737220287323,1130,1.5522562265396118,0.0,0.0
CIG-C,2013-11-26,3.222606897354126,3.222606897354126,3.222606897354126,3.222606897354126,465,1.5761654376983643,0.0,0.0
CIG-C,2013-11-27,3.222606897354126,3.222606897354126,3.222606897354126,3.222606897354126,0,1.5761654376983643,0.0,0.0
CIG-C,2013-11-29,3.222606897354126,3.222606897354126,3.222606897354126,3.222606897354126,0,1.5761654376983643,0.0,0.0
CIG-C,2013-12-02,3.0834739208221436,3.0834739208221436,3.057152032852173,3.0834739208221436,1521,1.5081158876419067,0.0,0.0
CIG-C,2013-12-03,3.0834739208221436,3.0834739208221436,3.0458710193634033,3.0458710193634033,6387,1.48972487449646,0.0,0.0
CIG-C,2013-12-04,3.008268117904663,3.008268117904663,2.963144063949585,2.963144063949585,4209,1.449263572692871,0.0,0.0
CIG-C,2013-12-05,2.963144063949585,2.963144063949585,2.963144063949585,2.963144063949585,0,1.449263572692871,0.0,0.0
CIG-C,2013-12-06,2.963144063949585,2.963144063949585,2.963144063949585,2.963144063949585,0,1.449263572692871,0.0,0.0
CIG-C,2013-12-09,3.0872349739074707,3.200045108795166,2.9969871044158936,3.200045108795166,12610,1.5651304721832275,0.0,0.0
CIG-C,2013-12-10,3.2526888847351074,3.2526888847351074,3.1624410152435303,3.166163921356201,5698,1.5485594272613525,0.0,0.0
CIG-C,2013-12-11,3.1285979747772217,3.196284055709839,3.12483811378479,3.1436400413513184,9025,1.5375432968139648,0.0,0.0
CIG-C,2013-12-12,3.1436400413513184,3.1436400413513184,3.1436400413513184,3.1436400413513184,0,1.600275993347168,0.123235,0.0
CIG-C,2013-12-13,2.9563748836517334,2.9563748836517334,2.9563748836517334,2.9563748836517334,1055,1.5049487352371216,0.0,0.0
CIG-C,2013-12-16,3.030829906463623,3.030829906463623,3.008268117904663,3.027069091796875,9012,1.540935754776001,0.0,0.0
CIG-C,2013-12-17,3.177483081817627,3.177483081817627,2.9142589569091797,2.9142589569091797,7012,1.4835089445114136,0.0,0.0
CIG-C,2013-12-18,2.911212921142578,2.911212921142578,2.910499095916748,2.910499095916748,1595,1.4815953969955444,0.0,0.0
CIG-C,2013-12-19,2.9915339946746826,2.9915339946746826,2.9067389965057373,2.981945037841797,4637,1.5179647207260132,0.0,0.0
CIG-C,2013-12-20,2.981945037841797,2.981945037841797,2.981945037841797,2.981945037841797,3510,1.5179647207260132,0.0,0.0
CIG-C,2013-12-23,2.981945037841797,3.0383129119873047,2.981945037841797,3.0383129119873047,904,1.5466594696044922,0.0,0.0
CIG-C,2013-12-24,3.0383129119873047,3.0383129119873047,3.0383129119873047,3.0383129119873047,0,1.5466594696044922,0.0,0.0
CIG-C,2013-12-26,3.008268117904663,3.008268117904663,3.008268117904663,3.008268117904663,478,1.531364917755127,0.0,0.0
CIG-C,2013-12-27,3.030829906463623,3.286531925201416,3.030829906463623,3.286531925201416,28077,1.6730155944824219,0.0,0.0
CIG-C,2013-12-30,3.0834739208221436,3.1624410152435303,3.030829906463623,3.139878988265991,10594,1.5983613729476929,0.0,0.0
CIG-C,2013-12-31,3.034590005874634,3.094754934310913,3.034590005874634,3.0834739208221436,8092,1.569648027420044,0.0,0.0
CIG-C,2014-01-02,3.0458710193634033,3.0458710193634033,2.9480650424957275,2.9480650424957275,22277,1.5007184743881226,0.0,0.0
CIG-C,2014-01-03,3.034627914428711,3.072192907333374,3.008268117904663,3.008268117904663,5331,1.531364917755127,0.0,0.0
CIG-C,2014-01-06,3.0120279788970947,3.05519700050354,3.0120279788970947,3.0345520973205566,7539,1.544744849205017,0.0,0.0
CIG-C,2014-01-07,3.057715892791748,3.057715892791748,3.0458710193634033,3.049254894256592,2122,1.552229404449463,0.0,0.0
CIG-C,2014-01-08,3.049254894256592,3.049254894256592,3.049254894256592,3.049254894256592,0,1.552229404449463,0.0,0.0
CIG-C,2014-01-09,3.049631118774414,3.049631118774414,2.927419900894165,3.000746965408325,2606,1.5275362730026245,0.0,0.0
CIG-C,2014-01-10,3.000746965408325,3.000746965408325,3.000746965408325,3.000746965408325,0,1.5275362730026245,0.0,0.0
CIG-C,2014-01-13,3.2001309394836426,3.2903499603271484,3.1152191162109375,3.1152191162109375,33259,1.5858083963394165,0.0,0.0
CIG-C,2014-01-14,3.1311399936676025,3.1470611095428467,3.083376884460449,3.083376884460449,5926,1.5695987939834595,0.0,0.0
CIG-C,2014-01-15,3.178903102874756,3.2213590145111084,3.0780699253082275,3.0780699253082275,3557,1.5668977499008179,0.0,0.0
CIG-C,2014-01-16,3.119570016860962,3.1629819869995117,2.9613149166107178,3.0939910411834717,5475,1.5750021934509277,0.0,0.0
CIG-C,2014-01-17,3.1842100620269775,3.2744290828704834,3.1842100620269775,3.2744290828704834,18077,1.6668546199798584,0.0,0.0
CIG-C,2014-01-21,3.1682889461517334,3.263814926147461,3.1682889461517334,3.1995999813079834,40877,1.6287628412246704,0.0,0.0
CIG-C,2014-01-22,3.210745096206665,3.2744290828704834,3.210745096206665,3.2744290828704834,1243,1.6668546199798584,0.0,0.0
CIG-C,2014-01-23,3.210745096206665,3.210745096206665,3.1311399936676025,3.1311399936676025,2984,1.5939130783081055,0.0,0.0
CIG-C,2014-01-24,3.1523680686950684,3.1523680686950684,3.1523680686950684,3.1523680686950684,339,1.6047191619873047,0.0,0.0
CIG-C,2014-01-27,3.2054378986358643,3.2054378986358643,3.030306100845337,3.08868408203125,1686,1.5723005533218384,0.0,0.0
CIG-C,2014-01-28,2.993156909942627,3.0780699253082275,2.993156909942627,3.0780699253082275,2445,1.5668977499008179,0.0,0.0
CIG-C,2014-01-29,2.9719290733337402,3.024998903274536,2.9719290733337402,3.024998903274536,1328,1.539881706237793,0.0,0.0
CIG-C,2014-01-30,2.9719290733337402,3.396491050720215,2.9719290733337402,3.15767502784729,10764,1.6074206829071045,0.0,0.0
CIG-C,2014-01-31,3.1099119186401367,3.2850430011749268,2.947252035140991,3.027864933013916,10346,1.541340947151184,0.0,0.0
CIG-C,2014-02-03,3.027864933013916,3.027864933013916,3.027864933013916,3.027864933013916,0,1.541340947151184,0.0,0.0
CIG-C,2014-02-04,2.969805955886841,3.1311399936676025,2.969805955886841,3.1311399936676025,2975,1.5939130783081055,0.0,0.0
CIG-C,2014-02-05,2.924165964126587,2.9878499507904053,2.924165964126587,2.977236032485962,1507,1.515567421913147,0.0,0.0
CIG-C,2014-02-06,2.977236032485962,2.977236032485962,2.977236032485962,2.977236032485962,0,1.515567421913147,0.0,0.0
CIG-C,2014-02-07,2.977236032485962,2.977236032485962,2.977236032485962,2.977236032485962,0,1.515567421913147,0.0,0.0
CIG-C,2014-02-10,2.9613149166107178,2.9719290733337402,2.93483304977417,2.9718759059906006,2036,1.5128393173217773,0.0,0.0
CIG-C,2014-02-11,2.9719290733337402,2.9719290733337402,2.924165964126587,2.9507009983062744,12947,1.5020601749420166,0.0,0.0
CIG-C,2014-02-12,2.924165964126587,2.9878499507904053,2.924165964126587,2.9719290733337402,143766,1.5128663778305054,0.0,0.0
CIG-C,2014-02-13,2.9878499507904053,3.104604959487915,2.9294729232788086,3.030306100845337,43551,1.5425829887390137,0.0,0.0
CIG-C,2014-02-14,3.030306100845337,3.072709083557129,3.0037710666656494,3.072709083557129,6753,1.564168930053711,0.0,0.0
CIG-C,2014-02-18,2.9453940391540527,2.9719290733337402,2.855175018310547,2.855175018310547,15383,1.453432321548462,0.0,0.0
CIG-C,2014-02-19,2.855175018310547,2.855175018310547,2.855175018310547,2.855175018310547,0,1.453432321548462,0.0,0.0
CIG-C,2014-02-20,2.8817100524902344,2.9188590049743652,2.8764030933380127,2.887017011642456,130862,1.4696415662765503,0.0,0.0
CIG-C,2014-02-21,2.9453940391540527,2.977236032485962,2.9135520458221436,2.9768118858337402,28081,1.5153517723083496,0.0,0.0
CIG-C,2014-02-24,2.9719290733337402,2.9878499507904053,2.9719290733337402,2.9878499507904053,55963,1.5209709405899048,0.0,0.0
CIG-C,2014-02-25,2.9878499507904053,3.0196919441223145,2.9242188930511475,2.9242188930511475,4951,1.488579273223877,0.0,0.0
CIG-C,2014-02-26,2.8508760929107666,2.8508760929107666,2.8508760929107666,2.8508760929107666,546,1.4512441158294678,0.0,0.0
CIG-C,2014-02-27,3.0515339374542236,3.0780699253082275,3.0515339374542236,3.0780699253082275,3014,1.5668977499008179,0.0,0.0
CIG-C,2014-02-28,3.0143849849700928,3.0780699253082275,3.0143849849700928,3.072762966156006,1940,1.5641964673995972,0.0,0.0
CIG-C,2014-03-03,2.963438034057617,2.963438034057617,2.963438034057617,2.963438034057617,450,1.5085440874099731,0.0,0.0
CIG-C,2014-03-04,2.9719290733337402,3.0515339374542236,2.9719290733337402,2.9878499507904053,5980,1.5209709405899048,0.0,0.0
CIG-C,2014-03-05,3.0780699253082275,3.0780699253082275,2.993156909942627,3.0568408966064453,3862,1.5560908317565918,0.0,0.0
CIG-C,2014-03-06,3.15767502784729,3.15767502784729,3.0892140865325928,3.125833034515381,3056,1.5912113189697266,0.0,0.0
CIG-C,2014-03-07,3.0515339374542236,3.0515339374542236,3.0356130599975586,3.0356130599975586,1081,1.545284628868103,0.0,0.0
CIG-C,2014-03-10,2.911428928375244,2.911428928375244,2.911428928375244,2.911428928375244,211,1.4820683002471924,0.0,0.0
CIG-C,2014-03-11,3.062148094177246,3.062148094177246,2.9719290733337402,2.9719290733337402,476,1.5128663778305054,0.0,0.0
CIG-C,2014-03-12,2.9719290733337402,2.9719290733337402,2.9719290733337402,2.9719290733337402,0,1.5128663778305054,0.0,0.0
CIG-C,2014-03-13,3.0992980003356934,3.1152191162109375,3.0568408966064453,3.08868408203125,7311,1.5723005533218384,0.0,0.0
CIG-C,2014-03-14,3.08868408203125,3.08868408203125,3.08868408203125,3.08868408203125,0,1.5723005533218384,0.0,0.0
CIG-C,2014-03-17,3.0409200191497803,3.0568408966064453,3.0409200191497803,3.046226978302002,3674,1.5506881475448608,0.0,0.0
CIG-C,2014-03-18,2.9719290733337402,2.9719290733337402,2.9719290733337402,2.9719290733337402,910,1.5128663778305054,0.0,0.0
CIG-C,2014-03-19,2.9719290733337402,2.9719290733337402,2.9719290733337402,2.9719290733337402,0,1.5128663778305054,0.0,0.0
CIG-C,2014-03-20,3.141753911972046,3.178903102874756,3.120526075363159,3.178903102874756,1695,1.6182270050048828,0.0,0.0
CIG-C,2014-03-21,3.2372798919677734,3.2372798919677734,3.2372798919677734,3.2372798919677734,410,1.6479438543319702,0.0,0.0
CIG-C,2014-03-24,3.263814926147461,3.328666925430298,3.232503890991211,3.328666925430298,4855,1.6944642066955566,0.0,0.0
CIG-C,2014-03-25,3.316884994506836,3.316884994506836,3.247894048690796,3.247894048690796,1675,1.6533465385437012,0.0,0.0
CIG-C,2014-03-26,3.354033946990967,3.422494888305664,3.3381130695343018,3.422494888305664,63355,1.742227554321289,0.0,0.0
CIG-C,2014-03-27,3.5291659832000732,3.5769290924072266,3.526247024536133,3.553524971008301,5956,1.8089284896850586,0.0,0.0
CIG-C,2014-03-28,3.714911937713623,3.714911937713623,3.5822360515594482,3.5822360515594482,10344,1.8235442638397217,0.0,0.0
CIG-C,2014-03-31,3.5822360515594482,3.672455072402954,3.5822360515594482,3.672455072402954,1319,1.8694708347320557,0.0,0.0
CIG-C,2014-04-01,3.6459200382232666,3.6459200382232666,3.6459200382232666,3.6459200382232666,278,1.8559629917144775,0.0,0.0
CIG-C,2014-04-02,3.736140012741089,3.831613063812256,3.7255260944366455,3.7255260944366455,7205,1.896486520767212,0.0,0.0
CIG-C,2014-04-03,3.7255260944366455,3.7255260944366455,3.7255260944366455,3.7255260944366455,0,1.896486520767212,0.0,0.0
CIG-C,2014-04-04,3.767982006072998,3.7680349349975586,3.767982006072998,3.767982006072998,753,1.9180986881256104,0.0,0.0
CIG-C,2014-04-07,3.9429008960723877,3.9749019145965576,3.931649923324585,3.9749019145965576,7416,2.0234317779541016,0.0,0.0
CIG-C,2014-04-08,4.006797790527344,4.006797790527344,3.9696478843688965,3.980262041091919,2760,2.026160478591919,0.0,0.0
CIG-C,2014-04-09,3.80603289604187,3.80603289604187,3.7414469718933105,3.7945170402526855,6971,1.931606411933899,0.0,0.0
CIG-C,2014-04-10,3.9589810371398926,3.9589810371398926,3.8707261085510254,3.8707261085510254,2920,1.9704005718231201,0.0,0.0
CIG-C,2014-04-11,3.8847360610961914,3.8900959491729736,3.8847360610961914,3.8900959491729736,1371,1.9802610874176025,0.0,0.0
CIG-C,2014-04-14,3.8900959491729736,3.8900959491729736,3.8900959491729736,3.8900959491729736,0,1.9802610874176025,0.0,0.0
CIG-C,2014-04-15,3.8401570320129395,3.8401570320129395,3.752060890197754,3.752060890197754,5244,1.9099937677383423,0.0,0.0
CIG-C,2014-04-16,3.805130958557129,3.9006569385528564,3.805130958557129,3.8635079860687256,591,1.9667259454727173,0.0,0.0
CIG-C,2014-04-17,3.980262041091919,3.980262041091919,3.980262041091919,3.980262041091919,17147,2.026160478591919,0.0,0.0
CIG-C,2014-04-21,3.9696478843688965,3.9696478843688965,3.8794291019439697,3.8794291019439697,3227,1.9748313426971436,0.0,0.0
CIG-C,2014-04-22,3.8794291019439697,3.8794291019439697,3.8794291019439697,3.8794291019439697,0,1.9748313426971436,0.0,0.0
CIG-C,2014-04-23,3.8794291019439697,3.8794291019439697,3.8794291019439697,3.8794291019439697,0,1.9748313426971436,0.0,0.0
CIG-C,2014-04-24,4.006797790527344,4.059867858886719,4.006797790527344,4.059867858886719,1030,2.066683769226074,0.0,0.0
CIG-C,2014-04-25,4.043947219848633,4.043947219848633,3.9006569385528564,3.9006569385528564,5613,1.9856370687484741,0.0,0.0
CIG-C,2014-04-28,3.905963897705078,3.9269800186157227,3.905963897705078,3.9269800186157227,1347,1.9990366697311401,0.0,0.0
CIG-C,2014-04-29,3.9749550819396973,4.059867858886719,3.9749550819396973,4.059867858886719,3306,2.066683769226074,0.0,0.0
CIG-C,2014-04-30,3.9378058910369873,3.9378058910369873,3.9378058910369873,3.9378058910369873,570,2.004547595977783,0.0,0.0
CIG-C,2014-05-01,4.086030960083008,4.086030960083008,4.023515224456787,4.023515224456787,757,2.048177719116211,0.0,0.0
CIG-C,2014-05-02,3.905963897705078,4.022718906402588,3.8133039474487305,3.8133039474487305,4752,2.044297456741333,0.202972,0.0
CIG-C,2014-05-05,3.9324989318847656,3.9749019145965576,3.858201026916504,3.9378058910369873,2543,2.111042022705078,0.0,0.0
CIG-C,2014-05-06,3.9855690002441406,3.9908769130706787,3.9855690002441406,3.9855690002441406,1158,2.136648178100586,0.0,0.0
CIG-C,2014-05-07,3.9855690002441406,3.9855690002441406,3.9855690002441406,3.9855690002441406,0,2.136648178100586,0.0,0.0
CIG-C,2014-05-08,3.9961841106414795,3.9961841106414795,3.986630916595459,3.986630916595459,1573,2.1372175216674805,0.0,0.0
CIG-C,2014-05-09,3.986630916595459,3.986630916595459,3.986630916595459,3.986630916595459,0,2.1372175216674805,0.0,0.0
CIG-C,2014-05-12,4.002020835876465,4.002020835876465,4.002020835876465,4.002020835876465,727,2.14546799659729,0.0,0.0
CIG-C,2014-05-13,4.049253940582275,4.049253940582275,3.714911937713623,4.043947219848633,12076,2.1679444313049316,0.0,0.0
CIG-C,2014-05-14,4.166007995605469,4.166007995605469,4.049253940582275,4.049253940582275,19114,2.1707894802093506,0.0,0.0
CIG-C,2014-05-15,4.049253940582275,4.049253940582275,3.964340925216675,3.964340925216675,2204,2.12526798248291,0.0,0.0
CIG-C,2014-05-16,3.964340925216675,3.964340925216675,3.964340925216675,3.964340925216675,0,2.12526798248291,0.0,0.0
CIG-C,2014-05-19,3.916630983352661,4.065122127532959,3.916630983352661,4.065122127532959,1192,2.1792967319488525,0.0,0.0
CIG-C,2014-05-20,4.0651750564575195,4.176621913909912,4.001491069793701,4.001491069793701,11916,2.145184278488159,0.0,0.0
CIG-C,2014-05-21,4.001491069793701,4.001491069793701,4.001491069793701,4.001491069793701,0,2.145184278488159,0.0,0.0
CIG-C,2014-05-22,4.224384784698486,4.224384784698486,3.714911937713623,4.062892913818359,14392,2.178101062774658,0.0,0.0
CIG-C,2014-05-23,3.9378058910369873,4.0651750564575195,3.9378058910369873,4.0651750564575195,1895,2.179324150085449,0.0,0.0
CIG-C,2014-05-27,3.927191972732544,3.927191972732544,3.927191972732544,3.927191972732544,2447,2.1053526401519775,0.0,0.0
CIG-C,2014-05-28,3.8635079860687256,3.9537270069122314,3.8635079860687256,3.9537270069122314,674,2.119577407836914,0.0,0.0
CIG-C,2014-05-29,3.9537270069122314,3.9537270069122314,3.9537270069122314,3.9537270069122314,0,2.119577407836914,0.0,0.0
CIG-C,2014-05-30,3.9165780544281006,3.9165780544281006,3.8616509437561035,3.8616509437561035,638,2.070216178894043,0.0,0.0
CIG-C,2014-06-02,3.8616509437561035,3.8616509437561035,3.8616509437561035,3.8616509437561035,0,2.070216178894043,0.0,0.0
CIG-C,2014-06-03,3.9271390438079834,3.9271390438079834,3.9006569385528564,3.9006569385528564,851,2.0911269187927246,0.0,0.0
CIG-C,2014-06-04,3.964340925216675,3.964340925216675,3.8688149452209473,3.8688149452209473,4712,2.074056386947632,0.0,0.0
CIG-C,2014-06-05,3.953674077987671,3.953674077987671,3.905963897705078,3.905963897705078,1155,2.0939719676971436,0.0,0.0
CIG-C,2014-06-06,4.001543998718262,4.001543998718262,3.980262041091919,3.980262041091919,768,2.133803129196167,0.0,0.0
CIG-C,2014-06-09,4.028079032897949,4.061991214752197,4.028079032897949,4.0357208251953125,994,2.163534641265869,0.0,0.0
CIG-C,2014-06-10,4.112937927246094,4.1182451248168945,4.075788974761963,4.086402893066406,2832,2.190704584121704,0.0,0.0
CIG-C,2014-06-11,4.123604774475098,4.123604774475098,4.123604774475098,4.123604774475098,263,2.210648536682129,0.0,0.0
CIG-C,2014-06-12,4.123604774475098,4.123604774475098,4.123604774475098,4.123604774475098,0,2.210648536682129,0.0,0.0
CIG-C,2014-06-13,4.123604774475098,4.123604774475098,4.123604774475098,4.123604774475098,0,2.210648536682129,0.0,0.0
CIG-C,2014-06-16,4.192543029785156,4.192543029785156,4.123551845550537,4.123551845550537,9395,2.210620164871216,0.0,0.0
CIG-C,2014-06-17,4.086402893066406,4.086402893066406,4.001543998718262,4.017412185668945,1790,2.1537184715270996,0.0,0.0
CIG-C,2014-06-18,4.006797790527344,4.261534214019775,4.006797790527344,4.261534214019775,10158,2.284592390060425,0.0,0.0
CIG-C,2014-06-19,4.192543029785156,4.277454853057861,4.17136812210083,4.17556095123291,1305,2.238502025604248,0.0,0.0
CIG-C,2014-06-20,4.182459831237793,4.182459831237793,4.182459831237793,4.182459831237793,282,2.2422006130218506,0.0,0.0
CIG-C,2014-06-23,4.4578938484191895,4.4578938484191895,4.139472961425781,4.272095203399658,4601,2.290253162384033,0.0,0.0
CIG-C,2014-06-24,4.197850227355957,4.197850227355957,4.197850227355957,4.197850227355957,188,2.250450849533081,0.0,0.0
CIG-C,2014-06-25,4.144780158996582,4.32521915435791,4.144780158996582,4.32521915435791,2296,2.3187334537506104,0.0,0.0
CIG-C,2014-06-26,4.049306869506836,4.2031569480896,4.049306869506836,4.112937927246094,9283,2.204930305480957,0.0,0.0
CIG-C,2014-06-27,4.160700798034668,4.234999179840088,4.160700798034668,4.219025135040283,5328,2.261803150177002,0.0,0.0
CIG-C,2014-06-30,4.1341657638549805,4.245613098144531,4.1341657638549805,4.245613098144531,5524,2.2760565280914307,0.0,0.0
CIG-C,2014-07-01,4.180868148803711,4.2084641456604,4.180868148803711,4.2084641456604,763,2.256141424179077,0.0,0.0
CIG-C,2014-07-02,4.049253940582275,4.150086879730225,4.049253940582275,4.139472961425781,1995,2.2191545963287354,0.0,0.0
CIG-C,2014-07-03,4.155394077301025,4.155394077301025,4.139525890350342,4.139525890350342,1931,2.219183921813965,0.0,0.0
CIG-C,2014-07-07,4.245613098144531,4.245613098144531,4.224438190460205,4.224438190460205,4812,2.264704704284668,0.0,0.0
CIG-C,2014-07-08,4.028026103973389,4.081096172332764,3.9006569385528564,3.9006569385528564,11774,2.199676275253296,0.208467,0.0
CIG-C,2014-07-09,4.1182451248168945,4.256227016448975,4.0121049880981445,4.256227016448975,5837,2.40019154548645,0.0,0.0
CIG-C,2014-07-10,4.1872358322143555,4.229639053344727,4.070481777191162,4.229639053344727,2519,2.385197639465332,0.0,0.0
CIG-C,2014-07-11,4.176568984985352,4.176568984985352,4.1182451248168945,4.123551845550537,19758,2.3253726959228516,0.0,0.0
CIG-C,2014-07-14,4.166007995605469,4.272148132324219,4.038640022277832,4.272148132324219,12389,2.4091689586639404,0.0,0.0
CIG-C,2014-07-15,4.166007995605469,4.256227016448975,4.166007995605469,4.240200042724609,1283,2.39115309715271,0.0,0.0
CIG-C,2014-07-16,4.308129787445068,4.308129787445068,4.234999179840088,4.234999179840088,674,2.3882198333740234,0.0,0.0
CIG-C,2014-07-17,4.234999179840088,4.234999179840088,4.234999179840088,4.234999179840088,0,2.3882198333740234,0.0,0.0
CIG-C,2014-07-18,4.416286945343018,4.4578938484191895,4.3889031410217285,4.4578938484191895,4622,2.513915777206421,0.0,0.0
CIG-C,2014-07-21,4.49504280090332,4.633026123046875,4.49504280090332,4.622412204742432,4128,2.606691837310791,0.0,0.0
CIG-C,2014-07-22,4.590569019317627,4.691402912139893,4.585261821746826,4.691402912139893,8147,2.645596981048584,0.0,0.0
CIG-C,2014-07-23,4.643640041351318,4.643640041351318,4.638332843780518,4.638332843780518,380,2.6156702041625977,0.0,0.0
CIG-C,2014-07-24,4.633555889129639,4.707324028015137,4.633555889129639,4.707324028015137,1285,2.654575824737549,0.0,0.0
CIG-C,2014-07-25,4.680788993835449,4.755086898803711,4.670175075531006,4.755086898803711,3693,2.6815097332000732,0.0,0.0
CIG-C,2014-07-28,4.744472980499268,4.744472980499268,4.71793794631958,4.723245143890381,1778,2.6635541915893555,0.0,0.0
CIG-C,2014-07-29,4.49504280090332,4.506187915802002,4.49504280090332,4.506187915802002,1305,2.5411505699157715,0.0,0.0
CIG-C,2014-07-30,4.638332843780518,4.643640041351318,4.638332843780518,4.643640041351318,563,2.6186630725860596,0.0,0.0
CIG-C,2014-07-31,4.638332843780518,4.638332843780518,4.319911956787109,4.426052093505859,7976,2.4959592819213867,0.0,0.0
CIG-C,2014-08-01,4.426052093505859,4.426052093505859,4.260472774505615,4.420744895935059,6029,2.492966651916504,0.0,0.0
CIG-C,2014-08-04,4.482783794403076,4.484428882598877,4.436666011810303,4.484428882598877,5238,2.5288798809051514,0.0,0.0
CIG-C,2014-08-05,4.5109639167785645,4.5109639167785645,4.426052093505859,4.426052093505859,1790,2.4959592819213867,0.0,0.0
CIG-C,2014-08-06,4.5109639167785645,4.611743927001953,4.5109639167785645,4.5109639167785645,8255,2.5438432693481445,0.0,0.0
CIG-C,2014-08-07,4.542806148529053,4.542806148529053,4.484428882598877,4.484428882598877,4373,2.5288798809051514,0.0,0.0
CIG-C,2014-08-08,4.5640339851379395,4.56934118270874,4.410130977630615,4.447279930114746,7179,2.5079307556152344,0.0,0.0
CIG-C,2014-08-11,4.585261821746826,4.585261821746826,4.5692877769470215,4.5692877769470215,765,2.5767335891723633,0.0,0.0
CIG-C,2014-08-12,4.765700817108154,4.765700817108154,4.548112869262695,4.548112869262695,2031,2.5647928714752197,0.0,0.0
CIG-C,2014-08-13,4.431358814239502,4.46320104598999,4.400047779083252,4.410130977630615,3924,2.4869813919067383,0.0,0.0
CIG-C,2014-08-14,4.489736080169678,4.489736080169678,4.431358814239502,4.452587127685547,1040,2.5109241008758545,0.0,0.0
CIG-C,2014-08-15,4.590569019317627,4.590569019317627,4.590569019317627,4.590569019317627,194,2.5887348651885986,0.0,0.0
CIG-C,2014-08-18,4.638332843780518,4.643640041351318,4.638332843780518,4.643640041351318,672,2.6186630725860596,0.0,0.0
CIG-C,2014-08-19,4.548112869262695,4.623684883117676,4.548112869262695,4.585261821746826,1328,2.5857417583465576,0.0,0.0
CIG-C,2014-08-20,4.6595611572265625,4.6595611572265625,4.6595611572265625,4.6595611572265625,275,2.627641439437866,0.0,0.0
CIG-C,2014-08-21,4.6595611572265625,4.6595611572265625,4.6595611572265625,4.6595611572265625,0,2.627641439437866,0.0,0.0
CIG-C,2014-08-22,4.643640041351318,4.643640041351318,4.539091110229492,4.561698913574219,1384,2.5724542140960693,0.0,0.0
CIG-C,2014-08-25,4.561698913574219,4.561698913574219,4.561698913574219,4.561698913574219,0,2.5724542140960693,0.0,0.0
CIG-C,2014-08-26,4.5109639167785645,4.513193130493164,4.5109639167785645,4.5109639167785645,13386,2.5438432693481445,0.0,0.0
CIG-C,2014-08-27,4.617105007171631,4.617105007171631,4.46320104598999,4.46320104598999,5654,2.516908884048462,0.0,0.0
CIG-C,2014-08-28,4.585261821746826,4.585261821746826,4.489789009094238,4.49504280090332,1322,2.534865617752075,0.0,0.0
CIG-C,2014-08-29,4.521577835083008,4.521577835083008,4.521577835083008,4.521577835083008,205,2.54982852935791,0.0,0.0
CIG-C,2014-09-02,4.468507766723633,4.468507766723633,4.442503929138184,4.442503929138184,1130,2.505237102508545,0.0,0.0
CIG-C,2014-09-03,4.576770782470703,4.576770782470703,4.521577835083008,4.5765061378479,2187,2.5808043479919434,0.0,0.0
CIG-C,2014-09-04,4.579955101013184,4.61179780960083,4.489736080169678,4.61179780960083,2858,2.600705862045288,0.0,0.0
CIG-C,2014-09-05,4.61179780960083,4.61179780960083,4.61179780960083,4.61179780960083,0,2.600705862045288,0.0,0.0
CIG-C,2014-09-08,4.627718925476074,4.627718925476074,4.46320104598999,4.46320104598999,1835,2.516908884048462,0.0,0.0
CIG-C,2014-09-09,4.691402912139893,4.691402912139893,4.256227016448975,4.256227016448975,8588,2.40019154548645,0.0,0.0
CIG-C,2014-09-10,4.192543029785156,4.192543029785156,4.107631206512451,4.107631206512451,947,2.316394090652466,0.0,0.0
CIG-C,2014-09-11,4.059867858886719,4.09701681137085,4.059867858886719,4.09701681137085,3808,2.310408592224121,0.0,0.0
CIG-C,2014-09-12,3.9855690002441406,4.049253940582275,3.9855690002441406,3.9887540340423584,4414,2.249356269836426,0.0,0.0
CIG-C,2014-09-15,4.033332824707031,4.033332824707031,3.980262041091919,3.980262041091919,2892,2.24456787109375,0.0,0.0
CIG-C,2014-09-16,3.9537270069122314,4.0121049880981445,3.911271095275879,4.0121049880981445,3404,2.262524366378784,0.0,0.0
CIG-C,2014-09-17,3.927191972732544,3.927191972732544,3.8475871086120605,3.8475871086120605,3476,2.1697494983673096,0.0,0.0
CIG-C,2014-09-18,3.7202188968658447,3.783902883529663,3.7202188968658447,3.7626750469207764,3727,2.1218647956848145,0.0,0.0
CIG-C,2014-09-19,3.7626750469207764,3.7626750469207764,3.7626750469207764,3.7626750469207764,0,2.1218647956848145,0.0,0.0
CIG-C,2014-09-22,3.624691963195801,3.714911937713623,3.5026841163635254,3.51855206489563,22769,1.9841982126235962,0.0,0.0
CIG-C,2014-09-23,3.513245105743408,3.513245105743408,3.513245105743408,3.513245105743408,303,1.9812053442001343,0.0,0.0
CIG-C,2014-09-24,3.4867100715637207,3.4867100715637207,3.4042389392852783,3.444253921508789,6182,1.9422991275787354,0.0,0.0
CIG-C,2014-09-25,3.428333044052124,3.428333044052124,3.428333044052124,3.428333044052124,1315,1.933321475982666,0.0,0.0
CIG-C,2014-09-26,3.4177188873291016,3.465481996536255,3.4177188873291016,3.465481996536255,1215,1.9542704820632935,0.0,0.0
CIG-C,2014-09-29,3.465481996536255,3.465481996536255,3.465481996536255,3.465481996536255,0,1.9542704820632935,0.0,0.0
CIG-C,2014-09-30,3.4123589992523193,3.4123589992523193,3.4123589992523193,3.4123589992523193,395,1.9243130683898926,0.0,0.0
CIG-C,2014-10-01,3.465481996536255,3.465481996536255,3.2005550861358643,3.2005550861358643,3231,1.804871916770935,0.0,0.0
CIG-C,2014-10-02,3.2005550861358643,3.2005550861358643,3.2005550861358643,3.2005550861358643,0,1.804871916770935,0.0,0.0
CIG-C,2014-10-03,3.141753911972046,3.141753911972046,3.136446952819824,3.136446952819824,463,1.7687196731567383,0.0,0.0
CIG-C,2014-10-06,3.3221919536590576,3.354033946990967,3.2850430011749268,3.348726987838745,1844,1.8884297609329224,0.0,0.0
CIG-C,2014-10-07,3.513245105743408,3.6352529525756836,3.513245105743408,3.550394058227539,9478,2.002155065536499,0.0,0.0
CIG-C,2014-10-08,3.714911937713623,3.789156913757324,3.513245105743408,3.736140012741089,25897,2.106900930404663,0.0,0.0
CIG-C,2014-10-09,3.8475871086120605,3.8475871086120605,3.730833053588867,3.730833053588867,1856,2.1039085388183594,0.0,0.0
CIG-C,2014-10-10,3.677762031555176,3.7096049785614014,3.677762031555176,3.7042980194091797,3029,2.088944911956787,0.0,0.0
CIG-C,2014-10-13,3.7042980194091797,3.7042980194091797,3.7042980194091797,3.7042980194091797,0,2.088944911956787,0.0,0.0
CIG-C,2014-10-14,3.7042980194091797,3.7042980194091797,3.7042980194091797,3.7042980194091797,0,2.088944911956787,0.0,0.0
CIG-C,2014-10-15,3.545140027999878,3.672455072402954,3.545140027999878,3.672455072402954,5240,2.0709877014160156,0.0,0.0
CIG-C,2014-10-16,3.672455072402954,3.672455072402954,3.672455072402954,3.672455072402954,0,2.0709877014160156,0.0,0.0
CIG-C,2014-10-17,3.5822360515594482,3.635305881500244,3.5557010173797607,3.6251699924468994,4136,2.0443224906921387,0.0,0.0
CIG-C,2014-10-20,3.6251699924468994,3.6251699924468994,3.6251699924468994,3.6251699924468994,0,2.0443224906921387,0.0,0.0
CIG-C,2014-10-21,3.6299989223480225,3.6299989223480225,3.2372798919677734,3.354033946990967,6416,1.8914222717285156,0.0,0.0
CIG-C,2014-10-22,3.407104969024658,3.407104969024658,3.3062710762023926,3.3062710762023926,1533,1.864487648010254,0.0,0.0
CIG-C,2014-10-23,3.194823980331421,3.2319729328155518,3.194823980331421,3.2319729328155518,4970,1.8225890398025513,0.0,0.0
CIG-C,2014-10-24,3.2372798919677734,3.4017980098724365,3.2372798919677734,3.391184091567993,6242,1.912372350692749,0.0,0.0
CIG-C,2014-10-27,3.0780699253082275,3.1481220722198486,3.0409200191497803,3.0674550533294678,4870,1.729813575744629,0.0,0.0
CIG-C,2014-10-28,3.2001309394836426,3.7573680877685547,3.2001309394836426,3.2850430011749268,38030,1.852516531944275,0.0,0.0
CIG-C,2014-10-29,3.3805699348449707,3.3805699348449707,3.3434200286865234,3.3434200286865234,2076,1.88543701171875,0.0,0.0
CIG-C,2014-10-30,3.3062710762023926,3.414534091949463,3.3062710762023926,3.316884994506836,2468,1.8704729080200195,0.0,0.0
CIG-C,2014-10-31,3.3593409061431885,3.3593409061431885,3.2691218852996826,3.284990072250366,2867,1.8524863719940186,0.0,0.0
CIG-C,2014-11-03,3.242587089538574,3.29353404045105,3.242587089538574,3.29353404045105,2272,1.8573046922683716,0.0,0.0
CIG-C,2014-11-04,3.2298500537872314,3.2691218852996826,3.194823980331421,3.2372798919677734,2074,1.8255819082260132,0.0,0.0
CIG-C,2014-11-05,3.173595905303955,3.173595905303955,3.1311399936676025,3.1311399936676025,5196,1.765727162361145,0.0,0.0
CIG-C,2014-11-06,3.125833034515381,3.125833034515381,3.024998903274536,3.024998903274536,4339,1.7058711051940918,0.0,0.0
CIG-C,2014-11-07,2.9453940391540527,3.0642709732055664,2.9453940391540527,3.030837059020996,2500,1.7091631889343262,0.0,0.0
CIG-C,2014-11-10,3.0626790523529053,3.147007942199707,3.035083055496216,3.035083055496216,1143,1.7115579843521118,0.0,0.0
CIG-C,2014-11-11,3.0568408966064453,3.0568408966064453,3.0568408966064453,3.0568408966064453,401,1.723827600479126,0.0,0.0
CIG-C,2014-11-12,3.152898073196411,3.1842100620269775,3.152898073196411,3.1842100620269775,787,1.7956546545028687,0.0,0.0
CIG-C,2014-11-13,2.9453940391540527,2.9453940391540527,2.8392539024353027,2.8392539024353027,1586,1.694043517112732,0.174654,0.0
CIG-C,2014-11-14,2.7755699157714844,2.8392539024353027,2.712415933609009,2.712415933609009,8680,1.6183655261993408,0.0,0.0
CIG-C,2014-11-17,2.8392539024353027,2.8392539024353027,2.786184072494507,2.7914910316467285,30011,1.6655455827713013,0.0,0.0
CIG-C,2014-11-18,2.7118849754333496,2.7171919345855713,2.706578016281128,2.7118849754333496,3109,1.6180487871170044,0.0,0.0
CIG-C,2014-11-19,2.7118849754333496,2.7118849754333496,2.7118849754333496,2.7118849754333496,1522,1.6180487871170044,0.0,0.0
CIG-C,2014-11-20,2.706578016281128,2.786130905151367,2.706578016281128,2.786130905151367,3868,1.6623475551605225,0.0,0.0
CIG-C,2014-11-21,2.7914910316467285,2.921513080596924,2.780877113342285,2.921513080596924,3717,1.7431235313415527,0.0,0.0
CIG-C,2014-11-24,2.9825429916381836,3.0085480213165283,2.9188590049743652,2.956007957458496,11435,1.7637048959732056,0.0,0.0
CIG-C,2014-11-25,2.9613149166107178,2.9984641075134277,2.931596040725708,2.9984641075134277,2615,1.789036512374878,0.0,0.0
CIG-C,2014-11-26,2.9984641075134277,3.125833034515381,2.993156909942627,3.125833034515381,5711,1.8650314807891846,0.0,0.0
CIG-C,2014-11-28,3.141753911972046,3.141753911972046,3.141753911972046,3.141753911972046,908,1.8745306730270386,0.0,0.0
CIG-C,2014-12-01,3.009078025817871,3.009078025817871,2.9719290733337402,2.9719290733337402,378,1.7732042074203491,0.0,0.0
CIG-C,2014-12-02,2.9294729232788086,2.9294729232788086,2.9188590049743652,2.9188590049743652,1268,1.7415403127670288,0.0,0.0
CIG-C,2014-12-03,2.9188590049743652,2.924165964126587,2.9188590049743652,2.924165964126587,1126,1.744706392288208,0.0,0.0
CIG-C,2014-12-04,2.8657889366149902,2.902937889099121,2.8657889366149902,2.902937889099121,659,1.7320406436920166,0.0,0.0
CIG-C,2014-12-05,2.891050100326538,2.891050100326538,2.891050100326538,2.891050100326538,653,1.724947452545166,0.0,0.0
CIG-C,2014-12-08,2.9825429916381836,2.9825429916381836,2.8923239707946777,2.8923239707946777,386,1.7257076501846313,0.0,0.0
CIG-C,2014-12-09,2.871095895767212,2.9626948833465576,2.871095895767212,2.9626948833465576,1541,1.7676944732666016,0.0,0.0
CIG-C,2014-12-10,2.8233330249786377,2.8233330249786377,2.786184072494507,2.786184072494507,1558,1.6623796224594116,0.0,0.0
CIG-C,2014-12-11,2.807358980178833,2.807358980178833,2.7171919345855713,2.79679799079895,2688,1.6687119007110596,0.0,0.0
CIG-C,2014-12-12,2.7230300903320312,2.729398012161255,2.706578016281128,2.706578016281128,4791,1.6148823499679565,0.0,0.0
CIG-C,2014-12-15,2.6641221046447754,2.7061541080474854,2.6641221046447754,2.67999005317688,4243,1.5990183353424072,0.0,0.0
CIG-C,2014-12-16,2.6747360229492188,2.6800429821014404,2.563288927078247,2.563288927078247,9376,1.529388666152954,0.0,0.0
CIG-C,2014-12-17,2.563288927078247,2.563288927078247,2.563288927078247,2.563288927078247,0,1.529388666152954,0.0,0.0
CIG-C,2014-12-18,2.7331130504608154,2.802104949951172,2.6800429821014404,2.6800429821014404,3843,1.5990500450134277,0.0,0.0
CIG-C,2014-12-19,2.7171919345855713,2.722498893737793,2.7171919345855713,2.722498893737793,380,1.6243817806243896,0.0,0.0
CIG-C,2014-12-22,2.8127191066741943,2.8127191066741943,2.738420009613037,2.738420009613037,876,1.6338804960250854,0.0,0.0
CIG-C,2014-12-23,2.722498893737793,2.722498893737793,2.722498893737793,2.722498893737793,570,1.6243817806243896,0.0,0.0
CIG-C,2014-12-24,2.722498893737793,2.722498893737793,2.722498893737793,2.722498893737793,0,1.6243817806243896,0.0,0.0
CIG-C,2014-12-26,2.722498893737793,2.722498893737793,2.722498893737793,2.722498893737793,0,1.6243817806243896,0.0,0.0
CIG-C,2014-12-29,2.7118849754333496,2.8817100524902344,2.7118849754333496,2.8764030933380127,12200,1.7241559028625488,0.012549,0.0
CIG-C,2014-12-30,2.8764030933380127,2.8764030933380127,2.8764030933380127,2.8764030933380127,0,1.7241559028625488,0.0,0.0
CIG-C,2014-12-31,2.780877113342285,2.8764030933380127,2.780877113342285,2.8392539024353027,2634,1.701888084411621,0.0,0.0
CIG-C,2015-01-02,2.8286399841308594,2.8286399841308594,2.743726968765259,2.743726968765259,781,1.6446279287338257,0.0,0.0
CIG-C,2015-01-05,2.653507947921753,2.706578016281128,2.6216659545898438,2.6216659545898438,3987,1.5714631080627441,0.0,0.0
CIG-C,2015-01-06,2.579210042953491,2.6110520362854004,2.563288927078247,2.563288927078247,1416,1.5438607931137085,0.012549,0.0
CIG-C,2015-01-07,2.563288927078247,2.563288927078247,2.563288927078247,2.563288927078247,0,1.5438607931137085,0.0,0.0
CIG-C,2015-01-08,2.547368049621582,2.6057450771331787,2.547368049621582,2.6057450771331787,2097,1.5694317817687988,0.0,0.0
CIG-C,2015-01-09,2.5579819679260254,2.5579819679260254,2.5579819679260254,2.5579819679260254,190,1.5406644344329834,0.0,0.0
CIG-C,2015-01-12,2.6110520362854004,2.6110520362854004,2.547368049621582,2.5579819679260254,2826,1.5406644344329834,0.0,0.0
CIG-C,2015-01-13,2.5579819679260254,2.5579819679260254,2.5579819679260254,2.5579819679260254,0,1.5406644344329834,0.0,0.0
CIG-C,2015-01-14,2.600438117980957,2.600438117980957,2.600438117980957,2.600438117980957,214,1.5662354230880737,0.0,0.0
CIG-C,2015-01-15,2.653507947921753,2.653507947921753,2.600438117980957,2.616358995437622,2157,1.575824499130249,0.0,0.0
CIG-C,2015-01-16,2.759648084640503,2.7755699157714844,2.706578016281128,2.706578016281128,1872,1.6301634311676025,0.0,0.0
CIG-C,2015-01-20,2.563288927078247,2.616358995437622,2.563288927078247,2.6110520362854004,912,1.5726282596588135,0.0,0.0
CIG-C,2015-01-21,2.600438117980957,2.637587070465088,2.5898239612579346,2.637587070465088,3806,1.5886101722717285,0.0,0.0
CIG-C,2015-01-22,2.637587070465088,2.637587070465088,2.637587070465088,2.637587070465088,0,1.5886101722717285,0.0,0.0
CIG-C,2015-01-23,2.5208330154418945,2.5208330154418945,2.510219097137451,2.510219097137451,751,1.5118967294692993,0.0,0.0
CIG-C,2015-01-26,2.5208330154418945,2.5208330154418945,2.494297981262207,2.494297981262207,638,1.5023080110549927,0.0,0.0
CIG-C,2015-01-27,2.494297981262207,2.494297981262207,2.478377103805542,2.4836840629577637,1531,1.4959150552749634,0.0,0.0
CIG-C,2015-01-28,2.4836840629577637,2.4836840629577637,2.4836840629577637,2.4836840629577637,0,1.4959150552749634,0.0,0.0
CIG-C,2015-01-29,2.3881568908691406,2.600438117980957,2.3881568908691406,2.4412269592285156,7721,1.470342993736267,0.0,0.0
CIG-C,2015-01-30,2.3350870609283447,2.3809399604797363,2.329780101776123,2.3809399604797363,1015,1.4340325593948364,0.0,0.0
CIG-C,2015-02-02,2.425252914428711,2.425252914428711,2.425252914428711,2.425252914428711,448,1.460721731185913,0.0,0.0
CIG-C,2015-02-03,2.473069906234741,2.473069906234741,2.410446882247925,2.410446882247925,380,1.451804757118225,0.0,0.0
CIG-C,2015-02-04,2.398771047592163,2.398771047592163,2.398771047592163,2.398771047592163,1912,1.4447721242904663,0.0,0.0
CIG-C,2015-02-05,2.373297929763794,2.4412269592285156,2.3350870609283447,2.4412269592285156,1699,1.470342993736267,0.0,0.0
CIG-C,2015-02-06,2.313858985900879,2.329780101776123,2.313858985900879,2.329780101776123,945,1.403219223022461,0.0,0.0
CIG-C,2015-02-09,2.329780101776123,2.329780101776123,2.329780101776123,2.329780101776123,0,1.403219223022461,0.0,0.0
CIG-C,2015-02-10,2.3350870609283447,2.3350870609283447,2.2820169925689697,2.31911301612854,3024,1.3967941999435425,0.0,0.0
CIG-C,2015-02-11,2.2554819583892822,2.2607359886169434,2.207719087600708,2.2607359886169434,1908,1.3616341352462769,0.0,0.0
CIG-C,2015-02-12,2.2607359886169434,2.2607359886169434,2.2607359886169434,2.2607359886169434,0,1.3616341352462769,0.0,0.0
CIG-C,2015-02-13,2.3881568908691406,2.3881568908691406,2.382849931716919,2.382849931716919,2474,1.435183048248291,0.0,0.0
CIG-C,2015-02-17,2.3350870609283447,2.4677629470825195,2.3350870609283447,2.3934640884399414,2747,1.4415757656097412,0.0,0.0
CIG-C,2015-02-18,2.41999888420105,2.494297981262207,2.41999888420105,2.4677629470825195,1302,1.486325740814209,0.0,0.0
CIG-C,2015-02-19,2.4465339183807373,2.4465339183807373,2.4465339183807373,2.4465339183807373,412,1.4735397100448608,0.0,0.0
CIG-C,2015-02-20,2.4677629470825195,2.4677629470825195,2.4677629470825195,2.4677629470825195,188,1.486325740814209,0.0,0.0
CIG-C,2015-02-23,2.4642069339752197,2.4642069339752197,2.4642069339752197,2.4642069339752197,444,1.4841841459274292,0.0,0.0
CIG-C,2015-02-24,2.5521440505981445,2.5521440505981445,2.5521440505981445,2.5521440505981445,1516,1.537148356437683,0.0,0.0
CIG-C,2015-02-25,2.457149028778076,2.457149028778076,2.3510079383850098,2.3881568908691406,2312,1.438378930091858,0.0,0.0
CIG-C,2015-02-26,2.3881568908691406,2.3881568908691406,2.3881568908691406,2.3881568908691406,0,1.438378930091858,0.0,0.0
CIG-C,2015-02-27,2.3881568908691406,2.3881568908691406,2.3881568908691406,2.3881568908691406,0,1.438378930091858,0.0,0.0
CIG-C,2015-03-02,2.3881568908691406,2.3881568908691406,2.3881568908691406,2.3881568908691406,0,1.438378930091858,0.0,0.0
CIG-C,2015-03-03,2.3881568908691406,2.3881568908691406,2.3881568908691406,2.3881568908691406,0,1.438378930091858,0.0,0.0
CIG-C,2015-03-04,2.3350870609283447,2.3881568908691406,2.2289469242095947,2.3244729042053223,13453,1.400022268295288,0.0,0.0
CIG-C,2015-03-05,2.3350870609283447,2.3350870609283447,2.2660961151123047,2.2660961151123047,22457,1.364862322807312,0.0,0.0
CIG-C,2015-03-06,2.1493420600891113,2.244868040084839,2.1493420600891113,2.244868040084839,1829,1.3520771265029907,0.0,0.0
CIG-C,2015-03-09,2.170569896697998,2.276710033416748,2.170569896697998,2.182616949081421,4580,1.3145831823349,0.0,0.0
CIG-C,2015-03-10,2.2289469242095947,2.2289469242095947,2.0856568813323975,2.1493420600891113,2920,1.2945417165756226,0.0,0.0
CIG-C,2015-03-11,2.1493420600891113,2.1493420600891113,2.1493420600891113,2.1493420600891113,0,1.2945417165756226,0.0,0.0
CIG-C,2015-03-12,2.09627103805542,2.09627103805542,2.0644290447235107,2.09627103805542,1328,1.2625774145126343,0.0,0.0
CIG-C,2015-03-13,2.0856568813323975,2.0856568813323975,2.02728009223938,2.02728009223938,989,1.2210242748260498,0.0,0.0
CIG-C,2015-03-16,1.9423680305480957,1.9476749897003174,1.8362270593643188,1.9476749897003174,8371,1.1730786561965942,0.0,0.0
CIG-C,2015-03-17,1.8999119997024536,1.9582890272140503,1.8999119997024536,1.9582890272140503,2828,1.1794711351394653,0.0,0.0
CIG-C,2015-03-18,1.9582890272140503,1.9582890272140503,1.9582890272140503,1.9582890272140503,0,1.1794711351394653,0.0,0.0
CIG-C,2015-03-19,1.910578966140747,1.910578966140747,1.910578966140747,1.910578966140747,254,1.1507354974746704,0.0,0.0
CIG-C,2015-03-20,2.0007450580596924,2.1387269496917725,2.0007450580596924,2.1387269496917725,5905,1.288148283958435,0.0,0.0
CIG-C,2015-03-23,2.239561080932617,2.2554819583892822,2.1971049308776855,2.2554819583892822,5283,1.3584694862365723,0.0,0.0
CIG-C,2015-03-24,2.2554819583892822,2.2554819583892822,2.2554819583892822,2.2554819583892822,0,1.3584694862365723,0.0,0.0
CIG-C,2015-03-25,2.3191659450531006,2.340341091156006,2.2554819583892822,2.2554819583892822,1079,1.3584694862365723,0.0,0.0
CIG-C,2015-03-26,2.2554819583892822,2.2554819583892822,2.2554819583892822,2.2554819583892822,0,1.3584694862365723,0.0,0.0
CIG-C,2015-03-27,2.175877094268799,2.1811840534210205,2.1175520420074463,2.1652629375457764,1305,1.304131031036377,0.0,0.0
CIG-C,2015-03-30,2.1493420600891113,2.1493420600891113,2.0861880779266357,2.1015779972076416,1991,1.2657737731933594,0.0,0.0
CIG-C,2015-03-31,2.1015779972076416,2.1015779972076416,2.1015779972076416,2.1015779972076416,0,1.2657737731933594,0.0,0.0
CIG-C,2015-04-01,2.1811840534210205,2.244868040084839,2.1811840534210205,2.244868040084839,763,1.3520771265029907,0.0,0.0
CIG-C,2015-04-02,2.4093849658966064,2.547368049621582,2.3775429725646973,2.441174030303955,12351,1.4703116416931152,0.0,0.0
CIG-C,2015-04-06,2.4677629470825195,2.4836840629577637,2.4677629470825195,2.473069906234741,3261,1.489522099494934,0.0,0.0
CIG-C,2015-04-07,2.494297981262207,2.494297981262207,2.478377103805542,2.478377103805542,1969,1.4927186965942383,0.0,0.0
CIG-C,2015-04-08,2.478377103805542,2.478377103805542,2.478377103805542,2.478377103805542,0,1.4927186965942383,0.0,0.0
CIG-C,2015-04-09,2.4147450923919678,2.488938093185425,2.4147450923919678,2.488938093185425,1528,1.4990792274475098,0.0,0.0
CIG-C,2015-04-10,2.478377103805542,2.478377103805542,2.478377103805542,2.478377103805542,523,1.4927186965942383,0.0,0.0
CIG-C,2015-04-13,2.478377103805542,2.478377103805542,2.478377103805542,2.478377103805542,0,1.4927186965942383,0.0,0.0
CIG-C,2015-04-14,2.4689300060272217,2.531446933746338,2.4689300060272217,2.520780086517334,8364,1.51825749874115,0.0,0.0
CIG-C,2015-04-15,2.531446933746338,2.531446933746338,2.292630910873413,2.292630910873413,1799,1.380843997001648,0.0,0.0
CIG-C,2015-04-16,2.4040780067443848,2.579210042953491,2.4040780067443848,2.579210042953491,2866,1.5534498691558838,0.0,0.0
CIG-C,2015-04-17,2.653507947921753,2.653507947921753,2.5208330154418945,2.5208330154418945,6039,1.5182896852493286,0.0,0.0
CIG-C,2015-04-20,2.5208330154418945,2.5208330154418945,2.5208330154418945,2.5208330154418945,0,1.5182896852493286,0.0,0.0
CIG-C,2015-04-21,2.4889910221099854,2.510219097137451,2.451841115951538,2.451841115951538,944,1.4767361879348755,0.0,0.0
CIG-C,2015-04-22,2.536700963973999,2.536700963973999,2.536700963973999,2.536700963973999,572,1.5278470516204834,0.0,0.0
CIG-C,2015-04-23,2.536700963973999,2.536700963973999,2.536700963973999,2.536700963973999,0,1.5278470516204834,0.0,0.0
CIG-C,2015-04-24,2.6269729137420654,2.7702629566192627,2.6269729137420654,2.743726968765259,8907,1.6525381803512573,0.0,0.0
CIG-C,2015-04-27,2.7702629566192627,2.7702629566192627,2.7278060913085938,2.7278060913085938,602,1.6429489850997925,0.0,0.0
CIG-C,2015-04-28,2.7278060913085938,2.7278060913085938,2.7278060913085938,2.7278060913085938,0,1.6429489850997925,0.0,0.0
CIG-C,2015-04-29,2.690656900405884,2.690656900405884,2.690656900405884,2.690656900405884,427,1.6205742359161377,0.0,0.0
CIG-C,2015-04-30,2.690656900405884,2.690656900405884,2.690656900405884,2.690656900405884,0,1.6205742359161377,0.0,0.0
CIG-C,2015-05-01,2.6747360229492188,2.6747360229492188,2.4093849658966064,2.5951309204101562,17463,1.5630390644073486,0.0,0.0
CIG-C,2015-05-04,2.4306130409240723,2.473069906234741,2.4306130409240723,2.473069906234741,629,1.5259236097335815,0.061908,0.0
CIG-C,2015-05-05,2.5579819679260254,2.6269729137420654,2.5367538928985596,2.6216659545898438,8641,1.617609977722168,0.0,0.0
CIG-C,2015-05-06,2.6216659545898438,2.706578016281128,2.5420610904693604,2.706578016281128,12087,1.670001745223999,0.0,0.0
CIG-C,2015-05-07,2.6747360229492188,2.7033939361572266,2.6747360229492188,2.7033939361572266,1797,1.6680374145507812,0.0,0.0
CIG-C,2015-05-08,2.7702629566192627,2.9188590049743652,2.754340887069702,2.9188590049743652,3779,1.800983190536499,0.0,0.0
CIG-C,2015-05-11,2.8917930126190186,2.8917930126190186,2.855175018310547,2.855175018310547,2728,1.761688470840454,0.0,0.0
CIG-C,2015-05-12,2.855175018310547,2.855175018310547,2.855175018310547,2.855175018310547,0,1.761688470840454,0.0,0.0
CIG-C,2015-05-13,2.754340887069702,2.754340887069702,2.653507947921753,2.653507947921753,3442,1.6372567415237427,0.0,0.0
CIG-C,2015-05-14,2.7325830459594727,2.7331130504608154,2.7325830459594727,2.7325830459594727,3787,1.6860474348068237,0.0,0.0
CIG-C,2015-05-15,2.738420009613037,2.738420009613037,2.738420009613037,2.738420009613037,557,1.6896491050720215,0.0,0.0
CIG-C,2015-05-18,2.7702629566192627,2.7702629566192627,2.706578016281128,2.706578016281128,3811,1.670001745223999,0.0,0.0
CIG-C,2015-05-19,2.685349941253662,2.685349941253662,2.685349941253662,2.685349941253662,893,1.6569039821624756,0.0,0.0
CIG-C,2015-05-20,2.685349941253662,2.685349941253662,2.685349941253662,2.685349941253662,0,1.6569039821624756,0.0,0.0
CIG-C,2015-05-21,2.5951309204101562,2.6269729137420654,2.3881568908691406,2.3881568908691406,3962,1.473530650138855,0.0,0.0
CIG-C,2015-05-22,2.4996049404144287,2.510219097137451,2.3881568908691406,2.4465339183807373,3412,1.50955069065094,0.0,0.0
CIG-C,2015-05-26,2.41999888420105,2.473069906234741,2.41999888420105,2.473069906234741,1205,1.5259236097335815,0.0,0.0
CIG-C,2015-05-27,2.4996049404144287,2.5049118995666504,2.4412269592285156,2.4412269592285156,1543,1.506276249885559,0.0,0.0
CIG-C,2015-05-28,2.4412269592285156,2.4412269592285156,2.4412269592285156,2.4412269592285156,0,1.506276249885559,0.0,0.0
CIG-C,2015-05-29,2.653507947921753,2.653507947921753,2.653507947921753,2.653507947921753,893,1.6372567415237427,0.0,0.0
CIG-C,2015-06-01,2.414691925048828,2.462455987930298,2.414691925048828,2.451841115951538,1028,1.5128253698349,0.0,0.0
CIG-C,2015-06-02,2.451841115951538,2.451841115951538,2.451841115951538,2.451841115951538,501,1.5128253698349,0.0,0.0
CIG-C,2015-06-03,2.3616220951080322,2.3616220951080322,2.2289469242095947,2.2289469242095947,1695,1.3752961158752441,0.0,0.0
CIG-C,2015-06-04,2.2660961151123047,2.3032450675964355,2.2660961151123047,2.3032450675964355,405,1.421139121055603,0.0,0.0
CIG-C,2015-06-05,2.313858985900879,2.329780101776123,2.313858985900879,2.3191659450531006,2076,1.4309628009796143,0.0,0.0
CIG-C,2015-06-08,2.3775429725646973,2.478377103805542,2.3775429725646973,2.478377103805542,1294,1.529198408126831,0.0,0.0
CIG-C,2015-06-09,2.4306130409240723,2.4306130409240723,2.4306130409240723,2.4306130409240723,228,1.4997270107269287,0.0,0.0
CIG-C,2015-06-10,2.4093849658966064,2.4093849658966064,2.3244729042053223,2.3244729042053223,962,1.4342368841171265,0.0,0.0
CIG-C,2015-06-11,2.3244729042053223,2.3244729042053223,2.3244729042053223,2.3244729042053223,0,1.4342368841171265,0.0,0.0
CIG-C,2015-06-12,2.3244729042053223,2.3244729042053223,2.3244729042053223,2.3244729042053223,0,1.4342368841171265,0.0,0.0
CIG-C,2015-06-15,2.2873239517211914,2.3403940200805664,2.2554819583892822,2.2554819583892822,22285,1.391668677330017,0.0,0.0
CIG-C,2015-06-16,2.260788917541504,2.2873239517211914,2.2554819583892822,2.2554819583892822,2099,1.391668677330017,0.0,0.0
CIG-C,2015-06-17,2.239561080932617,2.239561080932617,2.239561080932617,2.239561080932617,1075,1.3818447589874268,0.0,0.0
CIG-C,2015-06-18,2.3085520267486572,2.3510079383850098,2.3085520267486572,2.3510079383850098,2153,1.4506096839904785,0.0,0.0
CIG-C,2015-06-19,2.313858985900879,2.3414559364318848,2.3032450675964355,2.3032450675964355,1042,1.421139121055603,0.0,0.0
CIG-C,2015-06-22,2.3350870609283447,2.382849931716919,2.3244729042053223,2.382849931716919,2664,1.4702566862106323,0.0,0.0
CIG-C,2015-06-23,2.3722360134124756,2.3722360134124756,2.345700979232788,2.345700979232788,567,1.4473350048065186,0.0,0.0
CIG-C,2015-06-24,2.3244729042053223,2.3244729042053223,2.1228060722351074,2.1387269496917725,4933,1.3196285963058472,0.0,0.0
CIG-C,2015-06-25,1.9105260372161865,2.1068849563598633,1.9105260372161865,2.043200969696045,5351,1.2606879472732544,0.0,0.0
CIG-C,2015-06-26,2.043200969696045,2.043200969696045,2.043200969696045,2.043200969696045,0,1.2606879472732544,0.0,0.0
CIG-C,2015-06-29,2.1174991130828857,2.1174991130828857,2.0113589763641357,2.02728009223938,39383,1.2508645057678223,0.0,0.0
CIG-C,2015-06-30,2.02728009223938,2.02728009223938,2.02728009223938,2.02728009223938,0,1.2508645057678223,0.0,0.0
CIG-C,2015-07-01,2.02728009223938,2.02728009223938,2.02728009223938,2.02728009223938,0,1.2508645057678223,0.0,0.0
CIG-C,2015-07-02,1.9742100238800049,1.9742100238800049,1.9317539930343628,1.9317539930343628,780,1.1919232606887817,0.0,0.0
CIG-C,2015-07-06,1.9227319955825806,1.9227319955825806,1.9158329963684082,1.9158329963684082,2658,1.1820993423461914,0.0,0.0
CIG-C,2015-07-07,1.8468420505523682,1.8574559688568115,1.8043849468231201,1.8468420505523682,7633,1.1395310163497925,0.0,0.0
CIG-C,2015-07-08,1.8468420505523682,1.8468420505523682,1.8468420505523682,1.8468420505523682,0,1.1395310163497925,0.0,0.0
CIG-C,2015-07-09,1.8468420505523682,1.8468420505523682,1.8468420505523682,1.8468420505523682,0,1.1395310163497925,0.0,0.0
CIG-C,2015-07-10,1.8786309957504272,1.9052189588546753,1.8786309957504272,1.9052189588546753,6798,1.1755506992340088,0.0,0.0
CIG-C,2015-07-13,1.8786840438842773,1.878736972808838,1.8362270593643188,1.8362270593643188,6237,1.132981538772583,0.0,0.0
CIG-C,2015-07-14,1.746008038520813,1.883991003036499,1.746008038520813,1.883991003036499,5865,1.1624526977539062,0.0,0.0
CIG-C,2015-07-15,1.9052189588546753,1.9052189588546753,1.8234909772872925,1.8998589515686035,4695,1.1722434759140015,0.0,0.0
CIG-C,2015-07-16,1.9742100238800049,1.9742100238800049,1.8999119997024536,1.8999119997024536,840,1.1722759008407593,0.0,0.0
CIG-C,2015-07-17,1.8309199810028076,1.8309199810028076,1.7587449550628662,1.7587449550628662,2911,1.0851739645004272,0.0,0.0
CIG-C,2015-07-20,1.7566219568252563,1.7566219568252563,1.7566219568252563,1.7566219568252563,309,1.0838639736175537,0.0,0.0
CIG-C,2015-07-21,1.8091620206832886,1.8091620206832886,1.7088589668273926,1.7088589668273926,4021,1.0543932914733887,0.0,0.0
CIG-C,2015-07-22,1.7088589668273926,1.7088589668273926,1.7088589668273926,1.7088589668273926,0,1.0543932914733887,0.0,0.0
CIG-C,2015-07-23,1.6398680210113525,1.6398680210113525,1.6345609426498413,1.6345609426498413,435,1.0085504055023193,0.0,0.0
CIG-C,2015-07-24,1.5867979526519775,1.5867979526519775,1.5284199714660645,1.5284199714660645,757,0.943059504032135,0.0,0.0
CIG-C,2015-07-27,1.5814909934997559,1.5814909934997559,1.5124989748001099,1.5761840343475342,1230,0.972530722618103,0.0,0.0
CIG-C,2015-07-28,1.544342041015625,1.544342041015625,1.5018850564956665,1.5018850564956665,386,0.9266870021820068,0.0,0.0
CIG-C,2015-07-29,1.5018850564956665,1.5018850564956665,1.4860169887542725,1.4905810356140137,2890,0.9197123646736145,0.0,0.0
CIG-C,2015-07-30,1.5496490001678467,1.5496490001678467,1.5496490001678467,1.5496490001678467,212,0.9561586976051331,0.0,0.0
CIG-C,2015-07-31,1.5390349626541138,1.5390349626541138,1.475350022315979,1.475350022315979,1592,0.9103145003318787,0.0,0.0
CIG-C,2015-08-03,1.5284199714660645,1.5284199714660645,1.5124989748001099,1.5124989748001099,1530,0.9332359433174133,0.0,0.0
CIG-C,2015-08-04,1.5124989748001099,1.5124989748001099,1.5124989748001099,1.5124989748001099,0,0.9332359433174133,0.0,0.0
CIG-C,2015-08-05,1.5018850564956665,1.5018850564956665,1.3798240423202515,1.4063589572906494,29474,0.8677458763122559,0.0,0.0
CIG-C,2015-08-06,1.3798240423202515,1.3798240423202515,1.273684024810791,1.273684024810791,13050,0.785883367061615,0.0,0.0
CIG-C,2015-08-07,1.342674970626831,1.353289008140564,1.342674970626831,1.353289008140564,576,0.8350008726119995,0.0,0.0
CIG-C,2015-08-10,1.353289008140564,1.353289008140564,1.353289008140564,1.353289008140564,0,0.8350008726119995,0.0,0.0
CIG-C,2015-08-11,1.353289008140564,1.353289008140564,1.353289008140564,1.353289008140564,0,0.8350008726119995,0.0,0.0
CIG-C,2015-08-12,1.4010519981384277,1.4010519981384277,1.4010519981384277,1.4010519981384277,203,0.8644716143608093,0.0,0.0
CIG-C,2015-08-13,1.4010519981384277,1.4010519981384277,1.4010519981384277,1.4010519981384277,0,0.8644716143608093,0.0,0.0
CIG-C,2015-08-14,1.4169729948043823,1.4169729948043823,1.3745169639587402,1.3745169639587402,819,0.8480990529060364,0.0,0.0
CIG-C,2015-08-17,1.3745169639587402,1.3904379606246948,1.3745169639587402,1.3904379606246948,565,0.857922375202179,0.0,0.0
CIG-C,2015-08-18,1.3972309827804565,1.3972309827804565,1.3972309827804565,1.3972309827804565,401,0.8621140122413635,0.0,0.0
CIG-C,2015-08-19,1.3972309827804565,1.3972309827804565,1.3972309827804565,1.3972309827804565,0,0.8621140122413635,0.0,0.0
CIG-C,2015-08-20,1.3692100048065186,1.4116660356521606,1.3479820489883423,1.4116660356521606,3776,0.8710206151008606,0.0,0.0
CIG-C,2015-08-21,1.3639030456542969,1.3639030456542969,1.2358980178833008,1.3214470148086548,2875,0.8153539299964905,0.0,0.0
CIG-C,2015-08-24,1.2365349531173706,1.2471489906311035,1.1993850469589233,1.1993850469589233,7823,0.7400397658348083,0.0,0.0
CIG-C,2015-08-25,1.2277250289916992,1.2277250289916992,1.1728500127792358,1.1728500127792358,8351,0.7236672639846802,0.0,0.0
CIG-C,2015-08-26,1.1728500127792358,1.1728500127792358,1.1728500127792358,1.1728500127792358,2125,0.7236672639846802,0.0,0.0
CIG-C,2015-08-27,1.1728500127792358,1.1728500127792358,1.1728500127792358,1.1728500127792358,0,0.7236672639846802,0.0,0.0
CIG-C,2015-08-28,1.1728500127792358,1.1728500127792358,1.1728500127792358,1.1728500127792358,0,0.7236672639846802,0.0,0.0
CIG-C,2015-08-31,1.215306043624878,1.215306043624878,1.1038589477539062,1.1038589477539062,951,0.6810986399650574,0.0,0.0
CIG-C,2015-09-01,1.1038589477539062,1.1038589477539062,1.1038589477539062,1.1038589477539062,0,0.6810986399650574,0.0,0.0
CIG-C,2015-09-02,1.0614030361175537,1.0614030361175537,1.0614030361175537,1.0614030361175537,1266,0.6549026370048523,0.0,0.0
CIG-C,2015-09-03,1.0507889986038208,1.0507889986038208,1.0507889986038208,1.0507889986038208,1109,0.6483535766601562,0.0,0.0
CIG-C,2015-09-04,1.0879379510879517,1.0879379510879517,1.0348680019378662,1.0348680019378662,4333,0.6385301351547241,0.0,0.0
CIG-C,2015-09-08,1.125087022781372,1.125087022781372,1.0507889986038208,1.0507889986038208,587,0.6483535766601562,0.0,0.0
CIG-C,2015-09-09,1.0189470052719116,1.0189470052719116,0.9711840152740479,0.9711840152740479,3487,0.5992361307144165,0.0,0.0
CIG-C,2015-09-10,0.9931020140647888,0.9931020140647888,0.9931020140647888,0.9931020140647888,194,0.6127598285675049,0.0,0.0
CIG-C,2015-09-11,1.040174961090088,1.040174961090088,0.9886969923973083,0.9886969923973083,6039,0.6100419163703918,0.0,0.0
CIG-C,2015-09-14,0.9886969923973083,0.9886969923973083,0.9886969923973083,0.9886969923973083,0,0.6100419163703918,0.0,0.0
CIG-C,2015-09-15,1.040174961090088,1.040174961090088,0.9871050119400024,1.003026008605957,1661,0.6188830733299255,0.0,0.0
CIG-C,2015-09-16,0.9499559998512268,1.0083329677581787,0.9499559998512268,1.0083329677581787,1413,0.6221575140953064,0.0,0.0
CIG-C,2015-09-17,1.0242539644241333,1.0242539644241333,0.9924119710922241,0.9924119710922241,2076,0.612334132194519,0.0,0.0
CIG-C,2015-09-18,0.9446489810943604,0.9446489810943604,0.9446489810943604,0.9446489810943604,569,0.5828635692596436,0.0,0.0
CIG-C,2015-09-21,0.9446489810943604,0.9446489810943604,0.9446489810943604,0.9446489810943604,0,0.5828635692596436,0.0,0.0
CIG-C,2015-09-22,0.9021390080451965,0.9021390080451965,0.9021390080451965,0.9021390080451965,309,0.5566341876983643,0.0,0.0
CIG-C,2015-09-23,0.9021919965744019,0.9021919965744019,0.8756570219993591,0.8756570219993591,631,0.5402944087982178,0.0,0.0
CIG-C,2015-09-24,0.8756570219993591,0.8756570219993591,0.8756570219993591,0.8756570219993591,0,0.5402944087982178,0.0,0.0
CIG-C,2015-09-25,0.9021919965744019,0.9021919965744019,0.8968849778175354,0.8968849778175354,5502,0.5533924102783203,0.0,0.0
CIG-C,2015-09-28,0.8968849778175354,0.8968849778175354,0.8968849778175354,0.8968849778175354,0,0.5533924102783203,0.0,0.0
CIG-C,2015-09-29,0.8968849778175354,0.8968849778175354,0.8968849778175354,0.8968849778175354,0,0.5533924102783203,0.0,0.0
CIG-C,2015-09-30,0.9021919965744019,0.9552630186080933,0.8862709999084473,0.9287279844284058,36374,0.5730400681495667,0.0,0.0
CIG-C,2015-10-01,0.9234210252761841,0.9287279844284058,0.9021919965744019,0.9021919965744019,1053,0.556666910648346,0.0,0.0
CIG-C,2015-10-02,0.9021919965744019,0.9287279844284058,0.8968849778175354,0.9287279844284058,5277,0.5730400681495667,0.0,0.0
CIG-C,2015-10-05,0.8809639811515808,0.9446489810943604,0.8809639811515808,0.9446489810943604,586,0.5828635692596436,0.0,0.0
CIG-C,2015-10-06,0.9021919965744019,0.9446489810943604,0.9021919965744019,0.9446489810943604,987,0.5828635692596436,0.0,0.0
CIG-C,2015-10-07,0.9446489810943604,0.9446489810943604,0.9446489810943604,0.9446489810943604,0,0.5828635692596436,0.0,0.0
CIG-C,2015-10-08,0.9446489810943604,0.9446489810943604,0.9446489810943604,0.9446489810943604,0,0.5828635692596436,0.0,0.0
CIG-C,2015-10-09,0.9924119710922241,1.0083329677581787,0.9924119710922241,1.0083329677581787,1156,0.6221575140953064,0.0,0.0
CIG-C,2015-10-12,1.0083329677581787,1.0083329677581787,1.0083329677581787,1.0083329677581787,0,0.6221575140953064,0.0,0.0
CIG-C,2015-10-13,1.0083329677581787,1.0083329677581787,1.0083329677581787,1.0083329677581787,0,0.6221575140953064,0.0,0.0
CIG-C,2015-10-14,1.0083329677581787,1.0083329677581787,1.0083329677581787,1.0083329677581787,0,0.6221575140953064,0.0,0.0
CIG-C,2015-10-15,1.0295610427856445,1.0879379510879517,0.981797993183136,1.0879379510879517,11040,0.6712751388549805,0.0,0.0
CIG-C,2015-10-16,1.01364004611969,1.01364004611969,0.9924119710922241,0.9924119710922241,1130,0.612334132194519,0.0,0.0
CIG-C,2015-10-19,0.9658769965171814,0.9977189898490906,0.9552630186080933,0.9552630186080933,2730,0.5894126296043396,0.0,0.0
CIG-C,2015-10-20,0.9764909744262695,0.9871050119400024,0.9764909744262695,0.9871050119400024,1905,0.6090595126152039,0.0,0.0
CIG-C,2015-10-21,1.0295610427856445,1.0614030361175537,1.0117820501327515,1.01364004611969,6519,0.6254322528839111,0.0,0.0
CIG-C,2015-10-22,1.0454820394515991,1.0454820394515991,1.0454820394515991,1.0454820394515991,201,0.6450790762901306,0.0,0.0
CIG-C,2015-10-23,1.0560959577560425,1.0614030361175537,1.0242539644241333,1.0242539644241333,4168,0.6319810748100281,0.0,0.0
CIG-C,2015-10-26,0.9711840152740479,0.9711840152740479,0.9711840152740479,0.9711840152740479,207,0.5992361307144165,0.0,0.0
CIG-C,2015-10-27,0.9234210252761841,0.9234210252761841,0.9234210252761841,0.9234210252761841,778,0.5697655081748962,0.0,0.0
CIG-C,2015-10-28,0.9605169892311096,0.9605169892311096,0.9499559998512268,0.9499559998512268,738,0.5861379504203796,0.0,0.0
CIG-C,2015-10-29,0.9499559998512268,0.9499559998512268,0.9499559998512268,0.9499559998512268,0,0.5861379504203796,0.0,0.0
CIG-C,2015-10-30,0.9499559998512268,0.9499559998512268,0.9393420219421387,0.9446489810943604,24789,0.5828635692596436,0.0,0.0
CIG-C,2015-11-02,0.9361569881439209,0.9361569881439209,0.9361569881439209,0.9361569881439209,363,0.5776237845420837,0.0,0.0
CIG-C,2015-11-03,0.9871050119400024,1.003026008605957,0.9871050119400024,1.003026008605957,1377,0.6188830733299255,0.0,0.0
CIG-C,2015-11-04,1.003026008605957,1.003026008605957,1.003026008605957,1.003026008605957,20237,0.6188830733299255,0.0,0.0
CIG-C,2015-11-05,1.003026008605957,1.003026008605957,0.9924119710922241,1.003026008605957,48430,0.6188830733299255,0.0,0.0
CIG-C,2015-11-06,1.0244660377502441,1.0350799560546875,0.9764909744262695,0.9764909744262695,48923,0.6025104522705078,0.0,0.0
CIG-C,2015-11-09,0.981797993183136,0.981797993183136,0.9665129780769348,0.9665129780769348,1356,0.5963540077209473,0.0,0.0
CIG-C,2015-11-10,0.9871050119400024,0.9871050119400024,0.9764909744262695,0.9764909744262695,2677,0.6025104522705078,0.0,0.0
CIG-C,2015-11-11,0.9764909744262695,0.9764909744262695,0.9764909744262695,0.9764909744262695,0,0.6025104522705078,0.0,0.0
CIG-C,2015-11-12,1.0078020095825195,1.0131089687347412,0.9711840152740479,1.0131089687347412,1015,0.6251044273376465,0.0,0.0
CIG-C,2015-11-13,0.9711840152740479,0.9977189898490906,0.9446489810943604,0.9711840152740479,8362,0.5992361307144165,0.0,0.0
CIG-C,2015-11-16,0.9552630186080933,0.9605699777603149,0.9552630186080933,0.9605699777603149,3014,0.5926870107650757,0.0,0.0
CIG-C,2015-11-17,0.9605699777603149,0.9605699777603149,0.9605699777603149,0.9605699777603149,0,0.5926870107650757,0.0,0.0
CIG-C,2015-11-18,0.9181129932403564,0.9446489810943604,0.9181129932403564,0.9446489810943604,1241,0.5828635692596436,0.0,0.0
CIG-C,2015-11-19,0.9446489810943604,0.9446489810943604,0.9446489810943604,0.9446489810943604,0,0.5828635692596436,0.0,0.0
CIG-C,2015-11-20,0.981797993183136,0.981797993183136,0.981797993183136,0.981797993183136,976,0.6057851910591125,0.0,0.0
CIG-C,2015-11-23,0.9603570103645325,0.9603570103645325,0.9603570103645325,0.9603570103645325,197,0.592555582523346,0.0,0.0
CIG-C,2015-11-24,1.01364004611969,1.01364004611969,0.9871050119400024,0.9871050119400024,390,0.6090595126152039,0.0,0.0
CIG-C,2015-11-25,0.9340350031852722,0.9393420219421387,0.9287279844284058,0.9287279844284058,11776,0.5730400681495667,0.0,0.0
CIG-C,2015-11-27,0.9021919965744019,0.9021919965744019,0.9021919965744019,0.9021919965744019,1720,0.556666910648346,0.0,0.0
CIG-C,2015-11-30,0.8703500032424927,0.8968849778175354,0.84381502866745,0.8756570219993591,22845,0.5402944087982178,0.0,0.0
CIG-C,2015-12-01,0.9764909744262695,0.9764909744262695,0.8688110113143921,0.8688110113143921,14388,0.5360702872276306,0.0,0.0
CIG-C,2015-12-02,0.8491219878196716,0.8915249705314636,0.8491219878196716,0.8902519941329956,3280,0.5492997169494629,0.0,0.0
CIG-C,2015-12-03,0.91280597448349,0.91280597448349,0.8969380259513855,0.8969380259513855,6794,0.5534251928329468,0.0,0.0
CIG-C,2015-12-04,0.8968849778175354,0.9021919965744019,0.849174976348877,0.849174976348877,1132,0.5239545702934265,0.0,0.0
CIG-C,2015-12-07,0.8602669835090637,0.9181129932403564,0.8597360253334045,0.9181129932403564,4186,0.5664904713630676,0.0,0.0
CIG-C,2015-12-08,0.9074990153312683,0.9552630186080933,0.9074990153312683,0.9552630186080933,8712,0.5894126296043396,0.0,0.0
CIG-C,2015-12-09,0.9552630186080933,0.9552630186080933,0.9552630186080933,0.9552630186080933,0,0.5894126296043396,0.0,0.0
CIG-C,2015-12-10,0.9074990153312683,0.9552099704742432,0.9074990153312683,0.9357330203056335,2031,0.5773622989654541,0.0,0.0
CIG-C,2015-12-11,0.9552630186080933,0.9552630186080933,0.8756570219993591,0.8756570219993591,1594,0.5402944087982178,0.0,0.0
CIG-C,2015-12-14,0.8414270281791687,0.8414270281791687,0.6899120211601257,0.6899120211601257,5387,0.42568671703338623,0.0,0.0
CIG-C,2015-12-15,0.7907450199127197,0.8597360253334045,0.7058330178260803,0.8491219878196716,48124,0.5239217877388,0.0,0.0
CIG-C,2015-12-16,0.8544290065765381,0.8544290065765381,0.8544290065765381,0.8544290065765381,503,0.5271962881088257,0.0,0.0
CIG-C,2015-12-17,0.8491219878196716,0.8544290065765381,0.8278939723968506,0.8278939723968506,1780,0.5108238458633423,0.0,0.0
CIG-C,2015-12-18,0.8544290065765381,0.8968849778175354,0.8162189722061157,0.8968849778175354,16191,0.5533924102783203,0.0,0.0
CIG-C,2015-12-21,0.8915780186653137,0.8968849778175354,0.8915780186653137,0.8915780186653137,2061,0.5501177310943604,0.0,0.0
CIG-C,2015-12-22,0.833200991153717,1.1091660261154175,0.833200991153717,1.1091660261154175,45835,0.6843734979629517,0.0,0.0
CIG-C,2015-12-23,1.1569290161132812,1.3851310014724731,0.8942319750785828,1.0021770000457764,50442,0.6183593273162842,0.0,0.0
CIG-C,2015-12-24,1.01151704788208,1.01151704788208,0.9021919965744019,0.9552630186080933,5159,0.5894126296043396,0.0,0.0
CIG-C,2015-12-28,0.9074990153312683,0.9865739941596985,0.9074990153312683,0.9865739941596985,2187,0.6087320446968079,0.0,0.0
CIG-C,2015-12-29,0.9711840152740479,0.9711840152740479,0.9287279844284058,0.9287279844284058,3625,0.5730400681495667,0.0,0.0
CIG-C,2015-12-30,0.9552630186080933,0.9552630186080933,0.8756570219993591,0.8915780186653137,18305,0.5501177310943604,0.0,0.0
CIG-C,2015-12-31,0.8544290065765381,0.9552630186080933,0.8544290065765381,0.9234210252761841,8272,0.5697655081748962,0.0,0.0
CIG-C,2016-01-04,0.8862709999084473,0.9605699777603149,0.8491219878196716,0.8491219878196716,4814,0.5239217877388,0.0,0.0
CIG-C,2016-01-05,0.84381502866745,0.8544290065765381,0.8385080099105835,0.8491219878196716,24686,0.5239217877388,0.0,0.0
CIG-C,2016-01-06,0.8491219878196716,0.8544290065765381,0.84381502866745,0.8491219878196716,22988,0.5239217877388,0.0,0.0
CIG-C,2016-01-07,0.7801309823989868,0.7801309823989868,0.7694640159606934,0.7694640159606934,2417,0.48968493938446045,0.02586,0.0
CIG-C,2016-01-08,0.7429289817810059,0.7429289817810059,0.7270609736442566,0.7270609736442566,5057,0.4626997113227844,0.0,0.0
CIG-C,2016-01-11,0.7217540144920349,0.7217540144920349,0.6943169832229614,0.6943169832229614,9913,0.4418615698814392,0.0,0.0
CIG-C,2016-01-12,0.7164469957351685,0.7164469957351685,0.6948469877243042,0.7164469957351685,800,0.4559450149536133,0.0,0.0
CIG-C,2016-01-13,0.7163940072059631,0.7164469957351685,0.6739910244941711,0.7107149958610535,6227,0.45229724049568176,0.0,0.0
CIG-C,2016-01-14,0.7107149958610535,0.7107149958610535,0.7107149958610535,0.7107149958610535,0,0.45229724049568176,0.0,0.0
CIG-C,2016-01-15,0.6739910244941711,0.6739910244941711,0.6633769869804382,0.6654989719390869,648,0.42352184653282166,0.0,0.0
CIG-C,2016-01-19,0.6580700278282166,0.6633769869804382,0.6314809918403625,0.6368420124053955,7344,0.4052846431732178,0.0,0.0
CIG-C,2016-01-20,0.5985249876976013,0.6103060245513916,0.5794199705123901,0.5996919870376587,8175,0.3816424310207367,0.0,0.0
CIG-C,2016-01-21,0.573157012462616,0.573157012462616,0.573157012462616,0.573157012462616,229,0.36475569009780884,0.0,0.0
CIG-C,2016-01-22,0.6049990057945251,0.6368420124053955,0.6049990057945251,0.6368420124053955,2688,0.4052846431732178,0.0,0.0
CIG-C,2016-01-25,0.6368420124053955,0.6368420124053955,0.6368420124053955,0.6368420124053955,0,0.4052846431732178,0.0,0.0
CIG-C,2016-01-26,0.6368420124053955,0.6368420124053955,0.6368420124053955,0.6368420124053955,0,0.4052846431732178,0.0,0.0
CIG-C,2016-01-27,0.6739910244941711,0.6739910244941711,0.6739910244941711,0.6739910244941711,231,0.4289261996746063,0.0,0.0
CIG-C,2016-01-28,0.6952189803123474,0.6952189803123474,0.6952189803123474,0.6952189803123474,363,0.4424355924129486,0.0,0.0
CIG-C,2016-01-29,0.7482889890670776,0.7854380011558533,0.7482889890670776,0.7711089849472046,4829,0.490731805562973,0.0,0.0
CIG-C,2016-02-01,0.8225870132446289,0.981797993183136,0.8225870132446289,0.9393420219421387,8893,0.5977948904037476,0.0,0.0
CIG-C,2016-02-02,0.9393420219421387,0.9393420219421387,0.7429819703102112,0.7511550188064575,9440,0.478033185005188,0.0,0.0
CIG-C,2016-02-03,0.7511550188064575,0.7511550188064575,0.7511550188064575,0.7511550188064575,0,0.478033185005188,0.0,0.0
CIG-C,2016-02-04,0.7960519790649414,0.8066660165786743,0.7960519790649414,0.8066660165786743,627,0.513360321521759,0.0,0.0
CIG-C,2016-02-05,0.8544290065765381,0.875603973865509,0.8293799757957458,0.8293799757957458,1771,0.5278153419494629,0.0,0.0
CIG-C,2016-02-08,0.8293799757957458,0.8293799757957458,0.8293799757957458,0.8293799757957458,0,0.5278153419494629,0.0,0.0
CIG-C,2016-02-09,0.8225870132446289,0.8225870132446289,0.8225870132446289,0.8225870132446289,209,0.5234923362731934,0.0,0.0
CIG-C,2016-02-10,0.8225870132446289,0.8225870132446289,0.8225870132446289,0.8225870132446289,0,0.5234923362731934,0.0,0.0
CIG-C,2016-02-11,0.7859690189361572,0.7859690189361572,0.7859690189361572,0.7859690189361572,501,0.5001886487007141,0.0,0.0
CIG-C,2016-02-12,0.8278939723968506,0.8278939723968506,0.8278939723968506,0.8278939723968506,226,0.5268696546554565,0.0,0.0
CIG-C,2016-02-16,0.7854909896850586,0.7854909896850586,0.7854909896850586,0.7854909896850586,706,0.4998844563961029,0.0,0.0
CIG-C,2016-02-17,0.8225870132446289,0.8650429844856262,0.8225870132446289,0.8650429844856262,1136,0.5505111217498779,0.0,0.0
CIG-C,2016-02-18,0.8225870132446289,0.8225870132446289,0.8225870132446289,0.8225870132446289,261,0.5234923362731934,0.0,0.0
CIG-C,2016-02-19,0.8597360253334045,0.8597360253334045,0.8597360253334045,0.8597360253334045,350,0.5471339225769043,0.0,0.0
CIG-C,2016-02-22,0.8854749798774719,0.8854749798774719,0.8854749798774719,0.8854749798774719,290,0.5635140538215637,0.0,0.0
CIG-C,2016-02-23,0.84381502866745,0.8544290065765381,0.7217540144920349,0.8066660165786743,11405,0.513360321521759,0.0,0.0
CIG-C,2016-02-24,0.8385080099105835,0.8385080099105835,0.811972975730896,0.811972975730896,5198,0.5167374610900879,0.0,0.0
CIG-C,2016-02-25,0.811972975730896,0.811972975730896,0.811972975730896,0.811972975730896,0,0.5167374610900879,0.0,0.0
CIG-C,2016-02-26,0.8384550213813782,0.8384550213813782,0.8384550213813782,0.8384550213813782,565,0.5335906744003296,0.0,0.0
CIG-C,2016-02-29,0.8384550213813782,0.8384550213813782,0.8384550213813782,0.8384550213813782,0,0.5335906744003296,0.0,0.0
CIG-C,2016-03-01,0.8384550213813782,0.8384550213813782,0.8384550213813782,0.8384550213813782,0,0.5335906744003296,0.0,0.0
CIG-C,2016-03-02,0.8384550213813782,0.8384550213813782,0.8384550213813782,0.8384550213813782,0,0.5335906744003296,0.0,0.0
CIG-C,2016-03-03,0.8544290065765381,0.9393420219421387,0.8385080099105835,0.9393420219421387,55598,0.5977948904037476,0.0,0.0
CIG-C,2016-03-04,0.981797993183136,1.0242539644241333,0.981797993183136,0.9924119710922241,12852,0.6315685510635376,0.0,0.0
CIG-C,2016-03-07,0.9924119710922241,0.9924119710922241,0.9924119710922241,0.9924119710922241,0,0.6315685510635376,0.0,0.0
CIG-C,2016-03-08,0.9499559998512268,0.9764909744262695,0.9499559998512268,0.9711840152740479,1916,0.6180591583251953,0.0,0.0
CIG-C,2016-03-09,1.003026008605957,1.01364004611969,0.981797993183136,0.9977189898490906,4262,0.6349459886550903,0.0,0.0
CIG-C,2016-03-10,1.0295610427856445,1.0295610427856445,1.0295610427856445,1.0295610427856445,567,0.6552098989486694,0.0,0.0
CIG-C,2016-03-11,1.0295610427856445,1.1516220569610596,1.0083329677581787,1.109218955039978,92044,0.7059041261672974,0.0,0.0
CIG-C,2016-03-14,1.1357009410858154,1.1357009410858154,1.0614030361175537,1.0667099952697754,7265,0.6788514852523804,0.0,0.0
CIG-C,2016-03-15,1.01364004611969,1.040174961090088,0.9552630186080933,0.9552630186080933,5831,0.6079269647598267,0.0,0.0
CIG-C,2016-03-16,0.981797993183136,0.981797993183136,0.981797993183136,0.981797993183136,190,0.6248138546943665,0.0,0.0
CIG-C,2016-03-17,1.0242539644241333,1.072016954421997,1.0242539644241333,1.072016954421997,3401,0.6822288632392883,0.0,0.0
CIG-C,2016-03-18,1.0879379510879517,1.0879379510879517,1.0879379510879517,1.0879379510879517,8667,0.6923609972000122,0.0,0.0
CIG-C,2016-03-21,1.1038589477539062,1.1568759679794312,1.1038589477539062,1.1431310176849365,889,0.7274855375289917,0.0,0.0
CIG-C,2016-03-22,1.1431310176849365,1.1431310176849365,1.1431310176849365,1.1431310176849365,0,0.7274855375289917,0.0,0.0
CIG-C,2016-03-23,1.1197799444198608,1.1197799444198608,1.1197799444198608,1.1197799444198608,2046,0.7126250267028809,0.0,0.0
CIG-C,2016-03-24,1.1091660261154175,1.1091660261154175,1.08263099193573,1.093245029449463,1530,0.6957383751869202,0.0,0.0
CIG-C,2016-03-28,1.1038589477539062,1.2577630281448364,1.1038589477539062,1.2577630281448364,9300,0.8004370927810669,0.0,0.0
CIG-C,2016-03-29,1.231227993965149,1.2896050214767456,1.194077968597412,1.1993850469589233,20493,0.7632855772972107,0.0,0.0
CIG-C,2016-03-30,1.2418420314788818,1.2418420314788818,1.2099989652633667,1.2099989652633667,2837,0.7700403928756714,0.0,0.0
CIG-C,2016-03-31,1.2099989652633667,1.2099989652633667,1.1410080194473267,1.1410080194473267,4039,0.7261345982551575,0.0,0.0
CIG-C,2016-04-01,1.1410080194473267,1.1410080194473267,1.1410080194473267,1.1410080194473267,0,0.7261345982551575,0.0,0.0
CIG-C,2016-04-04,1.08263099193573,1.08263099193573,1.08263099193573,1.08263099193573,486,0.688983678817749,0.0,0.0
CIG-C,2016-04-05,1.0242539644241333,1.0560959577560425,1.0242539644241333,1.0463839769363403,1117,0.6659163236618042,0.0,0.0
CIG-C,2016-04-06,1.040174961090088,1.040174961090088,1.0083329677581787,1.0083329677581787,416,0.6417005062103271,0.0,0.0
CIG-C,2016-04-07,1.0614030361175537,1.0614030361175537,0.9552630186080933,0.9711310267448425,6468,0.6180253624916077,0.0,0.0
CIG-C,2016-04-08,1.01364004611969,1.01364004611969,1.01364004611969,1.01364004611969,188,0.6450780630111694,0.0,0.0
CIG-C,2016-04-11,1.072016954421997,1.1091660261154175,1.072016954421997,1.1091660261154175,4661,0.7058708071708679,0.0,0.0
CIG-C,2016-04-12,1.125087022781372,1.125087022781372,1.125033974647522,1.125033974647522,1560,0.7159688472747803,0.0,0.0
CIG-C,2016-04-13,1.1781569719314575,1.204692006111145,1.1781569719314575,1.204692006111145,2862,0.766663134098053,0.0,0.0
CIG-C,2016-04-14,1.204692006111145,1.204692006111145,1.204692006111145,1.204692006111145,0,0.766663134098053,0.0,0.0
CIG-C,2016-04-15,1.162235975265503,1.2205599546432495,1.162235975265503,1.1675430536270142,5390,0.743021547794342,0.0,0.0
CIG-C,2016-04-18,1.1675430536270142,1.1675430536270142,1.1675430536270142,1.1675430536270142,0,0.743021547794342,0.0,0.0
CIG-C,2016-04-19,1.1675430536270142,1.1675430536270142,1.1675430536270142,1.1675430536270142,0,0.743021547794342,0.0,0.0
CIG-C,2016-04-20,1.1675430536270142,1.1675430536270142,1.1675430536270142,1.1675430536270142,0,0.743021547794342,0.0,0.0
CIG-C,2016-04-21,1.1675430536270142,1.1675430536270142,1.1675430536270142,1.1675430536270142,0,0.743021547794342,0.0,0.0
CIG-C,2016-04-22,1.1144729852676392,1.1144729852676392,1.1144729852676392,1.1144729852676392,194,0.7092478275299072,0.0,0.0
CIG-C,2016-04-25,1.1410080194473267,1.1410080194473267,1.1303939819335938,1.1410080194473267,1705,0.7261345982551575,0.0,0.0
CIG-C,2016-04-26,1.1410080194473267,1.1410080194473267,1.1410080194473267,1.1410080194473267,0,0.7261345982551575,0.0,0.0
CIG-C,2016-04-27,1.11394202709198,1.11394202709198,1.11394202709198,1.11394202709198,212,0.7089099287986755,0.0,0.0
CIG-C,2016-04-28,1.0794470310211182,1.0964289903640747,1.0794470310211182,1.0964289903640747,4232,0.6977647542953491,0.0,0.0
CIG-C,2016-04-29,1.0964289903640747,1.0964289903640747,1.0964289903640747,1.0964289903640747,0,0.6977647542953491,0.0,0.0
CIG-C,2016-05-02,1.0454820394515991,1.0454820394515991,1.0454820394515991,1.0454820394515991,388,0.7010320425033569,0.05582,0.0
CIG-C,2016-05-03,1.0454820394515991,1.0454820394515991,1.0454820394515991,1.0454820394515991,0,0.7010320425033569,0.0,0.0
CIG-C,2016-05-04,0.9658769965171814,0.9764909744262695,0.9393420219421387,0.9393420219421387,3487,0.62986159324646,0.0,0.0
CIG-C,2016-05-05,0.9658769965171814,0.9658769965171814,0.9605699777603149,0.9605699777603149,1258,0.644095778465271,0.0,0.0
CIG-C,2016-05-06,0.9605699777603149,0.9605699777603149,0.9605699777603149,0.9605699777603149,0,0.644095778465271,0.0,0.0
CIG-C,2016-05-09,0.9499559998512268,0.9499559998512268,0.9021919965744019,0.9234210252761841,8091,0.6191859841346741,0.0,0.0
CIG-C,2016-05-10,0.9658769965171814,0.9658769965171814,0.9658769965171814,0.9658769965171814,565,0.6476542353630066,0.0,0.0
CIG-C,2016-05-11,1.0189470052719116,1.1410080194473267,1.0189470052719116,1.0560959577560425,74778,0.708149254322052,0.0,0.0
CIG-C,2016-05-12,1.093245029449463,1.093245029449463,1.0667099952697754,1.0825779438018799,9877,0.7259063720703125,0.0,0.0
CIG-C,2016-05-13,1.125087022781372,1.125087022781372,0.9924119710922241,1.0083329677581787,31168,0.6761223077774048,0.0,0.0
CIG-C,2016-05-16,1.0348680019378662,1.0348680019378662,0.9553160071372986,0.9553160071372986,4995,0.6405726671218872,0.0,0.0
CIG-C,2016-05-17,0.9552630186080933,0.9573850035667419,0.9446489810943604,0.9446489810943604,7667,0.6334201097488403,0.0,0.0
CIG-C,2016-05-18,0.9658769965171814,1.0083329677581787,0.8756570219993591,0.8756570219993591,14735,0.5871586203575134,0.0,0.0
CIG-C,2016-05-19,0.9287279844284058,0.9287279844284058,0.8178110122680664,0.8490689992904663,11401,0.5693303942680359,0.0,0.0
CIG-C,2016-05-20,0.8968849778175354,0.91280597448349,0.8756570219993591,0.8756570219993591,13572,0.5871586203575134,0.0,0.0
CIG-C,2016-05-23,0.8756570219993591,0.907446026802063,0.8491219878196716,0.8968319892883301,20337,0.601357102394104,0.0,0.0
CIG-C,2016-05-24,0.8968849778175354,0.9287279844284058,0.8650429844856262,0.9287279844284058,13676,0.6227445602416992,0.0,0.0
CIG-C,2016-05-25,0.9234210252761841,0.9605699777603149,0.8703500032424927,0.8703500032424927,7729,0.5835999846458435,0.0,0.0
CIG-C,2016-05-26,0.9074990153312683,1.0454820394515991,0.9021919965744019,0.9074990153312683,30527,0.6085096597671509,0.0,0.0
CIG-C,2016-05-27,0.9079239964485168,0.9079239964485168,0.8703500032424927,0.8703500032424927,3813,0.5835999846458435,0.0,0.0
CIG-C,2016-05-31,0.9030420184135437,0.9030420184135437,0.9030420184135437,0.9030420184135437,303,0.6055212020874023,0.0,0.0
CIG-C,2016-06-01,0.9030420184135437,0.9030420184135437,0.9030420184135437,0.9030420184135437,0,0.6055212020874023,0.0,0.0
CIG-C,2016-06-02,0.8809639811515808,0.8809639811515808,0.8809639811515808,0.8809639811515808,195,0.590717077255249,0.0,0.0
CIG-C,2016-06-03,0.8597360253334045,0.8597360253334045,0.8546950221061707,0.8546950221061707,378,0.5731027722358704,0.0,0.0
CIG-C,2016-06-06,0.8546950221061707,0.8546950221061707,0.8546950221061707,0.8546950221061707,0,0.5731027722358704,0.0,0.0
CIG-C,2016-06-07,0.9287279844284058,0.9287279844284058,0.8836179971694946,0.8836179971694946,6973,0.5924967527389526,0.0,0.0
CIG-C,2016-06-08,0.9234210252761841,0.9924119710922241,0.9234210252761841,0.9711840152740479,19583,0.6512128710746765,0.0,0.0
CIG-C,2016-06-09,0.981797993183136,0.981797993183136,0.981797993183136,0.981797993183136,410,0.6583299040794373,0.0,0.0
CIG-C,2016-06-10,0.981797993183136,0.981797993183136,0.981797993183136,0.981797993183136,0,0.6583299040794373,0.0,0.0
CIG-C,2016-06-13,0.981797993183136,0.981797993183136,0.9446489810943604,0.9446489810943604,614,0.6334201097488403,0.0,0.0
CIG-C,2016-06-14,0.9446489810943604,0.9446489810943604,0.9446489810943604,0.9446489810943604,0,0.6334201097488403,0.0,0.0
CIG-C,2016-06-15,0.9446489810943604,0.9446489810943604,0.8809639811515808,0.8915249705314636,1886,0.5977986454963684,0.0,0.0
CIG-C,2016-06-16,0.8809639811515808,0.9021919965744019,0.8597360253334045,0.8915780186653137,11013,0.5978341698646545,0.0,0.0
CIG-C,2016-06-17,0.8597360253334045,0.9287279844284058,0.8597360253334045,0.9287279844284058,2449,0.6227445602416992,0.0,0.0
CIG-C,2016-06-20,0.9287279844284058,0.9287279844284058,0.9287279844284058,0.9287279844284058,286,0.6227445602416992,0.0,0.0
CIG-C,2016-06-21,0.9871050119400024,0.9977189898490906,0.9499559998512268,0.9499559998512268,3090,0.6369786262512207,0.0,0.0
CIG-C,2016-06-22,0.9499559998512268,0.9499559998512268,0.9499559998512268,0.9499559998512268,0,0.6369786262512207,0.0,0.0
CIG-C,2016-06-23,1.0454820394515991,1.0613499879837036,1.0136929750442505,1.0507889986038208,19851,0.7045906186103821,0.0,0.0
CIG-C,2016-06-24,1.0295610427856445,1.0507889986038208,0.981797993183136,1.0083329677581787,13525,0.6761223077774048,0.0,0.0
CIG-C,2016-06-27,0.981797993183136,0.9924119710922241,0.7589030265808105,0.9393420219421387,91448,0.62986159324646,0.0,0.0
CIG-C,2016-06-28,1.040174961090088,1.0614030361175537,1.0210169553756714,1.0507889986038208,15611,0.7045906186103821,0.0,0.0
CIG-C,2016-06-29,1.0614030361175537,1.1038589477539062,1.003026008605957,1.093245029449463,30148,0.7330589294433594,0.0,0.0
CIG-C,2016-06-30,1.1038589477539062,1.1675430536270142,1.08268404006958,1.1675430536270142,21663,0.7828784584999084,0.0,0.0
CIG-C,2016-07-01,1.1728500127792358,1.1993850469589233,1.1728500127792358,1.184525966644287,8662,0.794265866279602,0.0,0.0
CIG-C,2016-07-05,1.1834640502929688,1.2471489906311035,1.1675430536270142,1.2471489906311035,12777,0.8362569808959961,0.0,0.0
CIG-C,2016-07-06,1.1463680267333984,1.1516220569610596,1.1463149785995483,1.1516220569610596,3551,0.7722028493881226,0.0,0.0
CIG-C,2016-07-07,1.1627670526504517,1.2174290418624878,1.1409549713134766,1.1516220569610596,20601,0.7722028493881226,0.0,0.0
CIG-C,2016-07-08,1.2205599546432495,1.2205599546432495,1.2205599546432495,1.2205599546432495,318,0.8184281587600708,0.0,0.0
CIG-C,2016-07-11,1.2471489906311035,1.353289008140564,1.2205599546432495,1.353289008140564,89528,0.9074274301528931,0.0,0.0
CIG-C,2016-07-12,1.3745169639587402,1.4328409433364868,1.3479820489883423,1.4275870323181152,10003,0.9572471380233765,0.0,0.0
CIG-C,2016-07-13,1.194077968597412,1.3214470148086548,1.1463149785995483,1.2789909839630127,10580,0.8576080799102783,0.0,0.0
CIG-C,2016-07-14,1.2471489906311035,1.353289008140564,1.2471489906311035,1.353289008140564,19640,0.9074274301528931,0.0,0.0
CIG-C,2016-07-15,1.353289008140564,1.353289008140564,1.353289008140564,1.353289008140564,0,0.9074274301528931,0.0,0.0
CIG-C,2016-07-18,1.3665560483932495,1.4063589572906494,1.3665560483932495,1.3903850317001343,7501,0.93230140209198,0.0,0.0
CIG-C,2016-07-19,1.3904379606246948,1.395745038986206,1.3903850317001343,1.3904379606246948,3061,0.9323371648788452,0.0,0.0
CIG-C,2016-07-20,1.422279953956604,1.432893991470337,1.422279953956604,1.432893991470337,3163,0.9608055949211121,0.0,0.0
CIG-C,2016-07-21,1.4806569814682007,1.4859639406204224,1.4110289812088013,1.4488149881362915,4362,0.9714809060096741,0.0,0.0
CIG-C,2016-07-22,1.4488149881362915,1.464735984802246,1.422279953956604,1.4594290256500244,8168,0.9785984754562378,0.0,0.0
CIG-C,2016-07-25,1.4594290256500244,1.4594290256500244,1.4594290256500244,1.4594290256500244,0,0.9785984754562378,0.0,0.0
CIG-C,2016-07-26,1.4594290256500244,1.4594290256500244,1.4594290256500244,1.4594290256500244,0,0.9785984754562378,0.0,0.0
CIG-C,2016-07-27,1.4700429439544678,1.4700429439544678,1.4594290256500244,1.4594290256500244,414,0.9785984754562378,0.0,0.0
CIG-C,2016-07-28,1.4594290256500244,1.4594290256500244,1.4594290256500244,1.4594290256500244,0,0.9785984754562378,0.0,0.0
CIG-C,2016-07-29,1.4594290256500244,1.4594290256500244,1.4594290256500244,1.4594290256500244,0,0.9785984754562378,0.0,0.0
CIG-C,2016-08-01,1.4594290256500244,1.4594290256500244,1.4594290256500244,1.4594290256500244,0,0.9785984754562378,0.0,0.0
CIG-C,2016-08-02,1.4276399612426758,1.4276399612426758,1.4275870323181152,1.4275870323181152,1347,0.9572471380233765,0.0,0.0
CIG-C,2016-08-03,1.432893991470337,1.4594290256500244,1.4328409433364868,1.4594290256500244,2408,0.9785984754562378,0.0,0.0
CIG-C,2016-08-04,1.4647890329360962,1.5602630376815796,1.4647890329360962,1.5602630376815796,3553,1.0462110042572021,0.0,0.0
CIG-C,2016-08-05,1.5284199714660645,1.6982450485229492,1.5124460458755493,1.6982450485229492,5215,1.1387323141098022,0.0,0.0
CIG-C,2016-08-08,1.6982450485229492,1.6982450485229492,1.6982450485229492,1.6982450485229492,0,1.1387323141098022,0.0,0.0
CIG-C,2016-08-09,1.5868510007858276,1.5868510007858276,1.5389809608459473,1.5390349626541138,2295,1.031976580619812,0.0,0.0
CIG-C,2016-08-10,1.5390349626541138,1.5390349626541138,1.5390349626541138,1.5390349626541138,0,1.031976580619812,0.0,0.0
CIG-C,2016-08-11,1.5390349626541138,1.5788370370864868,1.5336740016937256,1.5390349626541138,20369,1.031976580619812,0.0,0.0
CIG-C,2016-08-12,1.5867979526519775,1.6027189493179321,1.586745023727417,1.6023999452590942,4267,1.0744647979736328,0.0,0.0
CIG-C,2016-08-15,1.5974119901657104,1.5974119901657104,1.5974119901657104,1.5974119901657104,1143,1.0711205005645752,0.0,0.0
CIG-C,2016-08-16,1.6080260276794434,1.6080260276794434,1.6080260276794434,1.6080260276794434,4158,1.0782374143600464,0.0,0.0
CIG-C,2016-08-17,1.5496490001678467,1.5497020483016968,1.475350022315979,1.475350022315979,1426,0.9892736077308655,0.0,0.0
CIG-C,2016-08-18,1.5655699968338013,1.5655699968338013,1.517806053161621,1.5390349626541138,5553,1.031976580619812,0.0,0.0
CIG-C,2016-08-19,1.5497020483016968,1.5523020029067993,1.5018850564956665,1.5018850564956665,11051,1.0070664882659912,0.0,0.0
CIG-C,2016-08-22,1.5390349626541138,1.5390880107879639,1.4116660356521606,1.4817190170288086,5617,0.9935442209243774,0.0,0.0
CIG-C,2016-08-23,1.5013550519943237,1.5013550519943237,1.5013550519943237,1.5013550519943237,2264,1.0067110061645508,0.0,0.0
CIG-C,2016-08-24,1.4754029512405396,1.4754029512405396,1.4541219472885132,1.4541219472885132,1955,0.9750394821166992,0.0,0.0
CIG-C,2016-08-25,1.4541219472885132,1.4541219472885132,1.4541219472885132,1.4541219472885132,0,0.9750394821166992,0.0,0.0
CIG-C,2016-08-26,1.422279953956604,1.475350022315979,1.4170260429382324,1.4488149881362915,13783,0.9714809060096741,0.0,0.0
CIG-C,2016-08-29,1.4169729948043823,1.432893991470337,1.4169729948043823,1.432893991470337,8771,0.9608055949211121,0.0,0.0
CIG-C,2016-08-30,1.422333002090454,1.422333002090454,1.422333002090454,1.422333002090454,1013,0.9537237882614136,0.0,0.0
CIG-C,2016-08-31,1.448762059211731,1.6080260276794434,1.4169729948043823,1.6080260276794434,16159,1.0782374143600464,0.0,0.0
CIG-C,2016-09-01,1.4594290256500244,1.6080260276794434,1.422279953956604,1.4807100296020508,11584,0.9928678870201111,0.0,0.0
CIG-C,2016-09-02,1.4965779781341553,1.5442880392074585,1.4965779781341553,1.5442880392074585,2093,1.035499095916748,0.0,0.0
CIG-C,2016-09-06,1.5602630376815796,1.5921050310134888,1.5460400581359863,1.5655699968338013,3333,1.0497691631317139,0.0,0.0
CIG-C,2016-09-07,1.5501790046691895,1.5501790046691895,1.5501790046691895,1.5501790046691895,1954,1.0394489765167236,0.0,0.0
CIG-C,2016-09-08,1.5655699968338013,1.5867979526519775,1.5655699968338013,1.5867979526519775,1009,1.0640034675598145,0.0,0.0
CIG-C,2016-09-09,1.5337270498275757,1.5337270498275757,1.4859639406204224,1.4912710189819336,13706,0.9999492168426514,0.0,0.0
CIG-C,2016-09-12,1.4912710189819336,1.4912710189819336,1.4912710189819336,1.4912710189819336,0,0.9999492168426514,0.0,0.0
CIG-C,2016-09-13,1.4488680362701416,1.4488680362701416,1.3585959672927856,1.3771699666976929,10241,0.9234404563903809,0.0,0.0
CIG-C,2016-09-14,1.346708059310913,1.350795030593872,1.342674970626831,1.342674970626831,5537,0.9003105163574219,0.0,0.0
CIG-C,2016-09-15,1.342674970626831,1.3639030456542969,1.2896050214767456,1.3639030456542969,13657,0.9145445227622986,0.0,0.0
CIG-C,2016-09-16,1.3479820489883423,1.3479820489883423,1.3479820489883423,1.3479820489883423,201,0.903869092464447,0.0,0.0
CIG-C,2016-09-19,1.3479820489883423,1.4010519981384277,1.3479820489883423,1.3580650091171265,2046,0.91062992811203,0.0,0.0
CIG-C,2016-09-20,1.3904379606246948,1.4275870323181152,1.3904379606246948,1.3904379606246948,1151,0.9323371648788452,0.0,0.0
CIG-C,2016-09-21,1.3904379606246948,1.3904379606246948,1.3904379606246948,1.3904379606246948,0,0.9323371648788452,0.0,0.0
CIG-C,2016-09-22,1.464735984802246,1.475350022315979,1.4644180536270142,1.4644180536270142,968,0.9819436073303223,0.0,0.0
CIG-C,2016-09-23,1.4644180536270142,1.4644180536270142,1.4644180536270142,1.4644180536270142,0,0.9819436073303223,0.0,0.0
CIG-C,2016-09-26,1.4529550075531006,1.4529550075531006,1.4435080289840698,1.4435080289840698,898,0.9679223299026489,0.0,0.0
CIG-C,2016-09-27,1.4434549808502197,1.4434549808502197,1.3904379606246948,1.4275870323181152,9988,0.9572471380233765,0.0,0.0
CIG-C,2016-09-28,1.4275870323181152,1.4594290256500244,1.4275870323181152,1.4594290256500244,559,0.9785984754562378,0.0,0.0
CIG-C,2016-09-29,1.4593759775161743,1.4593759775161743,1.4435080289840698,1.4435609579086304,4710,0.9679579734802246,0.0,0.0
CIG-C,2016-09-30,1.4435080289840698,1.517806053161621,1.432893991470337,1.4965779781341553,7870,1.0035076141357422,0.0,0.0
CIG-C,2016-10-03,1.4700429439544678,1.4700429439544678,1.432893991470337,1.432893991470337,386,0.9608055949211121,0.0,0.0
CIG-C,2016-10-04,1.432893991470337,1.432893991470337,1.432893991470337,1.432893991470337,0,0.9608055949211121,0.0,0.0
CIG-C,2016-10-05,1.432893991470337,1.432893991470337,1.4328409433364868,1.4328409433364868,9406,0.9607698917388916,0.0,0.0
CIG-C,2016-10-06,1.4328409433364868,1.4328409433364868,1.4328409433364868,1.4328409433364868,0,0.9607698917388916,0.0,0.0
CIG-C,2016-10-07,1.422279953956604,1.4382009506225586,1.422279953956604,1.4382009506225586,661,0.9643639922142029,0.0,0.0
CIG-C,2016-10-10,1.464735984802246,1.464735984802246,1.464735984802246,1.464735984802246,222,0.9821566343307495,0.0,0.0
CIG-C,2016-10-11,1.4488149881362915,1.4488149881362915,1.4488149881362915,1.4488149881362915,192,0.9714809060096741,0.0,0.0
CIG-C,2016-10-12,1.432893991470337,1.432893991470337,1.3002190589904785,1.3002190589904785,1955,0.8718422651290894,0.0,0.0
CIG-C,2016-10-13,1.4169729948043823,1.4700429439544678,1.4169729948043823,1.4700429439544678,3704,0.9857149720191956,0.0,0.0
CIG-C,2016-10-14,1.4854340553283691,1.4854340553283691,1.4594290256500244,1.4594290256500244,2980,0.9785984754562378,0.0,0.0
CIG-C,2016-10-17,1.4488149881362915,1.4859639406204224,1.4435609579086304,1.4435609579086304,1473,0.9679579734802246,0.0,0.0
CIG-C,2016-10-18,1.4449939727783203,1.5153119564056396,1.4449939727783203,1.4913239479064941,7576,0.9999849796295166,0.0,0.0
CIG-C,2016-10-19,1.5154709815979004,1.5298000574111938,1.4594290256500244,1.4594290256500244,6425,0.9785984754562378,0.0,0.0
CIG-C,2016-10-20,1.4734400510787964,1.5071920156478882,1.4734400510787964,1.5071920156478882,2389,1.0106251239776611,0.0,0.0
CIG-C,2016-10-21,1.5549559593200684,1.5549559593200684,1.4859639406204224,1.4859639406204224,608,0.9963905215263367,0.0,0.0
CIG-C,2016-10-24,1.4859639406204224,1.4859639406204224,1.4859639406204224,1.4859639406204224,0,0.9963905215263367,0.0,0.0
CIG-C,2016-10-25,1.570876955986023,1.570876955986023,1.5018850564956665,1.5602630376815796,1432,1.0462110042572021,0.0,0.0
CIG-C,2016-10-26,1.5231130123138428,1.5231130123138428,1.5231130123138428,1.5231130123138428,552,1.0213005542755127,0.0,0.0
CIG-C,2016-10-27,1.5231130123138428,1.5231130123138428,1.5231130123138428,1.5231130123138428,0,1.0213005542755127,0.0,0.0
CIG-C,2016-10-28,1.5708240270614624,1.570876955986023,1.5708240270614624,1.570876955986023,401,1.053328037261963,0.0,0.0
CIG-C,2016-10-31,1.5761840343475342,1.688109040260315,1.5761840343475342,1.6823240518569946,9289,1.1280568838119507,0.0,0.0
CIG-C,2016-11-01,1.6610959768295288,1.6610959768295288,1.5231670141220093,1.5231670141220093,1709,1.0213366746902466,0.0,0.0
CIG-C,2016-11-02,1.5390349626541138,1.5390349626541138,1.5390349626541138,1.5390349626541138,1507,1.031976580619812,0.0,0.0
CIG-C,2016-11-03,1.5390349626541138,1.5390349626541138,1.5390349626541138,1.5390349626541138,0,1.031976580619812,0.0,0.0
CIG-C,2016-11-04,1.517806053161621,1.5231130123138428,1.517806053161621,1.5231130123138428,422,1.0213005542755127,0.0,0.0
CIG-C,2016-11-07,1.5231130123138428,1.5231130123138428,1.5231130123138428,1.5231130123138428,0,1.0213005542755127,0.0,0.0
CIG-C,2016-11-08,1.5495949983596802,1.5496490001678467,1.5495949983596802,1.5496490001678467,934,1.0390939712524414,0.0,0.0
CIG-C,2016-11-09,1.4965779781341553,1.5338339805603027,1.4541749954223633,1.5338339805603027,2666,1.028489112854004,0.0,0.0
CIG-C,2016-11-10,1.5549559593200684,1.5549559593200684,1.3692100048065186,1.4150630235671997,17676,0.9488492608070374,0.0,0.0
CIG-C,2016-11-11,1.2949119806289673,1.3008559942245483,1.2259199619293213,1.2683769464492798,9822,0.8504910469055176,0.0,0.0
CIG-C,2016-11-14,1.2683769464492798,1.2683769464492798,1.2683769464492798,1.2683769464492798,0,0.8504910469055176,0.0,0.0
CIG-C,2016-11-15,1.317891001701355,1.317891001701355,1.317891001701355,1.317891001701355,942,0.8836918473243713,0.0,0.0
CIG-C,2016-11-16,1.342674970626831,1.3745169639587402,1.3373680114746094,1.3373680114746094,798,0.8967519998550415,0.0,0.0
CIG-C,2016-11-17,1.3586490154266357,1.3586490154266357,1.3214999437332153,1.3214999437332153,2344,0.8861119151115417,0.0,0.0
CIG-C,2016-11-18,1.3745169639587402,1.3851840496063232,1.3427280187606812,1.3427280187606812,3570,0.9003459811210632,0.0,0.0
CIG-C,2016-11-21,1.3904379606246948,1.3904379606246948,1.3373680114746094,1.3373680114746094,15074,0.8967519998550415,0.0,0.0
CIG-C,2016-11-22,1.353289008140564,1.3822120428085327,1.2789909839630127,1.3585959672927856,11697,0.9109858274459839,0.0,0.0
CIG-C,2016-11-23,1.3585959672927856,1.3585959672927856,1.3214470148086548,1.3214470148086548,582,0.8860760927200317,0.0,0.0
CIG-C,2016-11-25,1.300271987915039,1.300271987915039,1.300271987915039,1.300271987915039,1332,0.871877908706665,0.0,0.0
CIG-C,2016-11-28,1.3108329772949219,1.3108329772949219,1.3108329772949219,1.3108329772949219,578,0.8789592981338501,0.0,0.0
CIG-C,2016-11-29,1.316140055656433,1.316140055656433,1.316140055656433,1.316140055656433,197,0.8825178742408752,0.0,0.0
CIG-C,2016-11-30,1.5676920413970947,1.5676920413970947,1.5676920413970947,1.5676920413970947,757,1.0511925220489502,0.0,0.0
CIG-C,2016-12-01,1.5676920413970947,1.5676920413970947,1.5676920413970947,1.5676920413970947,0,1.0511925220489502,0.0,0.0
CIG-C,2016-12-02,1.1357539892196655,1.316140055656433,1.12322998046875,1.2206130027770996,10983,0.8184636831283569,0.0,0.0
CIG-C,2016-12-05,1.1592639684677124,1.1592639684677124,1.1592639684677124,1.1592639684677124,780,0.7773271799087524,0.0,0.0
CIG-C,2016-12-06,1.2047450542449951,1.2082480192184448,1.1675430536270142,1.204638957977295,11788,0.8077524304389954,0.0,0.0
CIG-C,2016-12-07,1.204638957977295,1.204638957977295,1.204638957977295,1.204638957977295,0,0.8077524304389954,0.0,0.0
CIG-C,2016-12-08,1.3798240423202515,1.4169729948043823,1.3692100048065186,1.4169729948043823,2875,0.9501299858093262,0.0,0.0
CIG-C,2016-12-09,1.4700429439544678,1.4700429439544678,1.2153600454330444,1.2612119913101196,6621,0.8456864953041077,0.0,0.0
CIG-C,2016-12-12,1.1887710094451904,1.1887710094451904,1.1038589477539062,1.1038589477539062,2532,0.7401760220527649,0.0,0.0
CIG-C,2016-12-13,1.1463149785995483,1.236480951309204,1.1463149785995483,1.236480951309204,4022,0.8291037082672119,0.0,0.0
CIG-C,2016-12-14,1.2418420314788818,1.2418420314788818,1.1715240478515625,1.1715240478515625,1944,0.7855477333068848,0.0,0.0
CIG-C,2016-12-15,1.1782100200653076,1.1782100200653076,1.1303939819335938,1.1303939819335938,1910,0.7579683661460876,0.0,0.0
CIG-C,2016-12-16,1.0879379510879517,1.139415979385376,1.0879379510879517,1.0879379510879517,2206,0.7295003533363342,0.0,0.0
CIG-C,2016-12-19,1.1834640502929688,1.1889309883117676,1.162235975265503,1.1889309883117676,1221,0.7972197532653809,0.0,0.0
CIG-C,2016-12-20,1.204692006111145,1.2099460363388062,1.1303939819335938,1.1303939819335938,16319,0.7579683661460876,0.0,0.0
CIG-C,2016-12-21,1.1463149785995483,1.1887710094451904,1.1463149785995483,1.1887710094451904,1537,0.7971124649047852,0.0,0.0
CIG-C,2016-12-22,1.1887710094451904,1.231227993965149,1.1834640502929688,1.194077968597412,2472,0.800670862197876,0.0,0.0
CIG-C,2016-12-23,1.215306043624878,1.2683769464492798,1.1516220569610596,1.2683769464492798,7354,0.8504910469055176,0.0,0.0
CIG-C,2016-12-27,1.2683769464492798,1.2683769464492798,1.2683769464492798,1.2683769464492798,569,0.8504910469055176,0.0,0.0
CIG-C,2016-12-28,1.2518190145492554,1.2518190145492554,1.2472020387649536,1.2472020387649536,4788,0.836292564868927,0.0,0.0
CIG-C,2016-12-29,1.2418420314788818,1.3373680114746094,1.2418420314788818,1.3133269548416138,2901,0.9163493514060974,0.048614,0.0
CIG-C,2016-12-30,1.3691569566726685,1.3691569566726685,1.342674970626831,1.342674970626831,4622,0.9368263483047485,0.0,0.0
CIG-C,2017-01-03,1.358543038368225,1.358543038368225,1.3214999437332153,1.3214999437332153,9798,0.9220520257949829,0.0,0.0
CIG-C,2017-01-04,1.3214470148086548,1.3214470148086548,1.3055260181427002,1.3055260181427002,830,0.9109066128730774,0.0,0.0
CIG-C,2017-01-05,1.3055260181427002,1.3055260181427002,1.3055260181427002,1.3055260181427002,1886,0.9109066128730774,0.0,0.0
CIG-C,2017-01-06,1.3262230157852173,1.3262230157852173,1.3002190589904785,1.3002190589904785,904,0.9072036147117615,0.0,0.0
CIG-C,2017-01-09,1.3002190589904785,1.3002190589904785,1.3002190589904785,1.3002190589904785,0,0.9072036147117615,0.0,0.0
CIG-C,2017-01-10,1.3585959672927856,1.3745169639587402,1.1091660261154175,1.340021014213562,11241,0.9349745512008667,0.0,0.0
CIG-C,2017-01-11,1.340021014213562,1.340021014213562,1.340021014213562,1.340021014213562,0,0.9349745512008667,0.0,0.0
CIG-C,2017-01-12,1.422279953956604,1.4859639406204224,1.4116660356521606,1.4116660356521606,2460,0.9849635362625122,0.0,0.0
CIG-C,2017-01-13,1.4116660356521606,1.4116660356521606,1.4116660356521606,1.4116660356521606,0,0.9849635362625122,0.0,0.0
CIG-C,2017-01-17,1.4116660356521606,1.4116660356521606,1.4116660356521606,1.4116660356521606,0,0.9849635362625122,0.0,0.0
CIG-C,2017-01-18,1.4116660356521606,1.4116660356521606,1.4116660356521606,1.4116660356521606,0,0.9849635362625122,0.0,0.0
CIG-C,2017-01-19,1.4700429439544678,1.4700429439544678,1.4700429439544678,1.4700429439544678,209,1.0256950855255127,0.0,0.0
CIG-C,2017-01-20,1.4754029512405396,1.4754029512405396,1.4754029512405396,1.4754029512405396,1384,1.0294352769851685,0.0,0.0
CIG-C,2017-01-23,1.507138967514038,1.5178600549697876,1.507138967514038,1.517806053161621,3800,1.05902099609375,0.0,0.0
CIG-C,2017-01-24,1.5655699968338013,1.5655699968338013,1.5655169486999512,1.5655699968338013,1236,1.092347502708435,0.0,0.0
CIG-C,2017-01-25,1.5655699968338013,1.5655699968338013,1.5655699968338013,1.5655699968338013,0,1.092347502708435,0.0,0.0
CIG-C,2017-01-26,1.6982450485229492,1.6982450485229492,1.5360629558563232,1.5360629558563232,3917,1.0717592239379883,0.0,0.0
CIG-C,2017-01-27,1.623947024345398,1.623947024345398,1.5496490001678467,1.5761840343475342,3985,1.0997533798217773,0.0,0.0
CIG-C,2017-01-30,1.5761840343475342,1.5761840343475342,1.5761840343475342,1.5761840343475342,0,1.0997533798217773,0.0,0.0
CIG-C,2017-01-31,1.570876955986023,1.6186399459838867,1.570876955986023,1.6186399459838867,378,1.129375696182251,0.0,0.0
CIG-C,2017-02-01,1.6398149728775024,1.6876310110092163,1.5974119901657104,1.6727709770202637,19449,1.1671448945999146,0.0,0.0
CIG-C,2017-02-02,1.7513149976730347,1.7884639501571655,1.7281240224838257,1.7884639501571655,2264,1.2478673458099365,0.0,0.0
CIG-C,2017-02-03,1.8203059434890747,1.8733769655227661,1.796265959739685,1.863718032836914,5206,1.3003746271133423,0.0,0.0
CIG-C,2017-02-06,1.9211399555206299,1.9211399555206299,1.5390349626541138,1.814998984336853,3061,1.266381859779358,0.0,0.0
CIG-C,2017-02-07,1.814998984336853,1.814998984336853,1.814998984336853,1.814998984336853,0,1.266381859779358,0.0,0.0
CIG-C,2017-02-08,1.7884639501571655,1.8043849468231201,1.7884639501571655,1.8043849468231201,768,1.2589761018753052,0.0,0.0
CIG-C,2017-02-09,1.7730740308761597,1.803536057472229,1.7730740308761597,1.803536057472229,721,1.2583836317062378,0.0,0.0
CIG-C,2017-02-10,1.8267279863357544,1.8267279863357544,1.8267279863357544,1.8267279863357544,553,1.27456533908844,0.0,0.0
CIG-C,2017-02-13,1.8267279863357544,1.8267279863357544,1.8267279863357544,1.8267279863357544,0,1.27456533908844,0.0,0.0
CIG-C,2017-02-14,1.8267279863357544,1.8267279863357544,1.8267279863357544,1.8267279863357544,0,1.27456533908844,0.0,0.0
CIG-C,2017-02-15,1.883937954902649,1.9423680305480957,1.883937954902649,1.9330270290374756,6753,1.34873366355896,0.0,0.0
CIG-C,2017-02-16,1.979464054107666,2.0325870513916016,1.979464054107666,2.032533884048462,3029,1.4181627035140991,0.0,0.0
CIG-C,2017-02-17,2.0538148880004883,2.0538148880004883,1.8574559688568115,1.963595986366272,2453,1.3700627088546753,0.0,0.0
CIG-C,2017-02-21,2.138674020767212,2.2289469242095947,2.128113031387329,2.2289469242095947,2762,1.555206537246704,0.0,0.0
CIG-C,2017-02-22,2.3191659450531006,2.5208330154418945,2.3191659450531006,2.38810396194458,37407,1.6662551164627075,0.0,0.0
CIG-C,2017-02-23,2.3881568908691406,2.414691925048828,2.329780101776123,2.329780101776123,176679,1.6255605220794678,0.0,0.0
CIG-C,2017-02-24,2.329780101776123,2.329780101776123,2.1676509380340576,2.3244729042053223,14117,1.621857762336731,0.0,0.0
CIG-C,2017-02-27,2.3244729042053223,2.3244729042053223,2.3244729042053223,2.3244729042053223,0,1.621857762336731,0.0,0.0
CIG-C,2017-02-28,2.3350870609283447,2.3403940200805664,1.9052189588546753,1.936318039894104,13222,1.351029872894287,0.0,0.0
CIG-C,2017-03-01,2.1333670616149902,2.268112897872925,2.02728009223938,2.02728009223938,26845,1.4144972562789917,0.0,0.0
CIG-C,2017-03-02,2.1599559783935547,2.1779990196228027,2.0909640789031982,2.1779990196228027,3574,1.519658088684082,0.0,0.0
CIG-C,2017-03-03,2.175823926925659,2.303191900253296,2.154649019241333,2.303191900253296,4283,1.6070091724395752,0.0,0.0
CIG-C,2017-03-06,2.144033908843994,2.3032450675964355,2.144033908843994,2.2130260467529297,5151,1.544098138809204,0.0,0.0
CIG-C,2017-03-07,2.2554819583892822,2.276710033416748,2.2008728981018066,2.276710033416748,5852,1.5885318517684937,0.0,0.0
CIG-C,2017-03-08,2.2465660572052,2.2465660572052,2.128113031387329,2.1324119567871094,6039,1.487850546836853,0.0,0.0
CIG-C,2017-03-09,2.133419990539551,2.133419990539551,2.133419990539551,2.133419990539551,320,1.4885541200637817,0.0,0.0
CIG-C,2017-03-10,2.0485079288482666,2.144033908843994,1.9476749897003174,2.144033908843994,8982,1.495959758758545,0.0,0.0
CIG-C,2017-03-13,2.0909640789031982,2.2501749992370605,2.0909640789031982,2.2501749992370605,2736,1.570017695426941,0.0,0.0
CIG-C,2017-03-14,2.144033908843994,2.160062074661255,2.133419990539551,2.133419990539551,1172,1.4885541200637817,0.0,0.0
CIG-C,2017-03-15,2.1015779972076416,2.1068849563598633,2.1015779972076416,2.1068849563598633,940,1.47003972530365,0.0,0.0
CIG-C,2017-03-16,2.1599559783935547,2.2980968952178955,2.1599559783935547,2.294011116027832,12408,1.600603461265564,0.0,0.0
CIG-C,2017-03-17,2.3085520267486572,2.3085520267486572,2.0166659355163574,2.133419990539551,3921,1.4885541200637817,0.0,0.0
CIG-C,2017-03-20,2.170569896697998,2.186491012573242,2.144033908843994,2.1493420600891113,4869,1.499663233757019,0.0,0.0
CIG-C,2017-03-21,2.1387269496917725,2.139523983001709,2.02728009223938,2.02728009223938,1057,1.4144972562789917,0.0,0.0
CIG-C,2017-03-22,2.0007450580596924,2.0007450580596924,1.8521490097045898,1.952981948852539,8013,1.3626569509506226,0.0,0.0
CIG-C,2017-03-23,1.9423149824142456,1.9476749897003174,1.9192819595336914,1.9476749897003174,4196,1.3589540719985962,0.0,0.0
CIG-C,2017-03-24,1.9901310205459595,1.9954379796981812,1.9742100238800049,1.9742100238800049,1895,1.377468228340149,0.0,0.0
CIG-C,2017-03-27,1.9742100238800049,1.9742100238800049,1.9742100238800049,1.9742100238800049,0,1.377468228340149,0.0,0.0
CIG-C,2017-03-28,1.9742100238800049,1.9742100238800049,1.9742100238800049,1.9742100238800049,0,1.377468228340149,0.0,0.0
CIG-C,2017-03-29,1.9742100238800049,1.9742100238800049,1.9742100238800049,1.9742100238800049,0,1.377468228340149,0.0,0.0
CIG-C,2017-03-30,1.9742100238800049,1.9742100238800049,1.9742100238800049,1.9742100238800049,0,1.377468228340149,0.0,0.0
CIG-C,2017-03-31,1.9742100238800049,1.9742100238800049,1.9742100238800049,1.9742100238800049,0,1.377468228340149,0.0,0.0
CIG-C,2017-04-03,1.9742100238800049,1.9886449575424194,1.9742100238800049,1.9848769903182983,4942,1.384911060333252,0.0,0.0
CIG-C,2017-04-04,1.9423680305480957,1.943323016166687,1.9423680305480957,1.943323016166687,420,1.3559173345565796,0.0,0.0
CIG-C,2017-04-05,1.8999119997024536,1.9004950523376465,1.8999119997024536,1.9004950523376465,1439,1.3260349035263062,0.0,0.0
CIG-C,2017-04-06,1.9004950523376465,1.9004950523376465,1.9004950523376465,1.9004950523376465,0,1.3260349035263062,0.0,0.0
CIG-C,2017-04-07,1.9004950523376465,1.9004950523376465,1.9004950523376465,1.9004950523376465,0,1.3260349035263062,0.0,0.0
CIG-C,2017-04-10,1.814998984336853,1.814998984336853,1.814998984336853,1.814998984336853,542,1.266381859779358,0.0,0.0
CIG-C,2017-04-11,1.7778500318527222,1.8309199810028076,1.7778500318527222,1.8309199810028076,570,1.2774903774261475,0.0,0.0
CIG-C,2017-04-12,1.7512619495391846,1.7512619495391846,1.7512619495391846,1.7512619495391846,785,1.2219103574752808,0.0,0.0
CIG-C,2017-04-13,1.7512619495391846,1.7512619495391846,1.7512619495391846,1.7512619495391846,0,1.2219103574752808,0.0,0.0
CIG-C,2017-04-17,1.7513149976730347,1.7513149976730347,1.7300870418548584,1.7300870418548584,597,1.2071359157562256,0.0,0.0
CIG-C,2017-04-18,1.7937710285186768,1.7956290245056152,1.746008038520813,1.777796983718872,3403,1.240424633026123,0.0,0.0
CIG-C,2017-04-19,1.777796983718872,1.777796983718872,1.777796983718872,1.777796983718872,0,1.240424633026123,0.0,0.0
CIG-C,2017-04-20,1.7141660451889038,1.7512619495391846,1.7077980041503906,1.7077980041503906,6806,1.1915842294692993,0.0,0.0
CIG-C,2017-04-21,1.7077980041503906,1.7077980041503906,1.7077980041503906,1.7077980041503906,0,1.1915842294692993,0.0,0.0
CIG-C,2017-04-24,1.7088589668273926,1.7097610235214233,1.703552007675171,1.7097610235214233,755,1.1929539442062378,0.0,0.0
CIG-C,2017-04-25,1.692937970161438,1.692937970161438,1.6664559841156006,1.6664559841156006,2421,1.162738561630249,0.0,0.0
CIG-C,2017-04-26,1.6558419466018677,1.6576989889144897,1.5921579599380493,1.5925819873809814,7746,1.1111942529678345,0.0,0.0
CIG-C,2017-04-27,1.5921050310134888,1.592687964439392,1.5390349626541138,1.5390349626541138,2362,1.0738329887390137,0.0,0.0
CIG-C,2017-04-28,1.5390349626541138,1.5390349626541138,1.5390349626541138,1.5390349626541138,0,1.0738329887390137,0.0,0.0
CIG-C,2017-05-01,1.5390349626541138,1.5390349626541138,1.5390349626541138,1.5390349626541138,0,1.0738329887390137,0.0,0.0
CIG-C,2017-05-02,1.5390349626541138,1.5390349626541138,1.5390349626541138,1.5390349626541138,0,1.0738329887390137,0.0,0.0
CIG-C,2017-05-03,1.5814909934997559,1.9370609521865845,1.5814909934997559,1.9370609521865845,9510,1.3515483140945435,0.0,0.0
CIG-C,2017-05-04,1.6557890176773071,1.6986700296401978,1.5549559593200684,1.5549559593200684,17015,1.0849416255950928,0.0,0.0
CIG-C,2017-05-05,1.5761840343475342,1.6186399459838867,1.5761840343475342,1.5761840343475342,710,1.0997533798217773,0.0,0.0
CIG-C,2017-05-08,1.5761840343475342,1.5761840343475342,1.5761840343475342,1.5761840343475342,0,1.0997533798217773,0.0,0.0
CIG-C,2017-05-09,1.5550090074539185,1.5550090074539185,1.5550090074539185,1.5550090074539185,1000,1.084978461265564,0.0,0.0
CIG-C,2017-05-10,1.569443941116333,1.569443941116333,1.569443941116333,1.569443941116333,533,1.0950499773025513,0.0,0.0
CIG-C,2017-05-11,1.5549559593200684,1.570876955986023,1.5549559593200684,1.570876955986023,636,1.0960503816604614,0.0,0.0
CIG-C,2017-05-12,1.570876955986023,1.570876955986023,1.570876955986023,1.570876955986023,0,1.0960503816604614,0.0,0.0
CIG-C,2017-05-15,1.570876955986023,1.570876955986023,1.570876955986023,1.570876955986023,0,1.0960503816604614,0.0,0.0
CIG-C,2017-05-16,1.5390349626541138,1.5390349626541138,1.5116499662399292,1.52263605594635,4245,1.0623911619186401,0.0,0.0
CIG-C,2017-05-17,1.52263605594635,1.52263605594635,1.52263605594635,1.52263605594635,0,1.0623911619186401,0.0,0.0
CIG-C,2017-05-18,1.5208849906921387,1.5208849906921387,1.215306043624878,1.2471489906311035,34088,0.8701750040054321,0.0,0.0
CIG-C,2017-05-19,1.263069987297058,1.316140055656433,1.263069987297058,1.316140055656433,5472,0.9183121919631958,0.0,0.0
CIG-C,2017-05-22,1.204692006111145,1.2099989652633667,1.1993850469589233,1.1993850469589233,5897,0.8368486166000366,0.0,0.0
CIG-C,2017-05-23,1.215306043624878,1.2683769464492798,1.215306043624878,1.231227993965149,2451,0.8590661883354187,0.0,0.0
CIG-C,2017-05-24,1.2518190145492554,1.3055260181427002,1.231227993965149,1.2896050214767456,6636,0.8997979760169983,0.0,0.0
CIG-C,2017-05-25,1.2896050214767456,1.2896050214767456,1.2577630281448364,1.2896050214767456,9048,0.8997979760169983,0.0,0.0
CIG-C,2017-05-26,1.2896050214767456,1.2896050214767456,1.2896050214767456,1.2896050214767456,0,0.8997979760169983,0.0,0.0
CIG-C,2017-05-30,1.2896050214767456,1.2896050214767456,1.2437520027160645,1.2437520027160645,2707,0.8678048253059387,0.0,0.0
CIG-C,2017-05-31,1.1410080194473267,1.2949119806289673,1.0879379510879517,1.2949119806289673,1277,0.9035007357597351,0.0,0.0
CIG-C,2017-06-01,1.2949119806289673,1.2949119806289673,1.2949119806289673,1.2949119806289673,0,0.9035007357597351,0.0,0.0
CIG-C,2017-06-02,1.2789909839630127,1.3108329772949219,1.2683769464492798,1.3108329772949219,4262,0.9146093130111694,0.0,0.0
CIG-C,2017-06-05,1.2896050214767456,1.2896050214767456,1.2896050214767456,1.2896050214767456,454,0.8997979760169983,0.0,0.0
CIG-C,2017-06-06,1.2896050214767456,1.2896050214767456,1.2896050214767456,1.2896050214767456,0,0.8997979760169983,0.0,0.0
CIG-C,2017-06-07,1.2896050214767456,1.2896050214767456,1.2896050214767456,1.2896050214767456,0,0.8997979760169983,0.0,0.0
CIG-C,2017-06-08,1.2471489906311035,1.2503329515457153,1.215306043624878,1.215306043624878,6540,0.847957193851471,0.0,0.0
CIG-C,2017-06-09,1.2099989652633667,1.247094988822937,1.2099989652633667,1.2418420314788818,10333,0.8664721250534058,0.0,0.0
CIG-C,2017-06-12,1.2418420314788818,1.2418420314788818,1.2418420314788818,1.2418420314788818,0,0.8664721250534058,0.0,0.0
CIG-C,2017-06-13,1.2259199619293213,1.2419480085372925,1.198377013206482,1.198377013206482,8449,0.8361452221870422,0.0,0.0
CIG-C,2017-06-14,1.2099989652633667,1.273684024810791,1.2099989652633667,1.273684024810791,1967,0.8886891603469849,0.0,0.0
CIG-C,2017-06-15,1.273684024810791,1.273684024810791,1.273684024810791,1.273684024810791,0,0.8886891603469849,0.0,0.0
CIG-C,2017-06-16,1.273684024810791,1.273684024810791,1.273684024810791,1.273684024810791,0,0.8886891603469849,0.0,0.0
CIG-C,2017-06-19,1.273684024810791,1.273684024810791,1.273684024810791,1.273684024810791,0,0.8886891603469849,0.0,0.0
CIG-C,2017-06-20,1.273684024810791,1.273684024810791,1.273684024810791,1.273684024810791,0,0.8886891603469849,0.0,0.0
CIG-C,2017-06-21,1.273684024810791,1.273684024810791,1.273684024810791,1.273684024810791,0,0.8886891603469849,0.0,0.0
CIG-C,2017-06-22,1.2789909839630127,1.2789909839630127,1.2789909839630127,1.2789909839630127,872,0.8923921585083008,0.0,0.0
CIG-C,2017-06-23,1.2789909839630127,1.2823870182037354,1.2789909839630127,1.2823870182037354,1273,0.8947616219520569,0.0,0.0
CIG-C,2017-06-26,1.2842979431152344,1.2842979431152344,1.273684024810791,1.2815910577774048,11692,0.8942063450813293,0.0,0.0
CIG-C,2017-06-27,1.2815910577774048,1.2815910577774048,1.2815910577774048,1.2815910577774048,0,0.8942063450813293,0.0,0.0
CIG-C,2017-06-28,1.3797709941864014,1.3797709941864014,1.3797709941864014,1.3797709941864014,258,0.9627095460891724,0.0,0.0
CIG-C,2017-06-29,1.4096490144729614,1.4096490144729614,1.3244190216064453,1.3244190216064453,238180,0.9240889549255371,0.0,0.0
CIG-C,2017-06-30,1.2842979431152344,1.3267539739608765,1.2842979431152344,1.2848279476165771,4149,0.8964648246765137,0.0,0.0
CIG-C,2017-07-03,1.4594290256500244,1.4594290256500244,1.4594290256500244,1.4594290256500244,3363,1.0182898044586182,0.0,0.0
CIG-C,2017-07-05,1.4594290256500244,1.4594290256500244,1.4594290256500244,1.4594290256500244,0,1.0182898044586182,0.0,0.0
CIG-C,2017-07-06,1.4594290256500244,1.4594290256500244,1.4594290256500244,1.4594290256500244,0,1.0182898044586182,0.0,0.0
CIG-C,2017-07-07,1.3692100048065186,1.3692100048065186,1.3692100048065186,1.3692100048065186,410,0.9553411602973938,0.0,0.0
CIG-C,2017-07-10,1.353342056274414,1.353342056274414,1.353342056274414,1.353342056274414,1015,0.9442693591117859,0.0,0.0
CIG-C,2017-07-11,1.3585959672927856,1.3585959672927856,1.3585959672927856,1.3585959672927856,399,0.9479349255561829,0.0,0.0
CIG-C,2017-07-12,1.3798240423202515,1.4594290256500244,1.3798240423202515,1.4594290256500244,5488,1.0182898044586182,0.0,0.0
CIG-C,2017-07-13,1.4594290256500244,1.4594290256500244,1.4593759775161743,1.4594290256500244,12438,1.0182898044586182,0.0,0.0
CIG-C,2017-07-14,1.4435080289840698,1.4807100296020508,1.4435080289840698,1.475350022315979,4874,1.0293980836868286,0.0,0.0
CIG-C,2017-07-17,1.475350022315979,1.475350022315979,1.475350022315979,1.475350022315979,0,1.0293980836868286,0.0,0.0
CIG-C,2017-07-18,1.5231130123138428,1.544342041015625,1.5231130123138428,1.5284199714660645,36178,1.0664265155792236,0.0,0.0
CIG-C,2017-07-19,1.5761840343475342,1.5761840343475342,1.5761840343475342,1.5761840343475342,88699,1.0997533798217773,0.0,0.0
CIG-C,2017-07-20,1.5761840343475342,1.5761840343475342,1.5761840343475342,1.5761840343475342,0,1.0997533798217773,0.0,0.0
CIG-C,2017-07-21,1.5867979526519775,1.5921050310134888,1.544342041015625,1.5665780305862427,3063,1.093050479888916,0.0,0.0
CIG-C,2017-07-24,1.5665780305862427,1.5665780305862427,1.5665780305862427,1.5665780305862427,0,1.093050479888916,0.0,0.0
CIG-C,2017-07-25,1.5665780305862427,1.5665780305862427,1.5665780305862427,1.5665780305862427,0,1.093050479888916,0.0,0.0
CIG-C,2017-07-26,1.5665780305862427,1.5665780305862427,1.5665780305862427,1.5665780305862427,0,1.093050479888916,0.0,0.0
CIG-C,2017-07-27,1.5665780305862427,1.5665780305862427,1.5665780305862427,1.5665780305862427,0,1.093050479888916,0.0,0.0
CIG-C,2017-07-28,1.475350022315979,1.475350022315979,1.3055260181427002,1.4010519981384277,2896,0.9775581359863281,0.0,0.0
CIG-C,2017-07-31,1.4010519981384277,1.4010519981384277,1.4010519981384277,1.4010519981384277,0,0.9775581359863281,0.0,0.0
CIG-C,2017-08-01,1.432893991470337,1.511438012123108,1.432893991470337,1.487131953239441,1473,1.0376187562942505,0.0,0.0
CIG-C,2017-08-02,1.487131953239441,1.487131953239441,1.487131953239441,1.487131953239441,0,1.0376187562942505,0.0,0.0
CIG-C,2017-08-03,1.487131953239441,1.487131953239441,1.487131953239441,1.487131953239441,0,1.0376187562942505,0.0,0.0
CIG-C,2017-08-04,1.487131953239441,1.487131953239441,1.487131953239441,1.487131953239441,0,1.0376187562942505,0.0,0.0
CIG-C,2017-08-07,1.4722720384597778,1.4722720384597778,1.4722720384597778,1.4722720384597778,906,1.0272506475448608,0.0,0.0
CIG-C,2017-08-08,1.5761840343475342,1.5761840343475342,1.5231130123138428,1.5231130123138428,1773,1.0627237558364868,0.0,0.0
CIG-C,2017-08-09,1.5761840343475342,1.5761840343475342,1.5284199714660645,1.5284199714660645,1021,1.0664265155792236,0.0,0.0
CIG-C,2017-08-10,1.4700429439544678,1.4700429439544678,1.4594290256500244,1.4594290256500244,1565,1.0182898044586182,0.0,0.0
CIG-C,2017-08-11,1.4594290256500244,1.4594290256500244,1.4594290256500244,1.4594290256500244,0,1.0182898044586182,0.0,0.0
CIG-C,2017-08-14,1.3546689748764038,1.3546689748764038,1.3546689748764038,1.3546689748764038,925,0.9451950192451477,0.0,0.0
CIG-C,2017-08-15,1.4277989864349365,1.4277989864349365,1.33742094039917,1.33742094039917,2264,0.9331604242324829,0.0,0.0
CIG-C,2017-08-16,1.33742094039917,1.33742094039917,1.33742094039917,1.33742094039917,0,0.9331604242324829,0.0,0.0
CIG-C,2017-08-17,1.3798240423202515,1.3798240423202515,1.3692630529403687,1.3692630529403687,6595,0.9553780555725098,0.0,0.0
CIG-C,2017-08-18,1.3692630529403687,1.3692630529403687,1.3692630529403687,1.3692630529403687,0,0.9553780555725098,0.0,0.0
CIG-C,2017-08-21,1.4594290256500244,1.464735984802246,1.4488149881362915,1.4488149881362915,22046,1.0108836889266968,0.0,0.0
CIG-C,2017-08-22,1.5124989748001099,1.5124989748001099,1.4806569814682007,1.4965779781341553,3583,1.044209361076355,0.0,0.0
CIG-C,2017-08-23,1.5337270498275757,1.544342041015625,1.5139319896697998,1.544342041015625,5059,1.0775361061096191,0.0,0.0
CIG-C,2017-08-24,1.5761840343475342,1.5761840343475342,1.5761840343475342,1.5761840343475342,3442,1.0997533798217773,0.0,0.0
CIG-C,2017-08-25,1.5974119901657104,1.6770169734954834,1.5337270498275757,1.6398149728775024,18594,1.1441504955291748,0.0,0.0
CIG-C,2017-08-28,1.5761840343475342,1.5761840343475342,1.5284199714660645,1.5549559593200684,9819,1.0849416255950928,0.0,0.0
CIG-C,2017-08-29,1.395745038986206,1.570876955986023,1.395745038986206,1.5496490001678467,2577,1.0812389850616455,0.0,0.0
CIG-C,2017-08-30,1.5496490001678467,1.5496490001678467,1.5496490001678467,1.5496490001678467,0,1.0812389850616455,0.0,0.0
CIG-C,2017-08-31,1.5496490001678467,1.5496490001678467,1.5496490001678467,1.5496490001678467,0,1.0812389850616455,0.0,0.0
CIG-C,2017-09-01,1.5496490001678467,1.5496490001678467,1.5496490001678467,1.5496490001678467,0,1.0812389850616455,0.0,0.0
CIG-C,2017-09-05,1.5496490001678467,1.5496490001678467,1.5496490001678467,1.5496490001678467,0,1.0812389850616455,0.0,0.0
CIG-C,2017-09-06,1.5496490001678467,1.5496490001678467,1.5496490001678467,1.5496490001678467,0,1.0812389850616455,0.0,0.0
CIG-C,2017-09-07,1.5496490001678467,1.5496490001678467,1.5496490001678467,1.5496490001678467,0,1.0812389850616455,0.0,0.0
CIG-C,2017-09-08,1.464735984802246,1.4700429439544678,1.4514689445495605,1.4514689445495605,27207,1.0127354860305786,0.0,0.0
CIG-C,2017-09-11,1.4514689445495605,1.4514689445495605,1.4514689445495605,1.4514689445495605,0,1.0127354860305786,0.0,0.0
CIG-C,2017-09-12,1.4514689445495605,1.4514689445495605,1.4514689445495605,1.4514689445495605,0,1.0127354860305786,0.0,0.0
CIG-C,2017-09-13,1.4435080289840698,1.4435080289840698,1.4435080289840698,1.4435080289840698,327,1.0071808099746704,0.0,0.0
CIG-C,2017-09-14,1.4435080289840698,1.4435080289840698,1.4435080289840698,1.4435080289840698,0,1.0071808099746704,0.0,0.0
CIG-C,2017-09-15,1.4435080289840698,1.4435080289840698,1.4435080289840698,1.4435080289840698,0,1.0071808099746704,0.0,0.0
CIG-C,2017-09-18,1.4435080289840698,1.4435080289840698,1.4435080289840698,1.4435080289840698,0,1.0071808099746704,0.0,0.0
CIG-C,2017-09-19,1.4435080289840698,1.4435080289840698,1.4435080289840698,1.4435080289840698,0,1.0071808099746704,0.0,0.0
CIG-C,2017-09-20,1.4435080289840698,1.4435080289840698,1.4435080289840698,1.4435080289840698,0,1.0071808099746704,0.0,0.0
CIG-C,2017-09-21,1.4435080289840698,1.4435080289840698,1.4435080289840698,1.4435080289840698,0,1.0071808099746704,0.0,0.0
CIG-C,2017-09-22,1.4435080289840698,1.4435080289840698,1.4435080289840698,1.4435080289840698,0,1.0071808099746704,0.0,0.0
CIG-C,2017-09-25,1.4435080289840698,1.4435080289840698,1.4435080289840698,1.4435080289840698,0,1.0071808099746704,0.0,0.0
CIG-C,2017-09-26,1.4124089479446411,1.4124089479446411,1.4124089479446411,1.4124089479446411,589,0.9854822754859924,0.0,0.0
CIG-C,2017-09-27,1.3267539739608765,1.3639030456542969,1.2789909839630127,1.2789909839630127,40335,0.8923921585083008,0.0,0.0
CIG-C,2017-09-28,1.3320610523223877,1.3320610523223877,1.3320610523223877,1.3320610523223877,699,0.9294207096099854,0.0,0.0
CIG-C,2017-09-29,1.2896050214767456,1.2896050214767456,1.2843509912490845,1.2890739440917969,5654,0.8994274139404297,0.0,0.0
CIG-C,2017-10-02,1.2890739440917969,1.2890739440917969,1.2890739440917969,1.2890739440917969,0,0.8994274139404297,0.0,0.0
CIG-C,2017-10-03,1.3490959405899048,1.3798240423202515,1.316140055656433,1.3798240423202515,1520,0.9627465009689331,0.0,0.0
CIG-C,2017-10-04,1.432893991470337,1.432893991470337,1.3904379606246948,1.3904379606246948,3045,0.9701523184776306,0.0,0.0
CIG-C,2017-10-05,1.3904379606246948,1.3904379606246948,1.3904379606246948,1.3904379606246948,0,0.9701523184776306,0.0,0.0
CIG-C,2017-10-06,1.3904379606246948,1.3904379606246948,1.3904379606246948,1.3904379606246948,0,0.9701523184776306,0.0,0.0
CIG-C,2017-10-09,1.3904379606246948,1.3904379606246948,1.3904379606246948,1.3904379606246948,0,0.9701523184776306,0.0,0.0
CIG-C,2017-10-10,1.342674970626831,1.3639030456542969,1.342674970626831,1.3639030456542969,717,0.9516379237174988,0.0,0.0
CIG-C,2017-10-11,1.3639030456542969,1.3639030456542969,1.3639030456542969,1.3639030456542969,0,0.9516379237174988,0.0,0.0
CIG-C,2017-10-12,1.3479820489883423,1.3479820489883423,1.3055260181427002,1.3055260181427002,5517,0.9109066128730774,0.0,0.0
CIG-C,2017-10-13,1.3427280187606812,1.3427280187606812,1.3320610523223877,1.3320610523223877,844,0.9294207096099854,0.0,0.0
CIG-C,2017-10-16,1.2577630281448364,1.3320610523223877,1.2577630281448364,1.3058439493179321,4024,0.9111284017562866,0.0,0.0
CIG-C,2017-10-17,1.3058439493179321,1.3058439493179321,1.3058439493179321,1.3058439493179321,0,0.9111284017562866,0.0,0.0
CIG-C,2017-10-18,1.3058439493179321,1.3058439493179321,1.3058439493179321,1.3058439493179321,0,0.9111284017562866,0.0,0.0
CIG-C,2017-10-19,1.3058439493179321,1.3058439493179321,1.3058439493179321,1.3058439493179321,0,0.9111284017562866,0.0,0.0
CIG-C,2017-10-20,1.3058439493179321,1.3058439493179321,1.3058439493179321,1.3058439493179321,0,0.9111284017562866,0.0,0.0
CIG-C,2017-10-23,1.3585959672927856,1.3585959672927856,1.3585959672927856,1.3585959672927856,376,0.9479349255561829,0.0,0.0
CIG-C,2017-10-24,1.3585959672927856,1.3585959672927856,1.3585959672927856,1.3585959672927856,0,0.9479349255561829,0.0,0.0
CIG-C,2017-10-25,1.3585959672927856,1.3585959672927856,1.3585959672927856,1.3585959672927856,0,0.9479349255561829,0.0,0.0
CIG-C,2017-10-26,1.204692006111145,1.204692006111145,1.204692006111145,1.204692006111145,2472,0.8405515551567078,0.0,0.0
CIG-C,2017-10-27,1.204692006111145,1.204692006111145,1.204692006111145,1.204692006111145,0,0.8405515551567078,0.0,0.0
CIG-C,2017-10-30,1.0985519886016846,1.194077968597412,1.0974910259246826,1.194077968597412,9459,0.8331455588340759,0.0,0.0
CIG-C,2017-10-31,1.3214470148086548,1.3214470148086548,1.2206130027770996,1.2206130027770996,2072,0.8516600728034973,0.0,0.0
CIG-C,2017-11-01,1.194077968597412,1.1946090459823608,1.1463149785995483,1.1463149785995483,3254,0.7998200058937073,0.0,0.0
CIG-C,2017-11-02,1.1569290161132812,1.1569290161132812,1.1463149785995483,1.1569290161132812,5735,0.8072257041931152,0.0,0.0
CIG-C,2017-11-03,1.1516220569610596,1.1516220569610596,1.093245029449463,1.1091660261154175,10928,0.7738999128341675,0.0,0.0
CIG-C,2017-11-06,1.1410080194473267,1.1410080194473267,1.1410080194473267,1.1410080194473267,220,0.7961171269416809,0.0,0.0
CIG-C,2017-11-07,1.1410080194473267,1.1410080194473267,1.1410080194473267,1.1410080194473267,0,0.7961171269416809,0.0,0.0
CIG-C,2017-11-08,1.1410080194473267,1.1410080194473267,1.1410080194473267,1.1410080194473267,0,0.7961171269416809,0.0,0.0
CIG-C,2017-11-09,1.125087022781372,1.125087022781372,1.125087022781372,1.125087022781372,228,0.7850085496902466,0.0,0.0
CIG-C,2017-11-10,1.1038589477539062,1.1038589477539062,0.9924650192260742,0.9924650192260742,6218,0.692473828792572,0.0,0.0
CIG-C,2017-11-13,0.9924650192260742,0.9924650192260742,0.9924650192260742,0.9924650192260742,0,0.692473828792572,0.0,0.0
CIG-C,2017-11-14,0.9977189898490906,1.0745110511779785,0.9977189898490906,1.0745110511779785,4927,0.7497201561927795,0.0,0.0
CIG-C,2017-11-15,1.061933994293213,1.061933994293213,1.0295610427856445,1.0295610427856445,7005,0.7183569669723511,0.0,0.0
CIG-C,2017-11-16,1.0050419569015503,1.0050419569015503,1.0050419569015503,1.0050419569015503,433,0.701249361038208,0.0,0.0
CIG-C,2017-11-17,1.0083329677581787,1.0879379510879517,1.0083329677581787,1.0878850221633911,11869,0.7590515613555908,0.0,0.0
CIG-C,2017-11-20,1.0878850221633911,1.0878850221633911,1.0878850221633911,1.0878850221633911,0,0.7590515613555908,0.0,0.0
CIG-C,2017-11-21,1.0878850221633911,1.0878850221633911,1.0878850221633911,1.0878850221633911,0,0.7590515613555908,0.0,0.0
CIG-C,2017-11-22,1.0878850221633911,1.0878850221633911,1.0878850221633911,1.0878850221633911,0,0.7590515613555908,0.0,0.0
CIG-C,2017-11-24,1.0878850221633911,1.0878850221633911,1.0878850221633911,1.0878850221633911,0,0.7590515613555908,0.0,0.0
CIG-C,2017-11-27,1.0878850221633911,1.0878850221633911,1.0878850221633911,1.0878850221633911,0,0.7590515613555908,0.0,0.0
CIG-C,2017-11-28,1.1410080194473267,1.1632980108261108,1.1404780149459839,1.1569290161132812,2849,0.8072257041931152,0.0,0.0
CIG-C,2017-11-29,1.0349210500717163,1.0349210500717163,1.0349210500717163,1.0349210500717163,2095,0.7220969796180725,0.0,0.0
CIG-C,2017-11-30,1.0614030361175537,1.0614030361175537,1.0295610427856445,1.0295610427856445,6142,0.7183569669723511,0.0,0.0
CIG-C,2017-12-01,1.0864520072937012,1.162235975265503,1.040174961090088,1.072016954421997,8933,0.7479798793792725,0.0,0.0
CIG-C,2017-12-04,1.0295610427856445,1.1569290161132812,1.0295610427856445,1.1569290161132812,21032,0.8072257041931152,0.0,0.0
CIG-C,2017-12-05,1.1144200563430786,1.1144200563430786,1.1144200563430786,1.1144200563430786,1060,0.7775658965110779,0.0,0.0
CIG-C,2017-12-06,1.050842046737671,1.0957390069961548,1.0502580404281616,1.0614030361175537,30510,0.7405741214752197,0.0,0.0
CIG-C,2017-12-07,1.0931919813156128,1.0931919813156128,1.0189470052719116,1.0189470052719116,19928,0.7109513282775879,0.0,0.0
CIG-C,2017-12-08,0.981797993183136,1.0879379510879517,0.981797993183136,1.0879379510879517,2112,0.7590883374214172,0.0,0.0
CIG-C,2017-12-11,1.1144729852676392,1.1144729852676392,1.0454820394515991,1.0773240327835083,19374,0.7516828179359436,0.0,0.0
CIG-C,2017-12-12,1.0773240327835083,1.0773240327835083,1.0773240327835083,1.0773240327835083,0,0.7516828179359436,0.0,0.0
CIG-C,2017-12-13,1.0773240327835083,1.0773240327835083,1.0773240327835083,1.0773240327835083,0,0.7516828179359436,0.0,0.0
CIG-C,2017-12-14,1.162235975265503,1.162235975265503,1.0879379510879517,1.1038589477539062,1872,0.7701970934867859,0.0,0.0
CIG-C,2017-12-15,1.0188939571380615,1.0189470052719116,0.9871050119400024,0.9871050119400024,4499,0.6887341141700745,0.0,0.0
CIG-C,2017-12-18,1.0614030361175537,1.1410080194473267,1.0507889986038208,1.0507889986038208,17548,0.733168363571167,0.0,0.0
CIG-C,2017-12-19,1.0103490352630615,1.0624639987945557,0.9998419880867004,1.0614030361175537,18249,0.7405741214752197,0.0,0.0
CIG-C,2017-12-20,1.0120480060577393,1.0540790557861328,1.0083860158920288,1.0540790557861328,2359,0.7354641556739807,0.0,0.0
CIG-C,2017-12-21,1.01364004611969,1.0613499879837036,1.0082800388336182,1.0083329677581787,6014,0.7035455107688904,0.0,0.0
CIG-C,2017-12-22,1.056043028831482,1.1410080194473267,1.0295610427856445,1.0773240327835083,20953,0.7516828179359436,0.0,0.0
CIG-C,2017-12-26,0.981797993183136,0.981797993183136,0.981797993183136,0.981797993183136,1051,0.6850313544273376,0.0,0.0
CIG-C,2017-12-27,0.9871580004692078,0.9871580004692078,0.981797993183136,0.981797993183136,15944,0.6850313544273376,0.0,0.0
CIG-C,2017-12-28,0.9820629954338074,0.9820629954338074,0.9764909744262695,0.9764909744262695,12967,0.6813284754753113,0.0,0.0
CIG-C,2017-12-29,0.9871050119400024,1.072016954421997,0.9823279976844788,0.9823279976844788,5309,0.6854010224342346,0.0,0.0
CIG-C,2018-01-02,0.981797993183136,0.981797993183136,0.981797993183136,0.981797993183136,3958,0.6850313544273376,0.0,0.0
CIG-C,2018-01-03,1.0189470052719116,1.0507889986038208,0.9717140197753906,1.0507889986038208,1614,0.733168363571167,0.0,0.0
CIG-C,2018-01-04,1.0507889986038208,1.0985519886016846,1.0454820394515991,1.0534420013427734,15049,0.7350196242332458,0.0,0.0
CIG-C,2018-01-05,1.162235975265503,1.162235975265503,1.1438740491867065,1.162235975265503,12939,0.8109285235404968,0.0,0.0
CIG-C,2018-01-08,1.1410080194473267,1.1675430536270142,1.1144729852676392,1.1675430536270142,12611,0.8146316409111023,0.0,0.0
CIG-C,2018-01-09,1.125087022781372,1.263069987297058,1.0614030361175537,1.0614030361175537,23350,0.7405741214752197,0.0,0.0
CIG-C,2018-01-10,1.0614030361175537,1.0614030361175537,1.0614030361175537,1.0614030361175537,0,0.7405741214752197,0.0,0.0
CIG-C,2018-01-11,1.1887710094451904,1.1887710094451904,1.072016954421997,1.0994540452957153,5321,0.7671235799789429,0.0,0.0
CIG-C,2018-01-12,1.0994540452957153,1.0994540452957153,1.0994540452957153,1.0994540452957153,0,0.7671235799789429,0.0,0.0
CIG-C,2018-01-16,1.1144729852676392,1.4116660356521606,1.036087989807129,1.0614030361175537,17612,0.7405741214752197,0.0,0.0
CIG-C,2018-01-17,1.1197799444198608,1.1781569719314575,1.1145260334014893,1.1410080194473267,3278,0.7961171269416809,0.0,0.0
CIG-C,2018-01-18,1.1303939819335938,1.1810760498046875,1.1144729852676392,1.1144729852676392,5000,0.7776028513908386,0.0,0.0
CIG-C,2018-01-19,1.0773240327835083,1.1410080194473267,1.0773240327835083,1.1410080194473267,8126,0.7961171269416809,0.0,0.0
CIG-C,2018-01-22,1.0295610427856445,1.209892988204956,0.9605699777603149,1.209892988204956,9722,0.8441804051399231,0.0,0.0
CIG-C,2018-01-23,1.0773240327835083,1.0773240327835083,1.0667099952697754,1.0667099952697754,1172,0.7442770600318909,0.0,0.0
CIG-C,2018-01-24,1.1197270154953003,1.1940250396728516,1.1197270154953003,1.1940250396728516,1482,0.8331087231636047,0.0,0.0
CIG-C,2018-01-25,1.1940250396728516,1.1940250396728516,1.1940250396728516,1.1940250396728516,0,0.8331087231636047,0.0,0.0
CIG-C,2018-01-26,1.1940250396728516,1.1940250396728516,1.1940250396728516,1.1940250396728516,0,0.8331087231636047,0.0,0.0
CIG-C,2018-01-29,1.1197799444198608,1.1197799444198608,1.1197799444198608,1.1197799444198608,258,0.7813056111335754,0.0,0.0
CIG-C,2018-01-30,1.2205599546432495,1.2205599546432495,1.1516220569610596,1.1516220569610596,1724,0.8035230040550232,0.0,0.0
CIG-C,2018-01-31,1.1728500127792358,1.1728500127792358,1.0083329677581787,1.162235975265503,26480,0.8109285235404968,0.0,0.0
CIG-C,2018-02-01,1.162235975265503,1.162235975265503,1.162235975265503,1.162235975265503,0,0.8109285235404968,0.0,0.0
CIG-C,2018-02-02,1.162235975265503,1.162235975265503,1.162235975265503,1.162235975265503,0,0.8109285235404968,0.0,0.0
CIG-C,2018-02-05,1.1123499870300293,1.1123499870300293,1.0295610427856445,1.0454820394515991,14763,0.7294656038284302,0.0,0.0
CIG-C,2018-02-06,1.0454820394515991,1.125087022781372,1.0454820394515991,1.125087022781372,19886,0.7850085496902466,0.0,0.0
CIG-C,2018-02-07,1.0667099952697754,1.0667099952697754,1.040174961090088,1.040174961090088,2355,0.7257628440856934,0.0,0.0
CIG-C,2018-02-08,1.0614030361175537,1.0614030361175537,1.0614030361175537,1.0614030361175537,322,0.7405741214752197,0.0,0.0
CIG-C,2018-02-09,1.0614030361175537,1.0614030361175537,1.0614030361175537,1.0614030361175537,0,0.7405741214752197,0.0,0.0
CIG-C,2018-02-12,1.0614030361175537,1.0614030361175537,1.0614030361175537,1.0614030361175537,0,0.7405741214752197,0.0,0.0
CIG-C,2018-02-13,1.0614030361175537,1.0614030361175537,1.0614030361175537,1.0614030361175537,0,0.7405741214752197,0.0,0.0
CIG-C,2018-02-14,1.0400689840316772,1.0400689840316772,1.0400689840316772,1.0400689840316772,390,0.7256886959075928,0.0,0.0
CIG-C,2018-02-15,1.0400689840316772,1.0400689840316772,1.0400689840316772,1.0400689840316772,0,0.7256886959075928,0.0,0.0
CIG-C,2018-02-16,1.125087022781372,1.1621830463409424,1.1144729852676392,1.1621830463409424,18511,0.8108916282653809,0.0,0.0
CIG-C,2018-02-20,1.1675430536270142,1.1675430536270142,1.162235975265503,1.162235975265503,1707,0.8109285235404968,0.0,0.0
CIG-C,2018-02-21,1.162235975265503,1.162235975265503,1.162235975265503,1.162235975265503,0,0.8109285235404968,0.0,0.0
CIG-C,2018-02-22,1.162235975265503,1.162235975265503,1.162235975265503,1.162235975265503,0,0.8109285235404968,0.0,0.0
CIG-C,2018-02-23,1.0879379510879517,1.0879379510879517,1.0879379510879517,1.0879379510879517,229,0.7590883374214172,0.0,0.0
CIG-C,2018-02-26,1.125087022781372,1.162235975265503,1.125087022781372,1.162235975265503,42928,0.8109285235404968,0.0,0.0
CIG-C,2018-02-27,1.1197799444198608,1.1887710094451904,1.1197799444198608,1.1887710094451904,8688,0.8294427990913391,0.0,0.0
CIG-C,2018-02-28,1.1569290161132812,1.1569290161132812,1.1569290161132812,1.1569290161132812,499,0.8072257041931152,0.0,0.0
CIG-C,2018-03-01,1.1516220569610596,1.1516220569610596,1.1516220569610596,1.1516220569610596,520,0.8035230040550232,0.0,0.0
CIG-C,2018-03-02,1.1516749858856201,1.1516749858856201,1.1303939819335938,1.1516220569610596,58156,0.8035230040550232,0.0,0.0
CIG-C,2018-03-05,1.1516220569610596,1.1516220569610596,1.1516220569610596,1.1516220569610596,0,0.8035230040550232,0.0,0.0
CIG-C,2018-03-06,1.1516220569610596,1.1516220569610596,1.1516220569610596,1.1516220569610596,0,0.8035230040550232,0.0,0.0
CIG-C,2018-03-07,1.1516220569610596,1.1516220569610596,1.1516220569610596,1.1516220569610596,0,0.8035230040550232,0.0,0.0
CIG-C,2018-03-08,1.1463149785995483,1.1887710094451904,1.0985519886016846,1.1887710094451904,40222,0.8294427990913391,0.0,0.0
CIG-C,2018-03-09,1.231227993965149,1.231227993965149,1.231227993965149,1.231227993965149,431,0.8590661883354187,0.0,0.0
CIG-C,2018-03-12,1.1728500127792358,1.1728500127792358,1.1728500127792358,1.1728500127792358,456,0.8183344006538391,0.0,0.0
CIG-C,2018-03-13,1.231227993965149,1.231227993965149,1.1675430536270142,1.1781569719314575,2850,0.8220372200012207,0.0,0.0
CIG-C,2018-03-14,1.204692006111145,1.2100529670715332,1.1516220569610596,1.1516220569610596,69438,0.8035230040550232,0.0,0.0
CIG-C,2018-03-15,1.1516220569610596,1.1516220569610596,1.1516220569610596,1.1516220569610596,0,0.8035230040550232,0.0,0.0
CIG-C,2018-03-16,1.1516220569610596,1.1516220569610596,1.1516220569610596,1.1516220569610596,0,0.8035230040550232,0.0,0.0
CIG-C,2018-03-19,1.1516220569610596,1.1834640502929688,1.1516220569610596,1.1728500127792358,2198,0.8183344006538391,0.0,0.0
CIG-C,2018-03-20,1.1728500127792358,1.1728500127792358,1.1728500127792358,1.1728500127792358,983,0.8183344006538391,0.0,0.0
CIG-C,2018-03-21,1.1728500127792358,1.1728500127792358,1.1728500127792358,1.1728500127792358,0,0.8183344006538391,0.0,0.0
CIG-C,2018-03-22,1.1675430536270142,1.1675430536270142,1.167490005493164,1.1675430536270142,1347,0.8146316409111023,0.0,0.0
CIG-C,2018-03-23,1.1675430536270142,1.1675430536270142,1.1675430536270142,1.1675430536270142,0,0.8146316409111023,0.0,0.0
CIG-C,2018-03-26,1.1675430536270142,1.1675430536270142,1.1675430536270142,1.1675430536270142,0,0.8146316409111023,0.0,0.0
CIG-C,2018-03-27,1.1781569719314575,1.1834640502929688,1.1781569719314575,1.1781569719314575,755,0.8220372200012207,0.0,0.0
CIG-C,2018-03-28,1.1781569719314575,1.1781569719314575,1.1781569719314575,1.1781569719314575,0,0.8220372200012207,0.0,0.0
CIG-C,2018-03-29,1.1781569719314575,1.1781569719314575,1.1781569719314575,1.1781569719314575,0,0.8220372200012207,0.0,0.0
CIG-C,2018-04-02,1.1781569719314575,1.1781569719314575,1.1781569719314575,1.1781569719314575,0,0.8220372200012207,0.0,0.0
CIG-C,2018-04-03,1.1781569719314575,1.1781569719314575,1.1781569719314575,1.1781569719314575,33352,0.8220372200012207,0.0,0.0
CIG-C,2018-04-04,1.1326760053634644,1.1781569719314575,1.1326760053634644,1.1781569719314575,1584,0.8220372200012207,0.0,0.0
CIG-C,2018-04-05,1.1834640502929688,1.1834640502929688,1.1781569719314575,1.1781569719314575,13602,0.8220372200012207,0.0,0.0
CIG-C,2018-04-06,1.1781569719314575,1.1781569719314575,1.1781569719314575,1.1781569719314575,0,0.8220372200012207,0.0,0.0
CIG-C,2018-04-09,1.1781569719314575,1.1781569719314575,1.1303939819335938,1.1303939819335938,1322,0.7887111902236938,0.0,0.0
CIG-C,2018-04-10,1.1303939819335938,1.1303939819335938,1.1303939819335938,1.1303939819335938,0,0.7887111902236938,0.0,0.0
CIG-C,2018-04-11,1.1367629766464233,1.1367629766464233,1.1152160167694092,1.1152160167694092,949,0.7781211733818054,0.0,0.0
CIG-C,2018-04-12,1.1197799444198608,1.1781569719314575,1.1197799444198608,1.1781569719314575,2911,0.8220372200012207,0.0,0.0
CIG-C,2018-04-13,1.125087022781372,1.1558680534362793,1.1144729852676392,1.1144729852676392,3889,0.7776028513908386,0.0,0.0
CIG-C,2018-04-16,1.072016954421997,1.125087022781372,1.0667099952697754,1.125087022781372,10335,0.7850085496902466,0.0,0.0
CIG-C,2018-04-17,1.125087022781372,1.125087022781372,1.125087022781372,1.125087022781372,0,0.7850085496902466,0.0,0.0
CIG-C,2018-04-18,1.125087022781372,1.125087022781372,1.125087022781372,1.125087022781372,0,0.7850085496902466,0.0,0.0
CIG-C,2018-04-19,1.125087022781372,1.125087022781372,1.125087022781372,1.125087022781372,0,0.7850085496902466,0.0,0.0
CIG-C,2018-04-20,1.125087022781372,1.125087022781372,1.125087022781372,1.125087022781372,0,0.7850085496902466,0.0,0.0
CIG-C,2018-04-23,1.125087022781372,1.125087022781372,1.1245559453964233,1.125087022781372,8929,0.7850085496902466,0.0,0.0
CIG-C,2018-04-24,1.125087022781372,1.125087022781372,1.125087022781372,1.125087022781372,0,0.7850085496902466,0.0,0.0
CIG-C,2018-04-25,1.125087022781372,1.125087022781372,1.125087022781372,1.125087022781372,0,0.7850085496902466,0.0,0.0
CIG-C,2018-04-26,1.1038589477539062,1.1038589477539062,1.0985519886016846,1.1038589477539062,951,0.7701970934867859,0.0,0.0
CIG-C,2018-04-27,1.1038589477539062,1.1038589477539062,1.1038589477539062,1.1038589477539062,0,0.7701970934867859,0.0,0.0
CIG-C,2018-04-30,1.1038589477539062,1.1038589477539062,1.1038589477539062,1.1038589477539062,0,0.7701970934867859,0.0,0.0
CIG-C,2018-05-01,1.1038589477539062,1.1038589477539062,1.1038589477539062,1.1038589477539062,0,0.7701970934867859,0.0,0.0
CIG-C,2018-05-02,1.1038589477539062,1.1038589477539062,1.1038589477539062,1.1038589477539062,0,0.7731569409370422,0.004226,0.0
CIG-C,2018-05-03,1.0614030361175537,1.0773240327835083,1.040174961090088,1.0773240327835083,24963,0.7545716166496277,0.0,0.0
CIG-C,2018-05-04,1.0455349683761597,1.0455349683761597,1.0455349683761597,1.0455349683761597,2638,0.732306182384491,0.0,0.0
CIG-C,2018-05-07,1.1038589477539062,1.1038589477539062,1.1038589477539062,1.1038589477539062,944,0.7731569409370422,0.0,0.0
CIG-C,2018-05-08,1.08263099193573,1.08263099193573,1.08263099193573,1.08263099193573,188,0.7582886219024658,0.0,0.0
CIG-C,2018-05-09,1.0560959577560425,1.0879379510879517,1.0348680019378662,1.0879379510879517,19538,0.7620056867599487,0.0,0.0
CIG-C,2018-05-10,1.0879379510879517,1.0879379510879517,1.0879379510879517,1.0879379510879517,0,0.7620056867599487,0.0,0.0
CIG-C,2018-05-11,1.0879379510879517,1.0879379510879517,1.0879379510879517,1.0879379510879517,0,0.7620056867599487,0.0,0.0
CIG-C,2018-05-14,1.1144729852676392,1.1144729852676392,1.040174961090088,1.0614030361175537,1537,0.743420422077179,0.0,0.0
CIG-C,2018-05-15,1.040174961090088,1.040174961090088,0.9764909744262695,1.0348149538040161,9231,0.724797785282135,0.0,0.0
CIG-C,2018-05-16,1.0295610427856445,1.0507889986038208,1.0295610427856445,1.0454820394515991,2080,0.7322691082954407,0.0,0.0
CIG-C,2018-05-17,1.0454820394515991,1.0454820394515991,1.0454820394515991,1.0454820394515991,0,0.7322691082954407,0.0,0.0
CIG-C,2018-05-18,1.003026008605957,1.0667099952697754,0.9764909744262695,1.0007439851760864,6600,0.7009338736534119,0.0,0.0
CIG-C,2018-05-21,1.0348680019378662,1.0985519886016846,1.0295610427856445,1.0614030361175537,10175,0.743420422077179,0.0,0.0
CIG-C,2018-05-22,1.0667099952697754,1.072016954421997,1.0083329677581787,1.072016954421997,2076,0.7508543133735657,0.0,0.0
CIG-C,2018-05-23,1.0981810092926025,1.0981810092926025,1.0981810092926025,1.0981810092926025,2319,0.7691800594329834,0.0,0.0
CIG-C,2018-05-24,1.0981810092926025,1.1091660261154175,1.0928740501403809,1.1091660261154175,6802,0.776874303817749,0.0,0.0
CIG-C,2018-05-25,1.0667099952697754,1.0667099952697754,1.0504169464111328,1.0504169464111328,736,0.7357254028320312,0.0,0.0
CIG-C,2018-05-29,0.9871050119400024,1.0454820394515991,0.9871050119400024,1.0454820394515991,1961,0.7322691082954407,0.0,0.0
CIG-C,2018-05-30,1.01364004611969,1.0493559837341309,1.01364004611969,1.0493559837341309,1903,0.734982430934906,0.0,0.0
CIG-C,2018-05-31,1.040174961090088,1.1728500127792358,1.0348680019378662,1.1728500127792358,6894,0.8214791417121887,0.0,0.0
CIG-C,2018-06-01,1.1303939819335938,1.1303939819335938,1.0189470052719116,1.0189470052719116,4333,0.7136836051940918,0.0,0.0
CIG-C,2018-06-04,1.0189470052719116,1.0189470052719116,0.9962859749794006,1.003026008605957,3738,0.7025322914123535,0.0,0.0
CIG-C,2018-06-05,1.0242539644241333,1.0348680019378662,0.9552630186080933,0.9552630186080933,30026,0.669078528881073,0.0,0.0
CIG-C,2018-06-06,0.980364978313446,1.0295610427856445,0.9446489810943604,0.9446489810943604,49692,0.6616443395614624,0.0,0.0
CIG-C,2018-06-07,0.9432160258293152,0.9871050119400024,0.84381502866745,0.9340350031852722,23035,0.6542102098464966,0.0,0.0
CIG-C,2018-06-08,0.9287279844284058,0.9287279844284058,0.9287279844284058,0.9287279844284058,1884,0.6504929661750793,0.0,0.0
CIG-C,2018-06-11,0.9234210252761841,0.9234210252761841,0.8544290065765381,0.8650429844856262,9960,0.6058871746063232,0.0,0.0
CIG-C,2018-06-12,0.8664759993553162,0.9038910269737244,0.8544290065765381,0.9032009840011597,20050,0.6326135396957397,0.0,0.0
CIG-C,2018-06-13,0.9032009840011597,0.9032009840011597,0.9032009840011597,0.9032009840011597,0,0.6326135396957397,0.0,0.0
CIG-C,2018-06-14,0.9658769965171814,0.9735190272331238,0.8809639811515808,0.8968849778175354,45483,0.6281898021697998,0.0,0.0
CIG-C,2018-06-15,0.8968849778175354,0.8968849778175354,0.8385080099105835,0.8809639811515808,3708,0.6170384883880615,0.0,0.0
CIG-C,2018-06-18,0.8809639811515808,0.8809639811515808,0.8809639811515808,0.8809639811515808,0,0.6170384883880615,0.0,0.0
CIG-C,2018-06-19,0.8756570219993591,0.9552630186080933,0.8756570219993591,0.9393420219421387,3979,0.6579271554946899,0.0,0.0
CIG-C,2018-06-20,0.9480980038642883,0.9480980038642883,0.8385080099105835,0.8385080099105835,1567,0.5873019099235535,0.0,0.0
CIG-C,2018-06-21,0.8385080099105835,0.8385080099105835,0.8385080099105835,0.8385080099105835,0,0.5873019099235535,0.0,0.0
CIG-C,2018-06-22,0.8812299966812134,0.8812299966812134,0.8812299966812134,0.8812299966812134,218,0.6172248721122742,0.0,0.0
CIG-C,2018-06-25,0.8809639811515808,0.8809639811515808,0.84381502866745,0.84381502866745,1130,0.5910189151763916,0.0,0.0
CIG-C,2018-06-26,0.8544290065765381,0.8703500032424927,0.8544290065765381,0.8703500032424927,565,0.6096043586730957,0.0,0.0
CIG-C,2018-06-27,0.8703500032424927,0.8703500032424927,0.8385080099105835,0.8385080099105835,3278,0.5873019099235535,0.0,0.0
CIG-C,2018-06-28,0.8756570219993591,1.0614030361175537,0.849174976348877,0.9234210252761841,15191,0.6467759013175964,0.0,0.0
CIG-C,2018-06-29,0.91280597448349,0.91280597448349,0.91280597448349,0.91280597448349,395,0.6393409967422485,0.0,0.0
CIG-C,2018-07-02,0.91280597448349,0.968529999256134,0.91280597448349,0.9499559998512268,15034,0.6653613448143005,0.0,0.0
CIG-C,2018-07-03,0.9499559998512268,0.9499559998512268,0.9499559998512268,0.9499559998512268,0,0.6653613448143005,0.0,0.0
CIG-C,2018-07-05,0.9871050119400024,0.9871050119400024,0.9021919965744019,0.981797993183136,3615,0.6876639127731323,0.0,0.0
CIG-C,2018-07-06,0.981797993183136,0.981797993183136,0.981797993183136,0.981797993183136,0,0.6876639127731323,0.0,0.0
CIG-C,2018-07-09,0.981797993183136,0.981797993183136,0.981797993183136,0.981797993183136,0,0.6876639127731323,0.0,0.0
CIG-C,2018-07-10,0.981797993183136,0.981797993183136,0.981797993183136,0.981797993183136,0,0.6876639127731323,0.0,0.0
CIG-C,2018-07-11,0.9340879917144775,0.9340879917144775,0.9340879917144775,0.9340879917144775,753,0.6542473435401917,0.0,0.0
CIG-C,2018-07-12,0.9340350031852722,0.9340350031852722,0.9340350031852722,0.9340350031852722,216,0.6542102098464966,0.0,0.0
CIG-C,2018-07-13,0.9340350031852722,0.981797993183136,0.9340350031852722,0.981797993183136,6265,0.6876639127731323,0.0,0.0
CIG-C,2018-07-16,0.9711840152740479,1.0295610427856445,0.9711840152740479,1.0295610427856445,942,0.7211177945137024,0.0,0.0
CIG-C,2018-07-17,1.0295610427856445,1.0295610427856445,1.0295610427856445,1.0295610427856445,1004,0.7211177945137024,0.0,0.0
CIG-C,2018-07-18,1.003026008605957,1.003026008605957,0.9446489810943604,0.9446489810943604,376,0.6616443395614624,0.0,0.0
CIG-C,2018-07-19,0.9446489810943604,0.9446489810943604,0.9446489810943604,0.9446489810943604,0,0.6616443395614624,0.0,0.0
CIG-C,2018-07-20,0.9711840152740479,0.9711840152740479,0.9711840152740479,0.9711840152740479,484,0.6802298426628113,0.0,0.0
CIG-C,2018-07-23,0.9658769965171814,1.0189470052719116,0.9658769965171814,1.0189470052719116,1194,0.7136836051940918,0.0,0.0
CIG-C,2018-07-24,0.9924119710922241,1.0295610427856445,0.8802739977836609,1.0295610427856445,6726,0.7211177945137024,0.0,0.0
CIG-C,2018-07-25,1.0295610427856445,1.0348680019378662,0.9871050119400024,0.9977189898490906,5409,0.6988152861595154,0.0,0.0
CIG-C,2018-07-26,0.9977189898490906,1.0002659559249878,0.9552630186080933,0.9552630186080933,1130,0.669078528881073,0.0,0.0
CIG-C,2018-07-27,0.981797993183136,1.0295610427856445,0.9764909744262695,1.0295610427856445,3199,0.7211177945137024,0.0,0.0
CIG-C,2018-07-30,1.0295610427856445,1.0295610427856445,1.0295610427856445,1.0295610427856445,0,0.7211177945137024,0.0,0.0
CIG-C,2018-07-31,1.0295610427856445,1.0295610427856445,1.0295610427856445,1.0295610427856445,0,0.7211177945137024,0.0,0.0
CIG-C,2018-08-01,1.0295610427856445,1.0295610427856445,1.0295610427856445,1.0295610427856445,0,0.7211177945137024,0.0,0.0
CIG-C,2018-08-02,0.9605699777603149,0.9977189898490906,0.9446489810943604,0.9977189898490906,8841,0.6988152861595154,0.0,0.0
CIG-C,2018-08-03,0.9924119710922241,0.9924119710922241,0.9924119710922241,0.9924119710922241,386,0.6950979828834534,0.0,0.0
CIG-C,2018-08-06,1.0189470052719116,1.0189470052719116,1.0189470052719116,1.0189470052719116,188,0.7136836051940918,0.0,0.0
CIG-C,2018-08-07,1.0189470052719116,1.0189470052719116,1.0189470052719116,1.0189470052719116,0,0.7136836051940918,0.0,0.0
CIG-C,2018-08-08,1.0189470052719116,1.0189470052719116,1.0189470052719116,1.0189470052719116,0,0.7136836051940918,0.0,0.0
CIG-C,2018-08-09,1.0189470052719116,1.0189470052719116,1.0189470052719116,1.0189470052719116,0,0.7136836051940918,0.0,0.0
CIG-C,2018-08-10,0.9871050119400024,0.9871050119400024,0.9871050119400024,0.9871050119400024,188,0.6913810968399048,0.0,0.0
CIG-C,2018-08-13,0.9605699777603149,0.9605699777603149,0.9605699777603149,0.9605699777603149,1270,0.6727955937385559,0.0,0.0
CIG-C,2018-08-14,0.9605699777603149,0.9605699777603149,0.9605699777603149,0.9605699777603149,0,0.6727955937385559,0.0,0.0
CIG-C,2018-08-15,0.9605699777603149,0.9605699777603149,0.9605699777603149,0.9605699777603149,0,0.6727955937385559,0.0,0.0
CIG-C,2018-08-16,0.9605699777603149,0.9605699777603149,0.9605699777603149,0.9605699777603149,0,0.6727955937385559,0.0,0.0
CIG-C,2018-08-17,0.9605699777603149,0.9605699777603149,0.9605699777603149,0.9605699777603149,0,0.6727955937385559,0.0,0.0
CIG-C,2018-08-20,0.9605699777603149,0.9605699777603149,0.9605699777603149,0.9605699777603149,0,0.6727955937385559,0.0,0.0
CIG-C,2018-08-21,0.9093570113182068,0.9658769965171814,0.9093570113182068,0.9287279844284058,1332,0.6504929661750793,0.0,0.0
CIG-C,2018-08-22,0.9287279844284058,0.9287279844284058,0.9287279844284058,0.9287279844284058,0,0.6504929661750793,0.0,0.0
CIG-C,2018-08-23,0.9021919965744019,0.9021919965744019,0.8703500032424927,0.8703500032424927,3369,0.6096043586730957,0.0,0.0
CIG-C,2018-08-24,0.9393420219421387,0.9393420219421387,0.9021919965744019,0.9021919965744019,8699,0.6319069862365723,0.0,0.0
CIG-C,2018-08-27,0.9287279844284058,0.9287279844284058,0.8756570219993591,0.9287279844284058,5929,0.6504929661750793,0.0,0.0
CIG-C,2018-08-28,0.9287279844284058,0.9287279844284058,0.9287279844284058,0.9287279844284058,0,0.6504929661750793,0.0,0.0
CIG-C,2018-08-29,0.9485229849815369,0.9485229849815369,0.9190160036087036,0.9190160036087036,1025,0.6436906456947327,0.0,0.0
CIG-C,2018-08-30,0.91280597448349,0.91280597448349,0.8809639811515808,0.8809639811515808,3306,0.6170384883880615,0.0,0.0
CIG-C,2018-08-31,0.8703500032424927,0.8703500032424927,0.8703500032424927,0.8703500032424927,188,0.6096043586730957,0.0,0.0
CIG-C,2018-09-04,0.8881289958953857,0.8881289958953857,0.8544290065765381,0.8544290065765381,2353,0.598453164100647,0.0,0.0
CIG-C,2018-09-05,0.8544290065765381,0.8544290065765381,0.8544290065765381,0.8544290065765381,0,0.598453164100647,0.0,0.0
CIG-C,2018-09-06,0.8278939723968506,0.8687580227851868,0.8278939723968506,0.8544290065765381,11124,0.598453164100647,0.0,0.0
CIG-C,2018-09-07,0.8728979825973511,0.8728979825973511,0.8728979825973511,0.8728979825973511,369,0.6113889813423157,0.0,0.0
CIG-C,2018-09-10,0.8728979825973511,0.8728979825973511,0.8728979825973511,0.8728979825973511,0,0.6113889813423157,0.0,0.0
CIG-C,2018-09-11,0.8756570219993591,0.8756570219993591,0.8756570219993591,0.8756570219993591,2996,0.6133213639259338,0.0,0.0
CIG-C,2018-09-12,0.9234210252761841,0.9234210252761841,0.9234210252761841,0.9234210252761841,1136,0.6467759013175964,0.0,0.0
CIG-C,2018-09-13,0.9234210252761841,0.9234210252761841,0.9234210252761841,0.9234210252761841,0,0.6467759013175964,0.0,0.0
CIG-C,2018-09-14,0.9234210252761841,0.9234210252761841,0.9234210252761841,0.9234210252761841,0,0.6467759013175964,0.0,0.0
CIG-C,2018-09-17,0.8353769779205322,0.8353769779205322,0.8310250043869019,0.8310250043869019,1733,0.5820606350898743,0.0,0.0
CIG-C,2018-09-18,0.8310250043869019,0.8310250043869019,0.8310250043869019,0.8310250043869019,0,0.5820606350898743,0.0,0.0
CIG-C,2018-09-19,0.8310250043869019,0.8310250043869019,0.8310250043869019,0.8310250043869019,0,0.5820606350898743,0.0,0.0
CIG-C,2018-09-20,0.91280597448349,0.9605699777603149,0.8862709999084473,0.91280597448349,13838,0.6393409967422485,0.0,0.0
CIG-C,2018-09-21,0.9127529859542847,0.9127529859542847,0.9127529859542847,0.9127529859542847,320,0.6393040418624878,0.0,0.0
CIG-C,2018-09-24,0.9446489810943604,0.9446489810943604,0.8840420246124268,0.8840420246124268,1271,0.6191943287849426,0.0,0.0
CIG-C,2018-09-25,0.8862709999084473,0.8862709999084473,0.8544290065765381,0.8544290065765381,565,0.598453164100647,0.0,0.0
CIG-C,2018-09-26,0.8225870132446289,0.8544290065765381,0.8225870132446289,0.8225870132446289,2366,0.5761505365371704,0.0,0.0
CIG-C,2018-09-27,0.8544290065765381,0.8862709999084473,0.8544290065765381,0.8862709999084473,569,0.6207556128501892,0.0,0.0
CIG-C,2018-09-28,0.8862709999084473,0.8862709999084473,0.8862709999084473,0.8862709999084473,0,0.6207556128501892,0.0,0.0
CIG-C,2018-10-01,0.8544290065765381,0.8544290065765381,0.8544290065765381,0.8544290065765381,254,0.598453164100647,0.0,0.0
CIG-C,2018-10-02,0.8544290065765381,0.8544290065765381,0.8544290065765381,0.8544290065765381,0,0.598453164100647,0.0,0.0
CIG-C,2018-10-03,0.833200991153717,0.9340350031852722,0.833200991153717,0.9340350031852722,972,0.6542102098464966,0.0,0.0
CIG-C,2018-10-04,0.9658769965171814,1.003026008605957,0.9658769965171814,0.9924119710922241,2449,0.6950979828834534,0.0,0.0
CIG-C,2018-10-05,1.0242539644241333,1.08263099193573,0.9446489810943604,0.9924119710922241,30401,0.6950979828834534,0.0,0.0
CIG-C,2018-10-08,1.1834640502929688,1.4010519981384277,1.1834640502929688,1.316140055656433,85767,0.9218415021896362,0.0,0.0
CIG-C,2018-10-09,1.3267539739608765,1.342674970626831,1.2949119806289673,1.342674970626831,25447,0.9404270052909851,0.0,0.0
CIG-C,2018-10-10,1.3214470148086548,1.3214470148086548,1.274744987487793,1.274744987487793,20625,0.8928478360176086,0.0,0.0
CIG-C,2018-10-11,1.2949119806289673,1.391234040260315,1.2949119806289673,1.364804983139038,6491,0.9559271931648254,0.0,0.0
CIG-C,2018-10-12,1.422279953956604,1.5124989748001099,1.390491008758545,1.464735984802246,88985,1.025919795036316,0.0,0.0
CIG-C,2018-10-15,1.5124989748001099,1.5124989748001099,1.4488149881362915,1.4488149881362915,22193,1.0147687196731567,0.0,0.0
CIG-C,2018-10-16,1.439527988433838,1.439527988433838,1.3851310014724731,1.3851310014724731,7458,0.9701634645462036,0.0,0.0
CIG-C,2018-10-17,1.385820984840393,1.395745038986206,1.385820984840393,1.395745038986206,1098,0.9775977730751038,0.0,0.0
CIG-C,2018-10-18,1.3851310014724731,1.3851310014724731,1.3851310014724731,1.3851310014724731,282,0.9701634645462036,0.0,0.0
CIG-C,2018-10-19,1.4116660356521606,1.4806569814682007,1.4116660356521606,1.4275870323181152,2072,0.9999004602432251,0.0,0.0
CIG-C,2018-10-22,1.4541219472885132,1.4541219472885132,1.4435080289840698,1.4435080289840698,627,1.0110517740249634,0.0,0.0
CIG-C,2018-10-23,1.4594290256500244,1.4594290256500244,1.4249340295791626,1.432893991470337,4710,1.0036174058914185,0.0,0.0
CIG-C,2018-10-24,1.432893991470337,1.432893991470337,1.432893991470337,1.432893991470337,0,1.0036174058914185,0.0,0.0
CIG-C,2018-10-25,1.4594290256500244,1.5921050310134888,1.4594290256500244,1.5921050310134888,3335,1.1151307821273804,0.0,0.0
CIG-C,2018-10-26,1.5867979526519775,1.6398680210113525,1.5496490001678467,1.6398680210113525,3129,1.1485843658447266,0.0,0.0
CIG-C,2018-10-29,1.5921050310134888,1.6876310110092163,1.4488149881362915,1.5071920156478882,10849,1.0556566715240479,0.0,0.0
CIG-C,2018-10-30,1.5474200248718262,1.703552007675171,1.5474200248718262,1.5761840343475342,31863,1.1039795875549316,0.0,0.0
CIG-C,2018-10-31,1.5814909934997559,1.5814909934997559,1.4275870323181152,1.5337270498275757,29425,1.0742424726486206,0.0,0.0
CIG-C,2018-11-01,1.5337270498275757,1.5504980087280273,1.5337270498275757,1.5337270498275757,132564,1.0742424726486206,0.0,0.0
CIG-C,2018-11-02,1.5337270498275757,1.5337270498275757,1.5337270498275757,1.5337270498275757,0,1.0742424726486206,0.0,0.0
CIG-C,2018-11-05,1.5761840343475342,1.6267600059509277,1.5761840343475342,1.6267600059509277,1684,1.1394035816192627,0.0,0.0
CIG-C,2018-11-06,1.6610959768295288,1.6610959768295288,1.6345609426498413,1.6345609426498413,9167,1.1448676586151123,0.0,0.0
CIG-C,2018-11-07,1.6186399459838867,1.6186399459838867,1.6186399459838867,1.6186399459838867,188,1.1337159872055054,0.0,0.0
CIG-C,2018-11-08,1.594120979309082,1.6186399459838867,1.594120979309082,1.6186399459838867,1317,1.1337159872055054,0.0,0.0
CIG-C,2018-11-09,1.5368059873580933,1.5779880285263062,1.5368059873580933,1.5779880285263062,147171,1.1052428483963013,0.0,0.0
CIG-C,2018-11-12,1.6573280096054077,1.6823240518569946,1.6573280096054077,1.6823240518569946,2590,1.1783215999603271,0.0,0.0
CIG-C,2018-11-13,1.746008038520813,1.746008038520813,1.5974119901657104,1.5974119901657104,8690,1.1188477277755737,0.0,0.0
CIG-C,2018-11-14,1.5337270498275757,1.5337270498275757,1.5337270498275757,1.5337270498275757,4318,1.0742424726486206,0.0,0.0
CIG-C,2018-11-15,1.5337270498275757,1.5337270498275757,1.5337270498275757,1.5337270498275757,0,1.0742424726486206,0.0,0.0
CIG-C,2018-11-16,1.5602630376815796,1.66640305519104,1.5602630376815796,1.66640305519104,1686,1.1671701669692993,0.0,0.0
CIG-C,2018-11-19,1.6451749801635742,1.6451749801635742,1.5777759552001953,1.5777759552001953,3297,1.1050947904586792,0.0,0.0
CIG-C,2018-11-20,1.5882840156555176,1.5882840156555176,1.5655699968338013,1.5655699968338013,1224,1.0965452194213867,0.0,0.0
CIG-C,2018-11-21,1.5655699968338013,1.5761840343475342,1.5655699968338013,1.5761840343475342,4169,1.1039795875549316,0.0,0.0
CIG-C,2018-11-23,1.5921050310134888,1.6557890176773071,1.5921050310134888,1.6557890176773071,4333,1.159735918045044,0.0,0.0
CIG-C,2018-11-26,1.7194730043411255,1.7194730043411255,1.6557890176773071,1.6557890176773071,1113,1.159735918045044,0.0,0.0
CIG-C,2018-11-27,1.644590973854065,1.644590973854065,1.644590973854065,1.644590973854065,431,1.151892900466919,0.0,0.0
CIG-C,2018-11-28,1.6186399459838867,1.66640305519104,1.5549559593200684,1.5549559593200684,44797,1.0891112089157104,0.0,0.0
CIG-C,2018-11-29,1.6451749801635742,1.6504820585250854,1.6451749801635742,1.6504820585250854,942,1.1560187339782715,0.0,0.0
CIG-C,2018-11-30,1.7990779876708984,1.7990779876708984,1.7247799634933472,1.7407009601593018,21652,1.2192094326019287,0.0,0.0
CIG-C,2018-12-03,1.7141660451889038,1.722762942314148,1.7141660451889038,1.722762942314148,734,1.206645131111145,0.0,0.0
CIG-C,2018-12-04,1.703552007675171,1.703552007675171,1.703552007675171,1.703552007675171,380,1.1931897401809692,0.0,0.0
CIG-C,2018-12-06,1.692937970161438,1.692937970161438,1.6451749801635742,1.6451749801635742,1130,1.152301549911499,0.0,0.0
CIG-C,2018-12-07,1.6504820585250854,1.6504820585250854,1.6504820585250854,1.6504820585250854,188,1.1560187339782715,0.0,0.0
CIG-C,2018-12-10,1.6027189493179321,1.6027189493179321,1.6027189493179321,1.6027189493179321,627,1.1225651502609253,0.0,0.0
CIG-C,2018-12-11,1.6398680210113525,1.676805019378662,1.6239999532699585,1.6239999532699585,1185,1.1374704837799072,0.0,0.0
CIG-C,2018-12-12,1.6823240518569946,1.73539400100708,1.6823240518569946,1.73539400100708,2238,1.2154923677444458,0.0,0.0
CIG-C,2018-12-13,1.73539400100708,1.73539400100708,1.73539400100708,1.73539400100708,0,1.2154923677444458,0.0,0.0
CIG-C,2018-12-14,1.7778500318527222,1.7831569910049438,1.772542953491211,1.7778500318527222,3674,1.2452287673950195,0.0,0.0
CIG-C,2018-12-17,1.8521490097045898,1.8733769655227661,1.7619290351867676,1.8203059434890747,34356,1.274965763092041,0.0,0.0
CIG-C,2018-12-18,1.7920730113983154,1.7920730113983154,1.7920730113983154,1.7920730113983154,559,1.2551908493041992,0.0,0.0
CIG-C,2018-12-19,1.8362270593643188,1.8362270593643188,1.7831569910049438,1.7831569910049438,3024,1.248946189880371,0.0,0.0
CIG-C,2018-12-20,1.8521490097045898,2.1068849563598633,1.8521490097045898,2.075042963027954,22455,1.4533867835998535,0.0,0.0
CIG-C,2018-12-21,2.1652629375457764,2.6482009887695312,1.9158329963684082,2.0081748962402344,72089,1.4065515995025635,0.0,0.0
CIG-C,2018-12-24,2.2820169925689697,2.3191659450531006,2.228097915649414,2.2820169925689697,10725,1.5983542203903198,0.0,0.0
CIG-C,2018-12-26,2.276710033416748,2.276710033416748,2.0325870513916016,2.032639980316162,8664,1.423687219619751,0.0,0.0
CIG-C,2018-12-27,1.9689029455184937,2.1387269496917725,1.9689029455184937,2.128113031387329,12926,1.4905579090118408,0.0,0.0
CIG-C,2018-12-28,2.0856568813323975,2.0856568813323975,2.0856568813323975,2.0856568813323975,3109,1.4676927328109741,0.009964,0.0
CIG-C,2018-12-31,2.0856568813323975,2.0856568813323975,2.0856568813323975,2.0856568813323975,0,1.4676927328109741,0.0,0.0
CIG-C,2019-01-02,2.1174991130828857,2.1174991130828857,2.1174991130828857,2.1174991130828857,1352,1.4901002645492554,0.0,0.0
CIG-C,2019-01-03,2.2130260467529297,2.2130260467529297,2.154755115509033,2.154755115509033,2705,1.5163178443908691,0.0,0.0
CIG-C,2019-01-04,2.207719087600708,2.207719087600708,2.144033908843994,2.144033908843994,659,1.508772850036621,0.0,0.0
CIG-C,2019-01-07,2.182616949081421,2.182616949081421,2.1811840534210205,2.1811840534210205,808,1.5349156856536865,0.0,0.0
CIG-C,2019-01-08,2.1174991130828857,2.1174991130828857,1.9476749897003174,2.075042963027954,2099,1.46022367477417,0.0,0.0
CIG-C,2019-01-09,2.1015779972076416,2.1652629375457764,2.1015779972076416,2.1652629375457764,1170,1.523712158203125,0.0,0.0
CIG-C,2019-01-10,2.186491012573242,2.186491012573242,2.1764070987701416,2.1764070987701416,879,1.5315544605255127,0.0,0.0
CIG-C,2019-01-11,2.1764070987701416,2.1764070987701416,2.1764070987701416,2.1764070987701416,0,1.5315544605255127,0.0,0.0
CIG-C,2019-01-14,2.2130260467529297,2.2289469242095947,2.2130260467529297,2.2289469242095947,4275,1.5685272216796875,0.0,0.0
CIG-C,2019-01-15,2.313858985900879,2.318528890609741,2.2554819583892822,2.275649070739746,1577,1.6013919115066528,0.0,0.0
CIG-C,2019-01-16,2.275649070739746,2.275649070739746,2.275649070739746,2.275649070739746,0,1.6013919115066528,0.0,0.0
CIG-C,2019-01-17,2.313858985900879,2.366929054260254,2.276710033416748,2.276710033416748,555487,1.6021384000778198,0.0,0.0
CIG-C,2019-01-18,2.2710840702056885,2.2710840702056885,2.2554819583892822,2.2554819583892822,795,1.5872000455856323,0.0,0.0
CIG-C,2019-01-22,2.2289469242095947,2.2289469242095947,2.2289469242095947,2.2289469242095947,17329,1.5685272216796875,0.0,0.0
CIG-C,2019-01-23,2.2501749992370605,2.2554819583892822,2.2501749992370605,2.2554819583892822,1756,1.5872000455856323,0.0,0.0
CIG-C,2019-01-24,2.2873239517211914,2.2873239517211914,2.2873239517211914,2.2873239517211914,282,1.6096071004867554,0.0,0.0
CIG-C,2019-01-25,2.313858985900879,2.435920000076294,2.313858985900879,2.435920000076294,2736,1.7141757011413574,0.0,0.0
CIG-C,2019-01-28,2.531446933746338,2.531446933746338,2.3510079383850098,2.3563148975372314,1430,1.6581566333770752,0.0,0.0
CIG-C,2019-01-29,2.3563148975372314,2.3563148975372314,2.3563148975372314,2.3563148975372314,0,1.6581566333770752,0.0,0.0
CIG-C,2019-01-30,2.313594102859497,2.313594102859497,2.313594102859497,2.313594102859497,5958,1.628093957901001,0.0,0.0
CIG-C,2019-01-31,2.4465339183807373,2.4465339183807373,2.2241170406341553,2.2241170406341553,3879,1.5651280879974365,0.0,0.0
CIG-C,2019-02-01,2.41999888420105,2.41999888420105,1.7937710285186768,2.021972894668579,8897,1.4228777885437012,0.0,0.0
CIG-C,2019-02-04,2.0485079288482666,2.276179075241089,2.0485079288482666,2.276179075241089,9357,1.6017647981643677,0.0,0.0
CIG-C,2019-02-05,2.276179075241089,2.276179075241089,2.276179075241089,2.276179075241089,0,1.6017647981643677,0.0,0.0
CIG-C,2019-02-06,2.276179075241089,2.276179075241089,2.276179075241089,2.276179075241089,0,1.6017647981643677,0.0,0.0
CIG-C,2019-02-07,2.197422981262207,2.197422981262207,2.197422981262207,2.197422981262207,640,1.5463433265686035,0.0,0.0
CIG-C,2019-02-08,2.197422981262207,2.197422981262207,2.197422981262207,2.197422981262207,0,1.5463433265686035,0.0,0.0
CIG-C,2019-02-11,2.1228060722351074,2.1821389198303223,2.1228060722351074,2.1821389198303223,9790,1.5355877876281738,0.0,0.0
CIG-C,2019-02-12,2.260788917541504,2.260788917541504,2.260788917541504,2.260788917541504,282,1.5909343957901,0.0,0.0
CIG-C,2019-02-13,2.260788917541504,2.260788917541504,2.260788917541504,2.260788917541504,0,1.5909343957901,0.0,0.0
CIG-C,2019-02-14,2.2342538833618164,2.260788917541504,2.2289469242095947,2.260788917541504,1130,1.5909343957901,0.0,0.0
CIG-C,2019-02-15,2.2714030742645264,2.276710033416748,2.2714030742645264,2.276710033416748,565,1.6021384000778198,0.0,0.0
CIG-C,2019-02-19,2.239561080932617,2.3307878971099854,2.239561080932617,2.3307878971099854,947,1.6401934623718262,0.0,0.0
CIG-C,2019-02-20,2.313858985900879,2.341562032699585,2.313858985900879,2.313858985900879,3012,1.6282801628112793,0.0,0.0
CIG-C,2019-02-21,2.2873239517211914,2.2873239517211914,2.2873239517211914,2.2873239517211914,188,1.6096071004867554,0.0,0.0
CIG-C,2019-02-22,2.260788917541504,2.260788917541504,2.2554819583892822,2.2554819583892822,376,1.5872000455856323,0.0,0.0
CIG-C,2019-02-25,2.2554819583892822,2.2554819583892822,2.2554819583892822,2.2554819583892822,0,1.5872000455856323,0.0,0.0
CIG-C,2019-02-26,2.2501749992370605,2.2820169925689697,2.2501749992370605,2.2820169925689697,18630,1.6058729887008667,0.0,0.0
CIG-C,2019-02-27,2.3085520267486572,2.4412269592285156,2.3085520267486572,2.4412269592285156,31695,1.7179101705551147,0.0,0.0
CIG-C,2019-02-28,2.414691925048828,2.41999888420105,2.3722360134124756,2.3722360134124756,4450,1.6693607568740845,0.0,0.0
CIG-C,2019-03-01,2.345700979232788,2.382849931716919,2.304094076156616,2.3775429725646973,3565,1.6730949878692627,0.0,0.0
CIG-C,2019-03-04,2.3775429725646973,2.3775429725646973,2.3775429725646973,2.3775429725646973,0,1.6730949878692627,0.0,0.0
CIG-C,2019-03-05,2.3775429725646973,2.3775429725646973,2.3775429725646973,2.3775429725646973,0,1.6730949878692627,0.0,0.0
CIG-C,2019-03-06,2.3600831031799316,2.3600831031799316,2.3032450675964355,2.3032450675964355,2487,1.620810866355896,0.0,0.0
CIG-C,2019-03-07,2.276710033416748,2.276710033416748,2.223639965057373,2.225126028060913,753,1.56583833694458,0.0,0.0
CIG-C,2019-03-08,2.1599559783935547,2.1753990650177,2.1599559783935547,2.170569896697998,1415,1.5274467468261719,0.0,0.0
CIG-C,2019-03-11,2.1387269496917725,2.2820169925689697,2.128113031387329,2.2820169925689697,3129,1.6058729887008667,0.0,0.0
CIG-C,2019-03-12,2.3085520267486572,2.3244729042053223,2.308021068572998,2.3085520267486572,3365,1.6245460510253906,0.0,0.0
CIG-C,2019-03-13,2.3510079383850098,2.3563148975372314,2.3510079383850098,2.3563148975372314,376,1.6581566333770752,0.0,0.0
CIG-C,2019-03-14,2.3563148975372314,2.3563148975372314,2.3563148975372314,2.3563148975372314,0,1.6581566333770752,0.0,0.0
CIG-C,2019-03-15,2.3881568908691406,2.3881568908691406,2.3881568908691406,2.3881568908691406,9528,1.6805644035339355,0.0,0.0
CIG-C,2019-03-18,2.3616750240325928,2.4147450923919678,2.3616750240325928,2.4147450923919678,1407,1.6992746591567993,0.0,0.0
CIG-C,2019-03-19,2.4412269592285156,2.4412269592285156,2.4412269592285156,2.4412269592285156,188,1.7179101705551147,0.0,0.0
CIG-C,2019-03-20,2.4412269592285156,2.4412269592285156,2.4412269592285156,2.4412269592285156,0,1.7179101705551147,0.0,0.0
CIG-C,2019-03-21,2.3563148975372314,2.3563148975372314,2.2820169925689697,2.334928035736084,9104,1.6431065797805786,0.0,0.0
CIG-C,2019-03-22,2.3085520267486572,2.3085520267486572,2.239561080932617,2.239561080932617,2187,1.5759962797164917,0.0,0.0
CIG-C,2019-03-25,2.263442039489746,2.2660961151123047,2.263442039489746,2.2660961151123047,1535,1.594669222831726,0.0,0.0
CIG-C,2019-03-26,2.284670114517212,2.2873239517211914,2.2820169925689697,2.2820169925689697,91167,1.6058729887008667,0.0,0.0
CIG-C,2019-03-27,2.2554819583892822,2.2554819583892822,2.0909640789031982,2.141274929046631,3103,1.5068316459655762,0.0,0.0
CIG-C,2019-03-28,2.1174991130828857,2.1971049308776855,2.112191915512085,2.1971049308776855,2264,1.5461195707321167,0.0,0.0
CIG-C,2019-03-29,2.1971049308776855,2.1971049308776855,2.1971049308776855,2.1971049308776855,0,1.5461195707321167,0.0,0.0
CIG-C,2019-04-01,2.2183330059051514,2.2289469242095947,2.2066569328308105,2.2289469242095947,1222,1.5685272216796875,0.0,0.0
CIG-C,2019-04-02,2.3032450675964355,2.3032450675964355,2.1015779972076416,2.103010892868042,2581,1.4799048900604248,0.0,0.0
CIG-C,2019-04-03,2.0909640789031982,2.1493420600891113,2.069417953491211,2.112191915512085,5549,1.4863656759262085,0.0,0.0
CIG-C,2019-04-04,2.112191915512085,2.112191915512085,2.112191915512085,2.112191915512085,0,1.4863656759262085,0.0,0.0
CIG-C,2019-04-05,2.154064893722534,2.1971049308776855,2.128113031387329,2.128113031387329,10602,1.4975696802139282,0.0,0.0
CIG-C,2019-04-08,2.191797971725464,2.244868040084839,2.191797971725464,2.244868040084839,1030,1.5797308683395386,0.0,0.0
CIG-C,2019-04-09,2.207719087600708,2.207719087600708,2.207719087600708,2.207719087600708,369,1.553588628768921,0.0,0.0
CIG-C,2019-04-10,2.2342538833618164,2.3350870609283447,2.2342538833618164,2.329780101776123,2894,1.639484167098999,0.0,0.0
CIG-C,2019-04-11,2.260788917541504,2.260788917541504,2.244868040084839,2.244868040084839,1047,1.5797308683395386,0.0,0.0
CIG-C,2019-04-12,2.2342538833618164,2.2342538833618164,2.186491012573242,2.2183330059051514,868,1.5610582828521729,0.0,0.0
CIG-C,2019-04-15,2.128113031387329,2.2342538833618164,2.128113031387329,2.2289469242095947,6351,1.5685272216796875,0.0,0.0
CIG-C,2019-04-16,2.2130260467529297,2.2130260467529297,2.2130260467529297,2.2130260467529297,399,1.5573234558105469,0.0,0.0
CIG-C,2019-04-17,2.186491012573242,2.186491012573242,2.1387269496917725,2.1387269496917725,376,1.5050384998321533,0.0,0.0
CIG-C,2019-04-18,2.1652629375457764,2.1652629375457764,2.1652629375457764,2.1652629375457764,565,1.523712158203125,0.0,0.0
CIG-C,2019-04-22,2.2024118900299072,2.2289469242095947,2.2024118900299072,2.2289469242095947,376,1.5685272216796875,0.0,0.0
CIG-C,2019-04-23,2.2289469242095947,2.2554819583892822,2.2289469242095947,2.2501749992370605,942,1.583465337753296,0.0,0.0
CIG-C,2019-04-24,2.1811840534210205,2.207719087600708,2.175877094268799,2.207719087600708,2261,1.553588628768921,0.0,0.0
CIG-C,2019-04-25,2.223639965057373,2.2873239517211914,2.223639965057373,2.2873239517211914,2176,1.6096071004867554,0.0,0.0
CIG-C,2019-04-26,2.276710033416748,2.329780101776123,2.276710033416748,2.329780101776123,2711,1.639484167098999,0.0,0.0
CIG-C,2019-04-29,2.3350870609283447,2.3350870609283447,2.3350870609283447,2.3350870609283447,226,1.643218755722046,0.0,0.0
CIG-C,2019-04-30,2.3085520267486572,2.3119490146636963,2.3085520267486572,2.3119490146636963,1155,1.6269361972808838,0.0,0.0
CIG-C,2019-05-01,2.2554819583892822,2.2554819583892822,2.0325870513916016,2.2024118900299072,1415,1.549854040145874,0.0,0.0
CIG-C,2019-05-02,2.2289469242095947,2.3403940200805664,2.2289469242095947,2.3403940200805664,1320,1.6469528675079346,0.0,0.0
CIG-C,2019-05-03,2.3403940200805664,2.3934640884399414,2.3350870609283447,2.3350870609283447,9395,1.643218755722046,0.0,0.0
CIG-C,2019-05-06,2.2873239517211914,2.2873239517211914,2.2342538833618164,2.239561080932617,787,1.616811752319336,0.058948,0.0
CIG-C,2019-05-07,2.2660961151123047,2.2820169925689697,2.2660961151123047,2.2820169925689697,565,1.6474626064300537,0.0,0.0
CIG-C,2019-05-08,2.2554819583892822,2.292630910873413,2.239561080932617,2.239561080932617,1848,1.616811752319336,0.0,0.0
CIG-C,2019-05-09,2.260788917541504,2.276710033416748,2.260788917541504,2.276710033416748,1320,1.6436309814453125,0.0,0.0
CIG-C,2019-05-10,2.244868040084839,2.244868040084839,2.1855878829956055,2.1855878829956055,1185,1.5778470039367676,0.0,0.0
CIG-C,2019-05-13,2.1855878829956055,2.1855878829956055,2.1855878829956055,2.1855878829956055,0,1.5778470039367676,0.0,0.0
CIG-C,2019-05-14,2.207719087600708,2.207719087600708,2.207719087600708,2.207719087600708,280,1.593824028968811,0.0,0.0
CIG-C,2019-05-15,2.1811840534210205,2.1811840534210205,2.1228060722351074,2.1652629375457764,1637,1.5631736516952515,0.0,0.0
CIG-C,2019-05-16,2.1387269496917725,2.1387269496917725,2.0644290447235107,2.0697360038757324,1507,1.4942097663879395,0.0,0.0
CIG-C,2019-05-17,2.0697360038757324,2.0697360038757324,2.0697360038757324,2.0697360038757324,0,1.4942097663879395,0.0,0.0
CIG-C,2019-05-20,2.085232973098755,2.085232973098755,2.085232973098755,2.085232973098755,359,1.5053974390029907,0.0,0.0
CIG-C,2019-05-21,2.1015779972076416,2.1015779972076416,2.1015779972076416,2.1015779972076416,376,1.5171974897384644,0.0,0.0
CIG-C,2019-05-22,2.128113031387329,2.2554819583892822,2.128113031387329,2.2342538833618164,2847,1.6129804849624634,0.0,0.0
CIG-C,2019-05-23,2.2342538833618164,2.2342538833618164,2.2342538833618164,2.2342538833618164,0,1.6129804849624634,0.0,0.0
CIG-C,2019-05-24,2.207719087600708,2.207719087600708,2.154649019241333,2.154649019241333,376,1.5555111169815063,0.0,0.0
CIG-C,2019-05-28,2.1493420600891113,2.1588940620422363,2.1228060722351074,2.1228060722351074,1661,1.5325226783752441,0.0,0.0
CIG-C,2019-05-29,2.2289469242095947,2.2289469242095947,2.2289469242095947,2.2289469242095947,271,1.6091493368148804,0.0,0.0
CIG-C,2019-05-30,2.2554819583892822,2.3244729042053223,2.2554819583892822,2.3244729042053223,1130,1.6781123876571655,0.0,0.0
CIG-C,2019-05-31,2.3244729042053223,2.366929054260254,2.3244729042053223,2.366929054260254,864,1.7087631225585938,0.0,0.0
CIG-C,2019-06-03,2.3934640884399414,2.4465339183807373,2.3934640884399414,2.41999888420105,1130,1.7470756769180298,0.0,0.0
CIG-C,2019-06-04,2.451841115951538,2.4836840629577637,2.451841115951538,2.4836840629577637,1319,1.7930519580841064,0.0,0.0
CIG-C,2019-06-05,2.4465339183807373,2.4465339183807373,2.4465339183807373,2.4465339183807373,188,1.7662320137023926,0.0,0.0
CIG-C,2019-06-06,2.154649019241333,2.547368049621582,2.154649019241333,2.531446933746338,6082,1.8275337219238281,0.0,0.0
CIG-C,2019-06-07,2.5739030838012695,2.600438117980957,2.5685958862304688,2.5739030838012695,3493,1.8581844568252563,0.0,0.0
CIG-C,2019-06-10,2.653507947921753,2.653507947921753,2.476041078567505,2.476041078567505,1807,1.7875345945358276,0.0,0.0
CIG-C,2019-06-11,2.531446933746338,2.531446933746338,2.4784300327301025,2.4906890392303467,1884,1.7981090545654297,0.0,0.0
CIG-C,2019-06-12,2.510219097137451,2.5420610904693604,2.5049118995666504,2.531446933746338,14978,1.8275337219238281,0.0,0.0
CIG-C,2019-06-13,2.510219097137451,2.5579819679260254,2.4465339183807373,2.5579819679260254,4850,1.8466898202896118,0.0,0.0
CIG-C,2019-06-14,2.5579819679260254,2.5579819679260254,2.4253060817718506,2.4253060817718506,3768,1.75090754032135,0.0,0.0
CIG-C,2019-06-17,2.382849931716919,2.382849931716919,2.382849931716919,2.382849931716919,1173,1.7202569246292114,0.0,0.0
CIG-C,2019-06-18,2.3881568908691406,2.4487099647521973,2.3881568908691406,2.4487099647521973,1612,1.7678031921386719,0.0,0.0
CIG-C,2019-06-19,2.3722360134124756,2.3722360134124756,2.3722360134124756,2.3722360134124756,1978,1.7125940322875977,0.0,0.0
CIG-C,2019-06-20,2.414691925048828,2.414691925048828,2.414691925048828,2.414691925048828,282,1.7432442903518677,0.0,0.0
CIG-C,2019-06-21,2.4253060817718506,2.4253060817718506,2.4253060817718506,2.4253060817718506,422,1.75090754032135,0.0,0.0
CIG-C,2019-06-24,2.457149028778076,2.457149028778076,2.4366629123687744,2.4366629123687744,2327,1.7591058015823364,0.0,0.0
CIG-C,2019-06-25,2.366929054260254,2.366929054260254,2.366929054260254,2.366929054260254,229,1.7087631225585938,0.0,0.0
CIG-C,2019-06-26,2.3894309997558594,2.3894309997558594,2.3894309997558594,2.3894309997558594,254,1.7250076532363892,0.0,0.0
CIG-C,2019-06-27,2.318528890609741,2.4677629470825195,2.318528890609741,2.4677629470825195,3444,1.7815587520599365,0.0,0.0
CIG-C,2019-06-28,2.4214320182800293,2.477155923843384,2.4214320182800293,2.4677629470825195,75471,1.7815587520599365,0.0,0.0
CIG-C,2019-07-01,2.4889910221099854,2.5208330154418945,2.4253060817718506,2.4836840629577637,19249,1.7930519580841064,0.0,0.0
CIG-C,2019-07-02,2.4412269592285156,2.5208330154418945,2.4412269592285156,2.5208330154418945,1202,1.8198713064193726,0.0,0.0
CIG-C,2019-07-03,2.5208330154418945,2.5208330154418945,2.492811918258667,2.494297981262207,8486,1.8007147312164307,0.0,0.0
CIG-C,2019-07-05,2.4253060817718506,2.473069906234741,2.4253060817718506,2.473069906234741,1695,1.7853899002075195,0.0,0.0
CIG-C,2019-07-08,2.543174982070923,2.6110520362854004,2.543174982070923,2.6110520362854004,1222,1.8850029706954956,0.0,0.0
CIG-C,2019-07-09,2.5208330154418945,2.5208330154418945,2.5208330154418945,2.5208330154418945,395,1.8198713064193726,0.0,0.0
CIG-C,2019-07-10,2.6482009887695312,2.6482009887695312,2.5685958862304688,2.6110520362854004,6521,1.8850029706954956,0.0,0.0
CIG-C,2019-07-11,2.6482009887695312,2.6482009887695312,2.5739030838012695,2.579210042953491,12619,1.8620154857635498,0.0,0.0
CIG-C,2019-07-12,2.5420610904693604,2.5526750087738037,2.4889910221099854,2.5049118995666504,4972,1.8083775043487549,0.0,0.0
CIG-C,2019-07-15,2.5049118995666504,2.5049118995666504,2.5049118995666504,2.5049118995666504,0,1.8083775043487549,0.0,0.0
CIG-C,2019-07-16,2.473069906234741,2.473069906234741,2.451841115951538,2.451841115951538,376,1.7700636386871338,0.0,0.0
CIG-C,2019-07-17,2.4889910221099854,2.4889910221099854,2.4889910221099854,2.4889910221099854,188,1.7968835830688477,0.0,0.0
CIG-C,2019-07-18,2.57246994972229,2.5739030838012695,2.478377103805542,2.478377103805542,1450,1.7892206907272339,0.0,0.0
CIG-C,2019-07-19,2.414691925048828,2.414691925048828,2.414691925048828,2.414691925048828,263,1.7432442903518677,0.0,0.0
CIG-C,2019-07-22,2.4462690353393555,2.4462690353393555,2.414691925048828,2.414691925048828,746,1.7432442903518677,0.0,0.0
CIG-C,2019-07-23,2.4836840629577637,2.4836840629577637,2.4836840629577637,2.4836840629577637,1320,1.7930519580841064,0.0,0.0
CIG-C,2019-07-24,2.4412269592285156,2.4412269592285156,2.366929054260254,2.366929054260254,1021,1.7087631225585938,0.0,0.0
CIG-C,2019-07-25,2.366929054260254,2.366929054260254,2.366929054260254,2.366929054260254,0,1.7087631225585938,0.0,0.0
CIG-C,2019-07-26,2.4020090103149414,2.4020090103149414,2.4020090103149414,2.4020090103149414,423,1.7340881824493408,0.0,0.0
CIG-C,2019-07-29,2.3722360134124756,2.3722360134124756,2.313858985900879,2.313858985900879,1507,1.6704500913619995,0.0,0.0
CIG-C,2019-07-30,2.313858985900879,2.313858985900879,2.313858985900879,2.313858985900879,0,1.6704500913619995,0.0,0.0
CIG-C,2019-07-31,2.329780101776123,2.329780101776123,2.329780101776123,2.329780101776123,1092,1.6819440126419067,0.0,0.0
CIG-C,2019-08-01,2.3934640884399414,2.41999888420105,2.336095094680786,2.336095094680786,1379,1.6865029335021973,0.0,0.0
CIG-C,2019-08-02,2.3051559925079346,2.3051559925079346,2.2820169925689697,2.299530029296875,685,1.6601054668426514,0.0,0.0
CIG-C,2019-08-05,2.299530029296875,2.299530029296875,2.299530029296875,2.299530029296875,0,1.6601054668426514,0.0,0.0
CIG-C,2019-08-06,2.2554819583892822,2.2554819583892822,2.2342538833618164,2.2342538833618164,1111,1.6129804849624634,0.0,0.0
CIG-C,2019-08-07,2.2289469242095947,2.2289469242095947,2.2024118900299072,2.2024118900299072,942,1.589992642402649,0.0,0.0
CIG-C,2019-08-08,2.1811840534210205,2.289552927017212,2.0909640789031982,2.276710033416748,6197,1.6436309814453125,0.0,0.0
CIG-C,2019-08-09,2.276710033416748,2.276710033416748,2.276710033416748,2.276710033416748,0,1.6436309814453125,0.0,0.0
CIG-C,2019-08-12,2.276710033416748,2.276710033416748,2.276710033416748,2.276710033416748,0,1.6436309814453125,0.0,0.0
CIG-C,2019-08-13,2.3085520267486572,2.3085520267486572,2.3032450675964355,2.3032450675964355,1251,1.6627873182296753,0.0,0.0
CIG-C,2019-08-14,2.3032450675964355,2.3032450675964355,2.3032450675964355,2.3032450675964355,0,1.6627873182296753,0.0,0.0
CIG-C,2019-08-15,2.2289469242095947,2.2289469242095947,2.2289469242095947,2.2289469242095947,855,1.6091493368148804,0.0,0.0
CIG-C,2019-08-16,2.297938108444214,2.31545090675354,2.297938108444214,2.31545090675354,959,1.671599268913269,0.0,0.0
CIG-C,2019-08-19,2.3775429725646973,2.3775429725646973,2.3722360134124756,2.3775429725646973,753,1.7164254188537598,0.0,0.0
CIG-C,2019-08-20,2.3775429725646973,2.3775429725646973,2.3775429725646973,2.3775429725646973,0,1.7164254188537598,0.0,0.0
CIG-C,2019-08-21,2.297938108444214,2.4306130409240723,2.276710033416748,2.4093849658966064,12860,1.7394130229949951,0.0,0.0
CIG-C,2019-08-22,2.4093849658966064,2.4093849658966064,2.4093849658966064,2.4093849658966064,0,1.7394130229949951,0.0,0.0
CIG-C,2019-08-23,2.313858985900879,2.313858985900879,2.313858985900879,2.313858985900879,342,1.6704500913619995,0.0,0.0
CIG-C,2019-08-26,2.313858985900879,2.313858985900879,2.313858985900879,2.313858985900879,0,1.6704500913619995,0.0,0.0
CIG-C,2019-08-27,2.1971049308776855,2.1971049308776855,2.1971049308776855,2.1971049308776855,348,1.586161494255066,0.0,0.0
CIG-C,2019-08-28,2.260788917541504,2.260788917541504,2.1811840534210205,2.1811840534210205,84944,1.5746675729751587,0.0,0.0
CIG-C,2019-08-29,2.1387269496917725,2.170569896697998,2.1387269496917725,2.170569896697998,376,1.5670050382614136,0.0,0.0
CIG-C,2019-08-30,2.229423999786377,2.229423999786377,2.229423999786377,2.229423999786377,431,1.6094938516616821,0.0,0.0
CIG-C,2019-09-03,2.2130260467529297,2.2130260467529297,2.2130260467529297,2.2130260467529297,1187,1.5976555347442627,0.0,0.0
CIG-C,2019-09-04,2.2130260467529297,2.2130260467529297,2.2130260467529297,2.2130260467529297,0,1.5976555347442627,0.0,0.0
CIG-C,2019-09-05,2.2130260467529297,2.2130260467529297,2.2130260467529297,2.2130260467529297,0,1.5976555347442627,0.0,0.0
CIG-C,2019-09-06,2.239561080932617,2.239561080932617,2.186491012573242,2.186491012573242,962,1.5784988403320312,0.0,0.0
CIG-C,2019-09-09,2.186491012573242,2.186491012573242,2.186491012573242,2.186491012573242,0,1.5784988403320312,0.0,0.0
CIG-C,2019-09-10,2.1174991130828857,2.1174991130828857,2.1015779972076416,2.1015779972076416,623,1.5171974897384644,0.0,0.0
CIG-C,2019-09-11,2.1015779972076416,2.1015779972076416,2.1015779972076416,2.1015779972076416,0,1.5171974897384644,0.0,0.0
CIG-C,2019-09-12,2.0909640789031982,2.1971049308776855,2.0909640789031982,2.0909640789031982,1130,1.5095348358154297,0.0,0.0
CIG-C,2019-09-13,2.0909640789031982,2.0909640789031982,2.0909640789031982,2.0909640789031982,0,1.5095348358154297,0.0,0.0
CIG-C,2019-09-16,2.1174991130828857,2.1174991130828857,2.0378940105438232,2.0458550453186035,2338,1.4769693613052368,0.0,0.0
CIG-C,2019-09-17,2.0458550453186035,2.0458550453186035,2.0458550453186035,2.0458550453186035,0,1.4769693613052368,0.0,0.0
CIG-C,2019-09-18,2.0378940105438232,2.043200969696045,2.0378940105438232,2.043200969696045,1296,1.475053310394287,0.0,0.0
CIG-C,2019-09-19,2.073185920715332,2.073185920715332,2.073185920715332,2.073185920715332,959,1.4967002868652344,0.0,0.0
CIG-C,2019-09-20,2.073185920715332,2.073185920715332,2.073185920715332,2.073185920715332,0,1.4967002868652344,0.0,0.0
CIG-C,2019-09-23,2.011306047439575,2.011306047439575,2.011306047439575,2.011306047439575,1281,1.4520270824432373,0.0,0.0
CIG-C,2019-09-24,1.9954379796981812,1.9954379796981812,1.9370609521865845,1.9370609521865845,8716,1.3984273672103882,0.0,0.0
CIG-C,2019-09-25,1.9370609521865845,1.9370609521865845,1.9370609521865845,1.9370609521865845,0,1.3984273672103882,0.0,0.0
CIG-C,2019-09-26,1.963595986366272,1.963595986366272,1.963595986366272,1.963595986366272,1134,1.417583703994751,0.0,0.0
CIG-C,2019-09-27,1.9848239421844482,1.9848239421844482,1.9848239421844482,1.9848239421844482,1579,1.4329088926315308,0.0,0.0
CIG-C,2019-09-30,1.9901310205459595,1.9980920553207397,1.9901310205459595,1.9980920553207397,2457,1.4424874782562256,0.0,0.0
CIG-C,2019-10-01,1.9980920553207397,1.9980920553207397,1.9980920553207397,1.9980920553207397,0,1.4424874782562256,0.0,0.0
CIG-C,2019-10-02,1.9980920553207397,1.9980920553207397,1.9980920553207397,1.9980920553207397,0,1.4424874782562256,0.0,0.0
CIG-C,2019-10-03,1.9980920553207397,1.9980920553207397,1.9980920553207397,1.9980920553207397,0,1.4424874782562256,0.0,0.0
CIG-C,2019-10-04,1.9980920553207397,1.9980920553207397,1.9980920553207397,1.9980920553207397,0,1.4424874782562256,0.0,0.0
CIG-C,2019-10-07,1.9980920553207397,1.9980920553207397,1.9980920553207397,1.9980920553207397,0,1.4424874782562256,0.0,0.0
CIG-C,2019-10-08,1.9980920553207397,1.9980920553207397,1.9980920553207397,1.9980920553207397,0,1.4424874782562256,0.0,0.0
CIG-C,2019-10-09,1.9980920553207397,1.9980920553207397,1.9980920553207397,1.9980920553207397,0,1.4424874782562256,0.0,0.0
CIG-C,2019-10-10,1.9980920553207397,1.9980920553207397,1.9980920553207397,1.9980920553207397,0,1.4424874782562256,0.0,0.0
CIG-C,2019-10-11,2.006052017211914,2.006052017211914,1.9742100238800049,1.9848239421844482,994,1.4329088926315308,0.0,0.0
CIG-C,2019-10-14,1.9848239421844482,1.9848239421844482,1.9848239421844482,1.9848239421844482,0,1.4329088926315308,0.0,0.0
CIG-C,2019-10-15,1.9158329963684082,1.9476749897003174,1.9158329963684082,1.9476749897003174,386,1.4060897827148438,0.0,0.0
CIG-C,2019-10-16,1.8733769655227661,1.894605040550232,1.8574559688568115,1.894605040550232,6423,1.3677769899368286,0.0,0.0
CIG-C,2019-10-17,1.894605040550232,1.894605040550232,1.894605040550232,1.894605040550232,0,1.3677769899368286,0.0,0.0
CIG-C,2019-10-18,1.9105260372161865,1.9189640283584595,1.9105260372161865,1.9189640283584595,574,1.3853625059127808,0.0,0.0
CIG-C,2019-10-21,1.9582890272140503,1.9582890272140503,1.9264470338821411,1.9264470338821411,663,1.3907647132873535,0.0,0.0
CIG-C,2019-10-22,1.9264470338821411,1.9264470338821411,1.9264470338821411,1.9264470338821411,0,1.3907647132873535,0.0,0.0
CIG-C,2019-10-23,1.8892979621887207,1.8892979621887207,1.8892979621887207,1.8892979621887207,440,1.363945484161377,0.0,0.0
CIG-C,2019-10-24,1.8892979621887207,1.9370609521865845,1.8892979621887207,1.9370609521865845,5161,1.3984273672103882,0.0,0.0
CIG-C,2019-10-25,1.8892979621887207,1.894605040550232,1.8892979621887207,1.894605040550232,572,1.3677769899368286,0.0,0.0
CIG-C,2019-10-28,1.9132319688796997,1.9132319688796997,1.9132319688796997,1.9132319688796997,442,1.3812243938446045,0.0,0.0
CIG-C,2019-10-29,1.8999119997024536,1.8999119997024536,1.8999119997024536,1.8999119997024536,944,1.3716082572937012,0.0,0.0
CIG-C,2019-10-30,1.8972580432891846,1.9158329963684082,1.8972580432891846,1.9158329963684082,1609,1.3831020593643188,0.0,0.0
CIG-C,2019-10-31,1.9211399555206299,1.963595986366272,1.9158329963684082,1.9317539930343628,5784,1.394595980644226,0.0,0.0
CIG-C,2019-11-01,1.9582890272140503,1.9582890272140503,1.9317539930343628,1.9317539930343628,753,1.394595980644226,0.0,0.0
CIG-C,2019-11-04,1.9317539930343628,1.9317539930343628,1.9317539930343628,1.9317539930343628,0,1.394595980644226,0.0,0.0
CIG-C,2019-11-05,1.9476749897003174,1.952981948852539,1.9476749897003174,1.952981948852539,716,1.4099212884902954,0.0,0.0
CIG-C,2019-11-06,1.893862009048462,1.8999119997024536,1.893862009048462,1.8999119997024536,420,1.3716082572937012,0.0,0.0
CIG-C,2019-11-07,1.8999119997024536,1.8999119997024536,1.8999119997024536,1.8999119997024536,0,1.3716082572937012,0.0,0.0
CIG-C,2019-11-08,1.8680700063705444,1.8849459886550903,1.8680700063705444,1.8849459886550903,619,1.3608039617538452,0.0,0.0
CIG-C,2019-11-11,1.8574559688568115,1.8574559688568115,1.8574559688568115,1.8574559688568115,755,1.340957760810852,0.0,0.0
CIG-C,2019-11-12,1.8329370021820068,1.8468420505523682,1.8309199810028076,1.8468420505523682,753,1.3332951068878174,0.0,0.0
CIG-C,2019-11-13,1.8096920251846313,1.8203059434890747,1.8096920251846313,1.8203059434890747,2283,1.3141378164291382,0.0,0.0
CIG-C,2019-11-14,1.8203059434890747,1.8203059434890747,1.8203059434890747,1.8203059434890747,0,1.3141378164291382,0.0,0.0
CIG-C,2019-11-15,1.8680700063705444,1.8680700063705444,1.8362270593643188,1.8362270593643188,19879,1.3256317377090454,0.0,0.0
CIG-C,2019-11-18,1.7672359943389893,1.772542953491211,1.7672359943389893,1.772542953491211,2197,1.279656171798706,0.0,0.0
CIG-C,2019-11-19,1.7513149976730347,1.7619290351867676,1.7513149976730347,1.7619290351867676,753,1.2719937562942505,0.0,0.0
CIG-C,2019-11-20,1.7619290351867676,1.7619290351867676,1.7619290351867676,1.7619290351867676,0,1.2719937562942505,0.0,0.0
CIG-C,2019-11-21,1.7778500318527222,1.7831569910049438,1.7247799634933472,1.7831569910049438,4663,1.2873190641403198,0.0,0.0
CIG-C,2019-11-22,1.7884639501571655,1.8043849468231201,1.7778500318527222,1.8043849468231201,12085,1.3026437759399414,0.0,0.0
CIG-C,2019-11-25,1.8043849468231201,1.8043849468231201,1.76813805103302,1.7706860303878784,1185,1.278315782546997,0.0,0.0
CIG-C,2019-11-26,1.73539400100708,1.7778500318527222,1.73539400100708,1.772542953491211,14252,1.279656171798706,0.0,0.0
CIG-C,2019-11-27,1.73539400100708,1.73539400100708,1.7194730043411255,1.73539400100708,9425,1.2528374195098877,0.0,0.0
CIG-C,2019-11-29,1.73539400100708,1.73539400100708,1.73539400100708,1.73539400100708,0,1.2528374195098877,0.0,0.0
CIG-C,2019-12-02,1.7990779876708984,1.814998984336853,1.7990779876708984,1.814998984336853,376,1.3103067874908447,0.0,0.0
CIG-C,2019-12-03,1.7884639501571655,1.7990779876708984,1.6451749801635742,1.7990779876708984,7228,1.2988126277923584,0.0,0.0
CIG-C,2019-12-04,1.8043849468231201,1.8043849468231201,1.8043849468231201,1.8043849468231201,974,1.3026437759399414,0.0,0.0
CIG-C,2019-12-05,1.814998984336853,1.8362270593643188,1.814998984336853,1.8203599452972412,1759,1.3141767978668213,0.0,0.0
CIG-C,2019-12-06,1.7566219568252563,1.8309199810028076,1.7566219568252563,1.8309199810028076,8703,1.3218004703521729,0.0,0.0
CIG-C,2019-12-09,1.825613021850586,1.8362270593643188,1.825613021850586,1.8362270593643188,488,1.3256317377090454,0.0,0.0
CIG-C,2019-12-10,1.8362270593643188,1.8362270593643188,1.8362270593643188,1.8362270593643188,512,1.3256317377090454,0.0,0.0
CIG-C,2019-12-11,1.8711479902267456,1.8999119997024536,1.8711479902267456,1.8786840438842773,2285,1.3562830686569214,0.0,0.0
CIG-C,2019-12-12,1.8892979621887207,1.9317539930343628,1.883991003036499,1.9317539930343628,12200,1.394595980644226,0.0,0.0
CIG-C,2019-12-13,1.9317539930343628,1.9317539930343628,1.9317539930343628,1.9317539930343628,0,1.394595980644226,0.0,0.0
CIG-C,2019-12-16,1.9582890272140503,1.9742100238800049,1.9582890272140503,1.9742100238800049,405,1.4252465963363647,0.0,0.0
CIG-C,2019-12-17,1.9633840322494507,1.9633840322494507,1.9633840322494507,1.9633840322494507,1765,1.4174307584762573,0.0,0.0
CIG-C,2019-12-18,1.9633840322494507,1.9633840322494507,1.9633840322494507,1.9633840322494507,0,1.4174307584762573,0.0,0.0
CIG-C,2019-12-19,2.006052017211914,2.006052017211914,2.006052017211914,2.006052017211914,587,1.4482342004776,0.0,0.0
CIG-C,2019-12-20,1.9084030389785767,1.9084030389785767,1.8574559688568115,1.8574559688568115,1115,1.340957760810852,0.0,0.0
CIG-C,2019-12-23,1.9883270263671875,1.9954379796981812,1.9317539930343628,1.9317539930343628,8305,1.394595980644226,0.0,0.0
CIG-C,2019-12-24,2.0166659355163574,2.0166659355163574,2.0166659355163574,2.0166659355163574,216,1.4558967351913452,0.0,0.0
CIG-C,2019-12-26,2.0166659355163574,2.0166659355163574,2.0166659355163574,2.0166659355163574,463,1.4558967351913452,0.0,0.0
CIG-C,2019-12-27,2.02728009223938,2.043200969696045,2.02728009223938,2.02728009223938,2078,1.4635593891143799,0.0,0.0
CIG-C,2019-12-30,2.0166659355163574,2.059122085571289,2.0166659355163574,2.059122085571289,2628,1.4865469932556152,0.0,0.0
CIG-C,2019-12-31,2.107203960418701,2.107203960418701,2.107203960418701,2.107203960418701,1209,1.5212584733963013,0.0,0.0
CIG-C,2020-01-02,2.133419990539551,2.133419990539551,2.0485079288482666,2.0485079288482666,1149,1.4788844585418701,0.0,0.0
CIG-C,2020-01-03,1.9689029455184937,2.0538148880004883,1.9689029455184937,2.024574041366577,1620,1.4819234609603882,0.028086,0.0
CIG-C,2020-01-06,2.09627103805542,2.09627103805542,2.021972894668579,2.043200969696045,810,1.4955579042434692,0.0,0.0
CIG-C,2020-01-07,2.1174991130828857,2.1228060722351074,2.1174991130828857,2.1228060722351074,322,1.5538264513015747,0.0,0.0
CIG-C,2020-01-08,2.1228060722351074,2.1228060722351074,2.1228060722351074,2.1228060722351074,0,1.5538264513015747,0.0,0.0
CIG-C,2020-01-09,2.186491012573242,2.186491012573242,2.164094924926758,2.164094924926758,599,1.5840485095977783,0.0,0.0
CIG-C,2020-01-10,2.244868040084839,2.244868040084839,2.1811840534210205,2.197158098220825,1292,1.6082491874694824,0.0,0.0
CIG-C,2020-01-13,2.260788917541504,2.260788917541504,2.260788917541504,2.260788917541504,233,1.6548250913619995,0.0,0.0
CIG-C,2020-01-14,2.313858985900879,2.313858985900879,2.2289469242095947,2.2342538833618164,827,1.6354024410247803,0.0,0.0
CIG-C,2020-01-15,2.170569896697998,2.223639965057373,2.170569896697998,2.223639965057373,1601,1.6276336908340454,0.0,0.0
CIG-C,2020-01-16,2.2183330059051514,2.2183330059051514,2.2183330059051514,2.2183330059051514,663,1.623749017715454,0.0,0.0
CIG-C,2020-01-17,2.2183330059051514,2.2183330059051514,2.2183330059051514,2.2183330059051514,2596,1.623749017715454,0.0,0.0
CIG-C,2020-01-21,2.1652629375457764,2.186491012573242,2.154649019241333,2.175877094268799,5681,1.5926724672317505,0.0,0.0
CIG-C,2020-01-22,2.175877094268799,2.175877094268799,2.175877094268799,2.175877094268799,0,1.5926724672317505,0.0,0.0
CIG-C,2020-01-23,2.2130260467529297,2.2130260467529297,2.1811840534210205,2.199173927307129,2600,1.6097254753112793,0.0,0.0
CIG-C,2020-01-24,2.2501749992370605,2.2501749992370605,2.191797971725464,2.191797971725464,9739,1.6043261289596558,0.0,0.0
CIG-C,2020-01-27,2.191797971725464,2.191797971725464,2.0979700088500977,2.0979700088500977,3602,1.535646915435791,0.0,0.0
CIG-C,2020-01-28,2.1811840534210205,2.1811840534210205,2.1811840534210205,2.1811840534210205,1140,1.5965571403503418,0.0,0.0
CIG-C,2020-01-29,2.175877094268799,2.175877094268799,2.163830041885376,2.1691370010375977,2720,1.587739109992981,0.0,0.0
CIG-C,2020-01-30,2.09627103805542,2.09627103805542,2.053709030151367,2.080349922180176,1690,1.522749900817871,0.0,0.0
CIG-C,2020-01-31,2.0644290447235107,2.079926013946533,2.0644290447235107,2.0644290447235107,4292,1.5110961198806763,0.0,0.0
CIG-C,2020-02-03,2.0325870513916016,2.1068849563598633,2.0325870513916016,2.1068849563598633,864,1.5421723127365112,0.0,0.0
CIG-C,2020-02-04,2.0538148880004883,2.128113031387329,2.0538148880004883,2.1015779972076416,20572,1.5382881164550781,0.0,0.0
CIG-C,2020-02-05,2.175877094268799,2.175877094268799,2.175877094268799,2.175877094268799,203,1.5926724672317505,0.0,0.0
CIG-C,2020-02-06,2.1493420600891113,2.2024118900299072,2.1493420600891113,2.2024118900299072,1697,1.6120953559875488,0.0,0.0
CIG-C,2020-02-07,2.2024118900299072,2.2024118900299072,2.080349922180176,2.1228060722351074,1170,1.5538264513015747,0.0,0.0
CIG-C,2020-02-10,2.1811840534210205,2.1811840534210205,2.0113589763641357,2.0113589763641357,953,1.4722508192062378,0.0,0.0
CIG-C,2020-02-11,2.0113589763641357,2.0113589763641357,2.0113589763641357,2.0113589763641357,0,1.4722508192062378,0.0,0.0
CIG-C,2020-02-12,2.0113589763641357,2.0113589763641357,2.0113589763641357,2.0113589763641357,0,1.4722508192062378,0.0,0.0
CIG-C,2020-02-13,1.9954379796981812,1.9954379796981812,1.9954379796981812,1.9954379796981812,197,1.4605971574783325,0.0,0.0
CIG-C,2020-02-14,2.018099069595337,2.0325870513916016,1.9954379796981812,2.0325870513916016,4712,1.4877887964248657,0.0,0.0
CIG-C,2020-02-18,1.952981948852539,2.0113589763641357,1.952981948852539,2.0113589763641357,1168,1.4722508192062378,0.0,0.0
CIG-C,2020-02-19,1.9954379796981812,1.9954379796981812,1.9954379796981812,1.9954379796981812,212,1.4605971574783325,0.0,0.0
CIG-C,2020-02-20,1.9954379796981812,1.9954379796981812,1.9954379796981812,1.9954379796981812,0,1.4605971574783325,0.0,0.0
CIG-C,2020-02-21,1.9317539930343628,1.9423680305480957,1.9317539930343628,1.9423680305480957,693,1.4217514991760254,0.0,0.0
CIG-C,2020-02-24,1.8680700063705444,1.8680700063705444,1.8680700063705444,1.8680700063705444,1720,1.3673675060272217,0.0,0.0
CIG-C,2020-02-25,1.7672359943389893,1.8309199810028076,1.7566219568252563,1.8309199810028076,1317,1.3401750326156616,0.0,0.0
CIG-C,2020-02-26,1.8468420505523682,1.9901310205459595,1.8468420505523682,1.9901310205459595,2035,1.4567126035690308,0.0,0.0
CIG-C,2020-02-27,1.9105260372161865,1.9105260372161865,1.73539400100708,1.73539400100708,3502,1.2702529430389404,0.0,0.0
CIG-C,2020-02-28,1.6080260276794434,1.6770169734954834,1.6080260276794434,1.6717100143432617,2185,1.2236381769180298,0.0,0.0
CIG-C,2020-03-02,1.7513149976730347,1.9211399555206299,1.7513149976730347,1.7937710285186768,4151,1.3129831552505493,0.0,0.0
CIG-C,2020-03-03,1.8733769655227661,1.8733769655227661,1.8096920251846313,1.8203059434890747,791,1.3324055671691895,0.0,0.0
CIG-C,2020-03-04,1.7672359943389893,1.7831569910049438,1.7566219568252563,1.7831569910049438,5620,1.3052138090133667,0.0,0.0
CIG-C,2020-03-05,1.7764170169830322,1.7831569910049438,1.7141660451889038,1.7141660451889038,6353,1.254715085029602,0.0,0.0
CIG-C,2020-03-06,1.6186399459838867,1.6186399459838867,1.6027189493179321,1.6080260276794434,23800,1.1770235300064087,0.0,0.0
CIG-C,2020-03-09,1.4541219472885132,1.4541219472885132,1.3479820489883423,1.353342056274414,16074,0.9906030297279358,0.0,0.0
CIG-C,2020-03-10,1.5124989748001099,1.5124989748001099,1.5124989748001099,1.5124989748001099,748,1.1071008443832397,0.0,0.0
CIG-C,2020-03-11,1.4806569814682007,1.4806569814682007,1.3267539739608765,1.3267539739608765,1068,0.9711413979530334,0.0,0.0
CIG-C,2020-03-12,1.3267539739608765,1.3267539739608765,0.9658769965171814,1.0083329677581787,3327,0.7380675673484802,0.0,0.0
CIG-C,2020-03-13,1.0348680019378662,1.1993850469589233,1.0348680019378662,1.0879379510879517,9082,0.7963358163833618,0.0,0.0
CIG-C,2020-03-16,1.1410080194473267,1.1410080194473267,1.053123950958252,1.053123950958252,8635,0.7708531618118286,0.0,0.0
CIG-C,2020-03-17,1.0348680019378662,1.0667099952697754,1.0348680019378662,1.0454820394515991,1332,0.7652595043182373,0.0,0.0
CIG-C,2020-03-18,1.0454820394515991,1.0454820394515991,1.0454820394515991,1.0454820394515991,0,0.7652595043182373,0.0,0.0
CIG-C,2020-03-19,0.9093040227890015,0.9658769965171814,0.9093040227890015,0.9446489810943604,2274,0.6914528608322144,0.0,0.0
CIG-C,2020-03-20,0.9446489810943604,0.9446489810943604,0.9446489810943604,0.9446489810943604,1368,0.6914528608322144,0.0,0.0
CIG-C,2020-03-23,0.7960519790649414,0.8140429854393005,0.7960519790649414,0.808417022228241,1411,0.5917354822158813,0.0,0.0
CIG-C,2020-03-24,0.849174976348877,0.849174976348877,0.84381502866745,0.8480079770088196,4190,0.6207146644592285,0.0,0.0
CIG-C,2020-03-25,0.8480079770088196,0.8480079770088196,0.8480079770088196,0.8480079770088196,0,0.6207146644592285,0.0,0.0
CIG-C,2020-03-26,1.01364004611969,1.040174961090088,1.01364004611969,1.040174961090088,944,0.7613749504089355,0.0,0.0
CIG-C,2020-03-27,1.0614030361175537,1.0614030361175537,0.9977189898490906,0.9977189898490906,2805,0.7302985787391663,0.0,0.0
CIG-C,2020-03-30,1.01364004611969,1.0242539644241333,1.01364004611969,1.0242539644241333,2796,0.7497212290763855,0.0,0.0
CIG-C,2020-03-31,1.01364004611969,1.0295610427856445,0.9552630186080933,0.9552630186080933,20636,0.6992220282554626,0.0,0.0
CIG-C,2020-04-01,0.8650429844856262,0.8650429844856262,0.8650429844856262,0.8650429844856262,352,0.6331838369369507,0.0,0.0
CIG-C,2020-04-02,0.8861119747161865,0.8861119747161865,0.8861119747161865,0.8861119747161865,548,0.6486057043075562,0.0,0.0
CIG-C,2020-04-03,0.9234210252761841,0.9552630186080933,0.8862709999084473,0.8915780186653137,8686,0.6526066660881042,0.0,0.0
CIG-C,2020-04-06,0.9504330158233643,0.9977189898490906,0.9504330158233643,0.981797993183136,3305,0.7186447381973267,0.0,0.0
CIG-C,2020-04-07,0.9552630186080933,0.9871050119400024,0.9552630186080933,0.9807360172271729,3565,0.7178674936294556,0.0,0.0
CIG-C,2020-04-08,0.9552630186080933,0.9552630186080933,0.9552630186080933,0.9552630186080933,7478,0.6992220282554626,0.0,0.0
CIG-C,2020-04-09,0.9552630186080933,1.018468976020813,0.9552630186080933,1.018468976020813,881,0.7454867959022522,0.0,0.0
CIG-C,2020-04-13,1.0667099952697754,1.0667099952697754,0.9977189898490906,1.0024950504302979,3516,0.7337943911552429,0.0,0.0
CIG-C,2020-04-14,1.0507889986038208,1.0507889986038208,1.0295610427856445,1.0295610427856445,2434,0.7536057829856873,0.0,0.0
CIG-C,2020-04-15,1.0295610427856445,1.0295610427856445,1.0295610427856445,1.0295610427856445,0,0.7536057829856873,0.0,0.0
CIG-C,2020-04-16,1.0773240327835083,1.0773240327835083,1.0454820394515991,1.0454820394515991,3985,0.7652595043182373,0.0,0.0
CIG-C,2020-04-17,1.0540790557861328,1.0540790557861328,1.029613971710205,1.029613971710205,3761,0.753644585609436,0.0,0.0
CIG-C,2020-04-20,1.0773240327835083,1.0773240327835083,0.9924119710922241,1.040174961090088,13638,0.7613749504089355,0.0,0.0
CIG-C,2020-04-21,1.0879379510879517,1.0879379510879517,1.0879379510879517,1.0879379510879517,1411,0.7963358163833618,0.0,0.0
CIG-C,2020-04-22,1.01364004611969,1.0242539644241333,1.0101369619369507,1.0189470052719116,4484,0.7458366751670837,0.0,0.0
CIG-C,2020-04-23,1.0242539644241333,1.0242539644241333,0.9499559998512268,0.9658769965171814,14695,0.7069911360740662,0.0,0.0
CIG-C,2020-04-24,1.01364004611969,1.01364004611969,0.8172799944877625,0.8570830225944519,60067,0.627357542514801,0.0,0.0
CIG-C,2020-04-27,0.8968849778175354,0.8968849778175354,0.8172799944877625,0.8756570219993591,32962,0.640953004360199,0.0,0.0
CIG-C,2020-04-28,0.8968849778175354,0.9260740280151367,0.8862709999084473,0.91280597448349,4607,0.6681447625160217,0.0,0.0
CIG-C,2020-04-29,0.8597360253334045,0.981797993183136,0.8597360253334045,0.981797993183136,33365,0.7186447381973267,0.0,0.0
CIG-C,2020-04-30,1.003026008605957,1.003026008605957,0.9381210207939148,0.9393420219421387,10260,0.6875684261322021,0.0,0.0
CIG-C,2020-05-01,0.9393420219421387,0.9393420219421387,0.8650429844856262,0.9074990153312683,3197,0.6642602682113647,0.0,0.0
CIG-C,2020-05-04,0.9446489810943604,0.9446489810943604,0.9021919965744019,0.9074990153312683,15912,0.6642602682113647,0.0,0.0
CIG-C,2020-05-05,0.9446489810943604,0.9446489810943604,0.8915780186653137,0.9279850125312805,4107,0.679255485534668,0.0,0.0
CIG-C,2020-05-06,0.9446489810943604,0.9446489810943604,0.8650429844856262,0.8650429844856262,5460,0.6331838369369507,0.0,0.0
CIG-C,2020-05-07,0.8172799944877625,0.8491219878196716,0.8066660165786743,0.8066660165786743,25470,0.5904538035392761,0.0,0.0
CIG-C,2020-05-08,0.811972975730896,0.8331480026245117,0.7960519790649414,0.7960519790649414,13261,0.5826845765113831,0.0,0.0
CIG-C,2020-05-11,0.833200991153717,0.8385080099105835,0.7960519790649414,0.7960519790649414,47388,0.5826845765113831,0.0,0.0
CIG-C,2020-05-12,0.833200991153717,0.833200991153717,0.7695170044898987,0.7960519790649414,10721,0.5826845765113831,0.0,0.0
CIG-C,2020-05-13,0.7960519790649414,0.7960519790649414,0.7376750111579895,0.7642099857330322,14250,0.5593773722648621,0.0,0.0
CIG-C,2020-05-14,0.6899120211601257,0.7960519790649414,0.6899120211601257,0.7960519790649414,38108,0.5826845765113831,0.0,0.0
CIG-C,2020-05-15,0.7960519790649414,0.8756570219993591,0.7960519790649414,0.8013589978218079,23787,0.5865691900253296,0.0,0.0
CIG-C,2020-05-18,0.8385080099105835,0.8503429889678955,0.8066660165786743,0.8503429889678955,11277,0.6224240064620972,0.0,0.0
CIG-C,2020-05-19,0.8756570219993591,0.8756570219993591,0.8385080099105835,0.8385080099105835,9858,0.6137610673904419,0.0,0.0
CIG-C,2020-05-20,0.8385080099105835,0.8597360253334045,0.8385080099105835,0.8442929983139038,13629,0.6179954409599304,0.0,0.0
CIG-C,2020-05-21,0.8897740244865417,0.91280597448349,0.8862709999084473,0.91280597448349,9932,0.6681447625160217,0.0,0.0
CIG-C,2020-05-22,0.9287279844284058,0.9287279844284058,0.8703500032424927,0.91280597448349,7167,0.6681447625160217,0.0,0.0
CIG-C,2020-05-26,0.9711840152740479,1.0590150356292725,0.9711840152740479,1.0534420013427734,18452,0.7710860371589661,0.0,0.0
CIG-C,2020-05-27,1.1277409791946411,1.1675430536270142,1.1091660261154175,1.1675430536270142,30141,0.8546042442321777,0.0,0.0
CIG-C,2020-05-28,1.273684024810791,1.273684024810791,1.1224340200424194,1.1410080194473267,35144,0.8351815342903137,0.0,0.0
CIG-C,2020-05-29,1.1144729852676392,1.1303939819335938,1.0773240327835083,1.0879379510879517,13781,0.7963358163833618,0.0,0.0
CIG-C,2020-06-01,1.1357009410858154,1.1357009410858154,1.1038589477539062,1.1144729852676392,3327,0.8157587647438049,0.0,0.0
CIG-C,2020-06-02,1.0614030361175537,1.204692006111145,1.0614030361175537,1.194077968597412,3745,0.8740270733833313,0.0,0.0
CIG-C,2020-06-03,1.2524559497833252,1.2524559497833252,1.2213029861450195,1.2213029861450195,9964,0.8939549326896667,0.0,0.0
CIG-C,2020-06-04,1.2789909839630127,1.2789909839630127,1.2206130027770996,1.2524559497833252,20661,0.9167578816413879,0.0,0.0
CIG-C,2020-06-05,1.3108329772949219,1.3108329772949219,1.2631230354309082,1.2922580242156982,15178,0.945891797542572,0.0,0.0
CIG-C,2020-06-08,1.4169729948043823,1.4169729948043823,1.3204920291900635,1.395745038986206,9483,1.0216407775878906,0.0,0.0
CIG-C,2020-06-09,1.464735984802246,1.464735984802246,1.33742094039917,1.353289008140564,11217,0.9905641078948975,0.0,0.0
CIG-C,2020-06-10,1.4169729948043823,1.4169729948043823,1.3479820489883423,1.3903850317001343,4844,1.0177175998687744,0.0,0.0
CIG-C,2020-06-11,1.4488149881362915,1.528367042541504,1.1357009410858154,1.2259199619293213,33604,0.8973341584205627,0.0,0.0
CIG-C,2020-06-12,1.231227993965149,1.2631230354309082,1.204692006111145,1.2630170583724976,13254,0.9244880676269531,0.0,0.0
CIG-C,2020-06-15,1.1410080194473267,1.233402967453003,1.1410080194473267,1.173380970954895,18443,0.8588775396347046,0.0,0.0
CIG-C,2020-06-16,1.1834640502929688,1.263069987297058,1.1834640502929688,1.231227993965149,35106,0.9012196063995361,0.0,0.0
CIG-C,2020-06-17,1.1993850469589233,1.2842979431152344,1.1993850469589233,1.273684024810791,6951,0.9322962760925293,0.0,0.0
CIG-C,2020-06-18,1.316140055656433,1.316140055656433,1.2288919687271118,1.2365349531173706,5737,0.9051043391227722,0.0,0.0
CIG-C,2020-06-19,1.3108329772949219,1.3108329772949219,0.9074990153312683,0.9181129932403564,35803,0.6720293760299683,0.0,0.0
CIG-C,2020-06-22,1.2418420314788818,5.062893867492676,1.2206130027770996,1.353289008140564,16036968,0.9905641078948975,0.0,0.0
CIG-C,2020-06-23,1.353289008140564,1.395745038986206,1.125087022781372,1.2524559497833252,4517488,0.9167578816413879,0.0,0.0
CIG-C,2020-06-24,1.231227993965149,1.231227993965149,1.093245029449463,1.125087022781372,1964436,0.8235278129577637,0.0,0.0
CIG-C,2020-06-25,1.162235975265503,1.194077968597412,1.093245029449463,1.1410609483718872,998988,0.8352202773094177,0.0,0.0
CIG-C,2020-06-26,1.1197799444198608,1.1569290161132812,1.072016954421997,1.1569290161132812,720155,0.846835196018219,0.0,0.0
CIG-C,2020-06-29,1.1144729852676392,1.167490005493164,1.0614030361175537,1.1197799444198608,428794,0.8196432590484619,0.0,0.0
CIG-C,2020-06-30,1.1197799444198608,1.1728500127792358,1.0242539644241333,1.1728500127792358,596540,0.8584887981414795,0.0,0.0
CIG-C,2020-07-01,1.1038589477539062,1.1728500127792358,1.1038589477539062,1.1569290161132812,296094,0.846835196018219,0.0,0.0
CIG-C,2020-07-02,1.1569290161132812,1.1781569719314575,1.1144729852676392,1.1144729852676392,265184,0.8157587647438049,0.0,0.0
CIG-C,2020-07-06,1.162235975265503,1.178104043006897,1.125087022781372,1.1357009410858154,274072,0.8312969207763672,0.0,0.0
CIG-C,2020-07-07,1.1357009410858154,1.1659510135650635,1.1144729852676392,1.1144729852676392,194050,0.8157587647438049,0.0,0.0
CIG-C,2020-07-08,1.1410080194473267,1.1621830463409424,1.125087022781372,1.1410080194473267,150342,0.8351815342903137,0.0,0.0
CIG-C,2020-07-09,1.1569290161132812,1.1675430536270142,1.1303939819335938,1.1463149785995483,189121,0.8390660285949707,0.0,0.0
CIG-C,2020-07-10,1.125087022781372,1.162235975265503,1.125087022781372,1.1303939819335938,1468195,0.8274121880531311,0.0,0.0
CIG-C,2020-07-13,1.1516220569610596,1.162235975265503,1.1144729852676392,1.1410080194473267,145309,0.8351815342903137,0.0,0.0
CIG-C,2020-07-14,1.0985519886016846,1.1516220569610596,1.0985519886016846,1.1144729852676392,113221,0.8157587647438049,0.0,0.0
CIG-C,2020-07-15,1.1091660261154175,1.1727969646453857,1.1091660261154175,1.1357009410858154,133440,0.8312969207763672,0.0,0.0
CIG-C,2020-07-16,1.1357009410858154,1.1701970100402832,1.1357009410858154,1.1569290161132812,69010,0.846835196018219,0.0,0.0
CIG-C,2020-07-17,1.1463149785995483,1.167490005493164,1.1357009410858154,1.1357009410858154,117026,0.8312969207763672,0.0,0.0
CIG-C,2020-07-20,1.1675430536270142,1.1834640502929688,1.1197799444198608,1.162235975265503,229842,0.8507196307182312,0.0,0.0
CIG-C,2020-07-21,1.1675430536270142,1.215306043624878,1.1675430536270142,1.204692006111145,157619,0.88179612159729,0.0,0.0
CIG-C,2020-07-22,1.204692006111145,1.29756498336792,1.204692006111145,1.2842979431152344,266767,0.9400649070739746,0.0,0.0
CIG-C,2020-07-23,1.2949119806289673,1.2949119806289673,1.1781569719314575,1.215306043624878,179973,0.889565110206604,0.0,0.0
CIG-C,2020-07-24,1.215306043624878,1.2524030208587646,1.1887710094451904,1.2471489906311035,67015,0.9128732681274414,0.0,0.0
CIG-C,2020-07-27,1.2577630281448364,1.2842979431152344,1.2259199619293213,1.2631230354309082,157114,0.9245657324790955,0.0,0.0
CIG-C,2020-07-28,1.2577630281448364,1.2842979431152344,1.2423720359802246,1.263069987297058,77267,0.9245268106460571,0.0,0.0
CIG-C,2020-07-29,1.2577630281448364,1.2763370275497437,1.2099989652633667,1.2418420314788818,86457,0.9089885354042053,0.0,0.0
CIG-C,2020-07-30,1.2365349531173706,1.2630170583724976,1.204692006111145,1.2418420314788818,71573,0.9089885354042053,0.0,0.0
CIG-C,2020-07-31,1.2577630281448364,1.2577630281448364,1.1781569719314575,1.215306043624878,64618,0.889565110206604,0.0,0.0
CIG-C,2020-08-03,1.1303939819335938,1.204692006111145,1.1197799444198608,1.162235975265503,90212,0.8507196307182312,0.0,0.0
CIG-C,2020-08-04,1.1675430536270142,1.1882410049438477,1.1303939819335938,1.162235975265503,40248,0.8507196307182312,0.0,0.0
CIG-C,2020-08-05,1.1675430536270142,1.1935479640960693,1.1303939819335938,1.1569290161132812,64032,0.846835196018219,0.0,0.0
CIG-C,2020-08-06,1.2099989652633667,1.2099989652633667,1.1410080194473267,1.204692006111145,41985,0.88179612159729,0.0,0.0
CIG-C,2020-08-07,1.1887710094451904,1.2206130027770996,1.1303939819335938,1.1436619758605957,47384,0.8371239900588989,0.0,0.0
CIG-C,2020-08-10,1.1410080194473267,1.175557017326355,1.1144729852676392,1.1144729852676392,53208,0.8157587647438049,0.0,0.0
CIG-C,2020-08-11,1.1675430536270142,1.1834640502929688,1.1197799444198608,1.1197799444198608,40376,0.8196432590484619,0.0,0.0
CIG-C,2020-08-12,1.1728500127792358,1.1728500127792358,1.0879379510879517,1.112084984779358,93208,0.8140106797218323,0.0,0.0
CIG-C,2020-08-13,1.0667099952697754,1.0719640254974365,1.0141710042953491,1.0560959577560425,91205,0.7912216186523438,0.025571,0.0
CIG-C,2020-08-14,1.0242539644241333,1.0560959577560425,1.0035560131072998,1.0189470052719116,48716,0.7633899450302124,0.0,0.0
CIG-C,2020-08-17,1.0348680019378662,1.0348680019378662,0.9658769965171814,1.003026008605957,77286,0.7514618635177612,0.0,0.0
CIG-C,2020-08-18,0.9764909744262695,1.1038589477539062,0.9711840152740479,1.0985519886016846,138624,0.8230295777320862,0.0,0.0
CIG-C,2020-08-19,1.0614030361175537,1.0614030361175537,0.9871050119400024,1.0189470052719116,219462,0.7633899450302124,0.0,0.0
CIG-C,2020-08-20,0.981797993183136,1.0243070125579834,0.9398720264434814,1.0189470052719116,151721,0.7633899450302124,0.0,0.0
CIG-C,2020-08-21,1.003026008605957,1.040174961090088,0.9924650192260742,1.0348680019378662,152311,0.7753178477287292,0.0,0.0
CIG-C,2020-08-24,1.08263099193573,1.08263099193573,1.0083329677581787,1.0560959577560425,381459,0.7912216186523438,0.0,0.0
CIG-C,2020-08-25,1.0773240327835083,1.08263099193573,1.0189470052719116,1.08263099193573,87303,0.8111015558242798,0.0,0.0
CIG-C,2020-08-26,1.0773240327835083,1.093245029449463,0.981797993183136,1.093245029449463,133185,0.8190536499023438,0.0,0.0
CIG-C,2020-08-27,1.003026008605957,1.040174961090088,0.9977189898490906,1.0189470052719116,111563,0.7633899450302124,0.0,0.0
CIG-C,2020-08-28,1.003026008605957,1.0879379510879517,1.003026008605957,1.0879379510879517,108384,0.8150776028633118,0.0,0.0
CIG-C,2020-08-31,1.0560959577560425,1.08263099193573,1.0083329677581787,1.08263099193573,103815,0.8111015558242798,0.0,0.0
CIG-C,2020-09-01,1.0242539644241333,1.08263099193573,1.0242539644241333,1.0667099952697754,95876,0.7991736531257629,0.0,0.0
CIG-C,2020-09-02,1.0507889986038208,1.0985519886016846,1.0455349683761597,1.0985519886016846,68950,0.8230295777320862,0.0,0.0
CIG-C,2020-09-03,1.0879379510879517,1.125087022781372,1.0725480318069458,1.125087022781372,104203,0.8429093956947327,0.0,0.0
CIG-C,2020-09-04,1.1410080194473267,1.162235975265503,1.0614030361175537,1.162235975265503,90523,0.8707411885261536,0.0,0.0
CIG-C,2020-09-08,1.0560959577560425,1.093245029449463,1.0454820394515991,1.093245029449463,75807,0.8190536499023438,0.0,0.0
CIG-C,2020-09-09,1.08263099193573,1.1356480121612549,1.08263099193573,1.1091660261154175,47016,0.8309815526008606,0.0,0.0
CIG-C,2020-09-10,1.162235975265503,1.162235975265503,1.1091660261154175,1.125087022781372,37955,0.8429093956947327,0.0,0.0
CIG-C,2020-09-11,1.125087022781372,1.1357009410858154,1.0731309652328491,1.1357009410858154,213611,0.8508613705635071,0.0,0.0
CIG-C,2020-09-14,1.0507889986038208,1.2099989652633667,1.0507889986038208,1.2099989652633667,63082,0.9065249562263489,0.0,0.0
CIG-C,2020-09-15,1.1410080194473267,1.157938003540039,1.1091660261154175,1.1569290161132812,135377,0.8667654395103455,0.0,0.0
CIG-C,2020-09-16,1.1410080194473267,1.1781569719314575,1.1197799444198608,1.1728500127792358,118620,0.8786932826042175,0.0,0.0
CIG-C,2020-09-17,1.1357009410858154,1.1569290161132812,1.1144729852676392,1.1569290161132812,24171,0.8667654395103455,0.0,0.0
CIG-C,2020-09-18,1.1144729852676392,1.162235975265503,1.0879379510879517,1.162235975265503,45323,0.8707411885261536,0.0,0.0
CIG-C,2020-09-21,1.08263099193573,1.08263099193573,1.01364004611969,1.0667099952697754,230477,0.7991736531257629,0.0,0.0
CIG-C,2020-09-22,1.0507889986038208,1.1038589477539062,1.04277503490448,1.1038589477539062,59803,0.8270055651664734,0.0,0.0
CIG-C,2020-09-23,1.1569290161132812,1.1569290161132812,1.01364004611969,1.0667099952697754,76751,0.7991736531257629,0.0,0.0
CIG-C,2020-09-24,1.0348680019378662,1.1038589477539062,1.01364004611969,1.1038589477539062,55688,0.8270055651664734,0.0,0.0
CIG-C,2020-09-25,1.1038589477539062,1.1038589477539062,1.0242539644241333,1.0454820394515991,72558,0.7832697629928589,0.0,0.0
CIG-C,2020-09-28,1.0242539644241333,1.0584310293197632,0.9977189898490906,1.040174961090088,33442,0.7792937755584717,0.0,0.0
CIG-C,2020-09-29,0.9711840152740479,1.040174961090088,0.9711840152740479,1.0242539644241333,114602,0.7673658132553101,0.0,0.0
CIG-C,2020-09-30,0.9711840152740479,1.0507889986038208,0.9552630186080933,1.0242539644241333,25432,0.7673658132553101,0.0,0.0
CIG-C,2020-10-01,1.072016954421997,1.072016954421997,0.9765440225601196,1.0295610427856445,30563,0.7713417410850525,0.0,0.0
CIG-C,2020-10-02,1.003026008605957,1.0454820394515991,1.003026008605957,1.0454820394515991,29508,0.7897268533706665,0.008418,0.0
CIG-C,2020-10-05,1.003026008605957,1.1038589477539062,1.003026008605957,1.0985519886016846,51637,0.8298142552375793,0.0,0.0
CIG-C,2020-10-06,1.0879379510879517,1.1038589477539062,1.0348680019378662,1.1038589477539062,84184,0.8338232040405273,0.0,0.0
CIG-C,2020-10-07,1.0667099952697754,1.1091660261154175,1.0432000160217285,1.1091660261154175,58198,0.8378319144248962,0.0,0.0
CIG-C,2020-10-08,1.1197799444198608,1.1410080194473267,1.0560959577560425,1.1410080194473267,26704,0.8618844151496887,0.0,0.0
CIG-C,2020-10-09,1.1144729852676392,1.1463149785995483,1.1038589477539062,1.1357009410858154,65317,0.857875645160675,0.0,0.0
CIG-C,2020-10-12,1.08263099193573,1.162235975265503,1.08263099193573,1.1357009410858154,54486,0.857875645160675,0.0,0.0
CIG-C,2020-10-13,1.1463149785995483,1.1781569719314575,1.1197799444198608,1.1781569719314575,237410,0.8899456858634949,0.0,0.0
CIG-C,2020-10-14,1.1675430536270142,1.1887710094451904,1.125087022781372,1.1781569719314575,50469,0.8899456858634949,0.0,0.0
CIG-C,2020-10-15,1.1144729852676392,1.1728500127792358,1.1091660261154175,1.1675430536270142,46647,0.8819282650947571,0.0,0.0
CIG-C,2020-10-16,1.1197799444198608,1.1675430536270142,1.1144729852676392,1.162235975265503,39969,0.8779193162918091,0.0,0.0
CIG-C,2020-10-19,1.162235975265503,1.162235975265503,1.1091660261154175,1.1463149785995483,41995,0.8658931851387024,0.0,0.0
CIG-C,2020-10-20,1.125087022781372,1.1675430536270142,1.1197799444198608,1.1675430536270142,26781,0.8819282650947571,0.0,0.0
CIG-C,2020-10-21,1.1303939819335938,1.1675430536270142,1.1144729852676392,1.1463149785995483,36802,0.8658931851387024,0.0,0.0
CIG-C,2020-10-22,1.1357009410858154,1.1834640502929688,1.093245029449463,1.1834640502929688,72210,0.8939545750617981,0.0,0.0
CIG-C,2020-10-23,1.1091660261154175,1.1569290161132812,1.1091660261154175,1.1569290161132812,20864,0.8739107847213745,0.0,0.0
CIG-C,2020-10-26,1.0773240327835083,1.1728500127792358,1.0773240327835083,1.1728500127792358,58686,0.8859369158744812,0.0,0.0
CIG-C,2020-10-27,1.1410080194473267,1.162235975265503,1.1144729852676392,1.162235975265503,49704,0.8779193162918091,0.0,0.0
CIG-C,2020-10-28,1.1038589477539062,1.1357009410858154,1.0614030361175537,1.1357009410858154,37522,0.857875645160675,0.0,0.0
CIG-C,2020-10-29,1.0614030361175537,1.125087022781372,1.040228009223938,1.1144729852676392,50578,0.8418406248092651,0.0,0.0
CIG-C,2020-10-30,1.1038589477539062,1.1091660261154175,1.034337043762207,1.1038589477539062,46495,0.8338232040405273,0.0,0.0
CIG-C,2020-11-02,1.1038589477539062,1.1038589477539062,1.0471270084381104,1.0667099952697754,21533,0.8057618737220764,0.0,0.0
CIG-C,2020-11-03,1.072016954421997,1.1091660261154175,1.0507889986038208,1.1091660261154175,30608,0.8378319144248962,0.0,0.0
CIG-C,2020-11-04,1.0348680019378662,1.162235975265503,1.0348680019378662,1.162235975265503,46033,0.8779193162918091,0.0,0.0
CIG-C,2020-11-05,1.162235975265503,1.2365349531173706,1.1569290161132812,1.2365349531173706,81230,0.934042751789093,0.0,0.0
CIG-C,2020-11-06,1.1463149785995483,1.2789909839630127,1.1463149785995483,1.273684024810791,81831,0.9621042013168335,0.0,0.0
CIG-C,2020-11-09,1.273684024810791,1.3320610523223877,1.2471489906311035,1.3320610523223877,98377,1.0062003135681152,0.0,0.0
CIG-C,2020-11-10,1.3214470148086548,1.353289008140564,1.2737369537353516,1.353289008140564,85226,1.0222351551055908,0.0,0.0
CIG-C,2020-11-11,1.2577630281448364,1.3267539739608765,1.2418420314788818,1.3055260181427002,47714,0.9861566424369812,0.0,0.0
CIG-C,2020-11-12,1.2418420314788818,1.2577630281448364,1.1837300062179565,1.2577630281448364,61358,0.9500777125358582,0.0,0.0
CIG-C,2020-11-13,1.2524559497833252,1.2683769464492798,1.1834640502929688,1.2683769464492798,63408,0.9580952525138855,0.0,0.0
CIG-C,2020-11-16,1.3267539739608765,1.3320610523223877,1.257869005203247,1.3320610523223877,233221,1.0062003135681152,0.0,0.0
CIG-C,2020-11-17,1.2577630281448364,1.353289008140564,1.2524559497833252,1.353289008140564,79896,1.0222351551055908,0.0,0.0
CIG-C,2020-11-18,1.3267539739608765,1.335616946220398,1.3026599884033203,1.3267539739608765,79443,1.002191424369812,0.0,0.0
CIG-C,2020-11-19,1.3798240423202515,1.3798240423202515,1.3095589876174927,1.3373680114746094,86800,1.010209083557129,0.0,0.0
CIG-C,2020-11-20,1.3479820489883423,1.3479820489883423,1.273684024810791,1.2896050214767456,41693,0.9741305112838745,0.0,0.0
CIG-C,2020-11-23,1.2789909839630127,1.3002190589904785,1.2683769464492798,1.2683769464492798,52034,0.9580952525138855,0.0,0.0
CIG-C,2020-11-24,1.3108329772949219,1.3745169639587402,1.2949119806289673,1.3745169639587402,103476,1.0382698774337769,0.0,0.0
CIG-C,2020-11-25,1.422279953956604,1.422279953956604,1.3479820489883423,1.4116660356521606,89129,1.0663317441940308,0.0,0.0
CIG-C,2020-11-27,1.342674970626831,1.4116660356521606,1.342674970626831,1.3904379606246948,64320,1.0502965450286865,0.0,0.0
CIG-C,2020-11-30,1.3851310014724731,1.4488149881362915,1.3585959672927856,1.432893991470337,217285,1.0823664665222168,0.0,0.0
CIG-C,2020-12-01,1.3904379606246948,1.464735984802246,1.3851310014724731,1.4435080289840698,119683,1.0903840065002441,0.0,0.0
CIG-C,2020-12-02,1.464735984802246,1.5231130123138428,1.432893991470337,1.517806053161621,855196,1.146506667137146,0.0,0.0
CIG-C,2020-12-03,1.544342041015625,1.544342041015625,1.4541219472885132,1.5284199714660645,145300,1.154524326324463,0.0,0.0
CIG-C,2020-12-04,1.5337270498275757,1.5337270498275757,1.4379359483718872,1.5071920156478882,157941,1.1384892463684082,0.0,0.0
CIG-C,2020-12-07,1.395745038986206,1.570876955986023,1.395745038986206,1.570876955986023,144550,1.186594843864441,0.0,0.0
CIG-C,2020-12-08,1.5655699968338013,1.5761840343475342,1.4802329540252686,1.544342041015625,86057,1.1665512323379517,0.0,0.0
CIG-C,2020-12-09,1.544342041015625,1.544342041015625,1.475350022315979,1.5071920156478882,118269,1.1384892463684082,0.0,0.0
CIG-C,2020-12-10,1.4700429439544678,1.6080260276794434,1.464735984802246,1.6080260276794434,176164,1.2146562337875366,0.0,0.0
CIG-C,2020-12-11,1.5867979526519775,1.6186399459838867,1.546623945236206,1.6186399459838867,206338,1.2226736545562744,0.0,0.0
CIG-C,2020-12-14,1.623947024345398,1.6398680210113525,1.5602630376815796,1.6398680210113525,101000,1.2387088537216187,0.0,0.0
CIG-C,2020-12-15,1.5814909934997559,1.6398680210113525,1.570876955986023,1.6398680210113525,111659,1.2387088537216187,0.0,0.0
CIG-C,2020-12-16,1.5921050310134888,1.6557890176773071,1.560845971107483,1.6557890176773071,95548,1.2507350444793701,0.0,0.0
CIG-C,2020-12-17,1.6557890176773071,1.7088589668273926,1.6171009540557861,1.7088589668273926,112279,1.2908226251602173,0.0,0.0
CIG-C,2020-12-18,1.7937710285186768,1.7937710285186768,1.639920949935913,1.703552007675171,122307,1.286813735961914,0.0,0.0
CIG-C,2020-12-21,1.613332986831665,1.6557890176773071,1.5761840343475342,1.6504820585250854,87708,1.2467262744903564,0.0,0.0
CIG-C,2020-12-22,1.5814909934997559,1.6398680210113525,1.5761840343475342,1.6398680210113525,83186,1.2387088537216187,0.0,0.0
CIG-C,2020-12-23,1.6292539834976196,1.692937970161438,1.6186399459838867,1.692937970161438,112266,1.2787964344024658,0.0,0.0
CIG-C,2020-12-24,1.6770169734954834,1.6982450485229492,1.6108920574188232,1.6982450485229492,24458,1.2828049659729004,0.0,0.0
CIG-C,2020-12-28,1.6876310110092163,1.7088589668273926,1.6451749801635742,1.7088589668273926,75511,1.2908226251602173,0.0,0.0
CIG-C,2020-12-29,1.703552007675171,1.7141660451889038,1.6584420204162598,1.7141660451889038,125742,1.29483163356781,0.0,0.0
CIG-C,2020-12-30,1.7141660451889038,1.7407009601593018,1.6610959768295288,1.7407009601593018,130027,1.3148751258850098,0.0,0.0
CIG-C,2020-12-31,1.7300870418548584,1.7300870418548584,1.6398680210113525,1.7194730043411255,37386,1.298840045928955,0.0,0.0
CIG-C,2021-01-04,1.6557890176773071,1.703552007675171,1.6027189493179321,1.6876310110092163,185838,1.2747876644134521,0.0,0.0
CIG-C,2021-01-05,1.570876955986023,1.692937970161438,1.570876955986023,1.692937970161438,85245,1.2787964344024658,0.0,0.0
CIG-C,2021-01-06,1.6186399459838867,1.7247799634933472,1.5921050310134888,1.7247799634933472,129072,1.3028486967086792,0.0,0.0
CIG-C,2021-01-07,1.6027189493179321,1.6770169734954834,1.5709830522537231,1.6504820585250854,181516,1.2691020965576172,0.03041,0.0
CIG-C,2021-01-08,1.613332986831665,1.73539400100708,1.610308051109314,1.73539400100708,138488,1.3343931436538696,0.0,0.0
CIG-C,2021-01-11,1.7141660451889038,1.7141660451889038,1.5814909934997559,1.6186399459838867,293735,1.2446178197860718,0.0,0.0
CIG-C,2021-01-12,1.6292539834976196,1.692937970161438,1.570876955986023,1.692937970161438,103361,1.3017476797103882,0.0,0.0
CIG-C,2021-01-13,1.6876310110092163,1.7194730043411255,1.6186399459838867,1.7194730043411255,103828,1.3221513032913208,0.0,0.0
CIG-C,2021-01-14,1.6345609426498413,1.7407009601593018,1.6345609426498413,1.73539400100708,128780,1.3343931436538696,0.0,0.0
CIG-C,2021-01-15,1.6982450485229492,1.7141660451889038,1.6451749801635742,1.7141660451889038,90983,1.318070888519287,0.0,0.0
CIG-C,2021-01-19,1.6398680210113525,1.6770169734954834,1.5868510007858276,1.6557890176773071,247285,1.2731828689575195,0.0,0.0
CIG-C,2021-01-20,1.5921050310134888,1.6186399459838867,1.5761840343475342,1.613332986831665,107778,1.2405372858047485,0.0,0.0
CIG-C,2021-01-21,1.6080260276794434,1.6080260276794434,1.5549559593200684,1.5974119901657104,132622,1.2282952070236206,0.0,0.0
CIG-C,2021-01-22,1.5655699968338013,1.613332986831665,1.4859639406204224,1.613332986831665,177937,1.2405372858047485,0.0,0.0
CIG-C,2021-01-25,1.5974119901657104,1.5974119901657104,1.5071920156478882,1.5124989748001099,63647,1.1630032062530518,0.0,0.0
CIG-C,2021-01-26,1.544342041015625,1.5761840343475342,1.5337270498275757,1.5761840343475342,133074,1.2119724750518799,0.0,0.0
CIG-C,2021-01-27,1.5655699968338013,1.5761840343475342,1.4965779781341553,1.5761840343475342,108776,1.2119724750518799,0.0,0.0
CIG-C,2021-01-28,1.5337270498275757,1.6345609426498413,1.5337270498275757,1.6345609426498413,101518,1.2568600177764893,0.0,0.0
CIG-C,2021-01-29,1.5761840343475342,1.6080260276794434,1.5284199714660645,1.5867979526519775,168488,1.2201335430145264,0.0,0.0
CIG-C,2021-02-01,1.5390349626541138,1.6398680210113525,1.5337270498275757,1.6398680210113525,124497,1.2609409093856812,0.0,0.0
CIG-C,2021-02-02,1.66640305519104,1.6823240518569946,1.623947024345398,1.6823240518569946,204080,1.2935864925384521,0.0,0.0
CIG-C,2021-02-03,1.6770169734954834,1.6876310110092163,1.6345609426498413,1.6823240518569946,103919,1.2935864925384521,0.0,0.0
CIG-C,2021-02-04,1.6186399459838867,1.6823240518569946,1.5867979526519775,1.6398680210113525,136072,1.2609409093856812,0.0,0.0
CIG-C,2021-02-05,1.6557890176773071,1.6557890176773071,1.6080260276794434,1.6345609426498413,68818,1.2568600177764893,0.0,0.0
CIG-C,2021-02-08,1.6345609426498413,1.66640305519104,1.613332986831665,1.66640305519104,216285,1.2813444137573242,0.0,0.0
CIG-C,2021-02-09,1.6345609426498413,1.6717100143432617,1.5995880365371704,1.6292539834976196,120922,1.252779245376587,0.0,0.0
CIG-C,2021-02-10,1.5921050310134888,1.6186399459838867,1.5390349626541138,1.5921050310134888,123078,1.2242143154144287,0.0,0.0
CIG-C,2021-02-11,1.544342041015625,1.5921050310134888,1.544342041015625,1.5814909934997559,70521,1.2160530090332031,0.0,0.0
CIG-C,2021-02-12,1.5602630376815796,1.6292539834976196,1.5231130123138428,1.544342041015625,105015,1.187488079071045,0.0,0.0
CIG-C,2021-02-16,1.613332986831665,1.613332986831665,1.4965779781341553,1.4965779781341553,165313,1.1507608890533447,0.0,0.0
CIG-C,2021-02-17,1.5018850564956665,1.5390349626541138,1.475350022315979,1.5018850564956665,887622,1.154841661453247,0.0,0.0
CIG-C,2021-02-18,1.4912710189819336,1.5071920156478882,1.4169729948043823,1.5071920156478882,107254,1.158922553062439,0.0,0.0
CIG-C,2021-02-19,1.5071920156478882,1.5071920156478882,1.464735984802246,1.5018850564956665,117955,1.154841661453247,0.0,0.0
CIG-C,2021-02-22,1.4116660356521606,1.4382009506225586,1.3798240423202515,1.4275870323181152,112349,1.0977119207382202,0.0,0.0
CIG-C,2021-02-23,1.4116660356521606,1.4806040525436401,1.4063589572906494,1.4594290256500244,109733,1.122196078300476,0.0,0.0
CIG-C,2021-02-24,1.4806569814682007,1.4806569814682007,1.4329999685287476,1.464735984802246,639183,1.1262768507003784,0.0,0.0
CIG-C,2021-02-25,1.464735984802246,1.4912710189819336,1.3692100048065186,1.3904379606246948,78918,1.069146752357483,0.0,0.0
CIG-C,2021-02-26,1.4116660356521606,1.4116660356521606,1.3479820489883423,1.3639030456542969,49704,1.048743486404419,0.0,0.0
CIG-C,2021-03-01,1.3745169639587402,1.3745169639587402,1.3055260181427002,1.3373680114746094,65002,1.0283399820327759,0.0,0.0
CIG-C,2021-03-02,1.353289008140564,1.3745169639587402,1.2605750560760498,1.353289008140564,104326,1.0405820608139038,0.0,0.0
CIG-C,2021-03-03,1.3002190589904785,1.353289008140564,1.2391879558563232,1.3479820489883423,175149,1.036501169204712,0.0,0.0
CIG-C,2021-03-04,1.342674970626831,1.388314962387085,1.3214470148086548,1.3639030456542969,65253,1.048743486404419,0.0,0.0
CIG-C,2021-03-05,1.3745169639587402,1.432893991470337,1.2951240539550781,1.3479820489883423,60778,1.036501169204712,0.0,0.0
CIG-C,2021-03-08,1.263069987297058,1.3308930397033691,1.2365349531173706,1.2789909839630127,101183,0.9834522008895874,0.0,0.0
CIG-C,2021-03-09,1.263069987297058,1.2842979431152344,1.2418420314788818,1.2683769464492798,84689,0.9752907156944275,0.0,0.0
CIG-C,2021-03-10,1.3002190589904785,1.353289008140564,1.2842979431152344,1.3373680114746094,22636,1.0283399820327759,0.0,0.0
CIG-C,2021-03-11,1.3639030456542969,1.4063589572906494,1.3479820489883423,1.4063589572906494,21872,1.08138906955719,0.0,0.0
CIG-C,2021-03-12,1.3851310014724731,1.4063589572906494,1.3639030456542969,1.4063589572906494,32630,1.08138906955719,0.0,0.0
CIG-C,2021-03-15,1.3851310014724731,1.4488149881362915,1.3644870519638062,1.4063589572906494,26225,1.08138906955719,0.0,0.0
CIG-C,2021-03-16,1.4594290256500244,1.4594290256500244,1.3639030456542969,1.4063589572906494,26896,1.08138906955719,0.0,0.0
CIG-C,2021-03-17,1.422279953956604,1.432893991470337,1.3585959672927856,1.432893991470337,109468,1.101792573928833,0.0,0.0
CIG-C,2021-03-18,1.432893991470337,1.464735984802246,1.3904379606246948,1.4594290256500244,39860,1.122196078300476,0.0,0.0
CIG-C,2021-03-19,1.5921050310134888,1.5921050310134888,1.4541219472885132,1.5124989748001099,36355,1.1630032062530518,0.0,0.0
CIG-C,2021-03-22,1.5496490001678467,1.5655699968338013,1.419998049736023,1.475350022315979,41219,1.1344382762908936,0.0,0.0
CIG-C,2021-03-23,1.544342041015625,1.544342041015625,1.4275870323181152,1.475350022315979,34158,1.1344382762908936,0.0,0.0
CIG-C,2021-03-24,1.4806569814682007,1.4806569814682007,1.3745169639587402,1.4594290256500244,148723,1.122196078300476,0.0,0.0
CIG-C,2021-03-25,1.3639030456542969,1.4594290256500244,1.3639030456542969,1.4594290256500244,27738,1.122196078300476,0.0,0.0
CIG-C,2021-03-26,1.4169729948043823,1.4435080289840698,1.3851310014724731,1.4435080289840698,28010,1.1099538803100586,0.0,0.0
CIG-C,2021-03-29,1.3585959672927856,1.4594290256500244,1.3585959672927856,1.432893991470337,30879,1.101792573928833,0.0,0.0
CIG-C,2021-03-30,1.4859639406204224,1.4859639406204224,1.4116660356521606,1.4700429439544678,11644,1.1303575038909912,0.0,0.0
CIG-C,2021-03-31,1.4116660356521606,1.5124989748001099,1.4116660356521606,1.5124989748001099,31473,1.1630032062530518,0.0,0.0
CIG-C,2021-04-01,1.4594290256500244,1.495252013206482,1.4594290256500244,1.4859639406204224,16758,1.1425995826721191,0.0,0.0
CIG-C,2021-04-05,1.5124989748001099,1.5124989748001099,1.432893991470337,1.4700429439544678,21961,1.1303575038909912,0.0,0.0
CIG-C,2021-04-06,1.4116660356521606,1.4806569814682007,1.4116660356521606,1.4806569814682007,16708,1.1385186910629272,0.0,0.0
CIG-C,2021-04-07,1.4806569814682007,1.4912710189819336,1.4594290256500244,1.4912710189819336,24910,1.146680235862732,0.0,0.0
CIG-C,2021-04-08,1.432893991470337,1.5124989748001099,1.432893991470337,1.5124989748001099,9809,1.1630032062530518,0.0,0.0
CIG-C,2021-04-09,1.4637279510498047,1.5124989748001099,1.4594290256500244,1.5124989748001099,16080,1.1630032062530518,0.0,0.0
CIG-C,2021-04-12,1.5867979526519775,1.5867979526519775,1.422333002090454,1.4806569814682007,19140,1.1385186910629272,0.0,0.0
CIG-C,2021-04-13,1.3904379606246948,1.4955170154571533,1.3904379606246948,1.4859639406204224,9067,1.1425995826721191,0.0,0.0
CIG-C,2021-04-14,1.4275870323181152,1.5071920156478882,1.4275870323181152,1.5071920156478882,9917,1.158922553062439,0.0,0.0
CIG-C,2021-04-15,1.4541219472885132,1.4965779781341553,1.4435080289840698,1.4965779781341553,10250,1.1507608890533447,0.0,0.0
CIG-C,2021-04-16,1.3904379606246948,1.4965779781341553,1.3904379606246948,1.4965779781341553,16866,1.1507608890533447,0.0,0.0
CIG-C,2021-04-19,1.4859639406204224,1.4859639406204224,1.432947039604187,1.4806569814682007,10137,1.1385186910629272,0.0,0.0
CIG-C,2021-04-20,1.4382009506225586,1.5071920156478882,1.4382009506225586,1.5071920156478882,62890,1.158922553062439,0.0,0.0
CIG-C,2021-04-21,1.5018850564956665,1.5018850564956665,1.4606499671936035,1.4778980016708374,12769,1.1363974809646606,0.0,0.0
CIG-C,2021-04-22,1.4700429439544678,1.517806053161621,1.4700429439544678,1.517806053161621,11264,1.1670838594436646,0.0,0.0
CIG-C,2021-04-23,1.570876955986023,1.570876955986023,1.4700429439544678,1.5284199714660645,32423,1.1752452850341797,0.0,0.0
CIG-C,2021-04-26,1.6027189493179321,1.6027189493179321,1.4859639406204224,1.5390349626541138,11074,1.1834073066711426,0.0,0.0
CIG-C,2021-04-27,1.475350022315979,1.5337270498275757,1.475350022315979,1.517806053161621,7725,1.1670838594436646,0.0,0.0
CIG-C,2021-04-28,1.6080260276794434,1.6186399459838867,1.5111730098724365,1.6186399459838867,124585,1.2446178197860718,0.0,0.0
CIG-C,2021-04-29,1.5921050310134888,1.6186399459838867,1.544342041015625,1.6186399459838867,30844,1.2446178197860718,0.0,0.0
CIG-C,2021-04-30,1.6823240518569946,1.6823240518569946,1.5655699968338013,1.6080260276794434,57597,1.2364565134048462,0.0,0.0
CIG-C,2021-05-03,1.6331360340118408,1.6331360340118408,1.5384609699249268,1.579880952835083,54539,1.2722877264022827,0.072639,1.114969
CIG-C,2021-05-04,1.6153839826583862,1.6153839826583862,1.5147919654846191,1.568047046661377,25287,1.2627577781677246,0.0,0.0
CIG-C,2021-05-05,1.5325440168380737,1.6094670295715332,1.5384609699249268,1.6094670295715332,22722,1.2961136102676392,0.0,0.0
CIG-C,2021-05-06,1.568047046661377,1.7100590467453003,1.5630760192871094,1.6390529870986938,31849,1.319939374923706,0.0,0.0
CIG-C,2021-05-07,1.6094670295715332,1.674556016921997,1.5917149782180786,1.674556016921997,108905,1.3485300540924072,0.0,0.0
CIG-C,2021-05-10,1.5621299743652344,1.6863900423049927,1.5621299743652344,1.662721037864685,43933,1.3389993906021118,0.0,0.0
CIG-C,2021-05-11,1.5207099914550781,1.6568039655685425,1.5207099914550781,1.6568039655685425,48448,1.334234356880188,0.0,0.0
CIG-C,2021-05-12,1.6331360340118408,1.6331360340118408,1.5325440168380737,1.6272180080413818,56963,1.3104084730148315,0.0,0.0
CIG-C,2021-05-13,1.6449700593948364,1.6568039655685425,1.5502949953079224,1.6568039655685425,109757,1.334234356880188,0.0,0.0
CIG-C,2021-05-14,1.6449700593948364,1.68047297000885,1.594081997871399,1.6686389446258545,33053,1.3437649011611938,0.0,0.0
CIG-C,2021-05-17,1.6331360340118408,1.7573959827423096,1.6153839826583862,1.7159759998321533,27638,1.3818860054016113,0.0,0.0
CIG-C,2021-05-18,1.7218929529190063,1.7928990125656128,1.6449700593948364,1.7751469612121582,49574,1.4295367002487183,0.0,0.0
CIG-C,2021-05-19,1.7218929529190063,1.8461530208587646,1.6982239484786987,1.834318995475769,98564,1.4771881103515625,0.0,0.0
CIG-C,2021-05-20,1.7633130550384521,1.8224849700927734,1.7272779941558838,1.8047330379486084,44257,1.4533624649047852,0.0,0.0
CIG-C,2021-05-21,1.7159759998321533,1.8047330379486084,1.7041419744491577,1.7988159656524658,57444,1.4485974311828613,0.0,0.0
CIG-C,2021-05-24,1.745561957359314,1.7988159656524658,1.7390530109405518,1.7988159656524658,39304,1.4485974311828613,0.0,0.0
CIG-C,2021-05-25,1.7692300081253052,1.8461530208587646,1.7573959827423096,1.828402042388916,75377,1.4724234342575073,0.0,0.0
CIG-C,2021-05-26,1.7396440505981445,1.8579879999160767,1.7396440505981445,1.8579879999160767,60956,1.4962489604949951,0.0,0.0
CIG-C,2021-05-27,1.8579879999160767,1.8934910297393799,1.7928990125656128,1.8934910297393799,57355,1.524839997291565,0.0,0.0
CIG-C,2021-05-28,1.8934910297393799,1.8934910297393799,1.8165680170059204,1.8934910297393799,60654,1.524839997291565,0.0,0.0
CIG-C,2021-06-01,1.8520710468292236,1.9526619911193848,1.8520710468292236,1.9526619911193848,74114,1.5724906921386719,0.0,0.0
CIG-C,2021-06-02,2.011833906173706,2.0650880336761475,1.899407982826233,2.011833906173706,219438,1.6201421022415161,0.0,0.0
CIG-C,2021-06-03,2.011833906173706,2.011833906173706,1.8520710468292236,1.8757389783859253,57809,1.5105438232421875,0.0,0.0
CIG-C,2021-06-04,1.928994059562683,2.047337055206299,1.9171589612960815,2.011833906173706,64897,1.6201421022415161,0.0,0.0
CIG-C,2021-06-07,2.0650880336761475,2.07100510597229,1.9408279657363892,2.0177509784698486,42214,1.62490713596344,0.0,0.0
CIG-C,2021-06-08,1.9644969701766968,2.0828399658203125,1.9467450380325317,2.059170961380005,51881,1.6582627296447754,0.0,0.0
CIG-C,2021-06-09,1.9999990463256836,2.0355019569396973,1.928994059562683,2.0355019569396973,57454,1.639202356338501,0.0,0.0
CIG-C,2021-06-10,1.9408279657363892,2.0355019569396973,1.928994059562683,2.0355019569396973,76580,1.639202356338501,0.0,0.0
CIG-C,2021-06-11,1.928994059562683,1.9822479486465454,1.8579879999160767,1.9704140424728394,157754,1.5867865085601807,0.0,0.0
CIG-C,2021-06-14,1.9053250551223755,2.011833906173706,1.9053250551223755,1.9408279657363892,50549,1.5629605054855347,0.0,0.0
CIG-C,2021-06-15,1.9408279657363892,1.9999990463256836,1.917099952697754,1.9999990463256836,76288,1.6106112003326416,0.0,0.0
CIG-C,2021-06-16,2.100590944290161,2.100590944290161,1.9230760335922241,1.994081974029541,72242,1.6058462858200073,0.0,0.0
CIG-C,2021-06-17,2.047337055206299,2.047337055206299,1.9171589612960815,2.011833906173706,57723,1.6201421022415161,0.0,0.0
CIG-C,2021-06-18,2.047337055206299,2.047337055206299,1.8757389783859253,1.9644969701766968,64336,1.5820213556289673,0.0,0.0
CIG-C,2021-06-21,1.828402042388916,1.9171589612960815,1.8254430294036865,1.887573003768921,66989,1.5200741291046143,0.0,0.0
CIG-C,2021-06-22,1.8757389783859253,1.8934910297393799,1.8118339776992798,1.8934910297393799,42244,1.524839997291565,0.0,0.0
CIG-C,2021-06-23,1.8165680170059204,1.8934910297393799,1.804792046546936,1.8934910297393799,56699,1.524839997291565,0.0,0.0
CIG-C,2021-06-24,1.8757389783859253,1.8757389783859253,1.8165680170059204,1.8520710468292236,90627,1.4914839267730713,0.0,0.0
CIG-C,2021-06-25,1.834318995475769,1.8461530208587646,1.7633130550384521,1.8461530208587646,51578,1.4867182970046997,0.0,0.0
CIG-C,2021-06-28,1.7751469612121582,1.834318995475769,1.7692300081253052,1.8047330379486084,60956,1.4533624649047852,0.0,0.0
CIG-C,2021-06-29,1.7573959827423096,1.834318995475769,1.727810025215149,1.834318995475769,54877,1.4771881103515625,0.0,0.0
CIG-C,2021-06-30,1.7159759998321533,1.834318995475769,1.6982239484786987,1.834318995475769,94545,1.4771881103515625,0.0,0.0
CIG-C,2021-07-01,1.7100590467453003,1.7218339443206787,1.6508870124816895,1.6923069953918457,78610,1.3628252744674683,0.0,0.0
CIG-C,2021-07-02,1.7751469612121582,1.7751469612121582,1.6508870124816895,1.7573959827423096,57623,1.4152417182922363,0.0,0.0
CIG-C,2021-07-06,1.745561957359314,1.745561957359314,1.5976330041885376,1.7100590467453003,102439,1.377121090888977,0.0,0.0
CIG-C,2021-07-07,1.6863900423049927,1.6982239484786987,1.5976330041885376,1.6982239484786987,92953,1.3675899505615234,0.0,0.0
CIG-C,2021-07-08,1.5857980251312256,1.6982239484786987,1.57396399974823,1.6982239484786987,125288,1.3675899505615234,0.0,0.0
CIG-C,2021-07-09,1.7159759998321533,1.7159759998321533,1.5857980251312256,1.5976330041885376,64142,1.286583423614502,0.0,0.0
CIG-C,2021-07-12,1.6331360340118408,1.7633130550384521,1.6213010549545288,1.7633130550384521,135673,1.4200066328048706,0.0,0.0
CIG-C,2021-07-13,1.7396440505981445,1.7396440505981445,1.6508870124816895,1.7159759998321533,168040,1.3818860054016113,0.0,0.0
CIG-C,2021-07-14,1.7041419744491577,1.7692300081253052,1.6874550580978394,1.7692300081253052,114903,1.4247716665267944,0.0,0.0
CIG-C,2021-07-15,1.6982239484786987,1.7633130550384521,1.6686389446258545,1.7633130550384521,73707,1.4200066328048706,0.0,0.0
CIG-C,2021-07-16,1.6982239484786987,1.7633130550384521,1.6863900423049927,1.7633130550384521,67797,1.4200066328048706,0.0,0.0
CIG-C,2021-07-19,1.727810025215149,1.727810025215149,1.6035499572753906,1.6568039655685425,117367,1.334234356880188,0.0,0.0
CIG-C,2021-07-20,1.6390529870986938,1.68047297000885,1.6213010549545288,1.68047297000885,48721,1.353295087814331,0.0,0.0
CIG-C,2021-07-21,1.6508870124816895,1.7041419744491577,1.6508870124816895,1.7041419744491577,54264,1.3723560571670532,0.0,0.0
CIG-C,2021-07-22,1.6999989748001099,1.727810025215149,1.6331360340118408,1.6331360340118408,81211,1.3151741027832031,0.0,0.0
CIG-C,2021-07-23,1.662721037864685,1.7633130550384521,1.662721037864685,1.7633130550384521,90484,1.4200066328048706,0.0,0.0
CIG-C,2021-07-26,1.6982239484786987,1.7573959827423096,1.6686389446258545,1.7573959827423096,83197,1.4152417182922363,0.0,0.0
CIG-C,2021-07-27,1.6390529870986938,1.7692300081253052,1.6390529870986938,1.7692300081253052,52564,1.4247716665267944,0.0,0.0
CIG-C,2021-07-28,1.7159759998321533,1.8224849700927734,1.7041419744491577,1.8224849700927734,62881,1.467658281326294,0.0,0.0
CIG-C,2021-07-29,1.7514790296554565,1.8165680170059204,1.7218929529190063,1.8165680170059204,60191,1.4628931283950806,0.0,0.0
CIG-C,2021-07-30,1.7514790296554565,1.7514790296554565,1.6508870124816895,1.745561957359314,76200,1.4057116508483887,0.0,0.0
CIG-C,2021-08-02,1.6923069953918457,1.7041419744491577,1.6331360340118408,1.674556016921997,75142,1.3485300540924072,0.0,0.0
CIG-C,2021-08-03,1.6568039655685425,1.6863900423049927,1.5856209993362427,1.6863900423049927,93889,1.3580600023269653,0.0,0.0
CIG-C,2021-08-04,1.6213010549545288,1.6213010549545288,1.57396399974823,1.57396399974823,58889,1.2675226926803589,0.0,0.0
CIG-C,2021-08-05,1.5857980251312256,1.6213010549545288,1.551360011100769,1.579880952835083,36363,1.2722877264022827,0.0,0.0
CIG-C,2021-08-06,1.6390529870986938,1.6390529870986938,1.5621299743652344,1.5917149782180786,39436,1.2818177938461304,0.0,0.0
CIG-C,2021-08-09,1.572957992553711,1.6390529870986938,1.5502949953079224,1.6213010549545288,34187,1.3056434392929077,0.0,0.0
CIG-C,2021-08-10,1.57396399974823,1.5917149782180786,1.5681060552597046,1.579880952835083,30918,1.2722877264022827,0.0,0.0
CIG-C,2021-08-11,1.5671590566635132,1.5976330041885376,1.5671590566635132,1.57396399974823,26434,1.2675226926803589,0.0,0.0
CIG-C,2021-08-12,1.5384609699249268,1.5621299743652344,1.5266269445419312,1.5384609699249268,33750,1.2389321327209473,0.0,0.0
CIG-C,2021-08-13,1.5266269445419312,1.6153839826583862,1.5148520469665527,1.57396399974823,30883,1.2675226926803589,0.0,0.0
CIG-C,2021-08-16,1.6331360340118408,1.6331360340118408,1.5207099914550781,1.5621299743652344,39157,1.2579927444458008,0.0,0.0
CIG-C,2021-08-17,1.5799399614334106,1.6035499572753906,1.549170970916748,1.5976330041885376,36742,1.286583423614502,0.0,0.0
CIG-C,2021-08-18,1.5325440168380737,1.6390529870986938,1.5325440168380737,1.6390529870986938,57231,1.319939374923706,0.0,0.0
CIG-C,2021-08-19,1.5266269445419312,1.6923069953918457,1.5266269445419312,1.6863900423049927,34112,1.3580600023269653,0.0,0.0
CIG-C,2021-08-20,1.6094670295715332,1.7988159656524658,1.6094670295715332,1.7869820594787598,38555,1.4390674829483032,0.0,0.0
CIG-C,2021-08-23,1.733726978302002,1.8106499910354614,1.7218929529190063,1.7928990125656128,29733,1.443832278251648,0.0,0.0
CIG-C,2021-08-24,1.745561957359314,1.8639639616012573,1.745561957359314,1.8639049530029297,73275,1.5010138750076294,0.0,0.0
CIG-C,2021-08-25,1.928994059562683,1.928994059562683,1.828402042388916,1.9053250551223755,38200,1.5343700647354126,0.0,0.0
CIG-C,2021-08-26,1.9704140424728394,1.9704140424728394,1.8224849700927734,1.8934910297393799,29154,1.524839997291565,0.0,0.0
CIG-C,2021-08-27,1.828402042388916,1.9467450380325317,1.8224849700927734,1.9467450380325317,49611,1.567725658416748,0.0,0.0
CIG-C,2021-08-30,1.9171589612960815,1.9171589612960815,1.899407982826233,1.9171589612960815,43355,1.5438998937606812,0.0,0.0
CIG-C,2021-08-31,1.8934910297393799,1.9526619911193848,1.8934910297393799,1.9526619911193848,31719,1.5724906921386719,0.0,0.0
CIG-C,2021-09-01,1.9349110126495361,2.023668050765991,1.9349110126495361,2.023668050765991,40990,1.6296720504760742,0.0,0.0
CIG-C,2021-09-02,2.059170961380005,2.059170961380005,1.7928990125656128,1.7928990125656128,61705,1.443832278251648,0.0,0.0
CIG-C,2021-09-03,1.834318995475769,1.9644969701766968,1.834318995475769,1.9644969701766968,53637,1.5820213556289673,0.0,0.0
CIG-C,2021-09-07,1.9467450380325317,1.9467450380325317,1.8639049530029297,1.9112420082092285,24790,1.5391347408294678,0.0,0.0
CIG-C,2021-09-08,1.9112420082092285,1.9112420082092285,1.7751469612121582,1.7928990125656128,35735,1.443832278251648,0.0,0.0
CIG-C,2021-09-09,1.7633130550384521,1.9822479486465454,1.7633130550384521,1.9526619911193848,39884,1.5724906921386719,0.0,0.0
CIG-C,2021-09-10,1.9644969701766968,1.9644969701766968,1.828402042388916,1.9230760335922241,55621,1.5486646890640259,0.0,0.0
CIG-C,2021-09-13,1.9171589612960815,1.928994059562683,1.8519519567489624,1.928994059562683,22487,1.5534305572509766,0.0,0.0
CIG-C,2021-09-14,1.9763309955596924,1.9763309955596924,1.8757389783859253,1.9230760335922241,20484,1.5486646890640259,0.0,0.0
CIG-C,2021-09-15,1.8579879999160767,1.9467450380325317,1.8461530208587646,1.9230760335922241,37276,1.5486646890640259,0.0,0.0
CIG-C,2021-09-16,1.8520710468292236,1.928994059562683,1.8520710468292236,1.928994059562683,36517,1.5534305572509766,0.0,0.0
CIG-C,2021-09-17,1.834318995475769,1.8579879999160767,1.7159759998321533,1.7159759998321533,24944,1.3818860054016113,0.0,0.0
CIG-C,2021-09-20,1.7988159656524658,1.899407982826233,1.7692300081253052,1.899407982826233,62200,1.5296046733856201,0.0,0.0
CIG-C,2021-09-21,1.9112420082092285,1.9526619911193848,1.8224849700927734,1.9526619911193848,51477,1.5724906921386719,0.0,0.0
CIG-C,2021-09-22,1.8639049530029297,1.9704140424728394,1.8579879999160767,1.9704140424728394,47590,1.5867865085601807,0.0,0.0
CIG-C,2021-09-23,1.9171589612960815,1.9467450380325317,1.887573003768921,1.9467450380325317,36787,1.567725658416748,0.0,0.0
CIG-C,2021-09-24,1.9763309955596924,1.9763309955596924,1.8585790395736694,1.9526619911193848,41161,1.5724906921386719,0.0,0.0
CIG-C,2021-09-27,1.8757389783859253,1.994081974029541,1.8757389783859253,1.994081974029541,39982,1.6058462858200073,0.0,0.0
CIG-C,2021-09-28,1.9763309955596924,1.9763309955596924,1.8579879999160767,1.9112420082092285,70866,1.5391347408294678,0.0,0.0
CIG-C,2021-09-29,1.8461530208587646,1.9171589612960815,1.828402042388916,1.899407982826233,56058,1.5296046733856201,0.0,0.0
CIG-C,2021-09-30,1.8461530208587646,1.9349110126495361,1.834318995475769,1.9349110126495361,46064,1.5581954717636108,0.0,0.0
CIG-C,2021-10-01,1.8461530208587646,1.9526619911193848,1.834318995475769,1.9526619911193848,59902,1.5724906921386719,0.0,0.0
CIG-C,2021-10-04,1.928994059562683,1.928994059562683,1.828402042388916,1.9230760335922241,66143,1.5486646890640259,0.0,0.0
CIG-C,2021-10-05,1.8461530208587646,1.9526619911193848,1.834318995475769,1.9526619911193848,40367,1.5724906921386719,0.0,0.0
CIG-C,2021-10-06,1.840235948562622,1.9053250551223755,1.7751469612121582,1.8934910297393799,102358,1.524839997291565,0.0,0.0
CIG-C,2021-10-07,1.9171589612960815,1.9171589612960815,1.7869820594787598,1.887573003768921,48070,1.5200741291046143,0.0,0.0
CIG-C,2021-10-08,1.8520710468292236,1.928994059562683,1.8224849700927734,1.928994059562683,48746,1.5534305572509766,0.0,0.0
CIG-C,2021-10-11,1.9171589612960815,1.9704140424728394,1.8816560506820679,1.9704140424728394,31964,1.5867865085601807,0.0,0.0
CIG-C,2021-10-12,1.7751469612121582,2.059170961380005,1.7751469612121582,1.887573003768921,65734,1.5200741291046143,0.0,0.0
CIG-C,2021-10-13,1.899407982826233,2.07100510597229,1.899407982826233,2.0532538890838623,46066,1.6534976959228516,0.0,0.0
CIG-C,2021-10-14,2.0355019569396973,2.059170961380005,1.9763309955596924,2.059170961380005,49118,1.6582627296447754,0.0,0.0
CIG-C,2021-10-15,2.0355019569396973,2.07692289352417,1.988165020942688,2.07692289352417,35522,1.6725585460662842,0.0,0.0
CIG-C,2021-10-18,2.07692289352417,2.100590944290161,1.9763309955596924,2.100590944290161,28228,1.6916186809539795,0.0,0.0
CIG-C,2021-10-19,2.0355019569396973,2.0355019569396973,1.899407982826233,1.9112420082092285,57125,1.5391347408294678,0.0,0.0
CIG-C,2021-10-20,1.988165020942688,2.047337055206299,1.9585789442062378,2.047337055206299,68695,1.6487330198287964,0.0,0.0
CIG-C,2021-10-21,1.9171589612960815,1.928994059562683,1.8165680170059204,1.899407982826233,125247,1.5296046733856201,0.0,0.0
CIG-C,2021-10-22,1.9349110126495361,1.9349110126495361,1.7130169868469238,1.828402042388916,140193,1.4724234342575073,0.0,0.0
CIG-C,2021-10-25,1.8106499910354614,1.9349110126495361,1.8106499910354614,1.9349110126495361,41638,1.5581954717636108,0.0,0.0
CIG-C,2021-10-26,1.8461530208587646,1.9408279657363892,1.835502028465271,1.9408279657363892,39086,1.5629605054855347,0.0,0.0
CIG-C,2021-10-27,1.840235948562622,1.9822479486465454,1.840235948562622,1.9822479486465454,52738,1.5963163375854492,0.0,0.0
CIG-C,2021-10-28,1.8934910297393799,1.8934910297393799,1.8047330379486084,1.8934910297393799,79034,1.524839997291565,0.0,0.0
CIG-C,2021-10-29,1.8106499910354614,1.8461530208587646,1.7692300081253052,1.8461530208587646,59868,1.4867182970046997,0.0,0.0
CIG-C,2021-11-01,1.7869820594787598,1.8934910297393799,1.7514790296554565,1.834318995475769,71030,1.4771881103515625,0.0,0.0
CIG-C,2021-11-02,1.8106499910354614,1.8106499910354614,1.7159759998321533,1.7159759998321533,19830,1.3818860054016113,0.0,0.0
CIG-C,2021-11-03,1.7869820594787598,1.9349110126495361,1.7605910301208496,1.899407982826233,56116,1.5296046733856201,0.0,0.0
CIG-C,2021-11-04,1.8224849700927734,1.840235948562622,1.7399990558624268,1.840235948562622,129737,1.4819533824920654,0.0,0.0
CIG-C,2021-11-05,1.8165680170059204,1.9053250551223755,1.8165680170059204,1.9053250551223755,53623,1.5343700647354126,0.0,0.0
CIG-C,2021-11-08,1.8461530208587646,1.8934910297393799,1.8047330379486084,1.887573003768921,89683,1.5200741291046143,0.0,0.0
CIG-C,2021-11-09,1.8461530208587646,1.9053250551223755,1.834318995475769,1.9053250551223755,49542,1.5343700647354126,0.0,0.0
CIG-C,2021-11-10,1.9822479486465454,1.9822479486465454,1.8816560506820679,1.9467450380325317,53062,1.567725658416748,0.0,0.0
CIG-C,2021-11-11,1.9704140424728394,1.9822479486465454,1.88816499710083,1.9704140424728394,140217,1.5867865085601807,0.0,0.0
CIG-C,2021-11-12,1.9349110126495361,2.07100510597229,1.8727810382843018,1.9585789442062378,147420,1.5772554874420166,0.0,0.0
CIG-C,2021-11-15,1.9644969701766968,1.9644969701766968,1.8698220252990723,1.8698220252990723,48644,1.5057790279388428,0.0,0.0
CIG-C,2021-11-16,1.9704140424728394,1.9704140424728394,1.8520710468292236,1.9171589612960815,117921,1.5438998937606812,0.0,0.0
CIG-C,2021-11-17,1.8639049530029297,1.8934910297393799,1.7928990125656128,1.8934910297393799,359258,1.524839997291565,0.0,0.0
CIG-C,2021-11-18,1.8461530208587646,1.8934910297393799,1.8047330379486084,1.8934910297393799,269438,1.524839997291565,0.0,0.0
CIG-C,2021-11-19,1.8520710468292236,1.9171589612960815,1.840235948562622,1.9171589612960815,131870,1.5438998937606812,0.0,0.0
CIG-C,2021-11-22,1.8224849700927734,1.9053250551223755,1.8224849700927734,1.9053250551223755,129489,1.5343700647354126,0.0,0.0
CIG-C,2021-11-23,1.8224849700927734,1.9230760335922241,1.7928990125656128,1.9230760335922241,101099,1.5486646890640259,0.0,0.0
CIG-C,2021-11-24,1.8520710468292236,1.928994059562683,1.840235948562622,1.928994059562683,62954,1.5534305572509766,0.0,0.0
CIG-C,2021-11-26,1.8520710468292236,1.9053250551223755,1.8372780084609985,1.899407982826233,79048,1.5296046733856201,0.0,0.0
CIG-C,2021-11-29,1.887573003768921,1.9053250551223755,1.840235948562622,1.9053250551223755,103005,1.5343700647354126,0.0,0.0
CIG-C,2021-11-30,1.863845944404602,1.899407982826233,1.7751469612121582,1.8757389783859253,142784,1.5105438232421875,0.0,0.0
CIG-C,2021-12-01,1.828402042388916,1.8366270065307617,1.745561957359314,1.7928990125656128,189107,1.443832278251648,0.0,0.0
CIG-C,2021-12-02,1.828402042388916,1.8934910297393799,1.8224849700927734,1.8816560506820679,93568,1.5153090953826904,0.0,0.0
CIG-C,2021-12-03,1.8579879999160767,1.9349110126495361,1.8520710468292236,1.9112420082092285,44103,1.5391347408294678,0.0,0.0
CIG-C,2021-12-06,1.8520710468292236,1.9408279657363892,1.834318995475769,1.8934910297393799,110994,1.524839997291565,0.0,0.0
CIG-C,2021-12-07,1.8461530208587646,1.928994059562683,1.8460350036621094,1.928994059562683,45405,1.5534305572509766,0.0,0.0
CIG-C,2021-12-08,1.9053250551223755,2.0177509784698486,1.9053250551223755,2.011833906173706,69396,1.6201421022415161,0.0,0.0
CIG-C,2021-12-09,1.9171589612960815,1.9704140424728394,1.899407982826233,1.9704140424728394,62418,1.5867865085601807,0.0,0.0
CIG-C,2021-12-10,1.9289339780807495,1.9763309955596924,1.9112420082092285,1.9763309955596924,200315,1.5915511846542358,0.0,0.0
CIG-C,2021-12-13,1.9408279657363892,1.9526619911193848,1.8934910297393799,1.9526619911193848,101525,1.5724906921386719,0.0,0.0
CIG-C,2021-12-14,1.928994059562683,1.9585789442062378,1.887573003768921,1.9585789442062378,109939,1.5772554874420166,0.0,0.0
CIG-C,2021-12-15,1.887573003768921,1.9526619911193848,1.8698220252990723,1.9408279657363892,90409,1.5629605054855347,0.0,0.0
CIG-C,2021-12-16,1.9171589612960815,1.9585789442062378,1.8816560506820679,1.9585789442062378,65707,1.5772554874420166,0.0,0.0
CIG-C,2021-12-17,1.9230760335922241,2.0059170722961426,1.899407982826233,2.0059170722961426,91530,1.615377426147461,0.0,0.0
CIG-C,2021-12-20,1.9230760335922241,1.9704140424728394,1.8934910297393799,1.9585789442062378,196469,1.5772554874420166,0.0,0.0
CIG-C,2021-12-21,1.8934910297393799,1.9644969701766968,1.8934910297393799,1.9644969701766968,101405,1.5820213556289673,0.0,0.0
CIG-C,2021-12-22,1.8816560506820679,1.899407982826233,1.8579879999160767,1.8934910297393799,83602,1.5499701499938965,0.031851,0.0
CIG-C,2021-12-23,1.9053250551223755,1.9467450380325317,1.8461530208587646,1.9467450380325317,69609,1.5935626029968262,0.0,0.0
CIG-C,2021-12-27,1.8816560506820679,1.9822479486465454,1.8757389783859253,1.9704140424728394,132991,1.612937569618225,0.0,0.0
CIG-C,2021-12-28,1.9030170440673828,1.988165020942688,1.899407982826233,1.9822479486465454,140734,1.622624397277832,0.0,0.0
CIG-C,2021-12-29,1.9053250551223755,1.9349110126495361,1.8698220252990723,1.9349110126495361,132889,1.583875298500061,0.0,0.0
CIG-C,2021-12-30,1.9053250551223755,2.0414199829101562,1.9053250551223755,2.0295848846435547,129313,1.661373496055603,0.0,0.0
CIG-C,2021-12-31,2.0414199829101562,2.1242599487304688,1.988165020942688,2.0828399658203125,118817,1.7049670219421387,0.0,0.0
CIG-C,2022-01-03,1.9408279657363892,1.9644969701766968,1.8816560506820679,1.9585789442062378,324741,1.603249430656433,0.0,0.0
CIG-C,2022-01-04,1.8816560506820679,1.8934910297393799,1.828402042388916,1.8934910297393799,179979,1.5499701499938965,0.0,0.0
CIG-C,2022-01-05,1.8639049530029297,1.8639049530029297,1.7692300081253052,1.8461530208587646,150599,1.5112202167510986,0.0,0.0
CIG-C,2022-01-06,1.8165680170059204,1.8165680170059204,1.7041419744491577,1.7041419744491577,176158,1.3949731588363647,0.0,0.0
CIG-C,2022-01-07,1.7514790296554565,1.834318995475769,1.733726978302002,1.834318995475769,195306,1.5015329122543335,0.0,0.0
CIG-C,2022-01-10,1.8639049530029297,1.8639049530029297,1.727810025215149,1.7869820594787598,84881,1.4627840518951416,0.0,0.0
CIG-C,2022-01-11,1.8047330379486084,1.834318995475769,1.7444969415664673,1.834318995475769,75401,1.5015329122543335,0.0,0.0
CIG-C,2022-01-12,1.828402042388916,1.9171589612960815,1.828402042388916,1.9171589612960815,160754,1.569344162940979,0.0,0.0
CIG-C,2022-01-13,1.8431949615478516,1.8934910297393799,1.828402042388916,1.8934910297393799,175438,1.5499701499938965,0.0,0.0
CIG-C,2022-01-14,1.8224849700927734,1.9349110126495361,1.8165680170059204,1.9349110126495361,103956,1.583875298500061,0.0,0.0
CIG-C,2022-01-18,1.8816560506820679,1.9763309955596924,1.8816560506820679,1.9230760335922241,147400,1.5741875171661377,0.0,0.0
CIG-C,2022-01-19,1.9408279657363892,1.9822479486465454,1.9177509546279907,1.9822479486465454,167034,1.622624397277832,0.0,0.0
CIG-C,2022-01-20,1.9526619911193848,1.994081974029541,1.9378689527511597,1.994081974029541,99943,1.632311463356018,0.0,0.0
CIG-C,2022-01-21,1.9704140424728394,1.988165020942688,1.899407982826233,1.9526619911193848,178621,1.5984060764312744,0.0,0.0
CIG-C,2022-01-24,1.8816560506820679,1.9053250551223755,1.8461530208587646,1.9053250551223755,58751,1.5596572160720825,0.0,0.0
CIG-C,2022-01-25,1.8639049530029297,1.9526619911193848,1.8520710468292236,1.9526619911193848,66629,1.5984060764312744,0.0,0.0
CIG-C,2022-01-26,1.8934910297393799,1.9408279657363892,1.8934910297393799,1.9349110126495361,81721,1.583875298500061,0.0,0.0
CIG-C,2022-01-27,1.9230760335922241,2.0414199829101562,1.9230760335922241,2.0414199829101562,196589,1.671061396598816,0.0,0.0
CIG-C,2022-01-28,1.9763309955596924,2.0650880336761475,1.9585789442062378,2.0650880336761475,157682,1.6904352903366089,0.0,0.0
CIG-C,2022-01-31,2.023668050765991,2.1715970039367676,2.023668050765991,2.1715970039367676,199139,1.7776215076446533,0.0,0.0
CIG-C,2022-02-01,2.165679931640625,2.165679931640625,2.07692289352417,2.1597630977630615,328667,1.7679343223571777,0.0,0.0
CIG-C,2022-02-02,2.1597630977630615,2.1597630977630615,2.0414199829101562,2.1183431148529053,118771,1.734028697013855,0.0,0.0
CIG-C,2022-02-03,2.0532538890838623,2.088757038116455,2.0355019569396973,2.07100510597229,98390,1.6952790021896362,0.0,0.0
CIG-C,2022-02-04,2.011833906173706,2.0532538890838623,1.988165020942688,2.0295848846435547,112846,1.661373496055603,0.0,0.0
CIG-C,2022-02-07,1.9644969701766968,1.9999990463256836,1.9467450380325317,1.9999990463256836,87844,1.6371549367904663,0.0,0.0
CIG-C,2022-02-08,1.9171589612960815,1.9822479486465454,1.9082839488983154,1.9763309955596924,78312,1.6177808046340942,0.0,0.0
CIG-C,2022-02-09,1.9171589612960815,1.994081974029541,1.9171589612960815,1.994081974029541,84893,1.632311463356018,0.0,0.0
CIG-C,2022-02-10,1.9526619911193848,1.9999990463256836,1.9526619911193848,1.9999990463256836,80788,1.6371549367904663,0.0,0.0
CIG-C,2022-02-11,2.0076329708099365,2.023668050765991,1.9526619911193848,2.023668050765991,102922,1.6565299034118652,0.0,0.0
CIG-C,2022-02-14,1.9704140424728394,1.9763309955596924,1.9230760335922241,1.9585789442062378,119940,1.603249430656433,0.0,0.0
CIG-C,2022-02-15,1.9644969701766968,2.0177509784698486,1.9349110126495361,1.994081974029541,89813,1.632311463356018,0.0,0.0
CIG-C,2022-02-16,1.9585789442062378,2.0059170722961426,1.9585789442062378,2.0059170722961426,103576,1.64199960231781,0.0,0.0
CIG-C,2022-02-17,1.969288945198059,2.0059170722961426,1.9467450380325317,1.994081974029541,140986,1.632311463356018,0.0,0.0
CIG-C,2022-02-18,1.988165020942688,1.994081974029541,1.9585789442062378,1.994081974029541,80751,1.632311463356018,0.0,0.0
CIG-C,2022-02-22,2.0059170722961426,2.0059170722961426,1.9585789442062378,2.0059170722961426,75752,1.64199960231781,0.0,0.0
CIG-C,2022-02-23,1.988165020942688,2.1301770210266113,1.988165020942688,2.1183431148529053,116775,1.734028697013855,0.0,0.0
CIG-C,2022-02-24,1.9822479486465454,2.0650880336761475,1.9585789442062378,2.059170961380005,104796,1.685591697692871,0.0,0.0
CIG-C,2022-02-25,1.9644969701766968,2.0355019569396973,1.9349110126495361,2.0355019569396973,60865,1.6662172079086304,0.0,0.0
CIG-C,2022-02-28,2.0355019569396973,2.0355019569396973,1.9467450380325317,1.9467450380325317,61167,1.5935626029968262,0.0,0.0
CIG-C,2022-03-01,1.9704140424728394,2.0035500526428223,1.9171589612960815,1.9171589612960815,67921,1.569344162940979,0.0,0.0
CIG-C,2022-03-02,1.9349110126495361,2.1124260425567627,1.9349110126495361,2.1065080165863037,144544,1.7243411540985107,0.0,0.0
CIG-C,2022-03-03,2.1301770210266113,2.14792799949646,2.0828399658203125,2.14792799949646,107085,1.7582465410232544,0.0,0.0
CIG-C,2022-03-04,2.0355019569396973,2.0828399658203125,1.9927810430526733,2.0828399658203125,135286,1.7049670219421387,0.0,0.0
CIG-C,2022-03-07,2.023668050765991,2.0532538890838623,1.9230760335922241,1.988165020942688,169312,1.6274679899215698,0.0,0.0
CIG-C,2022-03-08,1.928994059562683,2.023668050765991,1.928994059562683,2.023668050765991,117590,1.6565299034118652,0.0,0.0
CIG-C,2022-03-09,2.0059170722961426,2.1183431148529053,2.0059170722961426,2.1183431148529053,132029,1.734028697013855,0.0,0.0
CIG-C,2022-03-10,2.011833906173706,2.1124260425567627,2.0059170722961426,2.100590944290161,114947,1.7194974422454834,0.0,0.0
CIG-C,2022-03-11,2.07692289352417,2.0828399658203125,1.9999990463256836,2.0532538890838623,149397,1.6807482242584229,0.0,0.0
CIG-C,2022-03-14,2.011833906173706,2.0532538890838623,1.9704140424728394,2.0532538890838623,128227,1.6807482242584229,0.0,0.0
CIG-C,2022-03-15,1.9644969701766968,2.07100510597229,1.9526619911193848,2.0650880336761475,130549,1.6904352903366089,0.0,0.0
CIG-C,2022-03-16,2.0177509784698486,2.1301770210266113,2.0177509784698486,2.1301770210266113,113365,1.7437158823013306,0.0,0.0
CIG-C,2022-03-17,2.07692289352417,2.25443696975708,2.07692289352417,2.25443696975708,125764,1.8454324007034302,0.0,0.0
CIG-C,2022-03-18,2.1715970039367676,2.337277889251709,2.1715970039367676,2.337277889251709,157310,1.9132442474365234,0.0,0.0
CIG-C,2022-03-21,2.272188901901245,2.3905320167541504,2.272188901901245,2.3905320167541504,118670,1.9568367004394531,0.0,0.0
CIG-C,2022-03-22,2.337277889251709,2.3905320167541504,2.331360101699829,2.3905320167541504,122910,1.9568367004394531,0.0,0.0
CIG-C,2022-03-23,2.3431949615478516,2.4437859058380127,2.3431949615478516,2.4437859058380127,157837,2.000429153442383,0.0,0.0
CIG-C,2022-03-24,2.396449089050293,2.4970409870147705,2.396449089050293,2.4970409870147705,62883,2.044022798538208,0.0,0.0
CIG-C,2022-03-25,2.4852659702301025,2.591715097427368,2.4735500812530518,2.591715097427368,69134,2.121520519256592,0.0,0.0
CIG-C,2022-03-28,2.5088748931884766,2.5443780422210693,2.4588749408721924,2.5443780422210693,137860,2.0827717781066895,0.0,0.0
CIG-C,2022-03-29,2.514791965484619,2.5266270637512207,2.4674549102783203,2.5266270637512207,123290,2.0682411193847656,0.0,0.0
CIG-C,2022-03-30,2.396449089050293,2.5088748931884766,2.3668630123138428,2.502958059310913,67131,2.0488665103912354,0.0,0.0
CIG-C,2022-03-31,2.5384609699249268,2.591715097427368,2.5384609699249268,2.568047046661377,76747,2.102146625518799,0.0,0.0
CIG-C,2022-04-01,2.6213009357452393,2.6627209186553955,2.5739641189575195,2.6627209186553955,94286,2.1933200359344482,0.016012,0.0
CIG-C,2022-04-04,2.656804084777832,2.6923069953918457,2.633136034011841,2.6923069953918457,76254,2.2176902294158936,0.0,0.0
CIG-C,2022-04-05,2.6682839393615723,2.6682839393615723,2.591715097427368,2.627218008041382,719365,2.1640758514404297,0.0,0.0
CIG-C,2022-04-06,2.5443780422210693,2.5857980251312256,2.4674549102783203,2.5621299743652344,171330,2.110461950302124,0.0,0.0
CIG-C,2022-04-07,2.4970409870147705,2.579880952835083,2.4970409870147705,2.579880952835083,109351,2.1250836849212646,0.0,0.0
CIG-C,2022-04-08,2.533076047897339,2.6035499572753906,2.491123914718628,2.591715097427368,107004,2.134831666946411,0.0,0.0
CIG-C,2022-04-11,2.5621299743652344,2.615384101867676,2.5621299743652344,2.615384101867676,68509,2.154327630996704,0.0,0.0
CIG-C,2022-04-12,2.6035499572753906,2.615384101867676,2.5266270637512207,2.5621299743652344,77266,2.110461950302124,0.0,0.0
CIG-C,2022-04-13,2.5266270637512207,2.6213009357452393,2.5266270637512207,2.609467029571533,127978,2.149454355239868,0.0,0.0
CIG-C,2022-04-14,2.556212902069092,2.627218008041382,2.550295114517212,2.627218008041382,186259,2.1640758514404297,0.0,0.0
CIG-C,2022-04-18,2.6213009357452393,2.6804730892181396,2.609467029571533,2.6686389446258545,103208,2.198195219039917,0.0,0.0
CIG-C,2022-04-19,2.568047046661377,2.597632884979248,2.4674549102783203,2.502958059310913,157234,2.061720848083496,0.0,0.0
CIG-C,2022-04-20,2.4319519996643066,2.520709991455078,2.4319519996643066,2.520709991455078,612222,2.076343297958374,0.0,0.0
CIG-C,2022-04-21,2.4674549102783203,2.4852070808410645,2.384614944458008,2.4023659229278564,69798,1.9788621664047241,0.0,0.0
CIG-C,2022-04-22,2.3786981105804443,2.4023659229278564,2.2958569526672363,2.349112033843994,633907,1.9349961280822754,0.0,0.0
CIG-C,2022-04-25,2.349112033843994,2.461538076400757,2.289940118789673,2.4437859058380127,1142610,2.0129799842834473,0.0,0.0
CIG-C,2022-04-26,2.337277889251709,2.384614944458008,2.3136088848114014,2.3668630123138428,794690,1.9496172666549683,0.0,0.0
CIG-C,2022-04-27,2.3668630123138428,2.4556210041046143,2.349112033843994,2.4556210041046143,160915,2.02272891998291,0.0,0.0
CIG-C,2022-04-28,2.3786981105804443,2.4792890548706055,2.3609459400177,2.4556210041046143,197275,2.02272891998291,0.0,0.0
CIG-C,2022-04-29,2.461538076400757,2.473371982574463,2.349112033843994,2.4023659229278564,193226,1.9788621664047241,0.0,0.0
CIG-C,2022-05-02,2.289940118789673,2.289940118789673,2.011833906173706,2.047337055206299,156661,1.7346270084381104,0.066764,1.299999
CIG-C,2022-05-03,2.07100510597229,2.132662057876587,1.9999990463256836,2.059170961380005,111538,1.7446532249450684,0.0,0.0
CIG-C,2022-05-04,1.9822479486465454,2.1301770210266113,1.9172780513763428,2.1301770210266113,137669,1.8048138618469238,0.0,0.0
CIG-C,2022-05-05,2.011833906173706,2.0650880336761475,1.9408279657363892,1.988165020942688,133981,1.6844927072525024,0.0,0.0
CIG-C,2022-05-06,1.9171589612960815,2.0059170722961426,1.9171589612960815,1.9822479486465454,111683,1.6794793605804443,0.0,0.0
CIG-C,2022-05-09,1.899407982826233,1.9644969701766968,1.899407982826233,1.9112420082092285,127872,1.619318962097168,0.0,0.0
CIG-C,2022-05-10,1.887573003768921,1.9704140424728394,1.887573003768921,1.9704140424728394,90507,1.6694529056549072,0.0,0.0
CIG-C,2022-05-11,1.9526619911193848,2.0355019569396973,1.887573003768921,2.011833906173706,176109,1.704546570777893,0.0,0.0
CIG-C,2022-05-12,1.9999990463256836,2.0177509784698486,1.9526619911193848,2.011833906173706,97967,1.704546570777893,0.0,0.0
CIG-C,2022-05-13,1.9467450380325317,2.088757038116455,1.9467450380325317,2.088757038116455,62393,1.7697200775146484,0.0,0.0
CIG-C,2022-05-16,1.9467450380325317,2.1420109272003174,1.9467450380325317,2.1420109272003174,52472,1.8148404359817505,0.0,0.0
CIG-C,2022-05-17,2.088757038116455,2.213016986846924,2.088757038116455,2.213016986846924,47472,1.8750007152557373,0.0,0.0
CIG-C,2022-05-18,2.1301770210266113,2.213016986846924,2.1301770210266113,2.153846025466919,124081,1.8248674869537354,0.0,0.0
CIG-C,2022-05-19,2.230768918991089,2.260845899581909,2.172692060470581,2.2461531162261963,169738,1.9030755758285522,0.0,1.3
CIG-C,2022-05-20,2.230768918991089,2.3307690620422363,2.1692299842834473,2.3307690620422363,87908,1.9747676849365234,0.0,0.0
CIG-C,2022-05-23,2.307692050933838,2.4076919555664062,2.307692050933838,2.4076919555664062,57318,2.0399413108825684,0.0,0.0
CIG-C,2022-05-24,2.369230031967163,2.4846150875091553,2.369230031967163,2.4692299365997314,71184,2.0920801162719727,0.0,0.0
CIG-C,2022-05-25,2.369230031967163,2.523076057434082,2.369230031967163,2.523076057434082,70463,2.1377015113830566,0.0,0.0
CIG-C,2022-05-26,2.461538076400757,2.5076920986175537,2.4076919555664062,2.5076920986175537,111943,2.1246674060821533,0.0,0.0
CIG-C,2022-05-27,2.49230694770813,2.49230694770813,2.3923070430755615,2.4692299365997314,127855,2.0920801162719727,0.0,0.0
CIG-C,2022-05-31,2.3153839111328125,2.615384101867676,2.3153839111328125,2.57692289352417,147167,2.1833231449127197,0.0,0.0
CIG-C,2022-06-01,2.376923084259033,2.4999990463256836,2.376923084259033,2.4999990463256836,125554,2.1181490421295166,0.0,0.0
CIG-C,2022-06-02,2.4384610652923584,2.5461530685424805,2.4384610652923584,2.5461530685424805,78738,2.1572535037994385,0.0,0.0
CIG-C,2022-06-03,2.461538076400757,2.5538458824157715,2.461538076400757,2.5538458824157715,62631,2.163771390914917,0.0,0.0
CIG-C,2022-06-06,2.5384609699249268,2.5384609699249268,2.4307689666748047,2.4769229888916016,63850,2.098598003387451,0.0,0.0
CIG-C,2022-06-07,2.292306900024414,2.3923070430755615,2.292306900024414,2.292306900024414,124536,1.9421799182891846,0.0,0.0
CIG-C,2022-06-08,2.3461530208587646,2.49230694770813,2.2999989986419678,2.4384610652923584,216659,2.0660107135772705,0.0,0.0
CIG-C,2022-06-09,2.2999989986419678,2.4230759143829346,2.2999989986419678,2.4076919555664062,77249,2.0399413108825684,0.0,0.0
CIG-C,2022-06-10,2.2769229412078857,2.3538460731506348,2.2769229412078857,2.338460922241211,86065,1.9812839031219482,0.0,0.0
CIG-C,2022-06-13,2.2461531162261963,2.2692298889160156,2.1769230365753174,2.2692298889160156,93619,1.9226276874542236,0.0,0.0
CIG-C,2022-06-14,2.2461531162261963,2.3538460731506348,2.2172300815582275,2.338460922241211,72417,1.9812839031219482,0.0,0.0
CIG-C,2022-06-15,2.376923084259033,2.49230694770813,2.3307690620422363,2.4769229888916016,124684,2.098598003387451,0.0,0.0
CIG-C,2022-06-16,2.3538460731506348,2.4384610652923584,2.353692054748535,2.41538405418396,62838,2.0464580059051514,0.0,0.0
CIG-C,2022-06-17,2.369230031967163,2.4769229888916016,2.3538460731506348,2.4384610652923584,99387,2.0660107135772705,0.0,0.0
CIG-C,2022-06-21,2.3307690620422363,2.4384610652923584,2.3307690620422363,2.4307689666748047,79673,2.059493064880371,0.0,0.0
CIG-C,2022-06-22,2.3153839111328125,2.369230031967163,2.3153839111328125,2.3538460731506348,57717,1.9943190813064575,0.0,0.0
CIG-C,2022-06-23,2.307692050933838,2.376923084259033,2.2846150398254395,2.3461530208587646,131857,1.987801194190979,0.0,0.0
CIG-C,2022-06-24,2.307692050933838,2.323076009750366,2.2769229412078857,2.307692050933838,96158,1.9552152156829834,0.0,0.0
CIG-C,2022-06-27,2.2538459300994873,2.41538405418396,2.2538459300994873,2.41538405418396,57764,2.0693230628967285,0.025499,0.0
CIG-C,2022-06-28,2.399998903274536,2.446152925491333,2.2461531162261963,2.3153839111328125,71358,1.9836504459381104,0.0,0.0
CIG-C,2022-06-29,2.3153839111328125,2.3153839111328125,2.223076105117798,2.2999989986419678,35348,1.9704698324203491,0.0,0.0
CIG-C,2022-06-30,2.1999990940093994,2.2846150398254395,2.1999990940093994,2.2846150398254395,63193,1.9572904109954834,0.0,0.0
CIG-C,2022-07-01,2.215384006500244,2.2999989986419678,2.2076919078826904,2.2999989986419678,39518,1.9704698324203491,0.0,0.0
CIG-C,2022-07-05,2.2076919078826904,2.3461530208587646,2.153846025466919,2.3461530208587646,108001,2.0100109577178955,0.0,0.0
CIG-C,2022-07-06,2.2769229412078857,2.2999989986419678,2.2076919078826904,2.2769229412078857,108594,1.950700283050537,0.0,0.0
CIG-C,2022-07-07,2.2538459300994873,2.3153839111328125,2.2538459300994873,2.2769229412078857,125609,1.950700283050537,0.0,0.0
CIG-C,2022-07-08,2.2846150398254395,2.3153839111328125,2.2692298889160156,2.3153839111328125,45141,1.9836504459381104,0.0,0.0
CIG-C,2022-07-11,2.261538028717041,2.292306900024414,2.215384006500244,2.223076105117798,48133,1.9045681953430176,0.0,0.0
CIG-C,2022-07-12,2.1692299842834473,2.223076105117798,2.153846025466919,2.223076105117798,106613,1.9045681953430176,0.0,0.0
CIG-C,2022-07-13,2.1923069953918457,2.384614944458008,2.1923069953918457,2.384614944458008,53483,2.0429625511169434,0.0,0.0
CIG-C,2022-07-14,2.3153839111328125,2.3538460731506348,2.2846150398254395,2.3461530208587646,59520,2.0100109577178955,0.0,0.0
CIG-C,2022-07-15,2.261538028717041,2.345383882522583,2.2461531162261963,2.323076009750366,59950,1.990240454673767,0.0,0.0
CIG-C,2022-07-18,2.307692050933838,2.3538460731506348,2.230768918991089,2.2692298889160156,96727,1.944109320640564,0.0,0.0
CIG-C,2022-07-19,2.230768918991089,2.323076009750366,2.184614896774292,2.323076009750366,89215,1.990240454673767,0.0,0.0
CIG-C,2022-07-20,2.2846150398254395,2.2999989986419678,2.2384610176086426,2.292306900024414,66788,1.9638798236846924,0.0,0.0
CIG-C,2022-07-21,2.215384006500244,2.307692050933838,2.215384006500244,2.307692050933838,50429,1.9770609140396118,0.0,0.0
CIG-C,2022-07-22,2.2769229412078857,2.3461530208587646,2.2769229412078857,2.3461530208587646,41797,2.0100109577178955,0.0,0.0
CIG-C,2022-07-25,2.292306900024414,2.41538405418396,2.292306900024414,2.41538405418396,110763,2.0693230628967285,0.0,0.0
CIG-C,2022-07-26,2.49230694770813,2.49230694770813,2.3461530208587646,2.399998903274536,83889,2.056142807006836,0.0,0.0
CIG-C,2022-07-27,2.376923084259033,2.5846149921417236,2.376923084259033,2.5846149921417236,40316,2.2143077850341797,0.0,0.0
CIG-C,2022-07-28,2.653846025466919,2.653846025466919,2.5076920986175537,2.607692003250122,65672,2.234078884124756,0.0,0.0
CIG-C,2022-07-29,2.561537981033325,2.646152973175049,2.5384609699249268,2.646152973175049,53413,2.2670295238494873,0.0,0.0
CIG-C,2022-08-01,2.57692289352417,2.638461112976074,2.5461530685424805,2.638461112976074,40933,2.260439157485962,0.0,0.0
CIG-C,2022-08-02,2.57692289352417,2.5846149921417236,2.530769109725952,2.5846149921417236,41629,2.2143077850341797,0.0,0.0
CIG-C,2022-08-03,2.530769109725952,2.615384101867676,2.5076920986175537,2.615384101867676,46910,2.240668535232544,0.0,0.0
CIG-C,2022-08-04,2.646152973175049,2.730768918991089,2.6230759620666504,2.730768918991089,41172,2.339521646499634,0.0,0.0
CIG-C,2022-08-05,2.761538028717041,2.7769229412078857,2.6692299842834473,2.7769229412078857,36169,2.379063606262207,0.0,0.0
CIG-C,2022-08-08,2.7769229412078857,2.8615379333496094,2.7692298889160156,2.8615379333496094,62882,2.4515552520751953,0.0,0.0
CIG-C,2022-08-09,2.8615379333496094,2.9076919555664062,2.780769109725952,2.884614944458008,80719,2.4713261127471924,0.0,0.0
CIG-C,2022-08-10,2.961538076400757,2.961538076400757,2.876923084259033,2.961538076400757,57422,2.5372283458709717,0.0,0.0
CIG-C,2022-08-11,3.0153839588165283,3.0153839588165283,2.8307690620422363,2.9307689666748047,51468,2.510867118835449,0.0,0.0
CIG-C,2022-08-12,2.9846150875091553,3.023076057434082,2.869230031967163,3.023076057434082,46225,2.589949607849121,0.0,0.0
CIG-C,2022-08-15,2.838460922241211,2.939923048019409,2.838460922241211,2.9384610652923584,66522,2.5174572467803955,0.0,0.0
CIG-C,2022-08-16,2.9230759143829346,2.946152925491333,2.8461530208587646,2.946152925491333,21776,2.5240471363067627,0.0,0.0
CIG-C,2022-08-17,2.838460922241211,3.0538458824157715,2.838460922241211,3.0538458824157715,29909,2.6163101196289062,0.0,0.0
CIG-C,2022-08-18,3.07692289352417,3.07692289352417,2.9230759143829346,3.030769109725952,44747,2.5965397357940674,0.0,0.0
CIG-C,2022-08-19,2.8538460731506348,3.0076920986175537,2.8538460731506348,3.0076920986175537,33186,2.5767695903778076,0.0,0.0
CIG-C,2022-08-22,2.953845977783203,3.0153839588165283,2.899998903274536,3.0153839588165283,37636,2.583359479904175,0.0,0.0
CIG-C,2022-08-23,3.069230079650879,3.069230079650879,2.9384610652923584,3.061537981033325,41865,2.6229004859924316,0.0,0.0
CIG-C,2022-08-24,2.8923070430755615,3.0292301177978516,2.8923070430755615,2.8923070430755615,14918,2.4779160022735596,0.0,0.0
CIG-C,2022-08-25,2.9230759143829346,3.023076057434082,2.884614944458008,3.023076057434082,85887,2.589949607849121,0.0,0.0
CIG-C,2022-08-26,2.876923084259033,3.069230079650879,2.876923084259033,3.0461530685424805,100427,2.6097195148468018,0.0,0.0
CIG-C,2022-08-29,2.9230759143829346,3.07692289352417,2.9230759143829346,3.07692289352417,86323,2.6360809803009033,0.0,0.0
CIG-C,2022-08-30,2.9846150875091553,2.9846150875091553,2.813307046890259,2.9384610652923584,94335,2.5174572467803955,0.0,0.0
CIG-C,2022-08-31,2.946152925491333,2.953845977783203,2.761538028717041,2.953845977783203,72296,2.5306379795074463,0.0,0.0
CIG-C,2022-09-01,2.9384610652923584,2.953845977783203,2.7284610271453857,2.899998903274536,96445,2.4845056533813477,0.0,0.0
CIG-C,2022-09-02,2.807692050933838,2.91538405418396,2.7999989986419678,2.9076919555664062,38912,2.4910964965820312,0.0,0.0
CIG-C,2022-09-06,2.9230759143829346,2.9230759143829346,2.6769230365753174,2.723076105117798,90547,2.33293080329895,0.0,0.0
CIG-C,2022-09-07,2.7384610176086426,2.8461530208587646,2.7076919078826904,2.8461530208587646,19394,2.4383747577667236,0.0,0.0
CIG-C,2022-09-08,2.7461531162261963,2.869230031967163,2.7461531162261963,2.869230031967163,40427,2.4581453800201416,0.0,0.0
CIG-C,2022-09-09,2.8923070430755615,2.8923070430755615,2.792306900024414,2.869230031967163,85653,2.4581453800201416,0.0,0.0
CIG-C,2022-09-12,2.8153839111328125,2.899998903274536,2.7769229412078857,2.899998903274536,32834,2.4845056533813477,0.0,0.0
CIG-C,2022-09-13,2.684614896774292,2.792306900024414,2.684614896774292,2.7538459300994873,95868,2.359292507171631,0.0,0.0
CIG-C,2022-09-14,2.6923069953918457,2.761538028717041,2.6692299842834473,2.761538028717041,52651,2.3658828735351562,0.0,0.0
CIG-C,2022-09-15,2.6923069953918457,2.7076919078826904,2.5923070907592773,2.7076919078826904,64000,2.319751501083374,0.0,0.0
CIG-C,2022-09-16,2.615384101867676,2.7384610176086426,2.5923070907592773,2.7384610176086426,30531,2.34611177444458,0.0,0.0
CIG-C,2022-09-19,2.7538459300994873,2.761538028717041,2.5384609699249268,2.7538459300994873,59159,2.359292507171631,0.0,0.0
CIG-C,2022-09-20,2.684614896774292,2.715384006500244,2.646152973175049,2.6923069953918457,74549,2.306570529937744,0.0,0.0
CIG-C,2022-09-21,2.6307690143585205,2.7076919078826904,2.615384101867676,2.684614896774292,42862,2.2999801635742188,0.0,0.0
CIG-C,2022-09-22,2.6307690143585205,2.8307690620422363,2.6307690143585205,2.8307690620422363,30426,2.42519474029541,0.0,0.0
CIG-C,2022-09-23,2.646152973175049,2.7769229412078857,2.615384101867676,2.7769229412078857,54750,2.379063606262207,0.0,0.0
CIG-C,2022-09-26,2.6923069953918457,2.6923069953918457,2.446152925491333,2.569230079650879,68746,2.201127767562866,0.0,0.0
CIG-C,2022-09-27,2.4999990463256836,2.5076920986175537,2.4076919555664062,2.49230694770813,40977,2.135225534439087,0.0,0.0
CIG-C,2022-09-28,2.4076919555664062,2.4230759143829346,2.3461530208587646,2.4230759143829346,45321,2.0759129524230957,0.0,0.0
CIG-C,2022-09-29,2.323076009750366,2.465384006500244,2.307692050933838,2.41538405418396,46324,2.0693230628967285,0.0,0.0
CIG-C,2022-09-30,2.4384610652923584,2.4769229888916016,2.3461530208587646,2.4769229888916016,53445,2.152416944503784,0.034082,0.0
CIG-C,2022-10-03,2.569230079650879,2.838460922241211,2.569230079650879,2.838460922241211,52591,2.4665896892547607,0.0,0.0
CIG-C,2022-10-04,2.8461530208587646,2.8461530208587646,2.6230759620666504,2.6230759620666504,50308,2.2794220447540283,0.0,0.0
CIG-C,2022-10-05,2.607692003250122,2.730768918991089,2.5384609699249268,2.646152973175049,96440,2.299475908279419,0.0,0.0
CIG-C,2022-10-06,2.684614896774292,2.684614896774292,2.5384609699249268,2.653846025466919,41696,2.3061609268188477,0.0,0.0
CIG-C,2022-10-07,2.530769109725952,2.5384609699249268,2.461538076400757,2.4692299365997314,94750,2.1457319259643555,0.0,0.0
CIG-C,2022-10-10,2.57692289352417,2.57692289352417,2.453845977783203,2.5076920986175537,29937,2.179154872894287,0.0,0.0
CIG-C,2022-10-11,2.523076057434082,2.523076057434082,2.369230031967163,2.5076920986175537,42233,2.179154872894287,0.0,0.0
CIG-C,2022-10-12,2.3923070430755615,2.399998903274536,2.2692298889160156,2.2692298889160156,37871,1.9719340801239014,0.0,0.0
CIG-C,2022-10-13,2.323076009750366,2.4692299365997314,2.323076009750366,2.4692299365997314,62953,2.1457319259643555,0.0,0.0
CIG-C,2022-10-14,2.446152925491333,2.446152925491333,2.2846150398254395,2.376923084259033,57201,2.0655179023742676,0.0,0.0
CIG-C,2022-10-17,2.3615379333496094,2.49230694770813,2.338460922241211,2.49230694770813,69628,2.165785551071167,0.0,0.0
CIG-C,2022-10-18,2.5384609699249268,2.57692289352417,2.43369197845459,2.57692289352417,41037,2.2393152713775635,0.0,0.0
CIG-C,2022-10-19,2.4692299365997314,2.646152973175049,2.4692299365997314,2.646152973175049,34191,2.299475908279419,0.0,0.0
CIG-C,2022-10-20,2.615384101867676,2.6923069953918457,2.5846149921417236,2.6692299842834473,88338,2.3195292949676514,0.0,0.0
CIG-C,2022-10-21,2.569230079650879,2.7538459300994873,2.569230079650879,2.6307690143585205,137373,2.286107063293457,0.0,0.0
CIG-C,2022-10-24,2.523076057434082,2.723076105117798,2.523076057434082,2.7076919078826904,107415,2.352952480316162,0.0,0.0
CIG-C,2022-10-25,2.607692003250122,2.684614896774292,2.523076057434082,2.5846149921417236,113027,2.245999813079834,0.0,0.0
CIG-C,2022-10-26,2.57692289352417,2.5846149921417236,2.446152925491333,2.4846150875091553,71033,2.1591014862060547,0.0,0.0
CIG-C,2022-10-27,2.569230079650879,2.6307690143585205,2.523076057434082,2.569230079650879,123927,2.232630968093872,0.0,0.0
CIG-C,2022-10-28,2.638461112976074,2.638461112976074,2.49230694770813,2.6230759620666504,78767,2.2794220447540283,0.0,0.0
CIG-C,2022-10-31,2.461538076400757,2.684614896774292,2.453845977783203,2.6769230365753174,69140,2.326214551925659,0.0,0.0
CIG-C,2022-11-01,2.638461112976074,2.792306900024414,2.638461112976074,2.7846150398254395,82670,2.419797658920288,0.0,0.0
CIG-C,2022-11-02,2.792306900024414,2.792306900024414,2.607692003250122,2.607692003250122,41446,2.2660536766052246,0.0,0.0
CIG-C,2022-11-03,2.684614896774292,2.823076009750366,2.6615378856658936,2.807692050933838,94086,2.4398512840270996,0.0,0.0
CIG-C,2022-11-04,2.869230031967163,2.876923084259033,2.7692298889160156,2.8615379333496094,205845,2.486642837524414,0.0,0.0
CIG-C,2022-11-07,2.8461530208587646,2.8461530208587646,2.6692299842834473,2.6999990940093994,38858,2.3462672233581543,0.0,0.0
CIG-C,2022-11-08,2.7076919078826904,2.7538459300994873,2.6923069953918457,2.723076105117798,66323,2.3663206100463867,0.0,0.0
CIG-C,2022-11-09,2.684614896774292,2.6999990940093994,2.5923070907592773,2.6615378856658936,75896,2.3128445148468018,0.0,0.0
CIG-C,2022-11-10,2.4769229888916016,2.5461530685424805,2.3671529293060303,2.453845977783203,94517,2.1323635578155518,0.0,0.0
CIG-C,2022-11-11,2.461538076400757,2.5076920986175537,2.4076919555664062,2.4999990463256836,77291,2.1724696159362793,0.0,0.0
CIG-C,2022-11-14,2.3827691078186035,2.453845977783203,2.376923084259033,2.41538405418396,82459,2.098939895629883,0.0,0.0
CIG-C,2022-11-15,2.4769229888916016,2.4769229888916016,2.3538460731506348,2.4307689666748047,79934,2.112309455871582,0.0,0.0
CIG-C,2022-11-16,2.338460922241211,2.384614944458008,2.292306900024414,2.338460922241211,67481,2.0320944786071777,0.0,0.0
CIG-C,2022-11-17,2.1999990940093994,2.261538028717041,2.153846025466919,2.261538028717041,64694,1.9652498960494995,0.0,0.0
CIG-C,2022-11-18,2.261538028717041,2.292306900024414,2.2461531162261963,2.292306900024414,47036,1.9919875860214233,0.0,0.0
CIG-C,2022-11-21,2.4692299365997314,2.5153839588165283,2.4307689666748047,2.5076920986175537,145347,2.179154872894287,0.0,0.0
CIG-C,2022-11-22,2.4769229888916016,2.530769109725952,2.4230759143829346,2.4769229888916016,114710,2.152416944503784,0.0,0.0
CIG-C,2022-11-23,2.4230759143829346,2.461538076400757,2.4076919555664062,2.4384610652923584,98061,2.1189939975738525,0.0,0.0
CIG-C,2022-11-25,2.5076920986175537,2.5384609699249268,2.453845977783203,2.523076057434082,85589,2.19252347946167,0.0,0.0
CIG-C,2022-11-28,2.453845977783203,2.5153839588165283,2.453845977783203,2.49230694770813,64363,2.165785551071167,0.0,0.0
CIG-C,2022-11-29,2.5461530685424805,2.6615378856658936,2.5153839588165283,2.607692003250122,90093,2.2660536766052246,0.0,0.0
CIG-C,2022-11-30,2.5538458824157715,2.7384610176086426,2.5538458824157715,2.7384610176086426,64278,2.379690170288086,0.0,0.0
CIG-C,2022-12-01,2.7846150398254395,2.7846150398254395,2.5923070907592773,2.638461112976074,100490,2.2927913665771484,0.0,0.0
CIG-C,2022-12-02,2.684614896774292,2.6923069953918457,2.6230759620666504,2.6769230365753174,48783,2.326214551925659,0.0,0.0
CIG-C,2022-12-05,2.561537981033325,2.615384101867676,2.4846150875091553,2.5384609699249268,88489,2.205892324447632,0.0,0.0
CIG-C,2022-12-06,2.569230079650879,2.6230759620666504,2.4999990463256836,2.5461530685424805,51187,2.2125768661499023,0.0,0.0
CIG-C,2022-12-07,2.6230759620666504,2.6692299842834473,2.569230079650879,2.6692299842834473,70527,2.3195292949676514,0.0,0.0
CIG-C,2022-12-08,2.599998950958252,2.6307690143585205,2.5076920986175537,2.57692289352417,82553,2.2393152713775635,0.0,0.0
CIG-C,2022-12-09,2.530769109725952,2.6230759620666504,2.530769109725952,2.5923070907592773,52097,2.2526845932006836,0.0,0.0
CIG-C,2022-12-12,2.4999990463256836,2.4999990463256836,2.384614944458008,2.453845977783203,66950,2.1323635578155518,0.0,0.0
CIG-C,2022-12-13,2.399998903274536,2.4692299365997314,2.3153839111328125,2.3153839111328125,78504,2.0120410919189453,0.0,0.0
CIG-C,2022-12-14,2.323076009750366,2.453845977783203,2.307692050933838,2.3615379333496094,65522,2.0521485805511475,0.0,0.0
CIG-C,2022-12-15,2.369230031967163,2.446152925491333,2.369230031967163,2.399998903274536,87153,2.085571050643921,0.0,0.0
CIG-C,2022-12-16,2.4230759143829346,2.5153839588165283,2.41538405418396,2.5153839588165283,124772,2.1858389377593994,0.0,0.0
CIG-C,2022-12-19,2.5153839588165283,2.5153839588165283,2.323076009750366,2.399998903274536,226349,2.085571050643921,0.0,0.0
CIG-C,2022-12-20,2.453845977783203,2.530769109725952,2.453845977783203,2.530769109725952,24320,2.1992087364196777,0.0,0.0
CIG-C,2022-12-21,2.446152925491333,2.453845977783203,2.4230759143829346,2.453845977783203,43547,2.1323635578155518,0.0,0.0
CIG-C,2022-12-22,2.4230759143829346,2.5076920986175537,2.4230759143829346,2.4999990463256836,44556,2.1724696159362793,0.0,0.0
CIG-C,2022-12-23,2.569230079650879,2.57692289352417,2.4692299365997314,2.5153839588165283,27708,2.211310386657715,0.028797,0.0
CIG-C,2022-12-27,2.446152925491333,2.446152925491333,2.3461530208587646,2.3538460731506348,36936,2.0693001747131348,0.0,0.0
CIG-C,2022-12-28,2.369230031967163,2.4230759143829346,2.307692050933838,2.3615379333496094,69994,2.0760622024536133,0.0,0.0
CIG-C,2022-12-29,2.3461530208587646,2.399998903274536,2.2999989986419678,2.399998903274536,87596,2.1098742485046387,0.0,0.0
CIG-C,2022-12-30,2.3538460731506348,2.3538460731506348,2.292306900024414,2.338460922241211,26734,2.088186740875244,0.037252,0.0
CIG-C,2023-01-03,2.230768918991089,2.307692050933838,2.215384006500244,2.307692050933838,31946,2.06071138381958,0.0,0.0
CIG-C,2023-01-04,2.153846025466919,2.3307690620422363,2.153846025466919,2.307692050933838,46655,2.06071138381958,0.0,0.0
CIG-C,2023-01-05,2.2461531162261963,2.3461530208587646,2.215384006500244,2.3307690620422363,38047,2.0813186168670654,0.0,0.0
CIG-C,2023-01-06,2.384614944458008,2.384614944458008,2.307692050933838,2.338460922241211,66244,2.088186740875244,0.0,0.0
CIG-C,2023-01-09,2.376923084259033,2.453845977783203,2.274075984954834,2.4307689666748047,27805,2.1706154346466064,0.0,0.0
CIG-C,2023-01-10,2.307692050933838,2.4384610652923584,2.307692050933838,2.4384610652923584,37280,2.1774849891662598,0.0,0.0
CIG-C,2023-01-11,2.4076919555664062,2.4999990463256836,2.376923084259033,2.376923084259033,25849,2.122532844543457,0.0,0.0
CIG-C,2023-01-12,2.4230759143829346,2.607692003250122,2.4230759143829346,2.569230079650879,28137,2.2942583560943604,0.0,0.0
CIG-C,2023-01-13,2.561537981033325,2.561537981033325,2.4692299365997314,2.5461530685424805,39997,2.273650884628296,0.0,0.0
CIG-C,2023-01-17,2.399998903274536,2.57692289352417,2.399998903274536,2.446152925491333,19175,2.1843533515930176,0.0,0.0
CIG-C,2023-01-18,2.4769229888916016,2.5461530685424805,2.470768928527832,2.4846150875091553,70915,2.2186992168426514,0.0,0.0
CIG-C,2023-01-19,2.4230759143829346,2.5538458824157715,2.41538405418396,2.5076920986175537,45286,2.2393059730529785,0.0,0.0
CIG-C,2023-01-20,2.3923070430755615,2.5153839588165283,2.3823070526123047,2.4384610652923584,52920,2.1774849891662598,0.0,0.0
CIG-C,2023-01-23,2.4230759143829346,2.49230694770813,2.3923070430755615,2.41538405418396,66471,2.1568777561187744,0.0,0.0
CIG-C,2023-01-24,2.4384610652923584,2.57692289352417,2.4230759143829346,2.523076057434082,43772,2.2530438899993896,0.0,0.0
CIG-C,2023-01-25,2.607692003250122,2.6230759620666504,2.513845920562744,2.607692003250122,49839,2.328603982925415,0.0,0.0
CIG-C,2023-01-26,2.5384609699249268,2.607692003250122,2.5384609699249268,2.5846149921417236,76567,2.3079965114593506,0.0,0.0
CIG-C,2023-01-27,2.615384101867676,2.615384101867676,2.4307689666748047,2.49230694770813,46645,2.2255678176879883,0.0,0.0
CIG-C,2023-01-30,2.4769229888916016,2.4769229888916016,2.399998903274536,2.41538405418396,16576,2.1568777561187744,0.0,0.0
CIG-C,2023-01-31,2.4692299365997314,2.684614896774292,2.4692299365997314,2.653846025466919,77097,2.3698179721832275,0.0,0.0
CIG-C,2023-02-01,2.4999990463256836,2.684614896774292,2.453845977783203,2.684614896774292,82946,2.397294044494629,0.0,0.0
CIG-C,2023-02-02,2.684614896774292,2.684614896774292,2.4999990463256836,2.57692289352417,105961,2.3011274337768555,0.0,0.0
CIG-C,2023-02-03,2.653846025466919,2.653846025466919,2.4230759143829346,2.6230759620666504,123831,2.342341184616089,0.0,0.0
CIG-C,2023-02-06,2.4230759143829346,2.49230694770813,2.415846109390259,2.453845977783203,95825,2.191222906112671,0.0,0.0
CIG-C,2023-02-07,2.4307689666748047,2.4307689666748047,2.3615379333496094,2.384614944458008,72250,2.129401683807373,0.0,0.0
CIG-C,2023-02-08,2.384614944458008,2.453845977783203,2.369230031967163,2.4384610652923584,37072,2.1774849891662598,0.0,0.0
CIG-C,2023-02-09,2.3538460731506348,2.3538460731506348,2.323076009750366,2.338460922241211,49407,2.088186740875244,0.0,0.0
CIG-C,2023-02-10,2.369230031967163,2.4230759143829346,2.3538460731506348,2.4230759143829346,32240,2.163745880126953,0.0,0.0
CIG-C,2023-02-13,2.3807690143585205,2.41538405418396,2.3807690143585205,2.399998903274536,55924,2.1431386470794678,0.0,0.0
CIG-C,2023-02-14,2.3538460731506348,2.4384610652923584,2.3538460731506348,2.41538405418396,47083,2.1568777561187744,0.0,0.0
CIG-C,2023-02-15,2.3923070430755615,2.4307689666748047,2.369230031967163,2.4307689666748047,36522,2.1706154346466064,0.0,0.0
CIG-C,2023-02-16,2.376923084259033,2.4076919555664062,2.323076009750366,2.3538460731506348,34239,2.1019256114959717,0.0,0.0
CIG-C,2023-02-17,2.384614944458008,2.461538076400757,2.3538460731506348,2.461538076400757,87896,2.198092222213745,0.0,0.0
CIG-C,2023-02-21,2.4076919555664062,2.461538076400757,2.3307690620422363,2.3461530208587646,54457,2.09505558013916,0.0,0.0
CIG-C,2023-02-22,2.3461530208587646,2.384614944458008,2.307692050933838,2.3307690620422363,57255,2.0813186168670654,0.0,0.0
CIG-C,2023-02-23,2.376923084259033,2.399998903274536,2.338460922241211,2.399998903274536,58150,2.1431386470794678,0.0,0.0
CIG-C,2023-02-24,2.3461530208587646,2.384614944458008,2.307692050933838,2.384614944458008,63969,2.129401683807373,0.0,0.0
CIG-C,2023-02-27,2.338460922241211,2.384614944458008,2.2999989986419678,2.2999989986419678,79501,2.0538415908813477,0.0,0.0
CIG-C,2023-02-28,2.292306900024414,2.3538460731506348,2.261538028717041,2.292306900024414,93672,2.0469727516174316,0.0,0.0
CIG-C,2023-03-01,2.2384610176086426,2.3307690620422363,2.2380759716033936,2.3307690620422363,56456,2.0813186168670654,0.0,0.0
CIG-C,2023-03-02,2.2769229412078857,2.292306900024414,2.2384610176086426,2.2461531162261963,21472,2.005758762359619,0.0,0.0
CIG-C,2023-03-03,2.2692298889160156,2.2692298889160156,2.230768918991089,2.230768918991089,15990,1.992020606994629,0.0,0.0
CIG-C,2023-03-06,2.1769230365753174,2.307692050933838,2.1769230365753174,2.307692050933838,36038,2.06071138381958,0.0,0.0
CIG-C,2023-03-07,2.261538028717041,2.2846150398254395,2.241230010986328,2.2538459300994873,21177,2.0126278400421143,0.0,0.0
CIG-C,2023-03-08,2.2846150398254395,2.399998903274536,2.2769229412078857,2.384614944458008,46555,2.129401683807373,0.0,0.0
CIG-C,2023-03-09,2.369230031967163,2.369230031967163,2.2384610176086426,2.261538028717041,113129,2.0194969177246094,0.0,0.0
CIG-C,2023-03-10,2.2692298889160156,2.2999989986419678,2.230768918991089,2.2999989986419678,47945,2.0538415908813477,0.0,0.0
CIG-C,2023-03-13,2.184614896774292,2.2769229412078857,2.184614896774292,2.2769229412078857,34239,2.0332353115081787,0.0,0.0
CIG-C,2023-03-14,2.2692298889160156,2.2999989986419678,2.2384610176086426,2.2999989986419678,56131,2.0538415908813477,0.0,0.0
CIG-C,2023-03-15,2.1999990940093994,2.338460922241211,2.1999990940093994,2.338460922241211,65679,2.088186740875244,0.0,0.0
CIG-C,2023-03-16,2.2692298889160156,2.3307690620422363,2.2461531162261963,2.3307690620422363,36920,2.0813186168670654,0.0,0.0
CIG-C,2023-03-17,2.2692298889160156,2.2846150398254395,2.153846025466919,2.223076105117798,22172,1.9851514101028442,0.0,0.0
CIG-C,2023-03-20,2.1769230365753174,2.307692050933838,2.1769230365753174,2.307692050933838,54546,2.06071138381958,0.0,0.0
CIG-C,2023-03-21,2.2384610176086426,2.2692298889160156,2.215384006500244,2.2692298889160156,46606,2.0263657569885254,0.0,0.0
CIG-C,2023-03-22,2.1999990940093994,2.307692050933838,2.184614896774292,2.307692050933838,56147,2.06071138381958,0.0,0.0
CIG-C,2023-03-23,2.307692050933838,2.307692050933838,2.1923069953918457,2.230768918991089,54282,1.992020606994629,0.0,0.0
CIG-C,2023-03-24,2.223076105117798,2.2769229412078857,2.1615378856658936,2.2461531162261963,45973,2.005758762359619,0.0,0.0
CIG-C,2023-03-27,2.2999989986419678,2.384614944458008,2.2776150703430176,2.384614944458008,38134,2.129401683807373,0.0,0.0
CIG-C,2023-03-28,2.2999989986419678,2.523076057434082,2.2999989986419678,2.4999990463256836,38456,2.232436418533325,0.0,0.0
CIG-C,2023-03-29,2.41538405418396,2.5076920986175537,2.4076919555664062,2.4384610652923584,21218,2.1774849891662598,0.0,0.0
CIG-C,2023-03-30,2.49230694770813,2.6307690143585205,2.4692299365997314,2.607692003250122,52197,2.328603982925415,0.0,0.0
CIG-C,2023-03-31,2.6230759620666504,2.653846025466919,2.5384609699249268,2.638461112976074,64062,2.381044626235962,0.027341,0.0
CIG-C,2023-04-03,2.607692003250122,2.653846025466919,2.5461530685424805,2.6307690143585205,71366,2.374102830886841,0.0,0.0
CIG-C,2023-04-04,2.5923070907592773,2.7461531162261963,2.5846149921417236,2.715384006500244,238901,2.4504623413085938,0.0,0.0
CIG-C,2023-04-05,2.715384006500244,2.7384610176086426,2.638461112976074,2.7384610176086426,31889,2.471287727355957,0.0,0.0
CIG-C,2023-04-06,2.7384610176086426,2.7538459300994873,2.6230759620666504,2.684614896774292,73495,2.4226953983306885,0.0,0.0
CIG-C,2023-04-10,2.6307690143585205,2.7692298889160156,2.6307690143585205,2.7692298889160156,27536,2.4990549087524414,0.0,0.0
CIG-C,2023-04-11,2.7999989986419678,2.9999990463256836,2.7686150074005127,2.9999990463256836,54186,2.7073099613189697,0.0,0.0
CIG-C,2023-04-12,2.91538405418396,3.023076057434082,2.876923084259033,3.0153839588165283,75400,2.721193552017212,0.0,0.0
CIG-C,2023-04-13,2.9230759143829346,3.023076057434082,2.91538405418396,3.023076057434082,61279,2.728135108947754,0.0,0.0
CIG-C,2023-04-14,2.9384610652923584,3.0538458824157715,2.899998903274536,3.0538458824157715,78397,2.7559027671813965,0.0,0.0
CIG-C,2023-04-17,3.061537981033325,3.07692289352417,2.9692299365997314,3.0461530685424805,66454,2.748960494995117,0.0,0.0
CIG-C,2023-04-18,2.9999990463256836,3.0384609699249268,2.9692299365997314,3.023076057434082,61802,2.728135108947754,0.0,0.0
CIG-C,2023-04-19,2.9769229888916016,3.153846025466919,2.961538076400757,3.0384609699249268,305086,2.742018938064575,0.0,0.0
CIG-C,2023-04-20,3.0076920986175537,3.153846025466919,2.99230694770813,3.1307690143585205,248571,2.8253211975097656,0.0,0.0
CIG-C,2023-04-21,3.115384101867676,3.115384101867676,2.961538076400757,2.961538076400757,42660,2.6726009845733643,0.0,0.0
CIG-C,2023-04-24,2.961538076400757,3.115384101867676,2.961538076400757,3.0461530685424805,109280,2.748960494995117,0.0,0.0
CIG-C,2023-04-25,3.0076920986175537,3.115384101867676,2.9999990463256836,3.0923070907592773,110042,2.790611505508423,0.0,0.0
CIG-C,2023-04-26,3.0076920986175537,3.0461530685424805,2.99230694770813,3.0461530685424805,97169,2.748960494995117,0.0,0.0
CIG-C,2023-04-27,3.0461530685424805,3.1307690143585205,3.0461530685424805,3.1307690143585205,46892,2.8253211975097656,0.0,0.0
CIG-C,2023-04-28,3.107692003250122,3.1307690143585205,3.0384609699249268,3.1307690143585205,218627,2.8416361808776855,0.017975,0.0
CIG-C,2023-05-01,3.07692289352417,3.1423070430755615,3.0384609699249268,3.069230079650879,123216,2.785780668258667,0.0,0.0
CIG-C,2023-05-02,3.0384609699249268,3.1230759620666504,3.0076920986175537,3.115384101867676,265263,2.827672243118286,0.0,0.0
CIG-C,2023-05-03,3.0538458824157715,3.1692299842834473,3.0538458824157715,3.1307690143585205,21127,2.8416361808776855,0.0,0.0
CIG-C,2023-05-04,3.107692003250122,3.230768918991089,3.107692003250122,3.230768918991089,68166,2.932400703430176,0.0,0.0
CIG-C,2023-05-05,3.1692299842834473,3.1692299842834473,3.0499989986419678,3.069230079650879,58592,2.785780668258667,0.0,0.0
CIG-C,2023-05-08,3.0076920986175537,3.0923070907592773,2.9769229888916016,3.0923070907592773,188316,2.8067259788513184,0.0,0.0
CIG-C,2023-05-09,3.030769109725952,3.1692299842834473,3.0076920986175537,3.1692299842834473,89083,2.8765454292297363,0.0,0.0
CIG-C,2023-05-10,3.115384101867676,3.184614896774292,3.07692289352417,3.184614896774292,101448,2.8905091285705566,0.0,0.0
CIG-C,2023-05-11,3.1230759620666504,3.1923069953918457,3.0923070907592773,3.1923069953918457,101397,2.897491216659546,0.0,0.0
CIG-C,2023-05-12,3.1307690143585205,3.2076919078826904,3.0923070907592773,3.2076919078826904,120376,2.9114553928375244,0.0,0.0
CIG-C,2023-05-15,3.146152973175049,3.2076919078826904,3.107692003250122,3.1999990940093994,99538,2.904472827911377,0.0,0.0
CIG-C,2023-05-16,3.1307690143585205,3.184614896774292,3.023076057434082,3.0538458824157715,95191,2.771817207336426,0.0,0.0
CIG-C,2023-05-17,3.023076057434082,3.0538458824157715,2.9769229888916016,3.0538458824157715,42734,2.771817207336426,0.0,0.0
CIG-C,2023-05-18,2.99230694770813,2.9999990463256836,2.953845977783203,2.99230694770813,53140,2.715961456298828,0.0,0.0
CIG-C,2023-05-19,2.961538076400757,2.9999990463256836,2.9307689666748047,2.9846150875091553,61995,2.708979845046997,0.0,0.0
CIG-C,2023-05-22,2.953845977783203,2.9696149826049805,2.899998903274536,2.91538405418396,55237,2.6461427211761475,0.0,0.0
CIG-C,2023-05-23,2.8538460731506348,2.896152973175049,2.8153839111328125,2.8153839111328125,42363,2.55537748336792,0.0,0.0
CIG-C,2023-05-24,2.761538028717041,2.9384610652923584,2.761538028717041,2.807692050933838,162288,2.548396110534668,0.0,0.0
CIG-C,2023-05-25,2.7846150398254395,2.8153839111328125,2.770768880844116,2.8153839111328125,27630,2.55537748336792,0.0,0.0
CIG-C,2023-05-26,2.7692298889160156,2.7846150398254395,2.6923069953918457,2.6923069953918457,70805,2.44366717338562,0.0,0.0
CIG-C,2023-05-30,2.6769230365753174,2.6923069953918457,2.615384101867676,2.6923069953918457,42201,2.44366717338562,0.0,0.0
CIG-C,2023-05-31,2.6307690143585205,2.638461112976074,2.530769109725952,2.638461112976074,186703,2.394794225692749,0.0,0.0
CIG-C,2023-06-01,2.615384101867676,2.638461112976074,2.5538458824157715,2.5538458824157715,17028,2.3179931640625,0.0,0.0
CIG-C,2023-06-02,2.6307690143585205,2.730768918991089,2.6175379753112793,2.730768918991089,31716,2.47857666015625,0.0,0.0
CIG-C,2023-06-05,2.6692299842834473,2.684614896774292,2.638461112976074,2.6615378856658936,36284,2.4157392978668213,0.0,0.0
CIG-C,2023-06-06,2.646152973175049,2.823076009750366,2.646152973175049,2.7999989986419678,53376,2.5414133071899414,0.0,0.0
CIG-C,2023-06-07,2.761538028717041,2.838460922241211,2.723076105117798,2.838460922241211,36423,2.5763235092163086,0.0,0.0
CIG-C,2023-06-08,2.792306900024414,2.7999989986419678,2.6923069953918457,2.6923069953918457,31506,2.44366717338562,0.0,0.0
CIG-C,2023-06-09,2.7692298889160156,3.0153839588165283,2.761538028717041,2.9999990463256836,82161,2.7229435443878174,0.0,0.0
CIG-C,2023-06-12,2.9999990463256836,3.1923069953918457,2.8923070430755615,3.184614896774292,154507,2.8905091285705566,0.0,0.0
CIG-C,2023-06-13,3.146152973175049,3.146152973175049,2.884614944458008,2.9999990463256836,115138,2.7229435443878174,0.0,0.0
CIG-C,2023-06-14,2.9230759143829346,3.115384101867676,2.91538405418396,3.115384101867676,71679,2.827672243118286,0.0,0.0
CIG-C,2023-06-15,2.9999990463256836,3.07692289352417,2.9692299365997314,3.0153839588165283,99336,2.7369072437286377,0.0,0.0
CIG-C,2023-06-16,2.9846150875091553,3.023076057434082,2.91538405418396,2.99230694770813,39692,2.715961456298828,0.0,0.0
CIG-C,2023-06-20,2.876923084259033,2.99230694770813,2.876923084259033,2.9307689666748047,22399,2.660106658935547,0.0,0.0
CIG-C,2023-06-21,2.953845977783203,3.069230079650879,2.9230759143829346,3.069230079650879,27370,2.785780668258667,0.0,0.0
CIG-C,2023-06-22,2.9692299365997314,3.0076920986175537,2.9230759143829346,3.0076920986175537,31601,2.7299256324768066,0.0,0.0
CIG-C,2023-06-23,2.91538405418396,3.069230079650879,2.91538405418396,3.069230079650879,49301,2.785780668258667,0.0,0.0
CIG-C,2023-06-26,3.0461530685424805,3.0461530685424805,2.9692299365997314,2.9846150875091553,25645,2.708979845046997,0.0,0.0
CIG-C,2023-06-27,2.953845977783203,3.0076920986175537,2.953845977783203,2.9999990463256836,24351,2.7229435443878174,0.0,0.0
CIG-C,2023-06-28,2.9307689666748047,3.029999017715454,2.9307689666748047,2.946152925491333,8674,2.67406964302063,0.0,0.0
CIG-C,2023-06-29,3.0076920986175537,3.069230079650879,3.0076920986175537,3.069230079650879,6721,2.785780668258667,0.0,0.0
CIG-C,2023-06-30,3.115384101867676,3.153846025466919,3.0538458824157715,3.0538458824157715,6171,2.7982494831085205,0.028992,0.0
CIG-C,2023-07-03,3.0384609699249268,3.0846149921417236,2.9846150875091553,2.9846150875091553,12027,2.7348129749298096,0.0,0.0
CIG-C,2023-07-05,2.9384610652923584,2.946152925491333,2.869230031967163,2.946152925491333,24053,2.6995699405670166,0.0,0.0
CIG-C,2023-07-06,2.8307690620422363,2.8461530208587646,2.7538459300994873,2.8461530208587646,32037,2.6079399585723877,0.0,0.0
CIG-C,2023-07-07,2.8307690620422363,2.8923070430755615,2.8089990615844727,2.8923070430755615,46965,2.650230646133423,0.0,0.0
CIG-C,2023-07-10,2.7999989986419678,2.8923070430755615,2.7999989986419678,2.8307690620422363,19943,2.5938432216644287,0.0,0.0
CIG-C,2023-07-11,2.7769229412078857,2.8461530208587646,2.7425379753112793,2.8153839111328125,18003,2.5797457695007324,0.0,0.0
CIG-C,2023-07-12,2.8461530208587646,2.899998903274536,2.8461530208587646,2.869230031967163,16103,2.6290853023529053,0.0,0.0
CIG-C,2023-07-13,2.838460922241211,2.99230694770813,2.838460922241211,2.99230694770813,12480,2.74186110496521,0.0,0.0
CIG-C,2023-07-14,2.9769229888916016,2.9769229888916016,2.884614944458008,2.899998903274536,10679,2.6572790145874023,0.0,0.0
CIG-C,2023-07-17,2.7999989986419678,2.9846150875091553,2.7999989986419678,2.9692299365997314,34975,2.7207157611846924,0.0,0.0
CIG-C,2023-07-18,2.884614944458008,2.91538405418396,2.8461530208587646,2.8461530208587646,39716,2.6079399585723877,0.0,0.0
CIG-C,2023-07-19,2.8461530208587646,2.91538405418396,2.7999989986419678,2.9076919555664062,47742,2.664328098297119,0.0,0.0
CIG-C,2023-07-20,2.807692050933838,2.8538460731506348,2.7692298889160156,2.8538460731506348,50910,2.6149890422821045,0.0,0.0
CIG-C,2023-07-21,2.807692050933838,2.9230759143829346,2.7384610176086426,2.9230759143829346,124221,2.67842435836792,0.0,0.0
CIG-C,2023-07-24,2.8615379333496094,3.0538458824157715,2.8615379333496094,2.9692299365997314,130291,2.7207157611846924,0.0,0.0
CIG-C,2023-07-25,2.9999990463256836,3.115384101867676,2.9692299365997314,3.115384101867676,68407,2.8546371459960938,0.0,0.0
CIG-C,2023-07-26,3.0076920986175537,3.230768918991089,2.9999990463256836,3.230768918991089,129152,2.96036434173584,0.0,0.0
CIG-C,2023-07-27,3.1923069953918457,3.1923069953918457,3.030769109725952,3.138461112976074,63554,2.8757827281951904,0.0,0.0
CIG-C,2023-07-28,3.061537981033325,3.115384101867676,3.0461530685424805,3.115384101867676,59187,2.8546371459960938,0.0,0.0
CIG-C,2023-07-31,3.115384101867676,3.146152973175049,3.030769109725952,3.115384101867676,63420,2.8546371459960938,0.0,0.0
CIG-C,2023-08-01,3.0384609699249268,3.069230079650879,2.9846150875091553,3.030769109725952,54697,2.777104139328003,0.0,0.0
CIG-C,2023-08-02,3.0461530685424805,3.230768918991089,3.023076057434082,3.230768918991089,57163,2.96036434173584,0.0,0.0
CIG-C,2023-08-03,3.1692299842834473,3.1692299842834473,2.9999990463256836,3.0384609699249268,128133,2.7841522693634033,0.0,0.0
CIG-C,2023-08-04,3.042306900024414,3.138461112976074,3.038999080657959,3.138461112976074,56854,2.8757827281951904,0.0,0.0
CIG-C,2023-08-07,3.0384609699249268,3.091768980026245,2.973076105117798,2.9999990463256836,42979,2.7489097118377686,0.0,0.0
CIG-C,2023-08-08,2.9999990463256836,2.9999990463256836,2.961538076400757,2.9999990463256836,39969,2.7489097118377686,0.0,0.0
CIG-C,2023-08-09,3.042306900024414,3.184614896774292,3.0038459300994873,3.138461112976074,55333,2.8757827281951904,0.0,0.0
CIG-C,2023-08-10,3.138461112976074,3.184614896774292,3.099998950958252,3.146152973175049,63520,2.8828306198120117,0.0,0.0
CIG-C,2023-08-11,3.1923069953918457,3.215384006500244,3.115384101867676,3.215384006500244,65484,2.9462673664093018,0.0,0.0
CIG-C,2023-08-14,3.0852301120758057,3.1692299842834473,3.07692289352417,3.1692299842834473,36839,2.9039764404296875,0.0,0.0
CIG-C,2023-08-15,3.07692289352417,3.153846025466919,3.061537981033325,3.153846025466919,83298,2.8898797035217285,0.0,0.0
CIG-C,2023-08-16,3.069230079650879,3.1999990940093994,3.061537981033325,3.1769230365753174,90262,2.911025285720825,0.0,0.0
CIG-C,2023-08-17,3.107692003250122,3.153846025466919,3.073076009750366,3.153846025466919,100542,2.8898797035217285,0.0,0.0
CIG-C,2023-08-18,3.07692289352417,3.07692289352417,3.0076920986175537,3.0461530685424805,94287,2.7912003993988037,0.0,0.0
CIG-C,2023-08-21,2.9692299365997314,3.061537981033325,2.961538076400757,3.061537981033325,75418,2.8052978515625,0.0,0.0
CIG-C,2023-08-22,3.0384609699249268,3.1838459968566895,3.0384609699249268,3.1307690143585205,84840,2.868734359741211,0.0,0.0
CIG-C,2023-08-23,3.0846149921417236,3.1769230365753174,3.0846149921417236,3.1769230365753174,79049,2.911025285720825,0.0,0.0
CIG-C,2023-08-24,3.1230759620666504,3.1230759620666504,3.030769109725952,3.0384609699249268,67197,2.7841522693634033,0.0,0.0
CIG-C,2023-08-25,3.0538458824157715,3.115384101867676,3.0461530685424805,3.115384101867676,37300,2.8546371459960938,0.0,0.0
CIG-C,2023-08-28,3.115384101867676,3.215384006500244,3.069230079650879,3.215384006500244,62793,2.9462673664093018,0.0,0.0
CIG-C,2023-08-29,3.146152973175049,3.184614896774292,3.069230079650879,3.153846025466919,93736,2.8898797035217285,0.0,0.0
CIG-C,2023-08-30,3.244615077972412,3.32692289352417,3.153846025466919,3.1769230365753174,69665,2.911025285720825,0.0,0.0
CIG-C,2023-08-31,3.069538116455078,3.1307690143585205,3.030769109725952,3.099998950958252,95243,2.8405396938323975,0.0,0.0
CIG-C,2023-09-01,3.1230759620666504,3.1307690143585205,3.0384609699249268,3.0384609699249268,36511,2.7841522693634033,0.0,0.0
CIG-C,2023-09-05,3.069230079650879,3.07692289352417,2.9846150875091553,3.0384609699249268,72716,2.7841522693634033,0.0,0.0
CIG-C,2023-09-06,2.9769229888916016,3.023076057434082,2.899998903274536,2.9230759143829346,65213,2.67842435836792,0.0,0.0
CIG-C,2023-09-07,2.9307689666748047,2.961538076400757,2.899998903274536,2.9230759143829346,5865,2.67842435836792,0.0,0.0
CIG-C,2023-09-08,2.8923070430755615,2.9999990463256836,2.8923070430755615,2.9999990463256836,44189,2.7489097118377686,0.0,0.0
CIG-C,2023-09-11,2.9384610652923584,3.0538458824157715,2.9384610652923584,3.0538458824157715,61092,2.7982494831085205,0.0,0.0
CIG-C,2023-09-12,3.0153839588165283,3.1230759620666504,2.9999990463256836,3.1230759620666504,59906,2.861685037612915,0.0,0.0
CIG-C,2023-09-13,3.069230079650879,3.1923069953918457,3.061537981033325,3.1923069953918457,77408,2.925122022628784,0.0,0.0
CIG-C,2023-09-14,3.153846025466919,3.230768918991089,3.1307690143585205,3.184614896774292,82218,2.9180734157562256,0.0,0.0
CIG-C,2023-09-15,3.1923069953918457,3.384537935256958,3.1769230365753174,3.2769229412078857,89597,3.0026557445526123,0.0,0.0
CIG-C,2023-09-18,3.2999989986419678,3.2999989986419678,3.1319990158081055,3.1999990940093994,93889,2.9321701526641846,0.0,0.0
CIG-C,2023-09-19,3.153846025466919,3.184614896774292,3.1230759620666504,3.184614896774292,43747,2.9180734157562256,0.0,0.0
CIG-C,2023-09-20,3.2076919078826904,3.211538076400757,3.0923070907592773,3.0923070907592773,28705,2.833491325378418,0.0,0.0
CIG-C,2023-09-21,3.0923070907592773,3.1692299842834473,3.07692289352417,3.1692299842834473,41954,2.9039764404296875,0.0,0.0
CIG-C,2023-09-22,3.1692299842834473,3.1692299842834473,3.069230079650879,3.07692289352417,59956,2.819394588470459,0.0,0.0
CIG-C,2023-09-25,3.153846025466919,3.153846025466919,3.030769109725952,3.115384101867676,46937,2.8546371459960938,0.0,0.0
CIG-C,2023-09-26,3.030769109725952,3.1769230365753174,3.030769109725952,3.1769230365753174,31881,2.911025285720825,0.0,0.0
CIG-C,2023-09-27,3.1769230365753174,3.1769230365753174,2.9999990463256836,3.0538458824157715,63466,2.7982494831085205,0.0,0.0
CIG-C,2023-09-28,3.0461530685424805,3.07692289352417,2.9413070678710938,3.07692289352417,61202,2.819394588470459,0.0,0.0
CIG-C,2023-09-29,3.023076057434082,3.0384609699249268,2.961538076400757,3.0384609699249268,50566,2.8096516132354736,0.027925,0.0
CIG-C,2023-10-02,2.9846150875091553,2.9999990463256836,2.8461530208587646,2.8461530208587646,40604,2.6318254470825195,0.0,0.0
CIG-C,2023-10-03,2.8538460731506348,2.9307689666748047,2.7538459300994873,2.9230759143829346,67428,2.702955484390259,0.0,0.0
CIG-C,2023-10-04,2.8461530208587646,3.0366148948669434,2.838460922241211,2.9999990463256836,49803,2.7740862369537354,0.0,0.0
CIG-C,2023-10-05,2.9230759143829346,2.9999990463256836,2.8538460731506348,2.9384610652923584,74012,2.717181921005249,0.0,0.0
CIG-C,2023-10-06,2.8923070430755615,3.1307690143585205,2.807692050933838,2.8461530208587646,65032,2.6318254470825195,0.0,0.0
CIG-C,2023-10-09,2.8461530208587646,2.9230759143829346,2.8153839111328125,2.8538460731506348,31774,2.638939142227173,0.0,0.0
CIG-C,2023-10-10,2.876923084259033,2.91538405418396,2.876923084259033,2.899998903274536,34535,2.6816163063049316,0.0,0.0
CIG-C,2023-10-11,2.876923084259033,2.9230759143829346,2.823076009750366,2.9230759143829346,36791,2.702955484390259,0.0,0.0
CIG-C,2023-10-12,2.884614944458008,2.884614944458008,2.7769229412078857,2.823076009750366,9994,2.610485792160034,0.0,0.0
CIG-C,2023-10-13,2.884614944458008,2.884614944458008,2.6769230365753174,2.761538028717041,25959,2.5535824298858643,0.0,0.0
CIG-C,2023-10-16,2.730768918991089,2.8461530208587646,2.730768918991089,2.8461530208587646,33939,2.6318254470825195,0.0,0.0
CIG-C,2023-10-17,2.7461531162261963,2.7692298889160156,2.5923070907592773,2.6923069953918457,65301,2.4895646572113037,0.0,0.0
CIG-C,2023-10-18,2.5923070907592773,2.5923070907592773,2.461538076400757,2.5538458824157715,155324,2.361530303955078,0.0,0.0
CIG-C,2023-10-19,2.530769109725952,2.5461530685424805,2.461538076400757,2.5461530685424805,32349,2.354416608810425,0.0,0.0
CIG-C,2023-10-20,2.461538076400757,2.530769109725952,2.3615379333496094,2.523076057434082,79701,2.3330771923065186,0.0,0.0
CIG-C,2023-10-23,2.446152925491333,2.5384609699249268,2.4307689666748047,2.5384609699249268,34164,2.347303867340088,0.0,0.0
CIG-C,2023-10-24,2.4769229888916016,2.5076920986175537,2.384614944458008,2.4384610652923584,52530,2.2548341751098633,0.0,0.0
CIG-C,2023-10-25,2.4076919555664062,2.4846150875091553,2.369230031967163,2.446152925491333,15293,2.2619469165802,0.0,0.0
CIG-C,2023-10-26,2.434307098388672,2.4384610652923584,2.369230031967163,2.4384610652923584,44358,2.2548341751098633,0.0,0.0
CIG-C,2023-10-27,2.4230759143829346,2.4307689666748047,2.292306900024414,2.307692050933838,22171,2.1339128017425537,0.0,0.0
CIG-C,2023-10-30,2.3461530208587646,2.4076919555664062,2.2999989986419678,2.384614944458008,45743,2.205043077468872,0.0,0.0
CIG-C,2023-10-31,2.338460922241211,2.4230759143829346,2.338460922241211,2.4230759143829346,38365,2.240607738494873,0.0,0.0
CIG-C,2023-11-01,2.4384610652923584,2.653846025466919,2.4384610652923584,2.653846025466919,58225,2.4539997577667236,0.0,0.0
CIG-C,2023-11-02,2.653846025466919,2.6692299842834473,2.5923070907592773,2.615384101867676,24013,2.4184343814849854,0.0,0.0
CIG-C,2023-11-03,2.7538459300994873,2.761538028717041,2.653846025466919,2.723076105117798,41908,2.5180163383483887,0.0,0.0
CIG-C,2023-11-06,2.6923069953918457,2.761538028717041,2.6769230365753174,2.761538028717041,77725,2.5535824298858643,0.0,0.0
CIG-C,2023-11-07,2.7538459300994873,2.761538028717041,2.6999990940093994,2.761538028717041,33907,2.5535824298858643,0.0,0.0
CIG-C,2023-11-08,2.6999990940093994,2.730768918991089,2.6615378856658936,2.723076105117798,28611,2.5180163383483887,0.0,0.0
CIG-C,2023-11-09,2.6615378856658936,2.7846150398254395,2.6615378856658936,2.7461531162261963,27413,2.539355754852295,0.0,0.0
CIG-C,2023-11-10,2.7461531162261963,2.807692050933838,2.7316150665283203,2.7692298889160156,29623,2.560694932937622,0.0,0.0
CIG-C,2023-11-13,2.6999990940093994,2.7538459300994873,2.6307690143585205,2.653846025466919,48128,2.4539997577667236,0.0,0.0
CIG-C,2023-11-14,2.684614896774292,2.7292299270629883,2.6692299842834473,2.6999990940093994,43572,2.4966773986816406,0.0,0.0
CIG-C,2023-11-15,2.7215380668640137,2.7461531162261963,2.684614896774292,2.7461531162261963,18679,2.539355754852295,0.0,0.0
CIG-C,2023-11-16,2.684614896774292,2.8153839111328125,2.684614896774292,2.8153839111328125,31902,2.6033730506896973,0.0,0.0
CIG-C,2023-11-17,2.7384610176086426,2.7999989986419678,2.6923069953918457,2.7692298889160156,49201,2.560694932937622,0.0,0.0
CIG-C,2023-11-20,2.7538459300994873,2.7538459300994873,2.6576919555664062,2.730768918991089,38231,2.525129795074463,0.0,0.0
CIG-C,2023-11-21,2.6999990940093994,2.807692050933838,2.684614896774292,2.7769229412078857,43375,2.5678086280822754,0.0,0.0
CIG-C,2023-11-22,2.8307690620422363,2.8307690620422363,2.4999990463256836,2.6307690143585205,65525,2.4326605796813965,0.0,0.0
CIG-C,2023-11-24,2.5153839588165283,2.5384609699249268,2.446152925491333,2.5384609699249268,105319,2.347303867340088,0.0,0.0
CIG-C,2023-11-27,2.4846150875091553,2.4846150875091553,2.4307689666748047,2.4692299365997314,46208,2.2832863330841064,0.0,0.0
CIG-C,2023-11-28,2.461538076400757,2.5538458824157715,2.461538076400757,2.5538458824157715,37092,2.361530303955078,0.0,0.0
CIG-C,2023-11-29,2.49230694770813,2.5153839588165283,2.461538076400757,2.5076920986175537,64712,2.3188517093658447,0.0,0.0
CIG-C,2023-11-30,2.41538405418396,2.5076920986175537,2.41538405418396,2.5076920986175537,53661,2.3188517093658447,0.0,0.0
CIG-C,2023-12-01,2.461538076400757,2.4769229888916016,2.4230759143829346,2.453845977783203,37315,2.2690606117248535,0.0,0.0
CIG-C,2023-12-04,2.453845977783203,2.453845977783203,2.3461530208587646,2.376923084259033,55025,2.197930335998535,0.0,0.0
CIG-C,2023-12-05,2.3923070430755615,2.49230694770813,2.3538460731506348,2.49230694770813,42825,2.3046252727508545,0.0,0.0
CIG-C,2023-12-06,2.49230694770813,2.49230694770813,2.369230031967163,2.4384610652923584,60009,2.2548341751098633,0.0,0.0
CIG-C,2023-12-07,2.3923070430755615,2.461538076400757,2.376923084259033,2.461538076400757,50871,2.2761735916137695,0.0,0.0
CIG-C,2023-12-08,2.3923070430755615,2.4230759143829346,2.376923084259033,2.4076919555664062,28687,2.226382255554199,0.0,0.0
CIG-C,2023-12-11,2.376923084259033,2.446152925491333,2.338460922241211,2.4076919555664062,57135,2.226382255554199,0.0,0.0
CIG-C,2023-12-12,2.376923084259033,2.384614944458008,2.3615379333496094,2.3615379333496094,26432,2.183703899383545,0.0,0.0
CIG-C,2023-12-13,2.369230031967163,2.5153839588165283,2.369230031967163,2.5153839588165283,44413,2.3259646892547607,0.0,0.0
CIG-C,2023-12-14,2.461538076400757,2.4999990463256836,2.399998903274536,2.4307689666748047,54949,2.2477211952209473,0.0,0.0
CIG-C,2023-12-15,2.4307689666748047,2.4307689666748047,2.2999989986419678,2.3923070430755615,81461,2.212155818939209,0.0,0.0
CIG-C,2023-12-18,2.3923070430755615,2.3923070430755615,2.369230031967163,2.376923084259033,41676,2.197930335998535,0.0,0.0
CIG-C,2023-12-19,2.376923084259033,2.4076919555664062,2.3461530208587646,2.3461530208587646,58250,2.1694774627685547,0.0,0.0
CIG-C,2023-12-20,2.384614944458008,2.3923070430755615,2.3307690620422363,2.384614944458008,41587,2.205043077468872,0.0,0.0
CIG-C,2023-12-21,2.369230031967163,2.376923084259033,2.3461530208587646,2.3461530208587646,29021,2.1694774627685547,0.0,0.0
CIG-C,2023-12-22,2.3461530208587646,2.3615379333496094,2.298614978790283,2.3615379333496094,42266,2.2688567638397217,0.088054,0.0
CIG-C,2023-12-26,2.3615379333496094,2.376923084259033,2.307692050933838,2.3538460731506348,34944,2.2614667415618896,0.0,0.0
CIG-C,2023-12-27,2.323076009750366,2.3615379333496094,2.2846150398254395,2.2846150398254395,16773,2.1949527263641357,0.0,0.0
CIG-C,2023-12-28,2.2999989986419678,2.4999990463256836,2.2999989986419678,2.399998903274536,42057,2.3058083057403564,0.0,0.0
CIG-C,2023-12-29,2.399998903274536,2.4230759143829346,2.3307690620422363,2.4230759143829346,48626,2.327979803085327,0.0,0.0
CIG-C,2024-01-02,2.3461530208587646,2.4384610652923584,2.338460922241211,2.41538405418396,48129,2.320589780807495,0.0,0.0
CIG-C,2024-01-03,2.3461530208587646,2.4230759143829346,2.323076009750366,2.3923070430755615,51281,2.2984185218811035,0.0,0.0
CIG-C,2024-01-04,2.369230031967163,2.384614944458008,2.338460922241211,2.3461530208587646,41797,2.2540760040283203,0.0,0.0
CIG-C,2024-01-05,2.3307690620422363,2.369230031967163,2.3307690620422363,2.369230031967163,31018,2.276247024536133,0.0,0.0
CIG-C,2024-01-08,2.3538460731506348,2.4384610652923584,2.3538460731506348,2.4384610652923584,34940,2.3427608013153076,0.0,0.0
CIG-C,2024-01-09,2.376923084259033,2.4307689666748047,2.3538460731506348,2.4230759143829346,50042,2.327979803085327,0.0,0.0
CIG-C,2024-01-10,2.41538405418396,2.4307689666748047,2.3923070430755615,2.4230759143829346,42454,2.327979803085327,0.0,0.0
CIG-C,2024-01-11,2.446152925491333,2.4769229888916016,2.3923840522766113,2.4230759143829346,1353586,2.327979803085327,0.0,0.0
CIG-C,2024-01-12,2.461538076400757,2.4999990463256836,2.384614944458008,2.384614944458008,291418,2.2910282611846924,0.0,0.0
CIG-C,2024-01-16,2.369230031967163,2.369230031967163,2.307692050933838,2.307692050933838,23617,2.2171239852905273,0.0,0.0
CIG-C,2024-01-17,2.307692050933838,2.3153839111328125,2.2846150398254395,2.2999989986419678,7701,2.209733009338379,0.0,0.0
CIG-C,2024-01-18,2.3307690620422363,2.3307690620422363,2.2846150398254395,2.307692050933838,12957,2.2171239852905273,0.0,0.0
CIG-C,2024-01-19,2.2999989986419678,2.3307690620422363,2.292306900024414,2.292306900024414,3653,2.2023427486419678,0.0,0.0
CIG-C,2024-01-22,2.2769229412078857,2.307692050933838,2.2538459300994873,2.2846150398254395,52343,2.1949527263641357,0.0,0.0
CIG-C,2024-01-23,2.292306900024414,2.3038458824157715,2.292306900024414,2.3038458824157715,6844,2.2134289741516113,0.0,0.0
CIG-C,2024-01-24,2.323076009750366,2.3307690620422363,2.3177690505981445,2.323076009750366,5443,2.2319042682647705,0.0,0.0
CIG-C,2024-01-25,2.323076009750366,2.338460922241211,2.323076009750366,2.3307690620422363,1643,2.239295482635498,0.0,0.0
CIG-C,2024-01-26,2.338460922241211,2.3461530208587646,2.2999989986419678,2.2999989986419678,76384,2.209733009338379,0.0,0.0
CIG-C,2024-01-29,2.2999989986419678,2.307692050933838,2.292306900024414,2.300769090652466,8994,2.21047306060791,0.0,0.0
CIG-C,2024-01-30,2.2999989986419678,2.307692050933838,2.2769229412078857,2.292306900024414,8643,2.2023427486419678,0.0,0.0
CIG-C,2024-01-31,2.292306900024414,2.323076009750366,2.292306900024414,2.292306900024414,7400,2.2023427486419678,0.0,0.0
CIG-C,2024-02-01,2.261538028717041,2.323076009750366,2.261538028717041,2.307692050933838,11310,2.2171239852905273,0.0,0.0
CIG-C,2024-02-02,2.2846150398254395,2.2961530685424805,2.2846150398254395,2.2846150398254395,7634,2.1949527263641357,0.0,0.0
CIG-C,2024-02-05,2.2692298889160156,2.307692050933838,2.2692298889160156,2.307692050933838,9899,2.2171239852905273,0.0,0.0
CIG-C,2024-02-06,2.307692050933838,2.3461530208587646,2.307692050933838,2.338460922241211,12745,2.246685743331909,0.0,0.0
CIG-C,2024-02-07,2.3538460731506348,2.3538460731506348,2.307692050933838,2.307692050933838,3584,2.2171239852905273,0.0,0.0
CIG-C,2024-02-08,2.2846150398254395,2.2846150398254395,2.261538028717041,2.2692298889160156,11168,2.180171489715576,0.0,0.0
CIG-C,2024-02-09,2.292306900024414,2.2992300987243652,2.2769229412078857,2.2992300987243652,3533,2.2089946269989014,0.0,0.0
CIG-C,2024-02-12,2.307692050933838,2.307692050933838,2.261538028717041,2.261538028717041,9678,2.1727817058563232,0.0,0.0
CIG-C,2024-02-13,2.2846150398254395,2.2846150398254395,2.2384610176086426,2.2692298889160156,1592,2.180171489715576,0.0,0.0
CIG-C,2024-02-14,2.1769230365753174,2.2846150398254395,2.1769230365753174,2.2846150398254395,2024,2.1949527263641357,0.0,0.0
CIG-C,2024-02-15,2.3000760078430176,2.3000760078430176,2.2846150398254395,2.2846150398254395,2398,2.1949527263641357,0.0,0.0
CIG-C,2024-02-16,2.2846150398254395,2.2999989986419678,2.2692298889160156,2.2692298889160156,10446,2.180171489715576,0.0,0.0
CIG-C,2024-02-20,2.3538460731506348,2.3615379333496094,2.3307690620422363,2.3538460731506348,4334,2.2614667415618896,0.0,0.0
CIG-C,2024-02-21,2.3461530208587646,2.376923084259033,2.3091530799865723,2.3091530799865723,12646,2.2185277938842773,0.0,0.0
CIG-C,2024-02-22,2.3153839111328125,2.3153839111328125,2.2999989986419678,2.2999989986419678,3218,2.209733009338379,0.0,0.0
CIG-C,2024-02-23,2.2692298889160156,2.2769229412078857,2.2692298889160156,2.2692298889160156,4139,2.180171489715576,0.0,0.0
CIG-C,2024-02-26,2.3307690620422363,2.3307690620422363,2.2846150398254395,2.2909231185913086,1865,2.2010133266448975,0.0,0.0
CIG-C,2024-02-27,2.292306900024414,2.307692050933838,2.292306900024414,2.307692050933838,2207,2.2171239852905273,0.0,0.0
CIG-C,2024-02-28,2.292306900024414,2.307692050933838,2.292306900024414,2.307692050933838,1567,2.2171239852905273,0.0,0.0
CIG-C,2024-02-29,2.292306900024414,2.3085379600524902,2.292306900024414,2.2999989986419678,2022,2.209733009338379,0.0,0.0
CIG-C,2024-03-01,2.3153839111328125,2.3307690620422363,2.3153839111328125,2.323076009750366,5398,2.2319042682647705,0.0,0.0
CIG-C,2024-03-04,2.307692050933838,2.307692050933838,2.2692298889160156,2.283691883087158,3118,2.194065809249878,0.0,0.0
CIG-C,2024-03-05,2.292306900024414,2.292306900024414,2.2692298889160156,2.2693068981170654,3560,2.1802453994750977,0.0,0.0
CIG-C,2024-03-06,2.292306900024414,2.292306900024414,2.2538459300994873,2.2538459300994873,1573,2.165391445159912,0.0,0.0
CIG-C,2024-03-07,2.292306900024414,2.292306900024414,2.223076105117798,2.2384610176086426,17344,2.1506102085113525,0.0,0.0
CIG-C,2024-03-08,2.2846150398254395,2.292306900024414,2.2846150398254395,2.292306900024414,1723,2.2023427486419678,0.0,0.0
CIG-C,2024-03-11,2.307692050933838,2.307692050933838,2.261538028717041,2.2692298889160156,1918,2.180171489715576,0.0,0.0
CIG-C,2024-03-12,2.2384610176086426,2.2461531162261963,2.2384610176086426,2.2461531162261963,1040,2.1580004692077637,0.0,0.0
CIG-C,2024-03-13,2.184614896774292,2.2384610176086426,2.184614896774292,2.215384006500244,5128,2.128438949584961,0.0,0.0
CIG-C,2024-03-14,2.184614896774292,2.223076105117798,2.115384101867676,2.223076105117798,7727,2.135829210281372,0.0,0.0
CIG-C,2024-03-15,2.215384006500244,2.215384006500244,2.07692289352417,2.07692289352417,9401,1.9954116344451904,0.0,0.0
CIG-C,2024-03-18,2.230768918991089,2.230768918991089,2.0076920986175537,2.0076920986175537,98923,1.9288980960845947,0.0,0.0
CIG-C,2024-03-19,1.9999990463256836,2.07692289352417,1.9923069477081299,2.069153070449829,12620,1.9879467487335205,0.0,0.0
CIG-C,2024-03-20,2.138461112976074,2.138461112976074,2.030846118927002,2.0626919269561768,6704,1.9817394018173218,0.0,0.0
CIG-C,2024-03-21,2.07692289352417,2.1307690143585205,2.07692289352417,2.1115379333496094,13716,2.0286684036254883,0.0,0.0
CIG-C,2024-03-22,2.138461112976074,2.146152973175049,2.1000759601593018,2.146152973175049,3192,2.061924695968628,0.0,0.0
CIG-C,2024-03-25,2.153846025466919,2.2076919078826904,2.153846025466919,2.2076148986816406,13600,2.120974540710449,0.0,0.0
CIG-C,2024-03-26,2.153846025466919,2.223076105117798,2.153846025466919,2.206845998764038,4325,2.1202361583709717,0.0,0.0
CIG-C,2024-03-27,2.138461112976074,2.230768918991089,2.138461112976074,2.1923069953918457,20125,2.1062674522399902,0.0,0.0
CIG-C,2024-03-28,2.2692298889160156,2.2692298889160156,2.2269229888916016,2.230768918991089,1856,2.1700258255004883,0.027081,0.0
CIG-C,2024-04-01,2.2846150398254395,2.2846150398254395,2.2086150646209717,2.223076105117798,3208,2.1625423431396484,0.0,0.0
CIG-C,2024-04-02,2.1999990940093994,2.1999990940093994,2.1999990940093994,2.1999990940093994,731,2.1400938034057617,0.0,0.0
CIG-C,2024-04-03,2.1692299842834473,2.230768918991089,2.1692299842834473,2.230768918991089,7660,2.1700258255004883,0.0,0.0
CIG-C,2024-04-04,2.2461531162261963,2.2846150398254395,2.2076919078826904,2.2076919078826904,4365,2.1475772857666016,0.0,0.0
CIG-C,2024-04-05,2.2346150875091553,2.2346150875091553,2.230768918991089,2.230768918991089,1518,2.1700258255004883,0.0,0.0
CIG-C,2024-04-08,2.261538028717041,2.384614944458008,2.261538028717041,2.2769229412078857,32940,2.214923143386841,0.0,0.0
CIG-C,2024-04-09,2.307692050933838,2.3923070430755615,2.2999989986419678,2.3923070430755615,1991,2.327165365219116,0.0,0.0
CIG-C,2024-04-10,2.3461530208587646,2.349998950958252,2.3461530208587646,2.3461530208587646,1410,2.2822680473327637,0.0,0.0
CIG-C,2024-04-11,2.2999989986419678,2.384614944458008,2.292999029159546,2.3423070907592773,3572,2.278526782989502,0.0,0.0
CIG-C,2024-04-12,2.2961530685424805,2.2999989986419678,2.2846150398254395,2.2846150398254395,1517,2.2224056720733643,0.0,0.0
CIG-C,2024-04-15,2.3538460731506348,2.3538460731506348,2.1769230365753174,2.215384006500244,1301,2.155059814453125,0.0,0.0
CIG-C,2024-04-16,2.1923069953918457,2.2530760765075684,2.184614896774292,2.184614896774292,4543,2.1251285076141357,0.0,0.0
CIG-C,2024-04-17,2.184614896774292,2.184614896774292,2.184614896774292,2.184614896774292,0,2.1251285076141357,0.0,0.0
CIG-C,2024-04-18,2.2769229412078857,2.2769229412078857,2.1999990940093994,2.1999990940093994,731,2.1400938034057617,0.0,0.0
CIG-C,2024-04-19,2.230768918991089,2.307692050933838,2.215384006500244,2.307692050933838,2076,2.244854211807251,0.0,0.0
CIG-C,2024-04-22,2.2769229412078857,2.369230031967163,2.2692298889160156,2.2692298889160156,28659,2.207439661026001,0.0,0.0
CIG-C,2024-04-23,2.261538028717041,2.261538028717041,2.2461531162261963,2.2538459300994873,2213,2.192474365234375,0.0,0.0
CIG-C,2024-04-24,2.223076105117798,2.223076105117798,2.223076105117798,2.223076105117798,551,2.1625423431396484,0.0,0.0
CIG-C,2024-04-25,2.41538405418396,2.41538405418396,2.2384610176086426,2.2816150188446045,5985,2.219487428665161,0.0,0.0
CIG-C,2024-04-26,2.41538405418396,2.41538405418396,2.231307029724121,2.2461531162261963,4221,2.1849911212921143,0.0,0.0
CIG-C,2024-04-29,2.1999990940093994,2.292306900024414,2.1999990940093994,2.2846150398254395,1519,2.2224056720733643,0.0,0.0
CIG-C,2024-04-30,2.230768918991089,2.230768918991089,2.230768918991089,2.230768918991089,890,2.1700258255004883,0.0,0.0
CIG-C,2024-05-01,2.2384610176086426,2.307692050933838,2.2384610176086426,2.292306900024414,1631,2.2298879623413086,0.0,0.0
CIG-C,2024-05-02,2.3461530208587646,2.353769063949585,2.2999989986419678,2.353769063949585,78048,2.3265492916107178,0.03633,0.0
CIG-C,2024-05-03,2.32692289352417,2.388461112976074,2.32692289352417,2.388461112976074,3374,2.360840082168579,0.0,0.0
CIG-C,2024-05-06,2.4230759143829346,2.4230759143829346,2.376923084259033,2.41538405418396,2070,2.3874518871307373,0.0,0.0
CIG-C,2024-05-07,2.307692050933838,2.384614944458008,2.307692050933838,2.3153839111328125,9899,2.2886080741882324,0.0,0.0
CIG-C,2024-05-08,2.3615379333496094,2.3615379333496094,2.3615379333496094,2.3615379333496094,968,2.334228277206421,0.0,0.0
CIG-C,2024-05-09,2.376923084259033,2.376923084259033,2.3153839111328125,2.3153839111328125,2905,2.2886080741882324,0.0,0.0
CIG-C,2024-05-10,2.376923084259033,2.376923084259033,2.27253794670105,2.27253794670105,1799,2.2462575435638428,0.0,0.0
CIG-C,2024-05-13,2.3538460731506348,2.399923086166382,2.3461530208587646,2.399923086166382,2895,2.3721697330474854,0.0,0.0
CIG-C,2024-05-14,2.3153839111328125,2.446152925491333,2.3153839111328125,2.446152925491333,9109,2.4178647994995117,0.0,0.0
CIG-C,2024-05-15,2.3615379333496094,2.446152925491333,2.3615379333496094,2.4230759143829346,2609,2.395054817199707,0.0,0.0
CIG-C,2024-05-16,2.4115378856658936,2.41538405418396,2.3769989013671875,2.41538405418396,3079,2.3874518871307373,0.0,0.0
CIG-C,2024-05-17,2.5384609699249268,2.5384609699249268,2.3538460731506348,2.461538076400757,6316,2.433072090148926,0.0,0.0
CIG-C,2024-05-20,2.4692299365997314,2.530769109725952,2.4692299365997314,2.525383949279785,18800,2.4961795806884766,0.0,0.0
CIG-C,2024-05-21,2.530769109725952,2.615384101867676,2.462460994720459,2.607692003250122,7658,2.57753586769104,0.0,0.0
CIG-C,2024-05-22,2.761538028717041,2.761538028717041,2.523076057434082,2.5384609699249268,13868,2.5091054439544678,0.0,0.0
CIG-C,2024-05-23,2.5384609699249268,2.5384609699249268,2.384614944458008,2.4076919555664062,1825,2.3798487186431885,0.0,0.0
CIG-C,2024-05-24,2.680000066757202,2.700000047683716,2.4600000381469727,2.4600000381469727,24489,2.431551933288574,0.0,1.3
CIG-C,2024-05-28,2.559999942779541,2.559999942779541,2.4000000953674316,2.4000000953674316,8620,2.3722457885742188,0.0,0.0
CIG-C,2024-05-29,2.3499999046325684,2.3698999881744385,2.299999952316284,2.368299961090088,3614,2.340912103652954,0.0,0.0
CIG-C,2024-05-30,2.390000104904175,2.390000104904175,2.371999979019165,2.390000104904175,2880,2.362361431121826,0.0,0.0
CIG-C,2024-05-31,2.380000114440918,2.380000114440918,2.299999952316284,2.299999952316284,1123,2.273401975631714,0.0,0.0
CIG-C,2024-06-03,2.259999990463257,2.3254001140594482,2.23009991645813,2.3254001140594482,2842,2.298508405685425,0.0,0.0
CIG-C,2024-06-04,2.2699999809265137,2.309999942779541,2.25,2.259999990463257,1492,2.2338645458221436,0.0,0.0
CIG-C,2024-06-05,2.25,2.319999933242798,2.240000009536743,2.25,7819,2.223980188369751,0.0,0.0
CIG-C,2024-06-06,2.190000057220459,2.3499999046325684,2.190000057220459,2.309999942779541,13358,2.2832863330841064,0.0,0.0
CIG-C,2024-06-07,2.2850000858306885,2.2850000858306885,2.260499954223633,2.260499954223633,965,2.234358787536621,0.0,0.0
CIG-C,2024-06-10,2.25,2.2685999870300293,2.200000047683716,2.240000009536743,4895,2.2140958309173584,0.0,0.0
CIG-C,2024-06-11,2.309999942779541,2.309999942779541,2.240000009536743,2.309999942779541,4633,2.2832863330841064,0.0,0.0
CIG-C,2024-06-12,2.2300000190734863,2.25,2.200000047683716,2.2300000190734863,3859,2.204211711883545,0.0,0.0
CIG-C,2024-06-13,2.200000047683716,2.2699999809265137,2.200000047683716,2.265000104904175,10720,2.238806962966919,0.0,0.0
CIG-C,2024-06-14,2.200000047683716,2.2799999713897705,2.200000047683716,2.2799999713897705,3013,2.2536332607269287,0.0,0.0
CIG-C,2024-06-17,2.2200000286102295,2.259999990463257,2.2200000286102295,2.2300000190734863,4707,2.204211711883545,0.0,0.0
CIG-C,2024-06-18,2.2699999809265137,2.2799999713897705,2.2300000190734863,2.2799999713897705,1914,2.2536332607269287,0.0,0.0
CIG-C,2024-06-20,2.25,2.2799999713897705,2.2200000286102295,2.240000009536743,4591,2.2140958309173584,0.0,0.0
CIG-C,2024-06-21,2.2100000381469727,2.299799919128418,2.2100000381469727,2.2750000953674316,1003,2.2486913204193115,0.0,0.0
CIG-C,2024-06-24,2.299999952316284,2.4000000953674316,2.2750000953674316,2.380000114440918,5198,2.3524770736694336,0.0,0.0
CIG-C,2024-06-25,2.380000114440918,2.4100000858306885,2.2600998878479004,2.4000000953674316,3007,2.3722457885742188,0.0,0.0
CIG-C,2024-06-26,2.450000047683716,2.450000047683716,2.450000047683716,2.450000047683716,585,2.4216675758361816,0.0,0.0
CIG-C,2024-06-27,2.3399999141693115,2.3399999141693115,2.25,2.299999952316284,7742,2.273401975631714,0.0,0.0
CIG-C,2024-06-28,2.380000114440918,2.380000114440918,2.380000114440918,2.380000114440918,815,2.3524770736694336,0.0,0.0
CIG-C,2024-07-01,2.4000000953674316,2.4000000953674316,2.1519999504089355,2.2300000190734863,11825,2.2300000190734863,0.027523,0.0
CIG-C,2024-07-02,2.2100000381469727,2.2100000381469727,2.1649999618530273,2.1998000144958496,3195,2.1998000144958496,0.0,0.0
CIG-C,2024-07-03,2.2899999618530273,2.2899999618530273,2.2100000381469727,2.2100000381469727,2866,2.2100000381469727,0.0,0.0
CIG-C,2024-07-05,2.200000047683716,2.2994000911712646,2.200000047683716,2.2994000911712646,5804,2.2994000911712646,0.0,0.0
CIG-C,2024-07-08,2.299999952316284,2.349900007247925,2.299999952316284,2.349900007247925,1478,2.349900007247925,0.0,0.0
CIG-C,2024-07-09,2.3399999141693115,2.380000114440918,2.2834999561309814,2.319999933242798,5351,2.319999933242798,0.0,0.0
CIG-C,2024-07-10,2.4000000953674316,2.4000000953674316,2.359999895095825,2.380000114440918,1788,2.380000114440918,0.0,0.0
CIG-C,2024-07-11,2.4000000953674316,2.4000000953674316,2.3320000171661377,2.3399999141693115,3275,2.3399999141693115,0.0,0.0
CIG-C,2024-07-12,2.319999933242798,2.3499999046325684,2.319999933242798,2.349900007247925,2796,2.349900007247925,0.0,0.0
CIG-C,2024-07-15,2.240000009536743,2.3499999046325684,2.240000009536743,2.3499999046325684,2121,2.3499999046325684,0.0,0.0
CIG-C,2024-07-16,2.3499999046325684,2.380000114440918,2.3399999141693115,2.375,15062,2.375,0.0,0.0
CIG-C,2024-07-17,2.359999895095825,2.4000000953674316,2.359999895095825,2.4000000953674316,643,2.4000000953674316,0.0,0.0
CIG-C,2024-07-18,2.309999942779541,2.390000104904175,2.309999942779541,2.309999942779541,867,2.309999942779541,0.0,0.0
CIG-C,2024-07-19,2.299999952316284,2.299999952316284,2.25,2.25,1570,2.25,0.0,0.0
CIG-C,2024-07-22,2.2699999809265137,2.2699999809265137,2.259999990463257,2.2699999809265137,762,2.2699999809265137,0.0,0.0
