symbol,date,open,high,low,close,volume,adjclose
PTCT,2013-06-19 20:00:00-04:00,15.800000190734863,17.399999618530273,15.630000114440918,16.489999771118164,3371700,16.489999771118164
PTCT,2013-06-20 20:00:00-04:00,16.75,17.719999313354492,16.5,17.5,181700,17.5
PTCT,2013-06-23 20:00:00-04:00,17.25,17.809999465942383,16.329999923706055,17.350000381469727,146300,17.350000381469727
PTCT,2013-06-24 20:00:00-04:00,17.40999984741211,17.920000076293945,17.3799991607666,17.540000915527344,116400,17.540000915527344
PTCT,2013-06-25 20:00:00-04:00,16.81999969482422,17.0,15.699999809265137,16.045000076293945,1056200,16.045000076293945
PTCT,2013-06-26 20:00:00-04:00,16.100000381469727,16.190000534057617,13.03499984741211,13.630000114440918,580600,13.630000114440918
PTCT,2013-06-27 20:00:00-04:00,13.479999542236328,15.180000305175781,13.479999542236328,15.0,166200,15.0
PTCT,2013-06-30 20:00:00-04:00,14.850000381469727,15.074000358581543,14.420000076293945,15.0,59100,15.0
PTCT,2013-07-01 20:00:00-04:00,15.510000228881836,17.389999389648438,15.043999671936035,16.1299991607666,90800,16.1299991607666
PTCT,2013-07-02 20:00:00-04:00,16.239999771118164,16.239999771118164,15.15999984741211,15.15999984741211,13000,15.15999984741211
PTCT,2013-07-04 20:00:00-04:00,15.850000381469727,16.229999542236328,15.024999618530273,15.199999809265137,12600,15.199999809265137
PTCT,2013-07-07 20:00:00-04:00,15.199999809265137,15.920000076293945,15.1899995803833,15.920000076293945,72900,15.920000076293945
PTCT,2013-07-08 20:00:00-04:00,15.970000267028809,15.989999771118164,15.3100004196167,15.515000343322754,13900,15.515000343322754
PTCT,2013-07-09 20:00:00-04:00,15.5,15.800000190734863,15.199999809265137,15.800000190734863,45400,15.800000190734863
PTCT,2013-07-10 20:00:00-04:00,16.030000686645508,16.5,15.829999923706055,16.34000015258789,87200,16.34000015258789
PTCT,2013-07-11 20:00:00-04:00,16.940000534057617,16.950000762939453,16.312000274658203,16.940000534057617,82200,16.940000534057617
PTCT,2013-07-14 20:00:00-04:00,17.3700008392334,17.700000762939453,16.219999313354492,17.170000076293945,188800,17.170000076293945
PTCT,2013-07-15 20:00:00-04:00,18.5,18.5,16.510000228881836,16.56999969482422,249800,16.56999969482422
PTCT,2013-07-16 20:00:00-04:00,16.780000686645508,17.81999969482422,16.75,17.81999969482422,210900,17.81999969482422
PTCT,2013-07-17 20:00:00-04:00,18.0,18.469999313354492,17.8799991607666,18.399999618530273,149400,18.399999618530273
PTCT,2013-07-18 20:00:00-04:00,17.780000686645508,18.40999984741211,17.09000015258789,17.75,251400,17.75
PTCT,2013-07-21 20:00:00-04:00,17.700000762939453,17.700000762939453,16.75,16.979999542236328,172100,16.979999542236328
PTCT,2013-07-22 20:00:00-04:00,17.020000457763672,17.219999313354492,16.399999618530273,16.770000457763672,148800,16.770000457763672
PTCT,2013-07-23 20:00:00-04:00,16.739999771118164,16.739999771118164,15.90999984741211,16.100000381469727,93800,16.100000381469727
PTCT,2013-07-24 20:00:00-04:00,16.110000610351562,16.229999542236328,15.5,16.139999389648438,84300,16.139999389648438
PTCT,2013-07-25 20:00:00-04:00,16.18000030517578,17.329999923706055,16.18000030517578,16.56999969482422,61400,16.56999969482422
PTCT,2013-07-28 20:00:00-04:00,16.670000076293945,16.8700008392334,16.350000381469727,16.549999237060547,15400,16.549999237060547
PTCT,2013-07-29 20:00:00-04:00,16.770000457763672,16.889999389648438,15.579999923706055,15.579999923706055,239300,15.579999923706055
PTCT,2013-07-30 20:00:00-04:00,15.489999771118164,16.040000915527344,14.40999984741211,15.65999984741211,87800,15.65999984741211
PTCT,2013-07-31 20:00:00-04:00,15.640000343322754,16.100000381469727,14.260000228881836,14.619999885559082,183100,14.619999885559082
PTCT,2013-08-01 20:00:00-04:00,14.729999542236328,14.729999542236328,13.880000114440918,14.0600004196167,186800,14.0600004196167
PTCT,2013-08-04 20:00:00-04:00,14.0600004196167,15.170000076293945,14.0,14.920000076293945,47000,14.920000076293945
PTCT,2013-08-05 20:00:00-04:00,15.0,15.199999809265137,14.3100004196167,14.529999732971191,195000,14.529999732971191
PTCT,2013-08-06 20:00:00-04:00,14.489999771118164,15.829999923706055,14.420000076293945,14.859999656677246,156100,14.859999656677246
PTCT,2013-08-07 20:00:00-04:00,15.079999923706055,15.699999809265137,14.710000038146973,14.949999809265137,206700,14.949999809265137
PTCT,2013-08-08 20:00:00-04:00,15.199999809265137,16.0,15.199999809265137,15.420000076293945,18700,15.420000076293945
PTCT,2013-08-11 20:00:00-04:00,15.350000381469727,15.710000038146973,14.859999656677246,15.460000038146973,52600,15.460000038146973
PTCT,2013-08-12 20:00:00-04:00,15.579999923706055,15.579999923706055,14.5600004196167,15.0,103000,15.0
PTCT,2013-08-13 20:00:00-04:00,15.180000305175781,15.75,14.350000381469727,15.640000343322754,179300,15.640000343322754
PTCT,2013-08-14 20:00:00-04:00,15.020000457763672,15.579999923706055,15.020000457763672,15.550000190734863,17300,15.550000190734863
PTCT,2013-08-15 20:00:00-04:00,15.579999923706055,16.100000381469727,15.4399995803833,15.65999984741211,19900,15.65999984741211
PTCT,2013-08-18 20:00:00-04:00,15.5,16.0,15.5,15.859999656677246,15700,15.859999656677246
PTCT,2013-08-19 20:00:00-04:00,15.989999771118164,16.030000686645508,15.4399995803833,15.630000114440918,43900,15.630000114440918
PTCT,2013-08-20 20:00:00-04:00,15.5600004196167,15.75,15.34000015258789,15.59000015258789,6200,15.59000015258789
PTCT,2013-08-21 20:00:00-04:00,15.729999542236328,16.15999984741211,15.0,16.149999618530273,27100,16.149999618530273
PTCT,2013-08-22 20:00:00-04:00,15.9399995803833,16.520000457763672,15.039999961853027,15.819999694824219,6800,15.819999694824219
PTCT,2013-08-25 20:00:00-04:00,16.030000686645508,16.989999771118164,15.5600004196167,16.200000762939453,24000,16.200000762939453
PTCT,2013-08-26 20:00:00-04:00,16.360000610351562,16.90999984741211,16.360000610351562,16.56999969482422,15500,16.56999969482422
PTCT,2013-08-27 20:00:00-04:00,16.540000915527344,17.31999969482422,16.34000015258789,16.6200008392334,43400,16.6200008392334
PTCT,2013-08-28 20:00:00-04:00,16.959999084472656,17.510000228881836,16.959999084472656,17.489999771118164,25300,17.489999771118164
PTCT,2013-08-29 20:00:00-04:00,17.639999389648438,18.25,17.639999389648438,17.940000534057617,91200,17.940000534057617
PTCT,2013-09-02 20:00:00-04:00,19.09000015258789,19.09000015258789,17.760000228881836,18.149999618530273,84300,18.149999618530273
PTCT,2013-09-03 20:00:00-04:00,18.299999237060547,18.950000762939453,17.950000762939453,18.739999771118164,237800,18.739999771118164
PTCT,2013-09-04 20:00:00-04:00,18.950000762939453,19.25,18.600000381469727,19.100000381469727,32600,19.100000381469727
PTCT,2013-09-05 20:00:00-04:00,19.450000762939453,19.450000762939453,18.670000076293945,19.06999969482422,11600,19.06999969482422
PTCT,2013-09-08 20:00:00-04:00,19.110000610351562,21.010000228881836,18.1299991607666,20.8799991607666,142600,20.8799991607666
PTCT,2013-09-09 20:00:00-04:00,21.010000228881836,22.3700008392334,20.829999923706055,21.860000610351562,151400,21.860000610351562
PTCT,2013-09-10 20:00:00-04:00,21.989999771118164,21.989999771118164,19.579999923706055,20.399999618530273,65200,20.399999618530273
PTCT,2013-09-11 20:00:00-04:00,20.489999771118164,20.850000381469727,20.0,20.420000076293945,70300,20.420000076293945
PTCT,2013-09-12 20:00:00-04:00,21.200000762939453,21.899999618530273,20.299999237060547,21.34000015258789,69400,21.34000015258789
PTCT,2013-09-15 20:00:00-04:00,21.43000030517578,21.440000534057617,20.299999237060547,20.780000686645508,82600,20.780000686645508
PTCT,2013-09-16 20:00:00-04:00,20.350000381469727,20.889999389648438,19.389999389648438,19.760000228881836,58900,19.760000228881836
PTCT,2013-09-17 20:00:00-04:00,19.65999984741211,19.739999771118164,18.350000381469727,19.729999542236328,69900,19.729999542236328
PTCT,2013-09-18 20:00:00-04:00,19.770000457763672,20.149999618530273,19.030000686645508,19.520000457763672,47400,19.520000457763672
PTCT,2013-09-19 20:00:00-04:00,18.770000457763672,19.31999969482422,17.459999084472656,17.8799991607666,125000,17.8799991607666
PTCT,2013-09-22 20:00:00-04:00,17.899999618530273,24.3799991607666,17.899999618530273,22.479999542236328,552500,22.479999542236328
PTCT,2013-09-23 20:00:00-04:00,22.3700008392334,23.0,20.25,21.389999389648438,212300,21.389999389648438
PTCT,2013-09-24 20:00:00-04:00,21.399999618530273,22.229999542236328,20.84000015258789,21.84000015258789,126400,21.84000015258789
PTCT,2013-09-25 20:00:00-04:00,21.989999771118164,22.510000228881836,20.530000686645508,21.450000762939453,124400,21.450000762939453
PTCT,2013-09-26 20:00:00-04:00,21.770000457763672,21.770000457763672,20.170000076293945,21.3700008392334,168100,21.3700008392334
PTCT,2013-09-29 20:00:00-04:00,21.309999465942383,21.790000915527344,19.850000381469727,21.459999084472656,906000,21.459999084472656
PTCT,2013-09-30 20:00:00-04:00,21.450000762939453,22.420000076293945,20.780000686645508,22.389999389648438,182100,22.389999389648438
PTCT,2013-10-01 20:00:00-04:00,22.299999237060547,22.299999237060547,20.190000534057617,20.360000610351562,95000,20.360000610351562
PTCT,2013-10-02 20:00:00-04:00,20.309999465942383,20.600000381469727,19.200000762939453,19.389999389648438,109900,19.389999389648438
PTCT,2013-10-03 20:00:00-04:00,19.270000457763672,19.600000381469727,18.84000015258789,19.030000686645508,75400,19.030000686645508
PTCT,2013-10-06 20:00:00-04:00,18.829999923706055,19.34000015258789,18.829999923706055,19.110000610351562,51000,19.110000610351562
PTCT,2013-10-07 20:00:00-04:00,19.049999237060547,19.84000015258789,16.520000457763672,16.84000015258789,159000,16.84000015258789
PTCT,2013-10-08 20:00:00-04:00,16.799999237060547,17.219999313354492,15.350000381469727,16.8700008392334,248800,16.8700008392334
PTCT,2013-10-09 20:00:00-04:00,17.239999771118164,17.59000015258789,15.59000015258789,17.43000030517578,140700,17.43000030517578
PTCT,2013-10-10 20:00:00-04:00,18.40999984741211,18.40999984741211,16.450000762939453,17.200000762939453,104700,17.200000762939453
PTCT,2013-10-13 20:00:00-04:00,17.049999237060547,18.280000686645508,16.809999465942383,17.760000228881836,113300,17.760000228881836
PTCT,2013-10-14 20:00:00-04:00,17.670000076293945,18.90999984741211,16.899999618530273,18.280000686645508,88300,18.280000686645508
PTCT,2013-10-15 20:00:00-04:00,18.209999084472656,18.639999389648438,17.389999389648438,18.440000534057617,63500,18.440000534057617
PTCT,2013-10-16 20:00:00-04:00,18.40999984741211,19.670000076293945,18.40999984741211,19.469999313354492,91400,19.469999313354492
PTCT,2013-10-17 20:00:00-04:00,19.469999313354492,19.790000915527344,18.670000076293945,19.239999771118164,48600,19.239999771118164
PTCT,2013-10-20 20:00:00-04:00,19.200000762939453,20.75,18.5,20.520000457763672,76700,20.520000457763672
PTCT,2013-10-21 20:00:00-04:00,20.5,21.93000030517578,20.389999389648438,21.239999771118164,263300,21.239999771118164
PTCT,2013-10-22 20:00:00-04:00,21.079999923706055,21.950000762939453,17.739999771118164,20.729999542236328,105700,20.729999542236328
PTCT,2013-10-23 20:00:00-04:00,20.65999984741211,20.780000686645508,20.350000381469727,20.479999542236328,71700,20.479999542236328
PTCT,2013-10-24 20:00:00-04:00,20.56999969482422,20.770000457763672,20.34000015258789,20.709999084472656,429300,20.709999084472656
PTCT,2013-10-27 20:00:00-04:00,20.65999984741211,20.979999542236328,19.93000030517578,20.43000030517578,56600,20.43000030517578
PTCT,2013-10-28 20:00:00-04:00,20.420000076293945,20.5,19.25,19.81999969482422,87100,19.81999969482422
PTCT,2013-10-29 20:00:00-04:00,19.799999237060547,19.799999237060547,18.200000762939453,18.290000915527344,38600,18.290000915527344
PTCT,2013-10-30 20:00:00-04:00,18.270000457763672,19.0,17.690000534057617,18.040000915527344,76000,18.040000915527344
PTCT,2013-10-31 20:00:00-04:00,17.8700008392334,19.0,16.510000228881836,17.5,338300,17.5
PTCT,2013-11-03 19:00:00-05:00,17.510000228881836,18.3799991607666,16.56999969482422,18.290000915527344,215000,18.290000915527344
PTCT,2013-11-04 19:00:00-05:00,18.270000457763672,18.899999618530273,17.969999313354492,17.979999542236328,67700,17.979999542236328
PTCT,2013-11-05 19:00:00-05:00,18.1200008392334,18.329999923706055,16.899999618530273,17.25,279700,17.25
PTCT,2013-11-06 19:00:00-05:00,17.270000457763672,17.299999237060547,16.170000076293945,16.700000762939453,102000,16.700000762939453
PTCT,2013-11-07 19:00:00-05:00,16.68000030517578,17.309999465942383,16.65999984741211,16.860000610351562,61800,16.860000610351562
PTCT,2013-11-10 19:00:00-05:00,16.860000610351562,17.200000762939453,16.25,17.030000686645508,83400,17.030000686645508
PTCT,2013-11-11 19:00:00-05:00,16.959999084472656,17.1200008392334,15.619999885559082,16.420000076293945,138400,16.420000076293945
PTCT,2013-11-12 19:00:00-05:00,16.34000015258789,16.649999618530273,16.049999237060547,16.309999465942383,41400,16.309999465942383
PTCT,2013-11-13 19:00:00-05:00,17.290000915527344,17.34000015258789,15.420000076293945,15.869999885559082,114300,15.869999885559082
PTCT,2013-11-14 19:00:00-05:00,15.859999656677246,16.100000381469727,14.479999542236328,14.5600004196167,259400,14.5600004196167
PTCT,2013-11-17 19:00:00-05:00,14.59000015258789,14.729999542236328,13.149999618530273,13.59000015258789,88300,13.59000015258789
PTCT,2013-11-18 19:00:00-05:00,13.5600004196167,14.3100004196167,13.270000457763672,14.15999984741211,78900,14.15999984741211
PTCT,2013-11-19 19:00:00-05:00,15.25,15.25,13.930000305175781,14.0600004196167,95300,14.0600004196167
PTCT,2013-11-20 19:00:00-05:00,14.039999961853027,15.520000457763672,13.8100004196167,14.75,53900,14.75
PTCT,2013-11-21 19:00:00-05:00,14.779999732971191,15.479999542236328,14.6899995803833,14.75,50800,14.75
PTCT,2013-11-24 19:00:00-05:00,14.680000305175781,14.890000343322754,14.329999923706055,14.710000038146973,18600,14.710000038146973
PTCT,2013-11-25 19:00:00-05:00,14.760000228881836,15.399999618530273,14.470000267028809,15.0,96300,15.0
PTCT,2013-11-26 19:00:00-05:00,15.119999885559082,15.819999694824219,14.65999984741211,15.479999542236328,29400,15.479999542236328
PTCT,2013-11-28 19:00:00-05:00,15.579999923706055,16.979999542236328,15.380000114440918,15.670000076293945,28400,15.670000076293945
PTCT,2013-12-01 19:00:00-05:00,15.75,16.610000610351562,15.220000267028809,15.609999656677246,66500,15.609999656677246
PTCT,2013-12-02 19:00:00-05:00,15.630000114440918,15.649999618530273,15.210000038146973,15.59000015258789,49800,15.59000015258789
PTCT,2013-12-03 19:00:00-05:00,15.470000267028809,15.930000305175781,15.34000015258789,15.680000305175781,60600,15.680000305175781
PTCT,2013-12-04 19:00:00-05:00,15.729999542236328,16.190000534057617,15.510000228881836,15.979999542236328,44700,15.979999542236328
PTCT,2013-12-05 19:00:00-05:00,16.110000610351562,16.920000076293945,15.970000267028809,16.6200008392334,55900,16.6200008392334
PTCT,2013-12-08 19:00:00-05:00,16.829999923706055,17.260000228881836,16.700000762939453,16.989999771118164,72000,16.989999771118164
PTCT,2013-12-09 19:00:00-05:00,16.979999542236328,17.260000228881836,16.020000457763672,16.469999313354492,41800,16.469999313354492
PTCT,2013-12-10 19:00:00-05:00,16.479999542236328,16.479999542236328,15.600000381469727,15.960000038146973,44600,15.960000038146973
PTCT,2013-12-11 19:00:00-05:00,15.920000076293945,17.1299991607666,15.920000076293945,16.770000457763672,85800,16.770000457763672
PTCT,2013-12-12 19:00:00-05:00,16.860000610351562,17.15999984741211,15.630000114440918,16.979999542236328,114500,16.979999542236328
PTCT,2013-12-15 19:00:00-05:00,17.06999969482422,19.56999969482422,16.950000762939453,19.34000015258789,540300,19.34000015258789
PTCT,2013-12-16 19:00:00-05:00,19.299999237060547,19.719999313354492,18.610000610351562,19.149999618530273,325400,19.149999618530273
PTCT,2013-12-17 19:00:00-05:00,19.219999313354492,19.299999237060547,18.690000534057617,19.0,181200,19.0
PTCT,2013-12-18 19:00:00-05:00,18.93000030517578,18.969999313354492,18.459999084472656,18.770000457763672,77200,18.770000457763672
PTCT,2013-12-19 19:00:00-05:00,18.75,19.1200008392334,18.049999237060547,18.84000015258789,780600,18.84000015258789
PTCT,2013-12-22 19:00:00-05:00,18.829999923706055,18.829999923706055,17.639999389648438,18.40999984741211,200000,18.40999984741211
PTCT,2013-12-23 19:00:00-05:00,18.200000762939453,19.200000762939453,17.899999618530273,19.100000381469727,87200,19.100000381469727
PTCT,2013-12-25 19:00:00-05:00,19.0,19.200000762939453,17.770000457763672,18.309999465942383,103800,18.309999465942383
PTCT,2013-12-26 19:00:00-05:00,18.299999237060547,18.299999237060547,17.6200008392334,17.799999237060547,75700,17.799999237060547
PTCT,2013-12-29 19:00:00-05:00,17.989999771118164,17.989999771118164,17.440000534057617,17.5,45600,17.5
PTCT,2013-12-30 19:00:00-05:00,17.5,17.579999923706055,16.93000030517578,16.969999313354492,124600,16.969999313354492
PTCT,2014-01-01 19:00:00-05:00,16.729999542236328,17.18000030517578,16.31999969482422,16.739999771118164,101100,16.739999771118164
PTCT,2014-01-02 19:00:00-05:00,16.760000228881836,17.510000228881836,16.209999084472656,17.450000762939453,67200,17.450000762939453
PTCT,2014-01-05 19:00:00-05:00,17.540000915527344,17.719999313354492,16.469999313354492,16.719999313354492,27500,16.719999313354492
PTCT,2014-01-06 19:00:00-05:00,16.780000686645508,17.09000015258789,16.25,16.709999084472656,59400,16.709999084472656
PTCT,2014-01-07 19:00:00-05:00,16.850000381469727,17.84000015258789,16.850000381469727,17.75,110500,17.75
PTCT,2014-01-08 19:00:00-05:00,17.989999771118164,18.270000457763672,17.780000686645508,18.040000915527344,79600,18.040000915527344
PTCT,2014-01-09 19:00:00-05:00,18.0,20.219999313354492,17.93000030517578,19.5,149200,19.5
PTCT,2014-01-12 19:00:00-05:00,19.75,20.790000915527344,19.299999237060547,19.8700008392334,176300,19.8700008392334
PTCT,2014-01-13 19:00:00-05:00,19.889999389648438,21.959999084472656,19.8700008392334,21.8700008392334,212500,21.8700008392334
PTCT,2014-01-14 19:00:00-05:00,21.959999084472656,24.989999771118164,21.770000457763672,24.639999389648438,437800,24.639999389648438
PTCT,2014-01-15 19:00:00-05:00,25.0,27.649999618530273,24.43000030517578,26.549999237060547,783000,26.549999237060547
PTCT,2014-01-16 19:00:00-05:00,26.5,30.0,26.5,29.31999969482422,481800,29.31999969482422
PTCT,2014-01-20 19:00:00-05:00,29.31999969482422,30.399999618530273,28.540000915527344,28.959999084472656,432400,28.959999084472656
PTCT,2014-01-21 19:00:00-05:00,28.729999542236328,28.81999969482422,26.760000228881836,26.84000015258789,546000,26.84000015258789
PTCT,2014-01-22 19:00:00-05:00,26.700000762939453,27.010000228881836,25.209999084472656,26.219999313354492,257700,26.219999313354492
PTCT,2014-01-23 19:00:00-05:00,21.850000381469727,27.670000076293945,21.75,26.899999618530273,1078300,26.899999618530273
PTCT,2014-01-26 19:00:00-05:00,26.6299991607666,27.75,26.15999984741211,26.90999984741211,274400,26.90999984741211
PTCT,2014-01-27 19:00:00-05:00,27.010000228881836,27.670000076293945,26.6200008392334,27.049999237060547,482100,27.049999237060547
PTCT,2014-01-28 19:00:00-05:00,26.799999237060547,26.899999618530273,25.489999771118164,25.709999084472656,285600,25.709999084472656
PTCT,2014-01-29 19:00:00-05:00,25.709999084472656,27.43000030517578,24.799999237060547,26.829999923706055,464900,26.829999923706055
PTCT,2014-01-30 19:00:00-05:00,26.350000381469727,26.770000457763672,25.829999923706055,26.06999969482422,153100,26.06999969482422
PTCT,2014-02-02 19:00:00-05:00,26.049999237060547,26.889999389648438,22.190000534057617,22.299999237060547,139700,22.299999237060547
PTCT,2014-02-03 19:00:00-05:00,22.469999313354492,23.850000381469727,22.3700008392334,23.0,149500,23.0
PTCT,2014-02-04 19:00:00-05:00,22.889999389648438,22.940000534057617,21.670000076293945,21.90999984741211,174000,21.90999984741211
PTCT,2014-02-05 19:00:00-05:00,22.030000686645508,22.34000015258789,21.799999237060547,22.020000457763672,198400,22.020000457763672
PTCT,2014-02-06 19:00:00-05:00,22.1299991607666,23.09000015258789,21.75,22.760000228881836,89400,22.760000228881836
PTCT,2014-02-09 19:00:00-05:00,22.829999923706055,25.6200008392334,22.829999923706055,25.020000457763672,93500,25.020000457763672
PTCT,2014-02-10 19:00:00-05:00,25.049999237060547,25.049999237060547,23.40999984741211,23.479999542236328,111800,23.479999542236328
PTCT,2014-02-11 19:00:00-05:00,23.420000076293945,25.489999771118164,22.8700008392334,25.1299991607666,103400,25.1299991607666
PTCT,2014-02-12 19:00:00-05:00,25.600000381469727,26.399999618530273,24.690000534057617,26.030000686645508,2178400,26.030000686645508
PTCT,2014-02-13 19:00:00-05:00,26.299999237060547,27.729999542236328,25.90999984741211,26.6200008392334,188700,26.6200008392334
PTCT,2014-02-17 19:00:00-05:00,27.6200008392334,29.170000076293945,27.459999084472656,28.43000030517578,293500,28.43000030517578
PTCT,2014-02-18 19:00:00-05:00,28.31999969482422,28.989999771118164,27.940000534057617,28.549999237060547,143400,28.549999237060547
PTCT,2014-02-19 19:00:00-05:00,28.770000457763672,30.56999969482422,28.530000686645508,30.25,454100,30.25
PTCT,2014-02-20 19:00:00-05:00,30.200000762939453,31.0,29.600000381469727,29.959999084472656,394000,29.959999084472656
PTCT,2014-02-23 19:00:00-05:00,29.829999923706055,30.459999084472656,29.610000610351562,29.920000076293945,176000,29.920000076293945
PTCT,2014-02-24 19:00:00-05:00,29.899999618530273,33.02000045776367,29.030000686645508,32.209999084472656,262000,32.209999084472656
PTCT,2014-02-25 19:00:00-05:00,32.119998931884766,33.7400016784668,31.200000762939453,32.349998474121094,230100,32.349998474121094
PTCT,2014-02-26 19:00:00-05:00,32.150001525878906,34.220001220703125,31.860000610351562,33.970001220703125,214700,33.970001220703125
PTCT,2014-02-27 19:00:00-05:00,34.20000076293945,34.619998931884766,30.059999465942383,31.360000610351562,469700,31.360000610351562
PTCT,2014-03-02 19:00:00-05:00,30.799999237060547,32.709999084472656,29.479999542236328,32.380001068115234,356800,32.380001068115234
PTCT,2014-03-03 19:00:00-05:00,32.709999084472656,34.290000915527344,31.579999923706055,33.86000061035156,202800,33.86000061035156
PTCT,2014-03-04 19:00:00-05:00,33.869998931884766,34.04999923706055,33.220001220703125,33.83000183105469,186800,33.83000183105469
PTCT,2014-03-05 19:00:00-05:00,33.84000015258789,34.650001525878906,32.68000030517578,33.380001068115234,233200,33.380001068115234
PTCT,2014-03-06 19:00:00-05:00,32.810001373291016,33.349998474121094,28.229999542236328,31.0,616000,31.0
PTCT,2014-03-09 20:00:00-04:00,30.850000381469727,31.309999465942383,29.770000457763672,31.049999237060547,209600,31.049999237060547
PTCT,2014-03-10 20:00:00-04:00,31.139999389648438,32.0,30.260000228881836,31.6200008392334,170800,31.6200008392334
PTCT,2014-03-11 20:00:00-04:00,31.3799991607666,32.189998626708984,31.0,32.130001068115234,243600,32.130001068115234
PTCT,2014-03-12 20:00:00-04:00,32.04999923706055,32.4900016784668,31.0,31.979999542236328,353200,31.979999542236328
PTCT,2014-03-13 20:00:00-04:00,31.770000457763672,31.940000534057617,30.559999465942383,30.989999771118164,225100,30.989999771118164
PTCT,2014-03-16 20:00:00-04:00,31.229999542236328,31.299999237060547,30.40999984741211,30.809999465942383,225300,30.809999465942383
PTCT,2014-03-17 20:00:00-04:00,30.729999542236328,32.060001373291016,30.43000030517578,31.75,177000,31.75
PTCT,2014-03-18 20:00:00-04:00,31.68000030517578,32.380001068115234,30.940000534057617,31.600000381469727,104100,31.600000381469727
PTCT,2014-03-19 20:00:00-04:00,31.440000534057617,32.0,30.520000457763672,31.809999465942383,172600,31.809999465942383
PTCT,2014-03-20 20:00:00-04:00,31.829999923706055,31.829999923706055,28.079999923706055,31.010000228881836,1144500,31.010000228881836
PTCT,2014-03-23 20:00:00-04:00,31.0,31.219999313354492,25.6200008392334,26.5,448000,26.5
PTCT,2014-03-24 20:00:00-04:00,26.700000762939453,27.809999465942383,26.309999465942383,27.31999969482422,304800,27.31999969482422
PTCT,2014-03-25 20:00:00-04:00,27.440000534057617,27.860000610351562,25.690000534057617,26.06999969482422,274100,26.06999969482422
PTCT,2014-03-26 20:00:00-04:00,26.139999389648438,27.389999389648438,25.3700008392334,27.190000534057617,205200,27.190000534057617
PTCT,2014-03-27 20:00:00-04:00,27.219999313354492,27.8700008392334,24.56999969482422,24.860000610351562,253800,24.860000610351562
PTCT,2014-03-30 20:00:00-04:00,25.06999969482422,26.5,24.850000381469727,26.139999389648438,237000,26.139999389648438
PTCT,2014-03-31 20:00:00-04:00,26.290000915527344,28.0,25.760000228881836,27.079999923706055,126900,27.079999923706055
PTCT,2014-04-01 20:00:00-04:00,26.510000228881836,27.899999618530273,25.0,25.100000381469727,147200,25.100000381469727
PTCT,2014-04-02 20:00:00-04:00,25.200000762939453,26.43000030517578,23.520000457763672,23.84000015258789,156700,23.84000015258789
PTCT,2014-04-03 20:00:00-04:00,24.010000228881836,24.8799991607666,21.34000015258789,22.399999618530273,336900,22.399999618530273
PTCT,2014-04-06 20:00:00-04:00,22.18000030517578,23.81999969482422,21.469999313354492,23.420000076293945,192400,23.420000076293945
PTCT,2014-04-07 20:00:00-04:00,23.5,24.43000030517578,22.549999237060547,23.09000015258789,146600,23.09000015258789
PTCT,2014-04-08 20:00:00-04:00,23.09000015258789,23.760000228881836,22.530000686645508,23.479999542236328,143400,23.479999542236328
PTCT,2014-04-09 20:00:00-04:00,23.34000015258789,24.209999084472656,19.920000076293945,20.389999389648438,234600,20.389999389648438
PTCT,2014-04-10 20:00:00-04:00,20.110000610351562,21.540000915527344,19.100000381469727,19.350000381469727,347800,19.350000381469727
PTCT,2014-04-13 20:00:00-04:00,19.670000076293945,20.020000457763672,17.8700008392334,18.81999969482422,457400,18.81999969482422
PTCT,2014-04-14 20:00:00-04:00,18.579999923706055,19.8700008392334,17.170000076293945,19.040000915527344,427800,19.040000915527344
PTCT,2014-04-15 20:00:00-04:00,19.18000030517578,20.389999389648438,18.889999389648438,19.770000457763672,704400,19.770000457763672
PTCT,2014-04-16 20:00:00-04:00,19.6200008392334,20.260000228881836,18.579999923706055,18.780000686645508,131300,18.780000686645508
PTCT,2014-04-20 20:00:00-04:00,18.739999771118164,20.222000122070312,18.350000381469727,18.579999923706055,193800,18.579999923706055
PTCT,2014-04-21 20:00:00-04:00,18.719999313354492,21.059999465942383,18.719999313354492,20.719999313354492,354300,20.719999313354492
PTCT,2014-04-22 20:00:00-04:00,20.299999237060547,20.364999771118164,18.719999313354492,18.799999237060547,306300,18.799999237060547
PTCT,2014-04-23 20:00:00-04:00,19.030000686645508,20.649999618530273,17.579999923706055,18.829999923706055,492400,18.829999923706055
PTCT,2014-04-24 20:00:00-04:00,18.6299991607666,18.809999465942383,17.59000015258789,17.90999984741211,174700,17.90999984741211
PTCT,2014-04-27 20:00:00-04:00,18.049999237060547,18.450000762939453,15.979999542236328,17.43000030517578,194400,17.43000030517578
PTCT,2014-04-28 20:00:00-04:00,17.600000381469727,19.639999389648438,17.329999923706055,19.350000381469727,191800,19.350000381469727
PTCT,2014-04-29 20:00:00-04:00,19.200000762939453,19.75,17.329999923706055,19.540000915527344,152000,19.540000915527344
PTCT,2014-04-30 20:00:00-04:00,19.3799991607666,20.8799991607666,18.649999618530273,20.520000457763672,158600,20.520000457763672
PTCT,2014-05-01 20:00:00-04:00,20.690000534057617,20.690000534057617,18.0,18.139999389648438,135500,18.139999389648438
PTCT,2014-05-04 20:00:00-04:00,18.0,19.1299991607666,17.621000289916992,18.670000076293945,103400,18.670000076293945
PTCT,2014-05-05 20:00:00-04:00,18.68000030517578,19.059999465942383,17.34000015258789,17.440000534057617,160800,17.440000534057617
PTCT,2014-05-06 20:00:00-04:00,17.6200008392334,17.959999084472656,16.799999237060547,17.600000381469727,220800,17.600000381469727
PTCT,2014-05-07 20:00:00-04:00,17.5,18.253000259399414,16.989999771118164,17.389999389648438,233400,17.389999389648438
PTCT,2014-05-08 20:00:00-04:00,17.239999771118164,17.239999771118164,16.190000534057617,16.959999084472656,135400,16.959999084472656
PTCT,2014-05-11 20:00:00-04:00,17.139999389648438,18.360000610351562,17.02199935913086,17.399999618530273,319200,17.399999618530273
PTCT,2014-05-12 20:00:00-04:00,17.34000015258789,17.809999465942383,16.634000778198242,16.790000915527344,123100,16.790000915527344
PTCT,2014-05-13 20:00:00-04:00,16.65999984741211,17.350000381469727,16.350000381469727,16.5,95900,16.5
PTCT,2014-05-14 20:00:00-04:00,16.309999465942383,16.579999923706055,15.029999732971191,15.170000076293945,172400,15.170000076293945
PTCT,2014-05-15 20:00:00-04:00,15.039999961853027,15.119999885559082,14.520000457763672,15.069999694824219,102000,15.069999694824219
PTCT,2014-05-18 20:00:00-04:00,14.9399995803833,16.31999969482422,14.9399995803833,15.640000343322754,75700,15.640000343322754
PTCT,2014-05-19 20:00:00-04:00,15.489999771118164,15.489999771118164,14.579999923706055,14.9399995803833,96300,14.9399995803833
PTCT,2014-05-20 20:00:00-04:00,14.899999618530273,15.0,14.510000228881836,14.670000076293945,96300,14.670000076293945
PTCT,2014-05-21 20:00:00-04:00,14.65999984741211,15.350000381469727,14.531999588012695,15.319999694824219,281200,15.319999694824219
PTCT,2014-05-22 20:00:00-04:00,27.690000534057617,28.75,19.799999237060547,20.030000686645508,10198100,20.030000686645508
PTCT,2014-05-26 20:00:00-04:00,20.229999542236328,21.479999542236328,19.56999969482422,21.18000030517578,1163100,21.18000030517578
PTCT,2014-05-27 20:00:00-04:00,21.299999237060547,25.719999313354492,20.8799991607666,24.3700008392334,1468400,24.3700008392334
PTCT,2014-05-28 20:00:00-04:00,24.75,25.299999237060547,22.90999984741211,23.25,467900,23.25
PTCT,2014-05-29 20:00:00-04:00,23.360000610351562,24.450000762939453,22.549999237060547,23.709999084472656,469800,23.709999084472656
PTCT,2014-06-01 20:00:00-04:00,23.700000762939453,23.940000534057617,22.399999618530273,22.700000762939453,323000,22.700000762939453
PTCT,2014-06-02 20:00:00-04:00,22.700000762939453,22.850000381469727,21.149999618530273,21.65999984741211,255200,21.65999984741211
PTCT,2014-06-03 20:00:00-04:00,21.639999389648438,22.280000686645508,21.06999969482422,22.149999618530273,315500,22.149999618530273
PTCT,2014-06-04 20:00:00-04:00,23.18000030517578,24.649999618530273,22.440000534057617,24.280000686645508,439100,24.280000686645508
PTCT,2014-06-05 20:00:00-04:00,24.280000686645508,24.937000274658203,24.040000915527344,24.540000915527344,271600,24.540000915527344
PTCT,2014-06-08 20:00:00-04:00,24.540000915527344,25.969999313354492,24.22100067138672,24.899999618530273,334400,24.899999618530273
PTCT,2014-06-09 20:00:00-04:00,25.0,25.8700008392334,24.433000564575195,25.3799991607666,211400,25.3799991607666
PTCT,2014-06-10 20:00:00-04:00,25.219999313354492,25.989999771118164,24.799999237060547,25.8700008392334,309400,25.8700008392334
PTCT,2014-06-11 20:00:00-04:00,25.549999237060547,25.81999969482422,24.8799991607666,25.350000381469727,175800,25.350000381469727
PTCT,2014-06-12 20:00:00-04:00,25.56999969482422,25.56999969482422,24.059999465942383,25.229999542236328,168100,25.229999542236328
PTCT,2014-06-15 20:00:00-04:00,25.329999923706055,25.649999618530273,24.649999618530273,25.299999237060547,300000,25.299999237060547
PTCT,2014-06-16 20:00:00-04:00,25.399999618530273,25.809999465942383,24.940000534057617,25.479999542236328,161000,25.479999542236328
PTCT,2014-06-17 20:00:00-04:00,25.3700008392334,26.350000381469727,24.90999984741211,26.229999542236328,308900,26.229999542236328
PTCT,2014-06-18 20:00:00-04:00,26.200000762939453,26.450000762939453,25.280000686645508,26.149999618530273,253300,26.149999618530273
PTCT,2014-06-19 20:00:00-04:00,26.25,26.979999542236328,25.610000610351562,26.760000228881836,702600,26.760000228881836
PTCT,2014-06-22 20:00:00-04:00,26.899999618530273,26.920000076293945,25.649999618530273,26.600000381469727,270200,26.600000381469727
PTCT,2014-06-23 20:00:00-04:00,26.549999237060547,26.979999542236328,25.780000686645508,26.229999542236328,189700,26.229999542236328
PTCT,2014-06-24 20:00:00-04:00,25.969999313354492,26.989999771118164,25.600000381469727,26.75,211600,26.75
PTCT,2014-06-25 20:00:00-04:00,26.8799991607666,26.989999771118164,26.264999389648438,26.780000686645508,225400,26.780000686645508
PTCT,2014-06-26 20:00:00-04:00,26.540000915527344,27.979999542236328,26.469999313354492,27.5,1946800,27.5
PTCT,2014-06-29 20:00:00-04:00,27.700000762939453,28.479999542236328,25.799999237060547,26.139999389648438,315600,26.139999389648438
PTCT,2014-06-30 20:00:00-04:00,26.290000915527344,28.5,26.280000686645508,27.899999618530273,435600,27.899999618530273
PTCT,2014-07-01 20:00:00-04:00,27.729999542236328,28.309999465942383,26.920000076293945,27.219999313354492,187500,27.219999313354492
PTCT,2014-07-02 20:00:00-04:00,27.350000381469727,27.739999771118164,26.799999237060547,27.260000228881836,66200,27.260000228881836
PTCT,2014-07-06 20:00:00-04:00,27.989999771118164,27.989999771118164,26.020000457763672,26.709999084472656,267200,26.709999084472656
PTCT,2014-07-07 20:00:00-04:00,26.68000030517578,26.700000762939453,24.56999969482422,25.049999237060547,228100,25.049999237060547
PTCT,2014-07-08 20:00:00-04:00,25.100000381469727,25.989999771118164,24.43000030517578,25.1299991607666,231500,25.1299991607666
PTCT,2014-07-09 20:00:00-04:00,24.020000457763672,25.25,23.579999923706055,24.420000076293945,197500,24.420000076293945
PTCT,2014-07-10 20:00:00-04:00,24.34000015258789,25.93000030517578,24.15999984741211,24.510000228881836,110400,24.510000228881836
PTCT,2014-07-13 20:00:00-04:00,24.969999313354492,24.969999313354492,24.139999389648438,24.579999923706055,69000,24.579999923706055
PTCT,2014-07-14 20:00:00-04:00,24.5,24.6200008392334,23.209999084472656,24.309999465942383,232100,24.309999465942383
PTCT,2014-07-15 20:00:00-04:00,24.450000762939453,24.450000762939453,23.155000686645508,23.479999542236328,168000,23.479999542236328
PTCT,2014-07-16 20:00:00-04:00,23.049999237060547,24.520000457763672,22.899999618530273,23.190000534057617,243500,23.190000534057617
PTCT,2014-07-17 20:00:00-04:00,23.15999984741211,23.889999389648438,22.700000762939453,23.81999969482422,150000,23.81999969482422
PTCT,2014-07-20 20:00:00-04:00,23.549999237060547,24.899999618530273,22.860000610351562,24.530000686645508,104800,24.530000686645508
PTCT,2014-07-21 20:00:00-04:00,25.510000228881836,27.170000076293945,25.040000915527344,26.920000076293945,254100,26.920000076293945
PTCT,2014-07-22 20:00:00-04:00,27.219999313354492,28.450000762939453,27.209999084472656,28.350000381469727,317000,28.350000381469727
PTCT,2014-07-23 20:00:00-04:00,28.610000610351562,29.100000381469727,27.549999237060547,27.899999618530273,232400,27.899999618530273
PTCT,2014-07-24 20:00:00-04:00,27.6200008392334,28.1299991607666,27.18000030517578,27.799999237060547,248600,27.799999237060547
PTCT,2014-07-27 20:00:00-04:00,27.719999313354492,27.959999084472656,26.639999389648438,27.270000457763672,301700,27.270000457763672
PTCT,2014-07-28 20:00:00-04:00,27.270000457763672,28.56999969482422,26.940000534057617,27.969999313354492,124700,27.969999313354492
PTCT,2014-07-29 20:00:00-04:00,28.329999923706055,29.950000762939453,27.559999465942383,28.989999771118164,199700,28.989999771118164
PTCT,2014-07-30 20:00:00-04:00,28.280000686645508,28.351999282836914,26.34000015258789,26.420000076293945,171400,26.420000076293945
PTCT,2014-07-31 20:00:00-04:00,26.889999389648438,28.315000534057617,26.1299991607666,27.739999771118164,265600,27.739999771118164
PTCT,2014-08-03 20:00:00-04:00,27.979999542236328,28.989999771118164,26.020000457763672,28.8799991607666,466300,28.8799991607666
PTCT,2014-08-04 20:00:00-04:00,28.520000457763672,30.479999542236328,28.100000381469727,30.270000457763672,434800,30.270000457763672
PTCT,2014-08-05 20:00:00-04:00,29.739999771118164,30.700000762939453,29.549999237060547,30.399999618530273,263300,30.399999618530273
PTCT,2014-08-06 20:00:00-04:00,30.100000381469727,30.100000381469727,27.139999389648438,27.3799991607666,361600,27.3799991607666
PTCT,2014-08-07 20:00:00-04:00,27.25,27.25,26.09000015258789,26.610000610351562,195300,26.610000610351562
PTCT,2014-08-10 20:00:00-04:00,26.780000686645508,28.260000228881836,26.559999465942383,27.959999084472656,299200,27.959999084472656
PTCT,2014-08-11 20:00:00-04:00,27.700000762939453,28.860000610351562,27.56999969482422,28.600000381469727,284700,28.600000381469727
PTCT,2014-08-12 20:00:00-04:00,28.950000762939453,30.489999771118164,28.770000457763672,30.459999084472656,250900,30.459999084472656
PTCT,2014-08-13 20:00:00-04:00,30.299999237060547,32.31999969482422,30.299999237060547,32.220001220703125,306700,32.220001220703125
PTCT,2014-08-14 20:00:00-04:00,32.56999969482422,33.7400016784668,32.56999969482422,33.41999816894531,523400,33.41999816894531
PTCT,2014-08-17 20:00:00-04:00,34.25,34.349998474121094,33.27000045776367,33.869998931884766,446900,33.869998931884766
PTCT,2014-08-18 20:00:00-04:00,33.93000030517578,33.959999084472656,32.290000915527344,32.56999969482422,214100,32.56999969482422
PTCT,2014-08-19 20:00:00-04:00,32.36000061035156,32.36000061035156,30.940000534057617,31.010000228881836,179000,31.010000228881836
PTCT,2014-08-20 20:00:00-04:00,31.059999465942383,31.969999313354492,29.520000457763672,29.790000915527344,186400,29.790000915527344
PTCT,2014-08-21 20:00:00-04:00,29.68000030517578,30.170000076293945,29.139999389648438,30.0,181200,30.0
PTCT,2014-08-24 20:00:00-04:00,30.510000228881836,32.2599983215332,30.229999542236328,31.770000457763672,194200,31.770000457763672
PTCT,2014-08-25 20:00:00-04:00,31.690000534057617,32.54999923706055,31.68000030517578,32.33000183105469,251600,32.33000183105469
PTCT,2014-08-26 20:00:00-04:00,32.45000076293945,33.327999114990234,31.180999755859375,32.0,251800,32.0
PTCT,2014-08-27 20:00:00-04:00,31.540000915527344,32.189998626708984,29.700000762939453,31.329999923706055,308500,31.329999923706055
PTCT,2014-08-28 20:00:00-04:00,31.360000610351562,31.780000686645508,30.100000381469727,31.65999984741211,221400,31.65999984741211
PTCT,2014-09-01 20:00:00-04:00,32.27000045776367,32.27000045776367,30.610000610351562,31.020000457763672,134400,31.020000457763672
PTCT,2014-09-02 20:00:00-04:00,31.190000534057617,31.889999389648438,30.239999771118164,30.540000915527344,190800,30.540000915527344
PTCT,2014-09-03 20:00:00-04:00,30.6200008392334,30.781999588012695,29.59000015258789,29.770000457763672,195500,29.770000457763672
PTCT,2014-09-04 20:00:00-04:00,29.549999237060547,31.239999771118164,29.18000030517578,30.959999084472656,211600,30.959999084472656
PTCT,2014-09-07 20:00:00-04:00,30.969999313354492,33.97999954223633,30.969999313354492,33.91999816894531,451200,33.91999816894531
PTCT,2014-09-08 20:00:00-04:00,33.70000076293945,36.165000915527344,33.57600021362305,33.7400016784668,585300,33.7400016784668
PTCT,2014-09-09 20:00:00-04:00,33.540000915527344,34.029998779296875,32.70000076293945,33.88999938964844,263800,33.88999938964844
PTCT,2014-09-10 20:00:00-04:00,33.369998931884766,34.11000061035156,32.209999084472656,33.86000061035156,246800,33.86000061035156
PTCT,2014-09-11 20:00:00-04:00,33.65999984741211,33.928001403808594,32.439998626708984,32.720001220703125,183300,32.720001220703125
PTCT,2014-09-14 20:00:00-04:00,36.5,37.959999084472656,34.63999938964844,36.47999954223633,656800,36.47999954223633
PTCT,2014-09-15 20:00:00-04:00,35.90999984741211,36.4900016784668,35.04999923706055,36.209999084472656,369400,36.209999084472656
PTCT,2014-09-16 20:00:00-04:00,36.0,38.54999923706055,36.0,38.380001068115234,338200,38.380001068115234
PTCT,2014-09-17 20:00:00-04:00,38.58000183105469,40.66999816894531,38.209999084472656,40.099998474121094,474400,40.099998474121094
PTCT,2014-09-18 20:00:00-04:00,40.5,41.45000076293945,39.36000061035156,40.93000030517578,690700,40.93000030517578
PTCT,2014-09-21 20:00:00-04:00,41.02000045776367,41.720001220703125,39.11000061035156,41.099998474121094,281400,41.099998474121094
PTCT,2014-09-22 20:00:00-04:00,41.77000045776367,41.900001525878906,39.70000076293945,40.45000076293945,281600,40.45000076293945
PTCT,2014-09-23 20:00:00-04:00,41.2599983215332,43.97999954223633,40.755001068115234,43.689998626708984,365900,43.689998626708984
PTCT,2014-09-24 20:00:00-04:00,43.5,46.279998779296875,43.5,44.470001220703125,852000,44.470001220703125
PTCT,2014-09-25 20:00:00-04:00,44.540000915527344,47.20000076293945,43.68000030517578,46.34000015258789,419600,46.34000015258789
PTCT,2014-09-28 20:00:00-04:00,46.0,47.0,45.099998474121094,45.619998931884766,444000,45.619998931884766
PTCT,2014-09-29 20:00:00-04:00,45.349998474121094,45.349998474121094,43.79999923706055,44.0099983215332,412900,44.0099983215332
PTCT,2014-09-30 20:00:00-04:00,43.970001220703125,44.27000045776367,41.560001373291016,42.7400016784668,407100,42.7400016784668
PTCT,2014-10-01 20:00:00-04:00,42.52000045776367,45.209999084472656,42.040000915527344,45.18000030517578,262900,45.18000030517578
PTCT,2014-10-02 20:00:00-04:00,45.849998474121094,46.86199951171875,45.349998474121094,45.83000183105469,268300,45.83000183105469
PTCT,2014-10-05 20:00:00-04:00,43.63999938964844,44.0099983215332,40.41999816894531,41.11000061035156,508400,41.11000061035156
PTCT,2014-10-06 20:00:00-04:00,41.0,42.02000045776367,39.930999755859375,40.43000030517578,291600,40.43000030517578
PTCT,2014-10-07 20:00:00-04:00,39.650001525878906,40.54999923706055,37.65999984741211,39.41999816894531,526800,39.41999816894531
PTCT,2014-10-08 20:00:00-04:00,38.58000183105469,38.58000183105469,35.40999984741211,36.59000015258789,570000,36.59000015258789
PTCT,2014-10-09 20:00:00-04:00,36.150001525878906,36.75,34.150001525878906,34.59000015258789,1622100,34.59000015258789
PTCT,2014-10-12 20:00:00-04:00,34.43000030517578,36.84000015258789,33.97999954223633,35.59000015258789,602000,35.59000015258789
PTCT,2014-10-13 20:00:00-04:00,36.04999923706055,38.0,34.5,36.900001525878906,643800,36.900001525878906
PTCT,2014-10-14 20:00:00-04:00,33.81999969482422,38.470001220703125,33.02000045776367,37.06999969482422,573900,37.06999969482422
PTCT,2014-10-15 20:00:00-04:00,36.369998931884766,37.900001525878906,35.56999969482422,37.54999923706055,521500,37.54999923706055
PTCT,2014-10-16 20:00:00-04:00,38.060001373291016,38.119998931884766,36.93000030517578,37.029998779296875,476500,37.029998779296875
PTCT,2014-10-19 20:00:00-04:00,36.84000015258789,37.959999084472656,36.83000183105469,37.560001373291016,293600,37.560001373291016
PTCT,2014-10-20 20:00:00-04:00,37.970001220703125,38.029998779296875,36.720001220703125,37.900001525878906,365400,37.900001525878906
PTCT,2014-10-21 20:00:00-04:00,37.9900016784668,38.380001068115234,36.56999969482422,36.970001220703125,282000,36.970001220703125
PTCT,2014-10-22 20:00:00-04:00,37.7400016784668,38.560001373291016,37.04800033569336,37.959999084472656,608400,37.959999084472656
PTCT,2014-10-23 20:00:00-04:00,37.84000015258789,38.31999969482422,35.59000015258789,36.45000076293945,646500,36.45000076293945
PTCT,2014-10-26 20:00:00-04:00,36.66999816894531,37.689998626708984,35.959999084472656,37.630001068115234,299600,37.630001068115234
PTCT,2014-10-27 20:00:00-04:00,37.900001525878906,41.7400016784668,37.599998474121094,41.29999923706055,509100,41.29999923706055
PTCT,2014-10-28 20:00:00-04:00,41.33000183105469,41.4900016784668,38.78099822998047,39.630001068115234,435200,39.630001068115234
PTCT,2014-10-29 20:00:00-04:00,39.38999938964844,42.77000045776367,39.31999969482422,40.72999954223633,465600,40.72999954223633
PTCT,2014-10-30 20:00:00-04:00,41.97999954223633,42.0,39.970001220703125,40.869998931884766,518000,40.869998931884766
PTCT,2014-11-02 19:00:00-05:00,40.869998931884766,42.0099983215332,40.540000915527344,41.31999969482422,329500,41.31999969482422
PTCT,2014-11-03 19:00:00-05:00,41.11000061035156,41.849998474121094,40.220001220703125,40.81999969482422,224700,40.81999969482422
PTCT,2014-11-04 19:00:00-05:00,41.36000061035156,41.36000061035156,38.61000061035156,38.970001220703125,283500,38.970001220703125
PTCT,2014-11-05 19:00:00-05:00,39.290000915527344,42.2400016784668,38.9900016784668,42.16999816894531,422600,42.16999816894531
PTCT,2014-11-06 19:00:00-05:00,41.900001525878906,41.900001525878906,39.78099822998047,40.2400016784668,285300,40.2400016784668
PTCT,2014-11-09 19:00:00-05:00,40.060001373291016,41.68000030517578,39.68000030517578,41.66999816894531,319800,41.66999816894531
PTCT,2014-11-10 19:00:00-05:00,41.22999954223633,42.099998474121094,40.5099983215332,40.720001220703125,318100,40.720001220703125
PTCT,2014-11-11 19:00:00-05:00,40.27000045776367,41.97999954223633,40.08000183105469,41.31999969482422,226000,41.31999969482422
PTCT,2014-11-12 19:00:00-05:00,41.209999084472656,42.0,40.5,41.189998626708984,381300,41.189998626708984
PTCT,2014-11-13 19:00:00-05:00,40.959999084472656,41.04999923706055,38.68000030517578,38.88999938964844,200000,38.88999938964844
PTCT,2014-11-16 19:00:00-05:00,39.029998779296875,40.470001220703125,38.5,39.189998626708984,167100,39.189998626708984
PTCT,2014-11-17 19:00:00-05:00,39.189998626708984,40.75,38.939998626708984,40.060001373291016,266600,40.060001373291016
PTCT,2014-11-18 19:00:00-05:00,40.31999969482422,40.43000030517578,38.619998931884766,38.869998931884766,240100,38.869998931884766
PTCT,2014-11-19 19:00:00-05:00,38.93000030517578,40.16999816894531,38.779998779296875,39.439998626708984,101900,39.439998626708984
PTCT,2014-11-20 19:00:00-05:00,40.16999816894531,40.25,38.970001220703125,39.77000045776367,187800,39.77000045776367
PTCT,2014-11-23 19:00:00-05:00,42.0,44.65999984741211,39.91999816894531,44.40999984741211,633700,44.40999984741211
PTCT,2014-11-24 19:00:00-05:00,44.65999984741211,45.9900016784668,42.15999984741211,44.61000061035156,600100,44.61000061035156
PTCT,2014-11-25 19:00:00-05:00,44.560001373291016,45.36000061035156,43.91999816894531,44.81999969482422,255600,44.81999969482422
PTCT,2014-11-27 19:00:00-05:00,45.209999084472656,46.59000015258789,44.560001373291016,44.75,131100,44.75
PTCT,2014-11-30 19:00:00-05:00,44.779998779296875,45.18000030517578,43.04999923706055,43.220001220703125,207800,43.220001220703125
PTCT,2014-12-01 19:00:00-05:00,43.099998474121094,48.66999816894531,42.5099983215332,47.779998779296875,548600,47.779998779296875
PTCT,2014-12-02 19:00:00-05:00,48.5099983215332,48.63999938964844,45.70000076293945,46.900001525878906,244700,46.900001525878906
PTCT,2014-12-03 19:00:00-05:00,47.75,50.29999923706055,46.41999816894531,46.90999984741211,768100,46.90999984741211
PTCT,2014-12-04 19:00:00-05:00,47.20000076293945,49.779998779296875,47.20000076293945,49.5,430900,49.5
PTCT,2014-12-07 19:00:00-05:00,49.63999938964844,53.224998474121094,49.63999938964844,52.290000915527344,492400,52.290000915527344
PTCT,2014-12-08 19:00:00-05:00,52.25,56.97999954223633,50.40999984741211,55.0,1003800,55.0
PTCT,2014-12-09 19:00:00-05:00,55.0099983215332,55.849998474121094,53.02000045776367,53.33000183105469,586700,53.33000183105469
PTCT,2014-12-10 19:00:00-05:00,54.0099983215332,56.45800018310547,53.87200164794922,55.33000183105469,558300,55.33000183105469
PTCT,2014-12-11 19:00:00-05:00,54.599998474121094,56.84000015258789,53.77000045776367,55.869998931884766,363900,55.869998931884766
PTCT,2014-12-14 19:00:00-05:00,56.119998931884766,56.9900016784668,50.150001525878906,50.45000076293945,600900,50.45000076293945
PTCT,2014-12-15 19:00:00-05:00,50.0,50.7599983215332,48.38999938964844,48.41999816894531,462900,48.41999816894531
PTCT,2014-12-16 19:00:00-05:00,48.06999969482422,51.27000045776367,48.06999969482422,50.880001068115234,398300,50.880001068115234
PTCT,2014-12-17 19:00:00-05:00,54.70000076293945,54.9900016784668,52.599998474121094,54.959999084472656,510300,54.959999084472656
PTCT,2014-12-18 19:00:00-05:00,57.029998779296875,57.5,54.880001068115234,56.689998626708984,1629300,56.689998626708984
PTCT,2014-12-21 19:00:00-05:00,55.7400016784668,57.349998474121094,54.70000076293945,55.25,349600,55.25
PTCT,2014-12-22 19:00:00-05:00,56.59000015258789,56.59000015258789,50.5,50.900001525878906,638500,50.900001525878906
PTCT,2014-12-23 19:00:00-05:00,50.86000061035156,53.290000915527344,50.83599853515625,51.65999984741211,210900,51.65999984741211
PTCT,2014-12-25 19:00:00-05:00,51.66999816894531,54.040000915527344,51.395999908447266,53.369998931884766,155400,53.369998931884766
PTCT,2014-12-28 19:00:00-05:00,53.06999969482422,54.494998931884766,52.31999969482422,53.619998931884766,127800,53.619998931884766
PTCT,2014-12-29 19:00:00-05:00,53.59000015258789,54.5,52.58000183105469,52.79999923706055,185500,52.79999923706055
PTCT,2014-12-30 19:00:00-05:00,52.84000015258789,54.189998626708984,51.61000061035156,51.77000045776367,279000,51.77000045776367
PTCT,2015-01-01 19:00:00-05:00,52.529998779296875,52.810001373291016,50.029998779296875,51.0,280400,51.0
PTCT,2015-01-04 19:00:00-05:00,50.59000015258789,53.959999084472656,50.16999816894531,52.68000030517578,352400,52.68000030517578
PTCT,2015-01-05 19:00:00-05:00,53.189998626708984,54.150001525878906,49.93000030517578,51.06999969482422,275100,51.06999969482422
PTCT,2015-01-06 19:00:00-05:00,51.900001525878906,53.88999938964844,51.310001373291016,53.209999084472656,276500,53.209999084472656
PTCT,2015-01-07 19:00:00-05:00,53.95000076293945,56.560001373291016,53.09000015258789,54.18000030517578,290800,54.18000030517578
PTCT,2015-01-08 19:00:00-05:00,54.45000076293945,54.45000076293945,51.810001373291016,53.619998931884766,177200,53.619998931884766
PTCT,2015-01-11 19:00:00-05:00,54.0,54.18000030517578,52.52000045776367,53.70000076293945,201900,53.70000076293945
PTCT,2015-01-12 19:00:00-05:00,54.0,59.06999969482422,53.75,57.33000183105469,443900,57.33000183105469
PTCT,2015-01-13 19:00:00-05:00,56.61000061035156,58.9900016784668,56.25,57.459999084472656,248700,57.459999084472656
PTCT,2015-01-14 19:00:00-05:00,57.459999084472656,58.72999954223633,56.0,57.619998931884766,531600,57.619998931884766
PTCT,2015-01-15 19:00:00-05:00,57.31999969482422,58.84000015258789,56.2400016784668,58.599998474121094,287100,58.599998474121094
PTCT,2015-01-19 19:00:00-05:00,59.130001068115234,61.16999816894531,58.25,59.880001068115234,631200,59.880001068115234
PTCT,2015-01-20 19:00:00-05:00,59.68000030517578,60.38999938964844,57.59000015258789,57.91999816894531,341800,57.91999816894531
PTCT,2015-01-21 19:00:00-05:00,58.459999084472656,58.797000885009766,53.0,55.540000915527344,858200,55.540000915527344
PTCT,2015-01-22 19:00:00-05:00,56.650001525878906,57.540000915527344,54.869998931884766,55.529998779296875,326800,55.529998779296875
PTCT,2015-01-25 19:00:00-05:00,55.22999954223633,56.40999984741211,53.709999084472656,55.93000030517578,329800,55.93000030517578
PTCT,2015-01-26 19:00:00-05:00,55.029998779296875,56.029998779296875,53.810001373291016,54.959999084472656,210800,54.959999084472656
PTCT,2015-01-27 19:00:00-05:00,55.34000015258789,56.04999923706055,52.72999954223633,53.9900016784668,257900,53.9900016784668
PTCT,2015-01-28 19:00:00-05:00,54.209999084472656,55.650001525878906,53.540000915527344,55.43000030517578,234900,55.43000030517578
PTCT,2015-01-29 19:00:00-05:00,55.13999938964844,56.58000183105469,54.290000915527344,54.90999984741211,248800,54.90999984741211
PTCT,2015-02-01 19:00:00-05:00,55.33000183105469,55.619998931884766,52.220001220703125,53.689998626708984,593700,53.689998626708984
PTCT,2015-02-02 19:00:00-05:00,53.70000076293945,54.27000045776367,48.349998474121094,50.220001220703125,372200,50.220001220703125
PTCT,2015-02-03 19:00:00-05:00,50.0099983215332,50.220001220703125,46.915000915527344,48.150001525878906,438500,48.150001525878906
PTCT,2015-02-04 19:00:00-05:00,48.560001373291016,52.0,48.30500030517578,51.709999084472656,223500,51.709999084472656
PTCT,2015-02-05 19:00:00-05:00,51.4900016784668,53.599998474121094,50.119998931884766,50.560001373291016,209000,50.560001373291016
PTCT,2015-02-08 19:00:00-05:00,50.22999954223633,51.14500045776367,48.689998626708984,49.900001525878906,161200,49.900001525878906
PTCT,2015-02-09 19:00:00-05:00,50.290000915527344,52.16999816894531,49.709999084472656,51.79999923706055,166700,51.79999923706055
PTCT,2015-02-10 19:00:00-05:00,51.5,53.83000183105469,51.15999984741211,51.779998779296875,133500,51.779998779296875
PTCT,2015-02-11 19:00:00-05:00,52.540000915527344,54.38999938964844,51.70000076293945,54.11000061035156,195900,54.11000061035156
PTCT,2015-02-12 19:00:00-05:00,54.25,55.290000915527344,52.4379997253418,53.369998931884766,142500,53.369998931884766
PTCT,2015-02-16 19:00:00-05:00,53.650001525878906,55.165000915527344,53.099998474121094,53.83000183105469,274300,53.83000183105469
PTCT,2015-02-17 19:00:00-05:00,53.849998474121094,55.31999969482422,51.81999969482422,55.29999923706055,289300,55.29999923706055
PTCT,2015-02-18 19:00:00-05:00,55.77000045776367,56.59000015258789,54.4900016784668,55.310001373291016,227400,55.310001373291016
PTCT,2015-02-19 19:00:00-05:00,55.45000076293945,55.79999923706055,54.529998779296875,55.189998626708984,198000,55.189998626708984
PTCT,2015-02-22 19:00:00-05:00,54.88999938964844,68.44000244140625,54.665000915527344,64.95999908447266,2357800,64.95999908447266
PTCT,2015-02-23 19:00:00-05:00,67.11000061035156,71.52999877929688,64.45999908447266,71.16000366210938,2161100,71.16000366210938
PTCT,2015-02-24 19:00:00-05:00,71.55000305175781,74.93000030517578,70.61399841308594,73.58999633789062,1684500,73.58999633789062
PTCT,2015-02-25 19:00:00-05:00,73.73999786376953,74.8499984741211,71.29000091552734,73.45999908447266,754700,73.45999908447266
PTCT,2015-02-26 19:00:00-05:00,70.5,75.94000244140625,69.76000213623047,71.33000183105469,1028700,71.33000183105469
PTCT,2015-03-01 19:00:00-05:00,69.2699966430664,71.45999908447266,68.4000015258789,70.29000091552734,903300,70.29000091552734
PTCT,2015-03-02 19:00:00-05:00,69.98999786376953,70.98999786376953,66.11000061035156,69.08000183105469,1048600,69.08000183105469
PTCT,2015-03-03 19:00:00-05:00,69.16000366210938,71.88999938964844,68.08000183105469,70.45500183105469,628500,70.45500183105469
PTCT,2015-03-04 19:00:00-05:00,71.55999755859375,73.30000305175781,71.55999755859375,72.72000122070312,700900,72.72000122070312
PTCT,2015-03-05 19:00:00-05:00,72.56999969482422,73.24400329589844,71.0199966430664,71.12999725341797,430500,71.12999725341797
PTCT,2015-03-08 20:00:00-04:00,71.12999725341797,72.37000274658203,70.0,71.04000091552734,614400,71.04000091552734
PTCT,2015-03-09 20:00:00-04:00,69.86000061035156,73.0999984741211,69.86000061035156,72.23999786376953,566600,72.23999786376953
PTCT,2015-03-10 20:00:00-04:00,72.26000213623047,75.23999786376953,71.5199966430664,74.56999969482422,590800,74.56999969482422
PTCT,2015-03-11 20:00:00-04:00,74.87999725341797,76.22000122070312,73.625,75.04000091552734,599300,75.04000091552734
PTCT,2015-03-12 20:00:00-04:00,75.13999938964844,76.63999938964844,73.19999694824219,73.2699966430664,786500,73.2699966430664
PTCT,2015-03-15 20:00:00-04:00,73.36000061035156,74.69000244140625,72.0,73.70999908447266,484100,73.70999908447266
PTCT,2015-03-16 20:00:00-04:00,72.91000366210938,77.87000274658203,72.48999786376953,77.52999877929688,556100,77.52999877929688
PTCT,2015-03-17 20:00:00-04:00,77.5,77.72000122070312,71.25,71.55000305175781,806800,71.55000305175781
PTCT,2015-03-18 20:00:00-04:00,71.38999938964844,73.20999908447266,68.0199966430664,69.2300033569336,1021000,69.2300033569336
PTCT,2015-03-19 20:00:00-04:00,69.7699966430664,70.87999725341797,66.81999969482422,70.05000305175781,1277700,70.05000305175781
PTCT,2015-03-22 20:00:00-04:00,69.9000015258789,70.87000274658203,68.33999633789062,68.81999969482422,576800,68.81999969482422
PTCT,2015-03-23 20:00:00-04:00,68.31999969482422,69.54499816894531,65.55000305175781,66.02999877929688,933500,66.02999877929688
PTCT,2015-03-24 20:00:00-04:00,65.62000274658203,65.7699966430664,61.72999954223633,62.220001220703125,1307000,62.220001220703125
PTCT,2015-03-25 20:00:00-04:00,61.599998474121094,62.040000915527344,58.29499816894531,60.470001220703125,1335700,60.470001220703125
PTCT,2015-03-26 20:00:00-04:00,60.54999923706055,64.83999633789062,60.04999923706055,62.619998931884766,694800,62.619998931884766
PTCT,2015-03-29 20:00:00-04:00,63.25,64.9800033569336,61.19499969482422,64.8499984741211,604700,64.8499984741211
PTCT,2015-03-30 20:00:00-04:00,64.66000366210938,64.81999969482422,60.619998931884766,60.849998474121094,685200,60.849998474121094
PTCT,2015-03-31 20:00:00-04:00,61.0,63.13999938964844,58.099998474121094,62.380001068115234,705900,62.380001068115234
PTCT,2015-04-01 20:00:00-04:00,62.689998626708984,64.95999908447266,61.45000076293945,64.86000061035156,709800,64.86000061035156
PTCT,2015-04-05 20:00:00-04:00,64.70999908447266,67.5999984741211,64.20999908447266,66.11000061035156,697400,66.11000061035156
PTCT,2015-04-06 20:00:00-04:00,65.77999877929688,68.50499725341797,65.16000366210938,66.1500015258789,455200,66.1500015258789
PTCT,2015-04-07 20:00:00-04:00,66.25,69.5,66.25,69.48999786376953,705200,69.48999786376953
PTCT,2015-04-08 20:00:00-04:00,72.94999694824219,78.72000122070312,68.87999725341797,71.7699966430664,1574700,71.7699966430664
PTCT,2015-04-09 20:00:00-04:00,71.94000244140625,72.70999908447266,69.62999725341797,71.66000366210938,470200,71.66000366210938
PTCT,2015-04-12 20:00:00-04:00,72.11000061035156,73.94000244140625,70.66000366210938,71.12000274658203,466600,71.12000274658203
PTCT,2015-04-13 20:00:00-04:00,71.30000305175781,72.13500213623047,69.01000213623047,69.08999633789062,381900,69.08999633789062
PTCT,2015-04-14 20:00:00-04:00,69.41999816894531,69.7300033569336,66.552001953125,67.3499984741211,504900,67.3499984741211
PTCT,2015-04-15 20:00:00-04:00,70.16000366210938,72.9260025024414,68.8499984741211,70.98999786376953,1180500,70.98999786376953
PTCT,2015-04-16 20:00:00-04:00,70.45999908447266,71.97000122070312,69.5999984741211,70.73999786376953,685300,70.73999786376953
PTCT,2015-04-19 20:00:00-04:00,71.56999969482422,71.90499877929688,69.0999984741211,69.45999908447266,491400,69.45999908447266
PTCT,2015-04-20 20:00:00-04:00,69.66999816894531,71.48999786376953,69.49500274658203,70.9800033569336,408600,70.9800033569336
PTCT,2015-04-21 20:00:00-04:00,71.04000091552734,72.30999755859375,69.52999877929688,70.9800033569336,528500,70.9800033569336
PTCT,2015-04-22 20:00:00-04:00,74.4000015258789,74.4000015258789,71.33000183105469,71.36000061035156,884200,71.36000061035156
PTCT,2015-04-23 20:00:00-04:00,70.88999938964844,73.00499725341797,70.4219970703125,70.4800033569336,337900,70.4800033569336
PTCT,2015-04-26 20:00:00-04:00,70.30000305175781,70.4749984741211,63.369998931884766,65.83999633789062,994400,65.83999633789062
PTCT,2015-04-27 20:00:00-04:00,65.95999908447266,67.30000305175781,62.939998626708984,64.5199966430664,538500,64.5199966430664
PTCT,2015-04-28 20:00:00-04:00,63.939998626708984,66.16000366210938,61.70000076293945,62.47999954223633,377200,62.47999954223633
PTCT,2015-04-29 20:00:00-04:00,62.29999923706055,63.150001525878906,57.810001373291016,58.75,1399400,58.75
PTCT,2015-04-30 20:00:00-04:00,59.470001220703125,61.0,58.0099983215332,59.86000061035156,710600,59.86000061035156
PTCT,2015-05-03 20:00:00-04:00,59.2599983215332,61.880001068115234,59.20000076293945,60.84000015258789,684700,60.84000015258789
PTCT,2015-05-04 20:00:00-04:00,55.5,58.20000076293945,52.369998931884766,53.130001068115234,1991300,53.130001068115234
PTCT,2015-05-05 20:00:00-04:00,54.130001068115234,58.83000183105469,53.2599983215332,55.0,1153600,55.0
PTCT,2015-05-06 20:00:00-04:00,55.349998474121094,56.43000030517578,53.57500076293945,55.130001068115234,878400,55.130001068115234
PTCT,2015-05-07 20:00:00-04:00,55.5,57.04999923706055,53.81999969482422,54.040000915527344,730400,54.040000915527344
PTCT,2015-05-10 20:00:00-04:00,54.290000915527344,56.790000915527344,54.290000915527344,54.88999938964844,684000,54.88999938964844
PTCT,2015-05-11 20:00:00-04:00,54.380001068115234,55.04999923706055,53.16999816894531,54.970001220703125,692300,54.970001220703125
PTCT,2015-05-12 20:00:00-04:00,55.13999938964844,56.16999816894531,54.630001068115234,55.5099983215332,525300,55.5099983215332
PTCT,2015-05-13 20:00:00-04:00,55.5,55.650001525878906,53.439998626708984,54.33000183105469,347500,54.33000183105469
PTCT,2015-05-14 20:00:00-04:00,53.40999984741211,55.59000015258789,51.779998779296875,52.09000015258789,912100,52.09000015258789
PTCT,2015-05-17 20:00:00-04:00,52.43000030517578,54.2400016784668,51.5,51.9900016784668,1235700,51.9900016784668
PTCT,2015-05-18 20:00:00-04:00,52.47999954223633,52.75,50.470001220703125,51.09000015258789,751500,51.09000015258789
PTCT,2015-05-19 20:00:00-04:00,51.68000030517578,54.8849983215332,51.31999969482422,53.939998626708984,679200,53.939998626708984
PTCT,2015-05-20 20:00:00-04:00,54.0,55.369998931884766,53.97999954223633,55.209999084472656,960800,55.209999084472656
PTCT,2015-05-21 20:00:00-04:00,55.72999954223633,56.68899917602539,53.93000030517578,55.0099983215332,1054300,55.0099983215332
PTCT,2015-05-25 20:00:00-04:00,54.86000061035156,55.75,54.34000015258789,54.529998779296875,552700,54.529998779296875
PTCT,2015-05-26 20:00:00-04:00,54.529998779296875,56.689998626708984,54.52000045776367,56.349998474121094,667300,56.349998474121094
PTCT,2015-05-27 20:00:00-04:00,56.11000061035156,56.5099983215332,54.77000045776367,55.849998474121094,522600,55.849998474121094
PTCT,2015-05-28 20:00:00-04:00,55.5099983215332,58.45000076293945,55.349998474121094,58.09000015258789,566600,58.09000015258789
PTCT,2015-05-31 20:00:00-04:00,58.0,58.494998931884766,55.90999984741211,56.630001068115234,621400,56.630001068115234
PTCT,2015-06-01 20:00:00-04:00,55.90999984741211,57.479000091552734,55.7599983215332,57.04999923706055,649800,57.04999923706055
PTCT,2015-06-02 20:00:00-04:00,56.66999816894531,58.7599983215332,56.209999084472656,58.0099983215332,458600,58.0099983215332
PTCT,2015-06-03 20:00:00-04:00,57.43000030517578,58.81999969482422,55.459999084472656,56.45000076293945,396100,56.45000076293945
PTCT,2015-06-04 20:00:00-04:00,56.36000061035156,57.459999084472656,54.93000030517578,56.91999816894531,367800,56.91999816894531
PTCT,2015-06-07 20:00:00-04:00,56.0,57.08000183105469,53.22999954223633,54.54999923706055,866300,54.54999923706055
PTCT,2015-06-08 20:00:00-04:00,54.29999923706055,54.34000015258789,52.0099983215332,53.540000915527344,578400,53.540000915527344
PTCT,2015-06-09 20:00:00-04:00,54.25,54.380001068115234,52.90999984741211,53.900001525878906,352300,53.900001525878906
PTCT,2015-06-10 20:00:00-04:00,53.16999816894531,54.54999923706055,52.04999923706055,52.5,838700,52.5
PTCT,2015-06-11 20:00:00-04:00,52.529998779296875,52.86899948120117,50.939998626708984,51.060001373291016,565300,51.060001373291016
PTCT,2015-06-14 20:00:00-04:00,50.5,51.130001068115234,48.75,50.25,522900,50.25
PTCT,2015-06-15 20:00:00-04:00,50.20000076293945,50.209999084472656,46.16999816894531,47.689998626708984,1199000,47.689998626708984
PTCT,2015-06-16 20:00:00-04:00,47.630001068115234,49.36000061035156,47.2599983215332,47.90999984741211,410500,47.90999984741211
PTCT,2015-06-17 20:00:00-04:00,48.47999954223633,50.374000549316406,48.27000045776367,49.40999984741211,504300,49.40999984741211
PTCT,2015-06-18 20:00:00-04:00,49.29999923706055,49.869998931884766,48.52000045776367,49.22999954223633,524400,49.22999954223633
PTCT,2015-06-21 20:00:00-04:00,49.029998779296875,52.54999923706055,47.90999984741211,52.439998626708984,645500,52.439998626708984
PTCT,2015-06-22 20:00:00-04:00,52.97999954223633,53.75,50.95000076293945,52.709999084472656,520300,52.709999084472656
PTCT,2015-06-23 20:00:00-04:00,52.70000076293945,53.5099983215332,51.0629997253418,51.47999954223633,391700,51.47999954223633
PTCT,2015-06-24 20:00:00-04:00,51.959999084472656,52.38999938964844,49.900001525878906,51.060001373291016,480500,51.060001373291016
PTCT,2015-06-25 20:00:00-04:00,50.97999954223633,51.77000045776367,48.06999969482422,48.849998474121094,1553400,48.849998474121094
PTCT,2015-06-28 20:00:00-04:00,47.95000076293945,49.529998779296875,46.90999984741211,47.43000030517578,507000,47.43000030517578
PTCT,2015-06-29 20:00:00-04:00,47.75,48.75,46.91999816894531,48.130001068115234,369400,48.130001068115234
PTCT,2015-06-30 20:00:00-04:00,49.02000045776367,49.5,47.33000183105469,47.84000015258789,313500,47.84000015258789
PTCT,2015-07-01 20:00:00-04:00,47.86000061035156,48.404998779296875,45.90999984741211,47.83000183105469,517600,47.83000183105469
PTCT,2015-07-05 20:00:00-04:00,47.38999938964844,48.45500183105469,46.63999938964844,47.630001068115234,457100,47.630001068115234
PTCT,2015-07-06 20:00:00-04:00,47.560001373291016,48.060001373291016,45.349998474121094,46.88999938964844,332300,46.88999938964844
PTCT,2015-07-07 20:00:00-04:00,46.04999923706055,47.08000183105469,44.130001068115234,44.47999954223633,311900,44.47999954223633
PTCT,2015-07-08 20:00:00-04:00,45.099998474121094,45.5,44.189998626708984,44.7400016784668,404100,44.7400016784668
PTCT,2015-07-09 20:00:00-04:00,45.540000915527344,47.529998779296875,44.84000015258789,46.4900016784668,337500,46.4900016784668
PTCT,2015-07-12 20:00:00-04:00,46.63999938964844,49.189998626708984,46.63999938964844,47.63999938964844,415300,47.63999938964844
PTCT,2015-07-13 20:00:00-04:00,48.130001068115234,50.11000061035156,47.5,48.939998626708984,458900,48.939998626708984
PTCT,2015-07-14 20:00:00-04:00,53.459999084472656,57.25,51.7400016784668,56.0,1994300,56.0
PTCT,2015-07-15 20:00:00-04:00,56.5099983215332,59.369998931884766,56.0,58.709999084472656,705400,58.709999084472656
PTCT,2015-07-16 20:00:00-04:00,58.95000076293945,60.599998474121094,57.0099983215332,60.189998626708984,1001100,60.189998626708984
PTCT,2015-07-19 20:00:00-04:00,60.75,62.150001525878906,58.79999923706055,61.849998474121094,821700,61.849998474121094
PTCT,2015-07-20 20:00:00-04:00,62.04999923706055,62.11000061035156,56.970001220703125,57.619998931884766,578600,57.619998931884766
PTCT,2015-07-21 20:00:00-04:00,57.04999923706055,59.900001525878906,56.900001525878906,59.619998931884766,578000,59.619998931884766
PTCT,2015-07-22 20:00:00-04:00,59.45000076293945,60.76499938964844,58.86000061035156,59.880001068115234,608900,59.880001068115234
PTCT,2015-07-23 20:00:00-04:00,58.900001525878906,60.93000030517578,57.650001525878906,58.119998931884766,577800,58.119998931884766
PTCT,2015-07-26 20:00:00-04:00,57.560001373291016,57.869998931884766,53.29999923706055,53.380001068115234,775300,53.380001068115234
PTCT,2015-07-27 20:00:00-04:00,53.540000915527344,54.61000061035156,52.11000061035156,53.880001068115234,752900,53.880001068115234
PTCT,2015-07-28 20:00:00-04:00,53.560001373291016,53.560001373291016,49.86000061035156,51.02000045776367,560700,51.02000045776367
PTCT,2015-07-29 20:00:00-04:00,51.27000045776367,51.689998626708984,49.65599822998047,50.7400016784668,515900,50.7400016784668
PTCT,2015-07-30 20:00:00-04:00,50.849998474121094,52.20000076293945,49.888999938964844,51.209999084472656,548100,51.209999084472656
PTCT,2015-08-02 20:00:00-04:00,51.2400016784668,53.88999938964844,50.900001525878906,51.880001068115234,638000,51.880001068115234
PTCT,2015-08-03 20:00:00-04:00,51.58000183105469,52.310001373291016,49.099998474121094,49.7599983215332,525800,49.7599983215332
PTCT,2015-08-04 20:00:00-04:00,49.959999084472656,51.38999938964844,49.09000015258789,49.369998931884766,378000,49.369998931884766
PTCT,2015-08-05 20:00:00-04:00,49.619998931884766,50.68000030517578,45.58000183105469,45.689998626708984,464500,45.689998626708984
PTCT,2015-08-06 20:00:00-04:00,45.540000915527344,45.93000030517578,42.08000183105469,43.25,776600,43.25
PTCT,2015-08-09 20:00:00-04:00,43.54999923706055,45.040000915527344,42.88999938964844,43.34000015258789,591700,43.34000015258789
PTCT,2015-08-10 20:00:00-04:00,40.0,41.30099868774414,37.141998291015625,39.665000915527344,2170300,39.665000915527344
PTCT,2015-08-11 20:00:00-04:00,38.88999938964844,39.9900016784668,37.367000579833984,39.0099983215332,762000,39.0099983215332
PTCT,2015-08-12 20:00:00-04:00,39.36000061035156,39.95000076293945,37.529998779296875,37.720001220703125,826300,37.720001220703125
PTCT,2015-08-13 20:00:00-04:00,37.540000915527344,38.22999954223633,36.439998626708984,37.25,696800,37.25
PTCT,2015-08-16 20:00:00-04:00,37.59000015258789,41.27000045776367,36.7599983215332,41.04999923706055,1131900,41.04999923706055
PTCT,2015-08-17 20:00:00-04:00,40.439998626708984,40.66999816894531,39.0,39.119998931884766,559900,39.119998931884766
PTCT,2015-08-18 20:00:00-04:00,39.689998626708984,39.689998626708984,37.290000915527344,38.43000030517578,679800,38.43000030517578
PTCT,2015-08-19 20:00:00-04:00,38.06999969482422,38.65999984741211,36.08000183105469,36.11000061035156,588300,36.11000061035156
PTCT,2015-08-20 20:00:00-04:00,35.11000061035156,36.880001068115234,34.189998626708984,35.084999084472656,762400,35.084999084472656
PTCT,2015-08-23 20:00:00-04:00,32.25,35.41999816894531,29.079999923706055,32.70000076293945,795700,32.70000076293945
PTCT,2015-08-24 20:00:00-04:00,36.75,37.880001068115234,35.452999114990234,35.75,1298400,35.75
PTCT,2015-08-25 20:00:00-04:00,36.470001220703125,39.310001373291016,35.83000183105469,39.189998626708984,943800,39.189998626708984
PTCT,2015-08-26 20:00:00-04:00,39.970001220703125,42.0,39.654998779296875,41.11000061035156,1086600,41.11000061035156
PTCT,2015-08-27 20:00:00-04:00,40.88999938964844,41.32600021362305,39.5,40.619998931884766,458000,40.619998931884766
PTCT,2015-08-30 20:00:00-04:00,40.2400016784668,41.47999954223633,38.0099983215332,38.189998626708984,406500,38.189998626708984
PTCT,2015-08-31 20:00:00-04:00,37.22999954223633,38.810001373291016,36.5099983215332,36.93000030517578,530000,36.93000030517578
PTCT,2015-09-01 20:00:00-04:00,37.7599983215332,38.784000396728516,36.77000045776367,38.36000061035156,494500,38.36000061035156
PTCT,2015-09-02 20:00:00-04:00,38.5,39.599998474121094,37.43000030517578,37.84000015258789,773300,37.84000015258789
PTCT,2015-09-03 20:00:00-04:00,37.369998931884766,38.41999816894531,36.68000030517578,38.029998779296875,295500,38.029998779296875
PTCT,2015-09-07 20:00:00-04:00,38.97999954223633,39.810001373291016,37.849998474121094,39.540000915527344,443800,39.540000915527344
PTCT,2015-09-08 20:00:00-04:00,40.11000061035156,40.75,36.529998779296875,36.880001068115234,696300,36.880001068115234
PTCT,2015-09-09 20:00:00-04:00,36.630001068115234,38.099998474121094,36.15999984741211,37.91999816894531,539000,37.91999816894531
PTCT,2015-09-10 20:00:00-04:00,37.66999816894531,38.27000045776367,36.400001525878906,37.79999923706055,551900,37.79999923706055
PTCT,2015-09-13 20:00:00-04:00,38.040000915527344,38.20000076293945,36.79999923706055,37.91999816894531,383900,37.91999816894531
PTCT,2015-09-14 20:00:00-04:00,37.849998474121094,38.040000915527344,36.869998931884766,37.13999938964844,357300,37.13999938964844
PTCT,2015-09-15 20:00:00-04:00,37.150001525878906,37.70000076293945,33.75,34.52000045776367,1046600,34.52000045776367
PTCT,2015-09-16 20:00:00-04:00,34.29999923706055,36.59000015258789,33.67599868774414,35.939998626708984,786200,35.939998626708984
PTCT,2015-09-17 20:00:00-04:00,35.86000061035156,39.27000045776367,35.41999816894531,38.099998474121094,1607900,38.099998474121094
PTCT,2015-09-20 20:00:00-04:00,38.470001220703125,38.970001220703125,32.880001068115234,35.22999954223633,1218500,35.22999954223633
PTCT,2015-09-21 20:00:00-04:00,34.81999969482422,35.7400016784668,32.81999969482422,33.56999969482422,834200,33.56999969482422
PTCT,2015-09-22 20:00:00-04:00,35.29999923706055,35.29999923706055,32.06999969482422,32.529998779296875,576400,32.529998779296875
PTCT,2015-09-23 20:00:00-04:00,32.18000030517578,32.29999923706055,29.312000274658203,32.02000045776367,770700,32.02000045776367
PTCT,2015-09-24 20:00:00-04:00,32.380001068115234,32.4900016784668,28.5,29.290000915527344,1097900,29.290000915527344
PTCT,2015-09-27 20:00:00-04:00,29.1299991607666,29.549999237060547,26.209999084472656,27.010000228881836,841700,27.010000228881836
PTCT,2015-09-28 20:00:00-04:00,27.0,28.59000015258789,24.6299991607666,25.110000610351562,991300,25.110000610351562
PTCT,2015-09-29 20:00:00-04:00,26.0,28.34000015258789,24.75,26.700000762939453,1030200,26.700000762939453
PTCT,2015-09-30 20:00:00-04:00,26.639999389648438,27.773000717163086,24.969999313354492,27.18000030517578,690200,27.18000030517578
PTCT,2015-10-01 20:00:00-04:00,26.56999969482422,30.079999923706055,26.507999420166016,30.020000457763672,866500,30.020000457763672
PTCT,2015-10-04 20:00:00-04:00,30.8799991607666,31.75,27.010000228881836,29.459999084472656,833500,29.459999084472656
PTCT,2015-10-05 20:00:00-04:00,29.260000228881836,29.739999771118164,26.700000762939453,29.049999237060547,794700,29.049999237060547
PTCT,2015-10-06 20:00:00-04:00,29.18000030517578,33.814998626708984,28.670000076293945,31.489999771118164,1180300,31.489999771118164
PTCT,2015-10-07 20:00:00-04:00,30.979999542236328,33.099998474121094,29.520000457763672,31.950000762939453,1040300,31.950000762939453
PTCT,2015-10-08 20:00:00-04:00,31.739999771118164,35.7599983215332,31.0,34.22999954223633,933000,34.22999954223633
PTCT,2015-10-11 20:00:00-04:00,35.0,35.4900016784668,31.030000686645508,31.43000030517578,1153900,31.43000030517578
PTCT,2015-10-12 20:00:00-04:00,31.139999389648438,32.04899978637695,28.8799991607666,29.219999313354492,671800,29.219999313354492
PTCT,2015-10-13 20:00:00-04:00,29.399999618530273,30.850000381469727,26.899999618530273,29.979999542236328,1275700,29.979999542236328
PTCT,2015-10-14 20:00:00-04:00,30.110000610351562,31.860000610351562,29.420000076293945,31.739999771118164,2835000,31.739999771118164
PTCT,2015-10-15 20:00:00-04:00,34.0099983215332,35.75,31.260000228881836,35.25,7155000,35.25
PTCT,2015-10-18 20:00:00-04:00,34.25,35.736000061035156,28.229999542236328,29.59000015258789,2745600,29.59000015258789
PTCT,2015-10-19 20:00:00-04:00,30.040000915527344,30.7189998626709,26.799999237060547,26.850000381469727,1472100,26.850000381469727
PTCT,2015-10-20 20:00:00-04:00,27.5,27.670000076293945,24.350000381469727,25.489999771118164,1294500,25.489999771118164
PTCT,2015-10-21 20:00:00-04:00,25.280000686645508,26.0,24.100000381469727,24.989999771118164,904000,24.989999771118164
PTCT,2015-10-22 20:00:00-04:00,24.90999984741211,26.399999618530273,24.709999084472656,25.600000381469727,840800,25.600000381469727
PTCT,2015-10-25 20:00:00-04:00,25.219999313354492,25.670000076293945,24.079999923706055,24.229999542236328,542500,24.229999542236328
PTCT,2015-10-26 20:00:00-04:00,24.260000228881836,25.139999389648438,23.239999771118164,23.639999389648438,870400,23.639999389648438
PTCT,2015-10-27 20:00:00-04:00,23.420000076293945,25.25,22.670000076293945,25.219999313354492,1212100,25.219999313354492
PTCT,2015-10-28 20:00:00-04:00,25.219999313354492,26.200000762939453,23.700000762939453,23.959999084472656,930200,23.959999084472656
PTCT,2015-10-29 20:00:00-04:00,23.75,25.450000762939453,23.399999618530273,24.8700008392334,1028500,24.8700008392334
PTCT,2015-11-01 19:00:00-05:00,25.18000030517578,27.70599937438965,24.8700008392334,27.639999389648438,1047500,27.639999389648438
PTCT,2015-11-02 19:00:00-05:00,27.440000534057617,28.329999923706055,25.700000762939453,28.040000915527344,1185600,28.040000915527344
PTCT,2015-11-03 19:00:00-05:00,27.81999969482422,28.479999542236328,26.43000030517578,27.670000076293945,849100,27.670000076293945
PTCT,2015-11-04 19:00:00-05:00,27.489999771118164,27.670000076293945,26.030000686645508,27.010000228881836,601400,27.010000228881836
PTCT,2015-11-05 19:00:00-05:00,27.020000457763672,28.489999771118164,26.350000381469727,28.09000015258789,852700,28.09000015258789
PTCT,2015-11-08 19:00:00-05:00,28.06999969482422,28.670000076293945,27.280000686645508,27.459999084472656,561300,27.459999084472656
PTCT,2015-11-09 19:00:00-05:00,26.799999237060547,30.479999542236328,26.420000076293945,29.299999237060547,1249100,29.299999237060547
PTCT,2015-11-10 19:00:00-05:00,29.25,30.06999969482422,28.389999389648438,28.670000076293945,577100,28.670000076293945
PTCT,2015-11-11 19:00:00-05:00,28.950000762939453,29.950000762939453,28.229999542236328,28.68000030517578,743700,28.68000030517578
PTCT,2015-11-12 19:00:00-05:00,28.440000534057617,31.139999389648438,28.0,30.270000457763672,631500,30.270000457763672
PTCT,2015-11-15 19:00:00-05:00,29.8799991607666,31.219999313354492,29.059999465942383,30.829999923706055,635900,30.829999923706055
PTCT,2015-11-16 19:00:00-05:00,30.90999984741211,34.2400016784668,30.079999923706055,33.09000015258789,1332800,33.09000015258789
PTCT,2015-11-17 19:00:00-05:00,32.90999984741211,34.79999923706055,32.75,34.68000030517578,1091900,34.68000030517578
PTCT,2015-11-18 19:00:00-05:00,34.61000061035156,34.650001525878906,30.020000457763672,30.1200008392334,1486200,30.1200008392334
PTCT,2015-11-19 19:00:00-05:00,27.8799991607666,32.119998931884766,27.170000076293945,29.0,2962200,29.0
PTCT,2015-11-22 19:00:00-05:00,29.899999618530273,31.25,29.149999618530273,30.809999465942383,1443900,30.809999465942383
PTCT,2015-11-23 19:00:00-05:00,30.520000457763672,31.799999237060547,29.1299991607666,31.75,961600,31.75
PTCT,2015-11-24 19:00:00-05:00,28.610000610351562,30.579999923706055,28.1299991607666,29.520000457763672,1694600,29.520000457763672
PTCT,2015-11-26 19:00:00-05:00,29.889999389648438,29.889999389648438,28.6200008392334,29.559999465942383,438000,29.559999465942383
PTCT,2015-11-29 19:00:00-05:00,29.979999542236328,30.739999771118164,28.905000686645508,30.040000915527344,693500,30.040000915527344
PTCT,2015-11-30 19:00:00-05:00,30.450000762939453,30.450000762939453,28.75,29.399999618530273,712500,29.399999618530273
PTCT,2015-12-01 19:00:00-05:00,29.450000762939453,29.75,28.600000381469727,28.860000610351562,425200,28.860000610351562
PTCT,2015-12-02 19:00:00-05:00,29.020000457763672,29.65999984741211,27.3700008392334,27.8799991607666,685700,27.8799991607666
PTCT,2015-12-03 19:00:00-05:00,28.0,28.3700008392334,26.139999389648438,27.739999771118164,909400,27.739999771118164
PTCT,2015-12-06 19:00:00-05:00,27.8700008392334,27.899999618530273,26.219999313354492,26.530000686645508,677800,26.530000686645508
PTCT,2015-12-07 19:00:00-05:00,26.18000030517578,27.81999969482422,26.0,27.649999618530273,713000,27.649999618530273
PTCT,2015-12-08 19:00:00-05:00,27.6299991607666,28.0,26.950000762939453,27.229999542236328,438800,27.229999542236328
PTCT,2015-12-09 19:00:00-05:00,27.309999465942383,28.459999084472656,26.959999084472656,28.020000457763672,437000,28.020000457763672
PTCT,2015-12-10 19:00:00-05:00,27.389999389648438,28.030000686645508,26.510000228881836,26.899999618530273,756800,26.899999618530273
PTCT,2015-12-13 19:00:00-05:00,26.829999923706055,27.799999237060547,26.1200008392334,26.540000915527344,890600,26.540000915527344
PTCT,2015-12-14 19:00:00-05:00,27.25,29.28499984741211,27.079999923706055,28.600000381469727,892000,28.600000381469727
PTCT,2015-12-15 19:00:00-05:00,29.100000381469727,34.720001220703125,29.100000381469727,34.040000915527344,1762400,34.040000915527344
PTCT,2015-12-16 19:00:00-05:00,34.29999923706055,35.400001525878906,32.2400016784668,32.5,712500,32.5
PTCT,2015-12-17 19:00:00-05:00,32.20000076293945,33.959999084472656,31.040000915527344,32.5,1984500,32.5
PTCT,2015-12-20 19:00:00-05:00,32.90999984741211,33.15999984741211,32.0,33.02000045776367,677100,33.02000045776367
PTCT,2015-12-21 19:00:00-05:00,33.349998474121094,33.63999938964844,31.520000457763672,31.579999923706055,486500,31.579999923706055
PTCT,2015-12-22 19:00:00-05:00,31.8700008392334,33.7400016784668,31.34000015258789,33.5,541800,33.5
PTCT,2015-12-23 19:00:00-05:00,33.45000076293945,33.915000915527344,32.36000061035156,32.439998626708984,287500,32.439998626708984
PTCT,2015-12-27 19:00:00-05:00,32.689998626708984,33.18000030517578,31.75,32.45000076293945,430600,32.45000076293945
PTCT,2015-12-28 19:00:00-05:00,32.56999969482422,33.709999084472656,32.45000076293945,33.540000915527344,334600,33.540000915527344
PTCT,2015-12-29 19:00:00-05:00,33.459999084472656,34.650001525878906,32.58000183105469,32.689998626708984,353000,32.689998626708984
PTCT,2015-12-30 19:00:00-05:00,32.61000061035156,33.0,31.801000595092773,32.400001525878906,362900,32.400001525878906
PTCT,2016-01-03 19:00:00-05:00,31.600000381469727,31.889999389648438,30.09000015258789,30.860000610351562,751300,30.860000610351562
PTCT,2016-01-04 19:00:00-05:00,31.040000915527344,31.6200008392334,29.1299991607666,29.559999465942383,659300,29.559999465942383
PTCT,2016-01-05 19:00:00-05:00,28.940000534057617,29.860000610351562,28.579999923706055,29.309999465942383,890600,29.309999465942383
PTCT,2016-01-06 19:00:00-05:00,28.489999771118164,29.25,27.229999542236328,27.469999313354492,1231200,27.469999313354492
PTCT,2016-01-07 19:00:00-05:00,28.190000534057617,28.690000534057617,26.139999389648438,26.31999969482422,714900,26.31999969482422
PTCT,2016-01-10 19:00:00-05:00,26.5,26.59000015258789,22.610000610351562,23.18000030517578,979500,23.18000030517578
PTCT,2016-01-11 19:00:00-05:00,23.31999969482422,24.540000915527344,22.030000686645508,23.8700008392334,755500,23.8700008392334
PTCT,2016-01-12 19:00:00-05:00,24.059999465942383,24.469999313354492,21.440000534057617,22.65999984741211,912300,22.65999984741211
PTCT,2016-01-13 19:00:00-05:00,22.649999618530273,24.389999389648438,20.610000610351562,23.829999923706055,1096000,23.829999923706055
PTCT,2016-01-14 19:00:00-05:00,21.43000030517578,23.65999984741211,18.6299991607666,23.110000610351562,3401900,23.110000610351562
PTCT,2016-01-18 19:00:00-05:00,23.760000228881836,26.200000762939453,23.1200008392334,24.510000228881836,1889200,24.510000228881836
PTCT,2016-01-19 19:00:00-05:00,23.90999984741211,28.260000228881836,22.790000915527344,27.139999389648438,1324600,27.139999389648438
PTCT,2016-01-20 19:00:00-05:00,26.75,29.350000381469727,26.559999465942383,26.8700008392334,1236500,26.8700008392334
PTCT,2016-01-21 19:00:00-05:00,27.59000015258789,28.898000717163086,26.700000762939453,27.549999237060547,545300,27.549999237060547
PTCT,2016-01-24 19:00:00-05:00,26.959999084472656,27.62299919128418,25.440000534057617,25.809999465942383,1293400,25.809999465942383
PTCT,2016-01-25 19:00:00-05:00,25.959999084472656,26.709999084472656,24.709999084472656,26.079999923706055,654700,26.079999923706055
PTCT,2016-01-26 19:00:00-05:00,26.0,26.229999542236328,23.700000762939453,24.09000015258789,926000,24.09000015258789
PTCT,2016-01-27 19:00:00-05:00,24.510000228881836,24.600000381469727,22.309999465942383,23.030000686645508,953700,23.030000686645508
PTCT,2016-01-28 19:00:00-05:00,23.0,24.552000045776367,22.790000915527344,23.81999969482422,664500,23.81999969482422
PTCT,2016-01-31 19:00:00-05:00,23.81999969482422,25.09000015258789,22.799999237060547,24.739999771118164,590500,24.739999771118164
PTCT,2016-02-01 19:00:00-05:00,24.200000762939453,24.700000762939453,23.600000381469727,23.989999771118164,584200,23.989999771118164
PTCT,2016-02-02 19:00:00-05:00,24.239999771118164,25.334999084472656,23.290000915527344,25.15999984741211,679000,25.15999984741211
PTCT,2016-02-03 19:00:00-05:00,24.899999618530273,27.719999313354492,24.8799991607666,26.700000762939453,793400,26.700000762939453
PTCT,2016-02-04 19:00:00-05:00,26.450000762939453,26.889999389648438,24.110000610351562,24.6299991607666,779100,24.6299991607666
PTCT,2016-02-07 19:00:00-05:00,24.299999237060547,24.84000015258789,22.645000457763672,23.3700008392334,936700,23.3700008392334
PTCT,2016-02-08 19:00:00-05:00,22.850000381469727,25.6200008392334,22.360000610351562,23.760000228881836,515000,23.760000228881836
PTCT,2016-02-09 19:00:00-05:00,24.239999771118164,25.809999465942383,23.479999542236328,23.729999542236328,489700,23.729999542236328
PTCT,2016-02-10 19:00:00-05:00,23.139999389648438,24.799999237060547,22.670000076293945,24.229999542236328,559400,24.229999542236328
PTCT,2016-02-11 19:00:00-05:00,24.510000228881836,25.610000610351562,23.200000762939453,25.510000228881836,571200,25.510000228881836
PTCT,2016-02-15 19:00:00-05:00,26.200000762939453,28.219999313354492,25.799999237060547,27.959999084472656,670900,27.959999084472656
PTCT,2016-02-16 19:00:00-05:00,28.6200008392334,30.0,28.09000015258789,29.770000457763672,745700,29.770000457763672
PTCT,2016-02-17 19:00:00-05:00,29.670000076293945,30.229999542236328,28.670000076293945,29.229999542236328,676900,29.229999542236328
PTCT,2016-02-18 19:00:00-05:00,29.15999984741211,29.700000762939453,27.559999465942383,28.84000015258789,785500,28.84000015258789
PTCT,2016-02-21 19:00:00-05:00,29.770000457763672,29.979999542236328,27.760000228881836,28.260000228881836,607600,28.260000228881836
PTCT,2016-02-22 19:00:00-05:00,16.1299991607666,17.0,10.800000190734863,10.84000015258789,26582000,10.84000015258789
PTCT,2016-02-23 19:00:00-05:00,10.609999656677246,11.468999862670898,10.109999656677246,10.510000228881836,6438300,10.510000228881836
PTCT,2016-02-24 19:00:00-05:00,10.949999809265137,12.260000228881836,10.520000457763672,11.319999694824219,7278300,11.319999694824219
PTCT,2016-02-25 19:00:00-05:00,11.510000228881836,11.6899995803833,7.829999923706055,7.989999771118164,7719500,7.989999771118164
PTCT,2016-02-28 19:00:00-05:00,7.929999828338623,8.569999694824219,7.789999961853027,7.980000019073486,6060600,7.980000019073486
PTCT,2016-02-29 19:00:00-05:00,7.559999942779541,7.690000057220459,5.289999961853027,5.550000190734863,13132800,5.550000190734863
PTCT,2016-03-01 19:00:00-05:00,5.75,6.679999828338623,5.571000099182129,6.400000095367432,7896500,6.400000095367432
PTCT,2016-03-02 19:00:00-05:00,6.550000190734863,6.800000190734863,6.0,6.099999904632568,3731100,6.099999904632568
PTCT,2016-03-03 19:00:00-05:00,6.099999904632568,6.25,5.849999904632568,6.059999942779541,2282400,6.059999942779541
PTCT,2016-03-06 19:00:00-05:00,6.239999771118164,6.539999961853027,5.96999979019165,6.480000019073486,2528600,6.480000019073486
PTCT,2016-03-07 19:00:00-05:00,6.190000057220459,6.420000076293945,6.159999847412109,6.159999847412109,1999500,6.159999847412109
PTCT,2016-03-08 19:00:00-05:00,6.210000038146973,6.261000156402588,5.829999923706055,5.900000095367432,1575300,5.900000095367432
PTCT,2016-03-09 19:00:00-05:00,5.989999771118164,6.130000114440918,5.619999885559082,5.760000228881836,1383900,5.760000228881836
PTCT,2016-03-10 19:00:00-05:00,5.880000114440918,6.170000076293945,5.690000057220459,6.150000095367432,1484000,6.150000095367432
PTCT,2016-03-13 20:00:00-04:00,6.090000152587891,6.460000038146973,5.949999809265137,6.320000171661377,1279300,6.320000171661377
PTCT,2016-03-14 20:00:00-04:00,6.21999979019165,6.309999942779541,5.619999885559082,5.659999847412109,1555500,5.659999847412109
PTCT,2016-03-15 20:00:00-04:00,5.599999904632568,5.730000019073486,5.269999980926514,5.480000019073486,1563200,5.480000019073486
PTCT,2016-03-16 20:00:00-04:00,5.489999771118164,5.619999885559082,5.300000190734863,5.5,1388200,5.5
PTCT,2016-03-17 20:00:00-04:00,5.599999904632568,6.039999961853027,5.570000171661377,5.929999828338623,3307300,5.929999828338623
PTCT,2016-03-20 20:00:00-04:00,5.869999885559082,6.322000026702881,5.75,6.150000095367432,1132800,6.150000095367432
PTCT,2016-03-21 20:00:00-04:00,6.150000095367432,6.320000171661377,6.0,6.230000019073486,965000,6.230000019073486
PTCT,2016-03-22 20:00:00-04:00,6.25,6.440000057220459,5.650000095367432,5.659999847412109,1065900,5.659999847412109
PTCT,2016-03-23 20:00:00-04:00,5.5,5.880000114440918,5.400000095367432,5.715000152587891,656900,5.715000152587891
PTCT,2016-03-27 20:00:00-04:00,5.730000019073486,5.849999904632568,5.510000228881836,5.510000228881836,573300,5.510000228881836
PTCT,2016-03-28 20:00:00-04:00,5.480000019073486,5.889999866485596,5.300000190734863,5.860000133514404,819800,5.860000133514404
PTCT,2016-03-29 20:00:00-04:00,5.929999828338623,6.269999980926514,5.920000076293945,6.090000152587891,1013900,6.090000152587891
PTCT,2016-03-30 20:00:00-04:00,6.050000190734863,6.690000057220459,5.980000019073486,6.440000057220459,1402200,6.440000057220459
PTCT,2016-03-31 20:00:00-04:00,6.340000152587891,7.099999904632568,6.289999961853027,6.760000228881836,1468300,6.760000228881836
PTCT,2016-04-03 20:00:00-04:00,6.760000228881836,7.179999828338623,6.690000057220459,6.789999961853027,1007800,6.789999961853027
PTCT,2016-04-04 20:00:00-04:00,6.75,6.940000057220459,6.550000190734863,6.579999923706055,621000,6.579999923706055
PTCT,2016-04-05 20:00:00-04:00,6.579999923706055,6.940000057220459,6.389999866485596,6.929999828338623,1092800,6.929999828338623
PTCT,2016-04-06 20:00:00-04:00,6.909999847412109,7.210000038146973,6.739999771118164,7.079999923706055,936900,7.079999923706055
PTCT,2016-04-07 20:00:00-04:00,7.239999771118164,7.289999961853027,6.260000228881836,6.369999885559082,1494900,6.369999885559082
PTCT,2016-04-10 20:00:00-04:00,6.420000076293945,6.494999885559082,6.150000095367432,6.21999979019165,610400,6.21999979019165
PTCT,2016-04-11 20:00:00-04:00,6.239999771118164,6.309999942779541,5.78000020980835,6.059999942779541,945300,6.059999942779541
PTCT,2016-04-12 20:00:00-04:00,6.170000076293945,6.40500020980835,5.909999847412109,6.320000171661377,779200,6.320000171661377
PTCT,2016-04-13 20:00:00-04:00,6.369999885559082,6.449999809265137,6.099999904632568,6.230000019073486,394700,6.230000019073486
PTCT,2016-04-14 20:00:00-04:00,6.400000095367432,10.149999618530273,6.059999942779541,8.920000076293945,28675100,8.920000076293945
PTCT,2016-04-17 20:00:00-04:00,8.399999618530273,8.75,7.909999847412109,8.329999923706055,7095100,8.329999923706055
PTCT,2016-04-18 20:00:00-04:00,8.229999542236328,8.600000381469727,7.8379998207092285,7.960000038146973,1640000,7.960000038146973
PTCT,2016-04-19 20:00:00-04:00,7.980000019073486,7.980000019073486,7.260000228881836,7.590000152587891,2687600,7.590000152587891
PTCT,2016-04-20 20:00:00-04:00,7.46999979019165,8.40999984741211,7.449999809265137,8.25,2421400,8.25
PTCT,2016-04-21 20:00:00-04:00,8.25,8.430000305175781,7.63100004196167,8.300000190734863,1490600,8.300000190734863
PTCT,2016-04-24 20:00:00-04:00,8.260000228881836,8.75,8.260000228881836,8.289999961853027,1605200,8.289999961853027
PTCT,2016-04-25 20:00:00-04:00,8.3100004196167,8.319999694824219,7.458000183105469,8.029999732971191,1717200,8.029999732971191
PTCT,2016-04-26 20:00:00-04:00,7.96999979019165,8.109999656677246,7.650000095367432,7.789999961853027,1331600,7.789999961853027
PTCT,2016-04-27 20:00:00-04:00,7.78000020980835,8.149999618530273,7.559999942779541,7.840000152587891,968400,7.840000152587891
PTCT,2016-04-28 20:00:00-04:00,7.800000190734863,7.974999904632568,7.269999980926514,7.420000076293945,1516700,7.420000076293945
PTCT,2016-05-01 20:00:00-04:00,7.519999980926514,7.75,7.289999961853027,7.75,1116100,7.75
PTCT,2016-05-02 20:00:00-04:00,7.389999866485596,7.980000019073486,7.389999866485596,7.699999809265137,907600,7.699999809265137
PTCT,2016-05-03 20:00:00-04:00,7.659999847412109,7.789999961853027,6.920000076293945,6.96999979019165,1274800,6.96999979019165
PTCT,2016-05-04 20:00:00-04:00,7.03000020980835,7.130000114440918,6.760000228881836,6.880000114440918,983400,6.880000114440918
PTCT,2016-05-05 20:00:00-04:00,7.659999847412109,7.699999809265137,6.789999961853027,7.090000152587891,1645700,7.090000152587891
PTCT,2016-05-08 20:00:00-04:00,7.130000114440918,8.050000190734863,6.980000019073486,7.739999771118164,1133200,7.739999771118164
PTCT,2016-05-09 20:00:00-04:00,7.760000228881836,7.760000228881836,7.150000095367432,7.570000171661377,1044000,7.570000171661377
PTCT,2016-05-10 20:00:00-04:00,7.550000190734863,7.610000133514404,7.25,7.25,782100,7.25
PTCT,2016-05-11 20:00:00-04:00,7.320000171661377,7.340000152587891,6.539999961853027,6.599999904632568,1359800,6.599999904632568
PTCT,2016-05-12 20:00:00-04:00,6.570000171661377,6.940000057220459,6.570000171661377,6.760000228881836,708900,6.760000228881836
PTCT,2016-05-15 20:00:00-04:00,6.840000152587891,7.376999855041504,6.610000133514404,7.21999979019165,1026400,7.21999979019165
PTCT,2016-05-16 20:00:00-04:00,7.139999866485596,7.400000095367432,6.920000076293945,6.980000019073486,816000,6.980000019073486
PTCT,2016-05-17 20:00:00-04:00,6.929999828338623,7.079999923706055,6.710000038146973,6.840000152587891,718200,6.840000152587891
PTCT,2016-05-18 20:00:00-04:00,6.809999942779541,7.110000133514404,6.5,6.650000095367432,1027600,6.650000095367432
PTCT,2016-05-19 20:00:00-04:00,6.769999980926514,8.140000343322754,6.699999809265137,8.0,3181500,8.0
PTCT,2016-05-22 20:00:00-04:00,8.010000228881836,8.380000114440918,7.510000228881836,7.710000038146973,2374900,7.710000038146973
PTCT,2016-05-23 20:00:00-04:00,7.809999942779541,8.34000015258789,7.670000076293945,8.140000343322754,1576800,8.140000343322754
PTCT,2016-05-24 20:00:00-04:00,8.369999885559082,8.649999618530273,7.800000190734863,8.369999885559082,1791700,8.369999885559082
PTCT,2016-05-25 20:00:00-04:00,8.329999923706055,8.347999572753906,7.809999942779541,7.869999885559082,1327300,7.869999885559082
PTCT,2016-05-26 20:00:00-04:00,7.760000228881836,7.920000076293945,7.599999904632568,7.840000152587891,956700,7.840000152587891
PTCT,2016-05-30 20:00:00-04:00,7.929999828338623,8.399999618530273,7.849999904632568,8.15999984741211,1176900,8.15999984741211
PTCT,2016-05-31 20:00:00-04:00,8.180000305175781,8.354999542236328,7.989999771118164,8.140000343322754,971000,8.140000343322754
PTCT,2016-06-01 20:00:00-04:00,8.130000114440918,8.369999885559082,8.079999923706055,8.350000381469727,1241300,8.350000381469727
PTCT,2016-06-02 20:00:00-04:00,8.300000190734863,8.300000190734863,7.650000095367432,7.650000095367432,1527400,7.650000095367432
PTCT,2016-06-05 20:00:00-04:00,7.619999885559082,8.274999618530273,7.349999904632568,8.229999542236328,1302000,8.229999542236328
PTCT,2016-06-06 20:00:00-04:00,8.229999542236328,8.229999542236328,7.900000095367432,8.010000228881836,803300,8.010000228881836
PTCT,2016-06-07 20:00:00-04:00,8.039999961853027,8.097999572753906,7.800000190734863,7.889999866485596,1023800,7.889999866485596
PTCT,2016-06-08 20:00:00-04:00,7.800000190734863,7.840000152587891,7.507999897003174,7.539999961853027,1109900,7.539999961853027
PTCT,2016-06-09 20:00:00-04:00,7.409999847412109,7.630000114440918,7.170000076293945,7.239999771118164,1094200,7.239999771118164
PTCT,2016-06-12 20:00:00-04:00,7.159999847412109,7.420000076293945,6.840000152587891,6.860000133514404,1041400,6.860000133514404
PTCT,2016-06-13 20:00:00-04:00,6.840000152587891,7.190000057220459,6.78000020980835,7.090000152587891,1282700,7.090000152587891
PTCT,2016-06-14 20:00:00-04:00,7.139999866485596,7.369999885559082,7.03000020980835,7.21999979019165,591900,7.21999979019165
PTCT,2016-06-15 20:00:00-04:00,7.119999885559082,7.25,6.889999866485596,7.239999771118164,585300,7.239999771118164
PTCT,2016-06-16 20:00:00-04:00,7.260000228881836,7.260000228881836,6.760000228881836,6.820000171661377,1119100,6.820000171661377
PTCT,2016-06-19 20:00:00-04:00,6.929999828338623,7.139999866485596,6.690000057220459,6.980000019073486,747700,6.980000019073486
PTCT,2016-06-20 20:00:00-04:00,7.0,7.0,6.519999980926514,6.71999979019165,1041100,6.71999979019165
PTCT,2016-06-21 20:00:00-04:00,6.739999771118164,7.03000020980835,6.53000020980835,6.599999904632568,825500,6.599999904632568
PTCT,2016-06-22 20:00:00-04:00,6.710000038146973,7.019999980926514,6.610000133514404,7.0,553400,7.0
PTCT,2016-06-23 20:00:00-04:00,6.619999885559082,6.789999961853027,6.409999847412109,6.659999847412109,1936100,6.659999847412109
PTCT,2016-06-26 20:00:00-04:00,6.610000133514404,6.739999771118164,6.25,6.260000228881836,1806500,6.260000228881836
PTCT,2016-06-27 20:00:00-04:00,6.429999828338623,6.900000095367432,6.418000221252441,6.710000038146973,956400,6.710000038146973
PTCT,2016-06-28 20:00:00-04:00,6.880000114440918,7.130000114440918,6.639999866485596,7.03000020980835,745800,7.03000020980835
PTCT,2016-06-29 20:00:00-04:00,7.0,7.289999961853027,6.960000038146973,7.019999980926514,758900,7.019999980926514
PTCT,2016-06-30 20:00:00-04:00,7.050000190734863,7.349999904632568,6.980000019073486,7.150000095367432,799700,7.150000095367432
PTCT,2016-07-04 20:00:00-04:00,7.050000190734863,7.119999885559082,6.75,6.829999923706055,598000,6.829999923706055
PTCT,2016-07-05 20:00:00-04:00,6.800000190734863,7.239999771118164,6.75,7.110000133514404,562400,7.110000133514404
PTCT,2016-07-06 20:00:00-04:00,7.849999904632568,7.948999881744385,7.409999847412109,7.510000228881836,2090600,7.510000228881836
PTCT,2016-07-07 20:00:00-04:00,7.510000228881836,7.570000171661377,7.21999979019165,7.53000020980835,781400,7.53000020980835
PTCT,2016-07-10 20:00:00-04:00,7.550000190734863,7.800000190734863,7.449999809265137,7.46999979019165,537100,7.46999979019165
PTCT,2016-07-11 20:00:00-04:00,7.559999942779541,7.599999904632568,7.385000228881836,7.400000095367432,434000,7.400000095367432
PTCT,2016-07-12 20:00:00-04:00,7.460000038146973,7.519999980926514,6.960000038146973,6.960000038146973,639300,6.960000038146973
PTCT,2016-07-13 20:00:00-04:00,7.110000133514404,7.230000019073486,6.829999923706055,6.909999847412109,488900,6.909999847412109
PTCT,2016-07-14 20:00:00-04:00,6.929999828338623,7.170000076293945,6.829999923706055,7.150000095367432,509400,7.150000095367432
PTCT,2016-07-17 20:00:00-04:00,7.130000114440918,7.190000057220459,6.929999828338623,7.099999904632568,422700,7.099999904632568
PTCT,2016-07-18 20:00:00-04:00,7.099999904632568,7.25,6.820000171661377,6.860000133514404,522400,6.860000133514404
PTCT,2016-07-19 20:00:00-04:00,6.889999866485596,7.5,6.829999923706055,7.409999847412109,1797900,7.409999847412109
PTCT,2016-07-20 20:00:00-04:00,7.510000228881836,7.630000114440918,7.210000038146973,7.300000190734863,580800,7.300000190734863
PTCT,2016-07-21 20:00:00-04:00,7.309999942779541,7.539999961853027,7.119999885559082,7.179999828338623,478900,7.179999828338623
PTCT,2016-07-24 20:00:00-04:00,7.21999979019165,7.349999904632568,6.269999980926514,6.760000228881836,1988400,6.760000228881836
PTCT,2016-07-25 20:00:00-04:00,6.380000114440918,6.460000038146973,5.818999767303467,5.880000114440918,2887300,5.880000114440918
PTCT,2016-07-26 20:00:00-04:00,5.900000095367432,5.900000095367432,5.659999847412109,5.710000038146973,1100000,5.710000038146973
PTCT,2016-07-27 20:00:00-04:00,5.710000038146973,5.880000114440918,5.639999866485596,5.769999980926514,830000,5.769999980926514
PTCT,2016-07-28 20:00:00-04:00,5.710000038146973,6.139999866485596,5.690000057220459,5.96999979019165,1556800,5.96999979019165
PTCT,2016-07-31 20:00:00-04:00,6.03000020980835,6.329999923706055,6.019999980926514,6.099999904632568,1032200,6.099999904632568
PTCT,2016-08-01 20:00:00-04:00,6.090000152587891,6.190000057220459,5.775000095367432,5.860000133514404,1085300,5.860000133514404
PTCT,2016-08-02 20:00:00-04:00,5.809999942779541,6.320000171661377,5.809999942779541,6.260000228881836,1108700,6.260000228881836
PTCT,2016-08-03 20:00:00-04:00,6.269999980926514,6.340000152587891,5.940000057220459,6.090000152587891,881200,6.090000152587891
PTCT,2016-08-04 20:00:00-04:00,6.170000076293945,7.989999771118164,6.139999866485596,7.769999980926514,5340900,7.769999980926514
PTCT,2016-08-07 20:00:00-04:00,7.760000228881836,7.820000171661377,7.420000076293945,7.599999904632568,1242400,7.599999904632568
PTCT,2016-08-08 20:00:00-04:00,7.630000114440918,7.880000114440918,7.480000019073486,7.800000190734863,846000,7.800000190734863
PTCT,2016-08-09 20:00:00-04:00,7.789999961853027,7.880000114440918,7.579999923706055,7.619999885559082,647100,7.619999885559082
PTCT,2016-08-10 20:00:00-04:00,7.670000076293945,7.769999980926514,7.510000228881836,7.730000019073486,770600,7.730000019073486
PTCT,2016-08-11 20:00:00-04:00,7.71999979019165,8.244999885559082,7.671000003814697,8.119999885559082,1600700,8.119999885559082
PTCT,2016-08-14 20:00:00-04:00,8.149999618530273,8.539999961853027,8.149999618530273,8.1899995803833,1042400,8.1899995803833
PTCT,2016-08-15 20:00:00-04:00,8.140000343322754,8.470000267028809,7.829999923706055,8.170000076293945,995600,8.170000076293945
PTCT,2016-08-16 20:00:00-04:00,8.199999809265137,8.350000381469727,8.029999732971191,8.109999656677246,467300,8.109999656677246
PTCT,2016-08-17 20:00:00-04:00,8.100000381469727,8.300000190734863,7.980000019073486,8.140000343322754,377600,8.140000343322754
PTCT,2016-08-18 20:00:00-04:00,8.119999885559082,8.220000267028809,7.960000038146973,8.029999732971191,304200,8.029999732971191
PTCT,2016-08-21 20:00:00-04:00,8.09000015258789,8.489999771118164,8.029999732971191,8.300000190734863,539800,8.300000190734863
PTCT,2016-08-22 20:00:00-04:00,8.380000114440918,8.380000114440918,8.145000457763672,8.289999961853027,313700,8.289999961853027
PTCT,2016-08-23 20:00:00-04:00,8.25,8.739999771118164,7.849999904632568,7.980000019073486,1056300,7.980000019073486
PTCT,2016-08-24 20:00:00-04:00,8.039999961853027,8.470000267028809,7.730000019073486,7.929999828338623,1036900,7.929999828338623
PTCT,2016-08-25 20:00:00-04:00,7.920000076293945,8.050000190734863,7.699999809265137,7.809999942779541,635700,7.809999942779541
PTCT,2016-08-28 20:00:00-04:00,7.849999904632568,7.989999771118164,7.610000133514404,7.730000019073486,365100,7.730000019073486
PTCT,2016-08-29 20:00:00-04:00,7.730000019073486,7.940000057220459,7.630000114440918,7.690000057220459,360100,7.690000057220459
PTCT,2016-08-30 20:00:00-04:00,7.659999847412109,8.229999542236328,7.514999866485596,8.210000038146973,1054900,8.210000038146973
PTCT,2016-08-31 20:00:00-04:00,8.199999809265137,8.199999809265137,7.75,7.789999961853027,612900,7.789999961853027
PTCT,2016-09-01 20:00:00-04:00,7.800000190734863,8.050000190734863,7.619999885559082,7.909999847412109,543000,7.909999847412109
PTCT,2016-09-05 20:00:00-04:00,7.940000057220459,8.140000343322754,7.849999904632568,8.010000228881836,477500,8.010000228881836
PTCT,2016-09-06 20:00:00-04:00,8.050000190734863,8.420000076293945,8.010000228881836,8.180000305175781,615200,8.180000305175781
PTCT,2016-09-07 20:00:00-04:00,8.109999656677246,8.359999656677246,7.909999847412109,8.199999809265137,482700,8.199999809265137
PTCT,2016-09-08 20:00:00-04:00,8.010000228881836,8.229999542236328,7.789999961853027,7.869999885559082,524200,7.869999885559082
PTCT,2016-09-11 20:00:00-04:00,7.829999923706055,8.449999809265137,7.800000190734863,8.449999809265137,876800,8.449999809265137
PTCT,2016-09-12 20:00:00-04:00,8.34000015258789,8.5,8.079999923706055,8.380000114440918,697300,8.380000114440918
PTCT,2016-09-13 20:00:00-04:00,8.5,9.5,8.281000137329102,9.020000457763672,2757200,9.020000457763672
PTCT,2016-09-14 20:00:00-04:00,9.029999732971191,9.050000190734863,8.640999794006348,8.829999923706055,815400,8.829999923706055
PTCT,2016-09-15 20:00:00-04:00,8.770000457763672,9.26200008392334,8.600000381469727,9.109999656677246,1511700,9.109999656677246
PTCT,2016-09-18 20:00:00-04:00,9.170000076293945,11.739999771118164,9.039999961853027,10.989999771118164,9173100,10.989999771118164
PTCT,2016-09-19 20:00:00-04:00,11.220000267028809,11.659000396728516,9.890000343322754,10.210000038146973,4543500,10.210000038146973
PTCT,2016-09-20 20:00:00-04:00,10.289999961853027,10.8100004196167,10.100000381469727,10.4399995803833,1802300,10.4399995803833
PTCT,2016-09-21 20:00:00-04:00,10.5,11.199999809265137,10.319999694824219,10.9399995803833,1516400,10.9399995803833
PTCT,2016-09-22 20:00:00-04:00,10.800000190734863,11.829999923706055,10.800000190734863,11.65999984741211,1685900,11.65999984741211
PTCT,2016-09-25 20:00:00-04:00,11.600000381469727,11.970000267028809,11.300000190734863,11.640000343322754,1143900,11.640000343322754
PTCT,2016-09-26 20:00:00-04:00,11.600000381469727,12.239999771118164,11.569999694824219,11.880000114440918,1159800,11.880000114440918
PTCT,2016-09-27 20:00:00-04:00,11.899999618530273,12.140000343322754,11.270000457763672,11.729999542236328,929900,11.729999542236328
PTCT,2016-09-28 20:00:00-04:00,11.720000267028809,11.84000015258789,11.380000114440918,11.5600004196167,745800,11.5600004196167
PTCT,2016-09-29 20:00:00-04:00,11.609999656677246,14.350000381469727,11.609999656677246,14.010000228881836,6846300,14.010000228881836
PTCT,2016-10-02 20:00:00-04:00,14.1899995803833,14.1899995803833,13.0,13.359999656677246,1782500,13.359999656677246
PTCT,2016-10-03 20:00:00-04:00,13.510000228881836,13.869000434875488,13.220000267028809,13.329999923706055,1141500,13.329999923706055
PTCT,2016-10-04 20:00:00-04:00,13.350000381469727,14.0,13.331000328063965,13.710000038146973,1019400,13.710000038146973
PTCT,2016-10-05 20:00:00-04:00,14.449999809265137,14.5,13.350000381469727,13.59000015258789,1268600,13.59000015258789
PTCT,2016-10-06 20:00:00-04:00,13.520000457763672,13.960000038146973,13.069999694824219,13.34000015258789,950200,13.34000015258789
PTCT,2016-10-09 20:00:00-04:00,13.479999542236328,13.779999732971191,12.84000015258789,13.59000015258789,1790100,13.59000015258789
PTCT,2016-10-10 20:00:00-04:00,13.829999923706055,14.569999694824219,13.069999694824219,13.279999732971191,1562200,13.279999732971191
PTCT,2016-10-11 20:00:00-04:00,13.289999961853027,13.704999923706055,13.1899995803833,13.40999984741211,556100,13.40999984741211
PTCT,2016-10-12 20:00:00-04:00,13.229999542236328,13.864999771118164,13.090999603271484,13.569999694824219,729500,13.569999694824219
PTCT,2016-10-13 20:00:00-04:00,13.579999923706055,13.6899995803833,13.140000343322754,13.270000457763672,583700,13.270000457763672
PTCT,2016-10-16 20:00:00-04:00,10.199999809265137,10.300000190734863,7.900000095367432,7.96999979019165,12008800,7.96999979019165
PTCT,2016-10-17 20:00:00-04:00,7.860000133514404,8.3100004196167,6.900000095367432,7.550000190734863,8279800,7.550000190734863
PTCT,2016-10-18 20:00:00-04:00,7.53000020980835,7.579999923706055,6.949999809265137,6.960000038146973,1928800,6.960000038146973
PTCT,2016-10-19 20:00:00-04:00,6.900000095367432,7.289999961853027,6.849999904632568,7.019999980926514,1516600,7.019999980926514
PTCT,2016-10-20 20:00:00-04:00,7.110000133514404,7.349999904632568,6.860000133514404,6.909999847412109,1806000,6.909999847412109
PTCT,2016-10-23 20:00:00-04:00,6.909999847412109,7.089000225067139,6.690000057220459,6.699999809265137,1096500,6.699999809265137
PTCT,2016-10-24 20:00:00-04:00,6.670000076293945,6.860000133514404,6.474999904632568,6.510000228881836,863400,6.510000228881836
PTCT,2016-10-25 20:00:00-04:00,6.539999961853027,6.699999809265137,6.449999809265137,6.53000020980835,515800,6.53000020980835
PTCT,2016-10-26 20:00:00-04:00,6.599999904632568,6.809999942779541,6.380000114440918,6.409999847412109,645800,6.409999847412109
PTCT,2016-10-27 20:00:00-04:00,6.369999885559082,6.550000190734863,6.210000038146973,6.389999866485596,564800,6.389999866485596
PTCT,2016-10-30 20:00:00-04:00,6.380000114440918,6.409999847412109,6.119999885559082,6.210000038146973,498000,6.210000038146973
PTCT,2016-10-31 20:00:00-04:00,6.210000038146973,6.46999979019165,6.150000095367432,6.349999904632568,898100,6.349999904632568
PTCT,2016-11-01 20:00:00-04:00,6.340000152587891,6.46999979019165,6.210000038146973,6.25,576200,6.25
PTCT,2016-11-02 20:00:00-04:00,6.25,6.349999904632568,4.03000020980835,4.190000057220459,6092200,4.190000057220459
PTCT,2016-11-03 20:00:00-04:00,4.269999980926514,5.255000114440918,4.190000057220459,5.0,3471000,5.0
PTCT,2016-11-06 19:00:00-05:00,5.289999961853027,5.960000038146973,5.130000114440918,5.639999866485596,2601100,5.639999866485596
PTCT,2016-11-07 19:00:00-05:00,5.639999866485596,5.650000095367432,5.150000095367432,5.230000019073486,1560600,5.230000019073486
PTCT,2016-11-08 19:00:00-05:00,5.619999885559082,5.849999904632568,5.429999828338623,5.610000133514404,1420900,5.610000133514404
PTCT,2016-11-09 19:00:00-05:00,5.78000020980835,6.230000019073486,5.699999809265137,6.0,1800800,6.0
PTCT,2016-11-10 19:00:00-05:00,10.630000114440918,11.630000114440918,9.75,11.300000190734863,21662100,11.300000190734863
PTCT,2016-11-13 19:00:00-05:00,12.0,12.789999961853027,11.579999923706055,12.050000190734863,6849900,12.050000190734863
PTCT,2016-11-14 19:00:00-05:00,11.960000038146973,12.420000076293945,11.460000038146973,12.069999694824219,2311700,12.069999694824219
PTCT,2016-11-15 19:00:00-05:00,11.880000114440918,12.420000076293945,11.729999542236328,11.920000076293945,1480600,11.920000076293945
PTCT,2016-11-16 19:00:00-05:00,11.880000114440918,12.760000228881836,11.800000190734863,12.640000343322754,1298700,12.640000343322754
PTCT,2016-11-17 19:00:00-05:00,12.739999771118164,13.470000267028809,12.3100004196167,12.59000015258789,1754000,12.59000015258789
PTCT,2016-11-20 19:00:00-05:00,12.5,12.598999977111816,11.850000381469727,12.100000381469727,1104300,12.100000381469727
PTCT,2016-11-21 19:00:00-05:00,12.050000190734863,12.5,11.529999732971191,11.729999542236328,985000,11.729999542236328
PTCT,2016-11-22 19:00:00-05:00,11.4399995803833,12.390000343322754,11.329999923706055,12.3100004196167,865400,12.3100004196167
PTCT,2016-11-24 19:00:00-05:00,12.479999542236328,12.479999542236328,12.081000328063965,12.40999984741211,389900,12.40999984741211
PTCT,2016-11-27 19:00:00-05:00,12.25,12.390000343322754,11.720000267028809,11.770000457763672,895400,11.770000457763672
PTCT,2016-11-28 19:00:00-05:00,11.770000457763672,11.84000015258789,11.399999618530273,11.470000267028809,757400,11.470000267028809
PTCT,2016-11-29 19:00:00-05:00,11.4399995803833,11.720000267028809,10.789999961853027,11.140000343322754,790700,11.140000343322754
PTCT,2016-11-30 19:00:00-05:00,11.010000228881836,11.319999694824219,10.8100004196167,10.979999542236328,841600,10.979999542236328
PTCT,2016-12-01 19:00:00-05:00,10.930000305175781,11.479999542236328,10.640000343322754,11.079999923706055,666600,11.079999923706055
PTCT,2016-12-04 19:00:00-05:00,11.279999732971191,12.199999809265137,11.199999809265137,12.09000015258789,910000,12.09000015258789
PTCT,2016-12-05 19:00:00-05:00,12.390000343322754,12.5600004196167,11.949999809265137,12.25,1026500,12.25
PTCT,2016-12-06 19:00:00-05:00,12.100000381469727,12.380000114440918,11.789999961853027,12.069999694824219,603200,12.069999694824219
PTCT,2016-12-07 19:00:00-05:00,12.039999961853027,12.960000038146973,11.75,12.859999656677246,934100,12.859999656677246
PTCT,2016-12-08 19:00:00-05:00,12.899999618530273,13.329999923706055,12.699999809265137,12.789999961853027,709800,12.789999961853027
PTCT,2016-12-11 19:00:00-05:00,12.75,12.913999557495117,12.5,12.5600004196167,423000,12.5600004196167
PTCT,2016-12-12 19:00:00-05:00,12.680000305175781,12.770000457763672,12.260000228881836,12.399999618530273,408900,12.399999618530273
PTCT,2016-12-13 19:00:00-05:00,12.329999923706055,12.569999694824219,12.050000190734863,12.329999923706055,680000,12.329999923706055
PTCT,2016-12-14 19:00:00-05:00,12.329999923706055,12.510000228881836,11.989999771118164,12.149999618530273,800800,12.149999618530273
PTCT,2016-12-15 19:00:00-05:00,12.180000305175781,12.899999618530273,12.180000305175781,12.430000305175781,866700,12.430000305175781
PTCT,2016-12-18 19:00:00-05:00,12.380000114440918,12.789999961853027,12.180000305175781,12.239999771118164,574400,12.239999771118164
PTCT,2016-12-19 19:00:00-05:00,12.34000015258789,12.600000381469727,12.050000190734863,12.289999961853027,499100,12.289999961853027
PTCT,2016-12-20 19:00:00-05:00,12.15999984741211,12.300000190734863,11.850000381469727,11.869999885559082,513200,11.869999885559082
PTCT,2016-12-21 19:00:00-05:00,11.829999923706055,12.100000381469727,11.600000381469727,11.729999542236328,355000,11.729999542236328
PTCT,2016-12-22 19:00:00-05:00,12.010000228881836,12.300000190734863,11.6899995803833,12.260000228881836,638900,12.260000228881836
PTCT,2016-12-26 19:00:00-05:00,12.329999923706055,12.510000228881836,11.619999885559082,11.670000076293945,872100,11.670000076293945
PTCT,2016-12-27 19:00:00-05:00,11.680000305175781,11.789999961853027,11.329999923706055,11.430000305175781,547600,11.430000305175781
PTCT,2016-12-28 19:00:00-05:00,11.390000343322754,11.699999809265137,10.789999961853027,11.180000305175781,935200,11.180000305175781
PTCT,2016-12-29 19:00:00-05:00,11.149999618530273,11.40999984741211,10.670000076293945,10.90999984741211,733400,10.90999984741211
PTCT,2017-01-02 19:00:00-05:00,11.0600004196167,11.444000244140625,10.850000381469727,11.229999542236328,435500,11.229999542236328
PTCT,2017-01-03 19:00:00-05:00,11.229999542236328,11.970000267028809,11.199999809265137,11.75,1011200,11.75
PTCT,2017-01-04 19:00:00-05:00,11.25,12.899999618530273,11.187000274658203,12.680000305175781,866600,12.680000305175781
PTCT,2017-01-05 19:00:00-05:00,12.90999984741211,13.699999809265137,12.711000442504883,12.949999809265137,965600,12.949999809265137
PTCT,2017-01-08 19:00:00-05:00,13.039999961853027,14.5,12.850000381469727,14.289999961853027,1156400,14.289999961853027
PTCT,2017-01-09 19:00:00-05:00,14.430000305175781,14.967000007629395,14.100000381469727,14.930000305175781,1289300,14.930000305175781
PTCT,2017-01-10 19:00:00-05:00,15.010000228881836,16.5,14.770000457763672,15.09000015258789,2000200,15.09000015258789
PTCT,2017-01-11 19:00:00-05:00,14.819999694824219,15.869999885559082,14.399999618530273,15.359999656677246,968500,15.359999656677246
PTCT,2017-01-12 19:00:00-05:00,15.4399995803833,15.885000228881836,15.057000160217285,15.470000267028809,559600,15.470000267028809
PTCT,2017-01-16 19:00:00-05:00,15.380000114440918,15.380000114440918,14.359999656677246,14.710000038146973,1068500,14.710000038146973
PTCT,2017-01-17 19:00:00-05:00,14.800000190734863,15.0,14.25,14.420000076293945,657700,14.420000076293945
PTCT,2017-01-18 19:00:00-05:00,14.380000114440918,15.0,14.380000114440918,14.520000457763672,531600,14.520000457763672
PTCT,2017-01-19 19:00:00-05:00,14.529999732971191,14.529999732971191,14.15999984741211,14.430000305175781,373500,14.430000305175781
PTCT,2017-01-22 19:00:00-05:00,14.359999656677246,14.449999809265137,13.369999885559082,13.65999984741211,1034400,13.65999984741211
PTCT,2017-01-23 19:00:00-05:00,13.65999984741211,13.979999542236328,12.949999809265137,13.380000114440918,724400,13.380000114440918
PTCT,2017-01-24 19:00:00-05:00,13.470000267028809,13.670000076293945,13.329999923706055,13.470000267028809,337100,13.470000267028809
PTCT,2017-01-25 19:00:00-05:00,13.560999870300293,14.119999885559082,13.510000228881836,13.800000190734863,959800,13.800000190734863
PTCT,2017-01-26 19:00:00-05:00,13.539999961853027,13.619999885559082,12.399999618530273,12.819999694824219,1269300,12.819999694824219
PTCT,2017-01-29 19:00:00-05:00,13.140000343322754,13.140000343322754,12.09000015258789,12.199999809265137,580100,12.199999809265137
PTCT,2017-01-30 19:00:00-05:00,12.100000381469727,13.25,12.0,13.100000381469727,1127700,13.100000381469727
PTCT,2017-01-31 19:00:00-05:00,13.170000076293945,13.399999618530273,12.720000267028809,13.149999618530273,595400,13.149999618530273
PTCT,2017-02-01 19:00:00-05:00,13.050000190734863,13.359999656677246,12.520000457763672,13.15999984741211,411200,13.15999984741211
PTCT,2017-02-02 19:00:00-05:00,13.270000457763672,13.529000282287598,12.859999656677246,13.489999771118164,482900,13.489999771118164
PTCT,2017-02-05 19:00:00-05:00,13.5,14.0,13.460000038146973,13.59000015258789,439000,13.59000015258789
PTCT,2017-02-06 19:00:00-05:00,13.579999923706055,13.739999771118164,13.270000457763672,13.460000038146973,531400,13.460000038146973
PTCT,2017-02-07 19:00:00-05:00,13.329999923706055,13.470000267028809,12.90999984741211,13.239999771118164,427300,13.239999771118164
PTCT,2017-02-08 19:00:00-05:00,13.260000228881836,14.039999961853027,13.239999771118164,13.819999694824219,587200,13.819999694824219
PTCT,2017-02-09 19:00:00-05:00,13.800000190734863,13.800000190734863,12.699999809265137,12.84000015258789,943100,12.84000015258789
PTCT,2017-02-12 19:00:00-05:00,12.890000343322754,12.925999641418457,12.479999542236328,12.600000381469727,456500,12.600000381469727
PTCT,2017-02-13 19:00:00-05:00,12.569999694824219,12.960000038146973,12.5,12.84000015258789,293700,12.84000015258789
PTCT,2017-02-14 19:00:00-05:00,12.8100004196167,13.220000267028809,12.5,12.760000228881836,503200,12.760000228881836
PTCT,2017-02-15 19:00:00-05:00,12.859999656677246,14.119999885559082,12.770000457763672,13.779999732971191,2625200,13.779999732971191
PTCT,2017-02-16 19:00:00-05:00,13.930000305175781,14.40999984741211,13.5,14.15999984741211,1111900,14.15999984741211
PTCT,2017-02-20 19:00:00-05:00,14.270000457763672,14.4399995803833,13.399999618530273,13.5,880700,13.5
PTCT,2017-02-21 19:00:00-05:00,13.4399995803833,13.64900016784668,12.869999885559082,13.3100004196167,896500,13.3100004196167
PTCT,2017-02-22 19:00:00-05:00,13.359999656677246,13.489999771118164,12.8100004196167,13.069999694824219,491800,13.069999694824219
PTCT,2017-02-23 19:00:00-05:00,12.899999618530273,13.279000282287598,12.760000228881836,13.15999984741211,447100,13.15999984741211
PTCT,2017-02-26 19:00:00-05:00,13.25,13.680000305175781,12.970000267028809,13.529999732971191,707200,13.529999732971191
PTCT,2017-02-27 19:00:00-05:00,13.579999923706055,13.9399995803833,13.0,13.630000114440918,869500,13.630000114440918
PTCT,2017-02-28 19:00:00-05:00,13.899999618530273,14.432999610900879,12.859999656677246,13.180000305175781,1258300,13.180000305175781
PTCT,2017-03-01 19:00:00-05:00,11.010000228881836,12.050000190734863,10.25,10.579999923706055,7638700,10.579999923706055
PTCT,2017-03-02 19:00:00-05:00,10.84000015258789,10.859999656677246,9.635000228881836,9.8100004196167,3096200,9.8100004196167
PTCT,2017-03-05 19:00:00-05:00,10.300000190734863,10.539999961853027,9.710000038146973,10.220000267028809,3113700,10.220000267028809
PTCT,2017-03-06 19:00:00-05:00,10.010000228881836,10.380000114440918,9.819999694824219,9.930000305175781,1112700,9.930000305175781
PTCT,2017-03-07 19:00:00-05:00,9.880000114440918,10.550000190734863,9.800000190734863,10.3100004196167,1564000,10.3100004196167
PTCT,2017-03-08 19:00:00-05:00,10.319999694824219,10.670000076293945,10.130000114440918,10.329999923706055,1383100,10.329999923706055
PTCT,2017-03-09 19:00:00-05:00,10.380000114440918,10.699999809265137,10.270000457763672,10.640000343322754,1347500,10.640000343322754
PTCT,2017-03-12 20:00:00-04:00,10.479999542236328,10.84000015258789,10.479999542236328,10.760000228881836,932200,10.760000228881836
PTCT,2017-03-13 20:00:00-04:00,10.6899995803833,10.8100004196167,10.109999656677246,10.390000343322754,869200,10.390000343322754
PTCT,2017-03-14 20:00:00-04:00,10.4399995803833,11.010000228881836,10.210000038146973,10.899999618530273,1422000,10.899999618530273
PTCT,2017-03-15 20:00:00-04:00,10.09000015258789,10.100000381469727,8.800000190734863,8.84000015258789,5183500,8.84000015258789
PTCT,2017-03-16 20:00:00-04:00,8.90999984741211,9.220000267028809,8.5600004196167,9.0600004196167,3709000,9.0600004196167
PTCT,2017-03-19 20:00:00-04:00,9.020000457763672,9.100000381469727,8.630000114440918,8.899999618530273,1025600,8.899999618530273
PTCT,2017-03-20 20:00:00-04:00,8.920000076293945,8.979999542236328,8.210000038146973,8.369999885559082,1379900,8.369999885559082
PTCT,2017-03-21 20:00:00-04:00,8.359999656677246,8.670000076293945,8.119999885559082,8.640000343322754,1636200,8.640000343322754
PTCT,2017-03-22 20:00:00-04:00,8.630000114440918,8.760000228881836,8.34000015258789,8.449999809265137,983400,8.449999809265137
PTCT,2017-03-23 20:00:00-04:00,8.399999618530273,8.6899995803833,8.279999732971191,8.520000457763672,598600,8.520000457763672
PTCT,2017-03-26 20:00:00-04:00,8.350000381469727,8.800000190734863,8.300000190734863,8.75,917400,8.75
PTCT,2017-03-27 20:00:00-04:00,8.779999732971191,8.989999771118164,8.539999961853027,8.640000343322754,656900,8.640000343322754
PTCT,2017-03-28 20:00:00-04:00,8.680000305175781,8.850000381469727,8.649999618530273,8.739999771118164,831100,8.739999771118164
PTCT,2017-03-29 20:00:00-04:00,8.710000038146973,9.350000381469727,8.619999885559082,9.319999694824219,1585000,9.319999694824219
PTCT,2017-03-30 20:00:00-04:00,9.319999694824219,9.9399995803833,9.0,9.84000015258789,1729600,9.84000015258789
PTCT,2017-04-02 20:00:00-04:00,9.8100004196167,9.979999542236328,9.510000228881836,9.75,917900,9.75
PTCT,2017-04-03 20:00:00-04:00,9.720000267028809,9.920000076293945,9.550000190734863,9.65999984741211,664400,9.65999984741211
PTCT,2017-04-04 20:00:00-04:00,9.710000038146973,9.869999885559082,9.5,9.670000076293945,768300,9.670000076293945
PTCT,2017-04-05 20:00:00-04:00,9.6899995803833,9.770000457763672,9.406000137329102,9.729999542236328,697200,9.729999542236328
PTCT,2017-04-06 20:00:00-04:00,9.680000305175781,9.960000038146973,9.569999694824219,9.84000015258789,579300,9.84000015258789
PTCT,2017-04-09 20:00:00-04:00,9.869999885559082,10.40999984741211,9.670000076293945,10.279999732971191,871600,10.279999732971191
PTCT,2017-04-10 20:00:00-04:00,10.25,10.430000305175781,9.829999923706055,10.420000076293945,920400,10.420000076293945
PTCT,2017-04-11 20:00:00-04:00,10.420000076293945,10.75,10.15999984741211,10.569999694824219,1173900,10.569999694824219
PTCT,2017-04-12 20:00:00-04:00,10.529999732971191,10.960000038146973,10.239999771118164,10.380000114440918,1456200,10.380000114440918
PTCT,2017-04-16 20:00:00-04:00,10.390000343322754,10.819999694824219,10.210000038146973,10.680000305175781,1018200,10.680000305175781
PTCT,2017-04-17 20:00:00-04:00,10.619999885559082,11.069999694824219,10.569999694824219,11.029999732971191,1284300,11.029999732971191
PTCT,2017-04-18 20:00:00-04:00,11.079999923706055,11.539999961853027,10.829999923706055,11.390000343322754,1235900,11.390000343322754
PTCT,2017-04-19 20:00:00-04:00,11.430000305175781,11.770000457763672,10.680000305175781,11.25,2546000,11.25
PTCT,2017-04-20 20:00:00-04:00,11.170000076293945,11.489999771118164,11.069999694824219,11.369999885559082,1204900,11.369999885559082
PTCT,2017-04-23 20:00:00-04:00,11.520000457763672,11.739999771118164,11.329999923706055,11.579999923706055,928100,11.579999923706055
PTCT,2017-04-24 20:00:00-04:00,11.649999618530273,11.925000190734863,11.5600004196167,11.84000015258789,994500,11.84000015258789
PTCT,2017-04-25 20:00:00-04:00,11.819999694824219,12.199999809265137,11.760000228881836,12.0,1110200,12.0
PTCT,2017-04-26 20:00:00-04:00,12.069999694824219,12.119999885559082,11.880000114440918,12.010000228881836,623400,12.010000228881836
PTCT,2017-04-27 20:00:00-04:00,12.270000457763672,12.350000381469727,11.930000305175781,12.149999618530273,499500,12.149999618530273
PTCT,2017-04-30 20:00:00-04:00,12.260000228881836,12.369000434875488,11.9399995803833,12.170000076293945,760200,12.170000076293945
PTCT,2017-05-01 20:00:00-04:00,12.220000267028809,12.550000190734863,11.869999885559082,12.40999984741211,1017900,12.40999984741211
PTCT,2017-05-02 20:00:00-04:00,12.40999984741211,12.40999984741211,11.930000305175781,12.050000190734863,630800,12.050000190734863
PTCT,2017-05-03 20:00:00-04:00,12.109999656677246,12.15999984741211,11.8100004196167,12.130000114440918,567200,12.130000114440918
PTCT,2017-05-04 20:00:00-04:00,11.960000038146973,12.34000015258789,11.960000038146973,12.25,922800,12.25
PTCT,2017-05-07 20:00:00-04:00,11.6899995803833,12.34000015258789,10.649999618530273,10.789999961853027,1500500,10.789999961853027
PTCT,2017-05-08 20:00:00-04:00,10.65999984741211,11.779999732971191,10.65999984741211,11.779999732971191,1381600,11.779999732971191
PTCT,2017-05-09 20:00:00-04:00,11.789999961853027,12.704999923706055,11.789999961853027,12.59000015258789,927300,12.59000015258789
PTCT,2017-05-10 20:00:00-04:00,12.579999923706055,13.140000343322754,12.449999809265137,12.960000038146973,914300,12.960000038146973
PTCT,2017-05-11 20:00:00-04:00,12.899999618530273,13.4399995803833,12.8100004196167,13.0600004196167,788000,13.0600004196167
PTCT,2017-05-14 20:00:00-04:00,13.029999732971191,13.420000076293945,13.0,13.100000381469727,450200,13.100000381469727
PTCT,2017-05-15 20:00:00-04:00,13.09000015258789,13.178999900817871,12.781000137329102,12.960000038146973,474800,12.960000038146973
PTCT,2017-05-16 20:00:00-04:00,12.829999923706055,13.09000015258789,12.6899995803833,12.920000076293945,453700,12.920000076293945
PTCT,2017-05-17 20:00:00-04:00,12.9399995803833,13.630000114440918,12.930000305175781,13.34000015258789,767400,13.34000015258789
PTCT,2017-05-18 20:00:00-04:00,13.34000015258789,13.8100004196167,13.25,13.600000381469727,648000,13.600000381469727
PTCT,2017-05-21 20:00:00-04:00,13.630000114440918,13.850000381469727,12.920000076293945,13.40999984741211,557600,13.40999984741211
PTCT,2017-05-22 20:00:00-04:00,13.229999542236328,13.630000114440918,13.024999618530273,13.5,503300,13.5
PTCT,2017-05-23 20:00:00-04:00,13.5,13.5,12.149999618530273,12.579999923706055,986700,12.579999923706055
PTCT,2017-05-24 20:00:00-04:00,12.899999618530273,12.979999542236328,12.520999908447266,12.75,613600,12.75
PTCT,2017-05-25 20:00:00-04:00,12.6899995803833,12.78499984741211,12.430000305175781,12.59000015258789,400200,12.59000015258789
PTCT,2017-05-29 20:00:00-04:00,12.670000076293945,12.770000457763672,12.470000267028809,12.539999961853027,494600,12.539999961853027
PTCT,2017-05-30 20:00:00-04:00,12.579999923706055,12.710000038146973,12.229999542236328,12.529999732971191,438500,12.529999732971191
PTCT,2017-05-31 20:00:00-04:00,12.569999694824219,12.819999694824219,12.239999771118164,12.619999885559082,806400,12.619999885559082
PTCT,2017-06-01 20:00:00-04:00,12.65999984741211,13.180000305175781,12.510000228881836,13.100000381469727,460600,13.100000381469727
PTCT,2017-06-04 20:00:00-04:00,13.170000076293945,13.600000381469727,12.984999656677246,13.550000190734863,699800,13.550000190734863
PTCT,2017-06-05 20:00:00-04:00,14.079999923706055,14.859999656677246,13.890000343322754,14.3100004196167,2698200,14.3100004196167
PTCT,2017-06-06 20:00:00-04:00,14.40999984741211,15.899999618530273,14.40999984741211,15.470000267028809,1713600,15.470000267028809
PTCT,2017-06-07 20:00:00-04:00,15.5600004196167,16.450000762939453,15.180000305175781,16.3799991607666,1195900,16.3799991607666
PTCT,2017-06-08 20:00:00-04:00,16.40999984741211,17.0,15.994999885559082,16.389999389648438,880400,16.389999389648438
PTCT,2017-06-11 20:00:00-04:00,16.3700008392334,16.81999969482422,15.729999542236328,16.610000610351562,931900,16.610000610351562
PTCT,2017-06-12 20:00:00-04:00,16.559999465942383,17.184999465942383,16.299999237060547,16.809999465942383,835300,16.809999465942383
PTCT,2017-06-13 20:00:00-04:00,16.850000381469727,17.049999237060547,16.219999313354492,16.81999969482422,565200,16.81999969482422
PTCT,2017-06-14 20:00:00-04:00,16.739999771118164,17.0,16.34000015258789,16.78499984741211,500400,16.78499984741211
PTCT,2017-06-15 20:00:00-04:00,16.600000381469727,17.0,16.450000762939453,16.989999771118164,1456200,16.989999771118164
PTCT,2017-06-18 20:00:00-04:00,17.100000381469727,17.6299991607666,16.790000915527344,17.200000762939453,1118100,17.200000762939453
PTCT,2017-06-19 20:00:00-04:00,17.209999084472656,17.559999465942383,16.81999969482422,17.020000457763672,864100,17.020000457763672
PTCT,2017-06-20 20:00:00-04:00,17.06999969482422,17.739999771118164,17.0,17.649999618530273,910100,17.649999618530273
PTCT,2017-06-21 20:00:00-04:00,17.489999771118164,18.200000762939453,17.31999969482422,17.850000381469727,575800,17.850000381469727
PTCT,2017-06-22 20:00:00-04:00,17.959999084472656,18.459999084472656,17.59000015258789,18.280000686645508,1644300,18.280000686645508
PTCT,2017-06-25 20:00:00-04:00,18.43000030517578,18.670000076293945,18.030000686645508,18.389999389648438,576900,18.389999389648438
PTCT,2017-06-26 20:00:00-04:00,18.309999465942383,18.690000534057617,17.530000686645508,17.850000381469727,771000,17.850000381469727
PTCT,2017-06-27 20:00:00-04:00,17.940000534057617,18.860000610351562,17.729999542236328,18.34000015258789,658700,18.34000015258789
PTCT,2017-06-28 20:00:00-04:00,18.3700008392334,18.639999389648438,18.049999237060547,18.459999084472656,447000,18.459999084472656
PTCT,2017-06-29 20:00:00-04:00,18.360000610351562,18.5,18.084999084472656,18.329999923706055,592200,18.329999923706055
PTCT,2017-07-02 20:00:00-04:00,18.469999313354492,19.350000381469727,18.34000015258789,18.850000381469727,432700,18.850000381469727
PTCT,2017-07-04 20:00:00-04:00,18.770000457763672,19.700000762939453,18.68000030517578,19.40999984741211,759200,19.40999984741211
PTCT,2017-07-05 20:00:00-04:00,19.40999984741211,19.700000762939453,19.075000762939453,19.31999969482422,685700,19.31999969482422
PTCT,2017-07-06 20:00:00-04:00,19.3700008392334,19.7189998626709,19.079999923706055,19.290000915527344,429900,19.290000915527344
PTCT,2017-07-09 20:00:00-04:00,19.25,19.559999465942383,18.600000381469727,18.81999969482422,492500,18.81999969482422
PTCT,2017-07-10 20:00:00-04:00,18.84000015258789,19.950000762939453,18.84000015258789,19.860000610351562,830400,19.860000610351562
PTCT,2017-07-11 20:00:00-04:00,19.989999771118164,19.989999771118164,18.34000015258789,18.709999084472656,712100,18.709999084472656
PTCT,2017-07-12 20:00:00-04:00,18.729999542236328,19.40999984741211,17.989999771118164,19.18000030517578,984100,19.18000030517578
PTCT,2017-07-13 20:00:00-04:00,19.15999984741211,19.850000381469727,18.950000762939453,19.389999389648438,527400,19.389999389648438
PTCT,2017-07-16 20:00:00-04:00,19.469999313354492,19.739999771118164,19.09000015258789,19.3700008392334,515000,19.3700008392334
PTCT,2017-07-17 20:00:00-04:00,19.34000015258789,19.6299991607666,19.059999465942383,19.399999618530273,332800,19.399999618530273
PTCT,2017-07-18 20:00:00-04:00,19.579999923706055,19.84000015258789,19.219999313354492,19.43000030517578,450100,19.43000030517578
PTCT,2017-07-19 20:00:00-04:00,20.0,20.889999389648438,19.799999237060547,20.34000015258789,1203000,20.34000015258789
PTCT,2017-07-20 20:00:00-04:00,20.469999313354492,21.649999618530273,20.309999465942383,21.440000534057617,817300,21.440000534057617
PTCT,2017-07-23 20:00:00-04:00,21.479999542236328,21.6200008392334,20.530000686645508,21.549999237060547,805400,21.549999237060547
PTCT,2017-07-24 20:00:00-04:00,21.760000228881836,21.850000381469727,20.790000915527344,21.149999618530273,456400,21.149999618530273
PTCT,2017-07-25 20:00:00-04:00,21.25,21.540000915527344,20.65999984741211,20.84000015258789,319700,20.84000015258789
PTCT,2017-07-26 20:00:00-04:00,20.889999389648438,21.520000457763672,20.049999237060547,20.170000076293945,542200,20.170000076293945
PTCT,2017-07-27 20:00:00-04:00,20.170000076293945,20.93000030517578,20.15999984741211,20.65999984741211,289100,20.65999984741211
PTCT,2017-07-30 20:00:00-04:00,20.709999084472656,21.09000015258789,20.270000457763672,20.6200008392334,284600,20.6200008392334
PTCT,2017-07-31 20:00:00-04:00,20.790000915527344,21.190000534057617,19.530000686645508,19.959999084472656,670900,19.959999084472656
PTCT,2017-08-01 20:00:00-04:00,19.850000381469727,20.520000457763672,18.860000610351562,19.049999237060547,653900,19.049999237060547
PTCT,2017-08-02 20:00:00-04:00,18.989999771118164,19.420000076293945,18.3700008392334,18.959999084472656,617900,18.959999084472656
PTCT,2017-08-03 20:00:00-04:00,19.18000030517578,19.770000457763672,18.774999618530273,19.75,379400,19.75
PTCT,2017-08-06 20:00:00-04:00,19.829999923706055,20.166000366210938,19.68000030517578,19.90999984741211,472000,19.90999984741211
PTCT,2017-08-07 20:00:00-04:00,19.940000534057617,20.25,18.969999313354492,19.100000381469727,515400,19.100000381469727
PTCT,2017-08-08 20:00:00-04:00,20.0,20.93000030517578,19.360000610351562,19.4950008392334,1685500,19.4950008392334
PTCT,2017-08-09 20:00:00-04:00,19.40999984741211,19.40999984741211,17.860000610351562,18.350000381469727,1130800,18.350000381469727
PTCT,2017-08-10 20:00:00-04:00,18.440000534057617,19.34000015258789,18.020000457763672,18.979999542236328,615500,18.979999542236328
PTCT,2017-08-13 20:00:00-04:00,19.149999618530273,19.280000686645508,18.649999618530273,18.690000534057617,553900,18.690000534057617
PTCT,2017-08-14 20:00:00-04:00,18.809999465942383,18.809999465942383,17.979999542236328,18.020000457763672,528700,18.020000457763672
PTCT,2017-08-15 20:00:00-04:00,17.959999084472656,18.299999237060547,17.530000686645508,17.690000534057617,746000,17.690000534057617
PTCT,2017-08-16 20:00:00-04:00,17.65999984741211,18.06999969482422,17.1200008392334,17.559999465942383,454200,17.559999465942383
PTCT,2017-08-17 20:00:00-04:00,17.459999084472656,17.760000228881836,16.899999618530273,17.5,586900,17.5
PTCT,2017-08-20 20:00:00-04:00,17.559999465942383,18.030000686645508,17.170000076293945,17.719999313354492,491200,17.719999313354492
PTCT,2017-08-21 20:00:00-04:00,17.899999618530273,19.040000915527344,17.899999618530273,19.030000686645508,447600,19.030000686645508
PTCT,2017-08-22 20:00:00-04:00,18.84000015258789,19.200000762939453,18.40999984741211,18.420000076293945,372500,18.420000076293945
PTCT,2017-08-23 20:00:00-04:00,18.469999313354492,19.200000762939453,18.110000610351562,19.139999389648438,582200,19.139999389648438
PTCT,2017-08-24 20:00:00-04:00,19.25,19.510000228881836,18.780000686645508,19.170000076293945,371700,19.170000076293945
PTCT,2017-08-27 20:00:00-04:00,19.360000610351562,20.25,19.190000534057617,20.110000610351562,533500,20.110000610351562
PTCT,2017-08-28 20:00:00-04:00,19.770000457763672,21.15999984741211,19.770000457763672,20.079999923706055,732300,20.079999923706055
PTCT,2017-08-29 20:00:00-04:00,19.84000015258789,20.690000534057617,19.670000076293945,20.31999969482422,525900,20.31999969482422
PTCT,2017-08-30 20:00:00-04:00,20.389999389648438,20.940000534057617,20.25,20.75,509400,20.75
PTCT,2017-08-31 20:00:00-04:00,20.829999923706055,21.049999237060547,20.440000534057617,20.93000030517578,385700,20.93000030517578
PTCT,2017-09-04 20:00:00-04:00,21.0,21.690000534057617,20.665000915527344,21.610000610351562,784700,21.610000610351562
PTCT,2017-09-05 20:00:00-04:00,21.670000076293945,22.0,21.030000686645508,21.170000076293945,807900,21.170000076293945
PTCT,2017-09-06 20:00:00-04:00,21.170000076293945,21.450000762939453,20.719999313354492,20.770000457763672,781400,20.770000457763672
PTCT,2017-09-07 20:00:00-04:00,20.770000457763672,21.110000610351562,19.84000015258789,20.510000228881836,802200,20.510000228881836
PTCT,2017-09-10 20:00:00-04:00,20.93000030517578,20.959999084472656,20.049999237060547,20.549999237060547,512000,20.549999237060547
PTCT,2017-09-11 20:00:00-04:00,20.530000686645508,20.770000457763672,20.049999237060547,20.290000915527344,571200,20.290000915527344
PTCT,2017-09-12 20:00:00-04:00,20.350000381469727,20.549999237060547,19.940000534057617,20.170000076293945,519000,20.170000076293945
PTCT,2017-09-13 20:00:00-04:00,20.0,20.270000457763672,19.389999389648438,19.709999084472656,540900,19.709999084472656
PTCT,2017-09-14 20:00:00-04:00,19.780000686645508,20.360000610351562,19.200000762939453,19.420000076293945,1392900,19.420000076293945
PTCT,2017-09-17 20:00:00-04:00,19.450000762939453,20.559999465942383,19.450000762939453,20.40999984741211,967900,20.40999984741211
PTCT,2017-09-18 20:00:00-04:00,20.5,20.709999084472656,19.799999237060547,20.270000457763672,532800,20.270000457763672
PTCT,2017-09-19 20:00:00-04:00,20.549999237060547,20.93000030517578,19.940000534057617,20.1299991607666,1046700,20.1299991607666
PTCT,2017-09-20 20:00:00-04:00,20.100000381469727,20.520000457763672,19.889999389648438,20.049999237060547,744000,20.049999237060547
PTCT,2017-09-21 20:00:00-04:00,19.950000762939453,20.05299949645996,18.34000015258789,18.520000457763672,1412800,18.520000457763672
PTCT,2017-09-24 20:00:00-04:00,18.350000381469727,19.790000915527344,17.649999618530273,19.510000228881836,1813600,19.510000228881836
PTCT,2017-09-25 20:00:00-04:00,17.049999237060547,17.5,14.560999870300293,16.809999465942383,9092000,16.809999465942383
PTCT,2017-09-26 20:00:00-04:00,16.780000686645508,17.65999984741211,16.5,17.459999084472656,2529300,17.459999084472656
PTCT,2017-09-27 20:00:00-04:00,17.459999084472656,17.459999084472656,17.459999084472656,17.459999084472656,321000,17.459999084472656
PTCT,2017-09-28 20:00:00-04:00,18.31999969482422,20.190000534057617,17.75,20.010000228881836,5237000,20.010000228881836
PTCT,2017-10-01 20:00:00-04:00,19.75,20.90999984741211,19.239999771118164,20.889999389648438,1588300,20.889999389648438
PTCT,2017-10-02 20:00:00-04:00,20.84000015258789,21.579999923706055,17.959999084472656,18.6200008392334,3962100,18.6200008392334
PTCT,2017-10-03 20:00:00-04:00,18.780000686645508,18.979999542236328,18.0,18.899999618530273,1117200,18.899999618530273
PTCT,2017-10-04 20:00:00-04:00,18.8799991607666,20.190000534057617,18.8799991607666,19.899999618530273,1228200,19.899999618530273
PTCT,2017-10-05 20:00:00-04:00,19.760000228881836,19.90999984741211,19.239999771118164,19.6299991607666,505000,19.6299991607666
PTCT,2017-10-08 20:00:00-04:00,18.0,19.239999771118164,17.969999313354492,18.3799991607666,2124500,18.3799991607666
PTCT,2017-10-09 20:00:00-04:00,18.360000610351562,18.367000579833984,17.780000686645508,18.18000030517578,767700,18.18000030517578
PTCT,2017-10-10 20:00:00-04:00,18.25,18.44099998474121,17.700000762939453,17.84000015258789,812200,17.84000015258789
PTCT,2017-10-11 20:00:00-04:00,17.889999389648438,18.15999984741211,17.639999389648438,17.829999923706055,601700,17.829999923706055
PTCT,2017-10-12 20:00:00-04:00,17.780000686645508,18.010000228881836,17.469999313354492,17.860000610351562,528800,17.860000610351562
PTCT,2017-10-15 20:00:00-04:00,17.829999923706055,18.280000686645508,17.575000762939453,17.90999984741211,496400,17.90999984741211
PTCT,2017-10-16 20:00:00-04:00,17.979999542236328,18.280000686645508,17.790000915527344,18.1299991607666,404900,18.1299991607666
PTCT,2017-10-17 20:00:00-04:00,18.260000228881836,18.5,17.709999084472656,18.25,476900,18.25
PTCT,2017-10-18 20:00:00-04:00,18.149999618530273,18.149999618530273,17.280000686645508,17.670000076293945,746500,17.670000076293945
PTCT,2017-10-19 20:00:00-04:00,17.75,17.989999771118164,17.594999313354492,17.790000915527344,683900,17.790000915527344
PTCT,2017-10-22 20:00:00-04:00,17.809999465942383,17.889999389648438,16.719999313354492,16.989999771118164,1453100,16.989999771118164
PTCT,2017-10-23 20:00:00-04:00,16.979999542236328,17.299999237060547,16.030000686645508,16.139999389648438,1586900,16.139999389648438
PTCT,2017-10-24 20:00:00-04:00,15.989999771118164,17.399999618530273,15.199999809265137,17.299999237060547,4054700,17.299999237060547
PTCT,2017-10-25 20:00:00-04:00,16.600000381469727,17.110000610351562,15.609999656677246,16.25,2944400,16.25
PTCT,2017-10-26 20:00:00-04:00,16.25,17.719999313354492,15.819999694824219,17.56999969482422,1429000,17.56999969482422
PTCT,2017-10-29 20:00:00-04:00,17.600000381469727,18.405000686645508,17.59000015258789,18.25,1134200,18.25
PTCT,2017-10-30 20:00:00-04:00,18.25,18.959999084472656,18.25,18.739999771118164,1146000,18.739999771118164
PTCT,2017-10-31 20:00:00-04:00,18.93000030517578,19.059999465942383,17.6200008392334,17.770000457763672,1215700,17.770000457763672
PTCT,2017-11-01 20:00:00-04:00,17.530000686645508,18.639999389648438,17.520000457763672,17.850000381469727,1189200,17.850000381469727
PTCT,2017-11-02 20:00:00-04:00,17.5,18.229999542236328,17.200000762939453,17.440000534057617,1254000,17.440000534057617
PTCT,2017-11-05 19:00:00-05:00,17.399999618530273,17.639999389648438,17.010000228881836,17.15999984741211,1045100,17.15999984741211
PTCT,2017-11-06 19:00:00-05:00,17.139999389648438,17.229999542236328,16.6200008392334,16.850000381469727,756800,16.850000381469727
PTCT,2017-11-07 19:00:00-05:00,16.780000686645508,16.850000381469727,15.970000267028809,16.100000381469727,856900,16.100000381469727
PTCT,2017-11-08 19:00:00-05:00,15.9399995803833,16.100000381469727,15.550000190734863,15.850000381469727,918100,15.850000381469727
PTCT,2017-11-09 19:00:00-05:00,15.800000190734863,16.5,15.699999809265137,16.049999237060547,744300,16.049999237060547
PTCT,2017-11-12 19:00:00-05:00,15.890000343322754,15.890000343322754,15.369999885559082,15.529999732971191,1128700,15.529999732971191
PTCT,2017-11-13 19:00:00-05:00,15.539999961853027,15.64900016784668,15.029999732971191,15.15999984741211,796400,15.15999984741211
PTCT,2017-11-14 19:00:00-05:00,15.020000457763672,15.600000381469727,14.869999885559082,15.140000343322754,445700,15.140000343322754
PTCT,2017-11-15 19:00:00-05:00,15.819999694824219,16.68000030517578,15.800000190734863,15.880000114440918,1440600,15.880000114440918
PTCT,2017-11-16 19:00:00-05:00,15.789999961853027,16.010000228881836,15.479999542236328,15.970000267028809,1094500,15.970000267028809
PTCT,2017-11-19 19:00:00-05:00,15.979999542236328,16.209999084472656,15.277000427246094,15.729999542236328,875800,15.729999542236328
PTCT,2017-11-20 19:00:00-05:00,15.680000305175781,16.0,15.619999885559082,15.789999961853027,881900,15.789999961853027
PTCT,2017-11-21 19:00:00-05:00,15.84000015258789,16.05500030517578,15.699999809265137,15.84000015258789,873300,15.84000015258789
PTCT,2017-11-23 19:00:00-05:00,16.0,16.670000076293945,15.84000015258789,16.59000015258789,376300,16.59000015258789
PTCT,2017-11-26 19:00:00-05:00,16.520000457763672,16.709999084472656,16.135000228881836,16.190000534057617,605900,16.190000534057617
PTCT,2017-11-27 19:00:00-05:00,16.299999237060547,16.450000762939453,16.006000518798828,16.15999984741211,641000,16.15999984741211
PTCT,2017-11-28 19:00:00-05:00,16.15999984741211,16.25,15.75,15.920000076293945,389000,15.920000076293945
PTCT,2017-11-29 19:00:00-05:00,15.859999656677246,16.200000762939453,15.729999542236328,15.949999809265137,1545300,15.949999809265137
PTCT,2017-11-30 19:00:00-05:00,15.979999542236328,16.15999984741211,15.220000267028809,15.779999732971191,987500,15.779999732971191
PTCT,2017-12-03 19:00:00-05:00,15.949999809265137,16.524999618530273,15.710000038146973,15.770000457763672,512400,15.770000457763672
PTCT,2017-12-04 19:00:00-05:00,15.729999542236328,16.459999084472656,15.729999542236328,15.970000267028809,400700,15.970000267028809
PTCT,2017-12-05 19:00:00-05:00,15.789999961853027,16.229999542236328,15.670000076293945,16.110000610351562,522700,16.110000610351562
PTCT,2017-12-06 19:00:00-05:00,16.170000076293945,16.809999465942383,16.020000457763672,16.75,782900,16.75
PTCT,2017-12-07 19:00:00-05:00,16.850000381469727,16.959999084472656,16.56999969482422,16.700000762939453,604900,16.700000762939453
PTCT,2017-12-10 19:00:00-05:00,16.81999969482422,16.8700008392334,16.229999542236328,16.25,571400,16.25
PTCT,2017-12-11 19:00:00-05:00,16.25,16.3700008392334,15.600000381469727,15.9399995803833,629500,15.9399995803833
PTCT,2017-12-12 19:00:00-05:00,16.0,16.815000534057617,16.0,16.649999618530273,871600,16.649999618530273
PTCT,2017-12-13 19:00:00-05:00,16.6200008392334,16.729999542236328,15.670000076293945,15.949999809265137,950800,15.949999809265137
PTCT,2017-12-14 19:00:00-05:00,15.989999771118164,16.479999542236328,15.6899995803833,16.1299991607666,2363000,16.1299991607666
PTCT,2017-12-17 19:00:00-05:00,16.170000076293945,16.40999984741211,15.970000267028809,16.219999313354492,428100,16.219999313354492
PTCT,2017-12-18 19:00:00-05:00,16.200000762939453,16.670000076293945,16.079999923706055,16.239999771118164,386100,16.239999771118164
PTCT,2017-12-19 19:00:00-05:00,16.31999969482422,16.489999771118164,16.149999618530273,16.299999237060547,324200,16.299999237060547
PTCT,2017-12-20 19:00:00-05:00,16.229999542236328,16.530000686645508,16.200000762939453,16.3799991607666,329100,16.3799991607666
PTCT,2017-12-21 19:00:00-05:00,16.5,16.75,16.1299991607666,16.639999389648438,364600,16.639999389648438
PTCT,2017-12-25 19:00:00-05:00,16.579999923706055,16.709999084472656,16.3700008392334,16.600000381469727,336000,16.600000381469727
PTCT,2017-12-26 19:00:00-05:00,16.610000610351562,16.68000030517578,16.31999969482422,16.610000610351562,546500,16.610000610351562
PTCT,2017-12-27 19:00:00-05:00,16.68000030517578,16.770000457763672,16.399999618530273,16.709999084472656,501900,16.709999084472656
PTCT,2017-12-28 19:00:00-05:00,17.040000915527344,17.200000762939453,16.670000076293945,16.68000030517578,607400,16.68000030517578
PTCT,2018-01-01 19:00:00-05:00,16.860000610351562,17.639999389648438,16.3799991607666,17.459999084472656,747200,17.459999084472656
PTCT,2018-01-02 19:00:00-05:00,17.670000076293945,18.170000076293945,17.5,18.010000228881836,969000,18.010000228881836
PTCT,2018-01-03 19:00:00-05:00,17.940000534057617,18.15999984741211,17.415000915527344,17.989999771118164,581300,17.989999771118164
PTCT,2018-01-04 19:00:00-05:00,18.09000015258789,18.209999084472656,17.760000228881836,17.93000030517578,555700,17.93000030517578
PTCT,2018-01-07 19:00:00-05:00,18.18000030517578,20.649999618530273,18.15999984741211,20.239999771118164,3803300,20.239999771118164
PTCT,2018-01-08 19:00:00-05:00,20.3799991607666,20.799999237060547,20.25,20.670000076293945,1586400,20.670000076293945
PTCT,2018-01-09 19:00:00-05:00,20.5,21.0,20.020000457763672,20.510000228881836,935800,20.510000228881836
PTCT,2018-01-10 19:00:00-05:00,20.5,21.81999969482422,20.209999084472656,21.709999084472656,1292900,21.709999084472656
PTCT,2018-01-11 19:00:00-05:00,21.940000534057617,23.709999084472656,21.440000534057617,23.290000915527344,1302100,23.290000915527344
PTCT,2018-01-15 19:00:00-05:00,23.489999771118164,23.639999389648438,21.399999618530273,21.489999771118164,1459900,21.489999771118164
PTCT,2018-01-16 19:00:00-05:00,21.760000228881836,21.979999542236328,20.989999771118164,21.950000762939453,948800,21.950000762939453
PTCT,2018-01-17 19:00:00-05:00,21.940000534057617,22.049999237060547,20.729999542236328,20.93000030517578,1120300,20.93000030517578
PTCT,2018-01-18 19:00:00-05:00,21.110000610351562,22.350000381469727,20.799999237060547,21.920000076293945,1282700,21.920000076293945
PTCT,2018-01-21 19:00:00-05:00,22.209999084472656,22.579999923706055,21.6299991607666,22.5,784900,22.5
PTCT,2018-01-22 19:00:00-05:00,22.81999969482422,23.600000381469727,22.731000900268555,23.450000762939453,740500,23.450000762939453
PTCT,2018-01-23 19:00:00-05:00,23.700000762939453,23.700000762939453,22.600000381469727,23.25,476600,23.25
PTCT,2018-01-24 19:00:00-05:00,23.25,23.841999053955078,23.040000915527344,23.489999771118164,579500,23.489999771118164
PTCT,2018-01-25 19:00:00-05:00,23.649999618530273,25.190000534057617,23.030000686645508,24.65999984741211,1186100,24.65999984741211
PTCT,2018-01-28 19:00:00-05:00,25.190000534057617,28.75,24.65999984741211,27.030000686645508,3762500,27.030000686645508
PTCT,2018-01-29 19:00:00-05:00,26.489999771118164,27.618999481201172,25.344999313354492,26.68000030517578,1672100,26.68000030517578
PTCT,2018-01-30 19:00:00-05:00,26.920000076293945,27.3700008392334,26.110000610351562,26.290000915527344,933900,26.290000915527344
PTCT,2018-01-31 19:00:00-05:00,26.290000915527344,26.5,25.420000076293945,25.709999084472656,671400,25.709999084472656
PTCT,2018-02-01 19:00:00-05:00,24.90999984741211,25.690000534057617,24.1200008392334,24.65999984741211,946800,24.65999984741211
PTCT,2018-02-04 19:00:00-05:00,24.239999771118164,25.399999618530273,23.979999542236328,24.049999237060547,779100,24.049999237060547
PTCT,2018-02-05 19:00:00-05:00,23.549999237060547,25.084999084472656,23.149999618530273,24.799999237060547,858300,24.799999237060547
PTCT,2018-02-06 19:00:00-05:00,25.049999237060547,25.139999389648438,24.530000686645508,24.84000015258789,481800,24.84000015258789
PTCT,2018-02-07 19:00:00-05:00,24.829999923706055,25.020000457763672,23.0,23.229999542236328,647200,23.229999542236328
PTCT,2018-02-08 19:00:00-05:00,23.5,23.889999389648438,21.969999313354492,22.989999771118164,1038700,22.989999771118164
PTCT,2018-02-11 19:00:00-05:00,23.239999771118164,24.239999771118164,22.666000366210938,23.079999923706055,978000,23.079999923706055
PTCT,2018-02-12 19:00:00-05:00,22.8700008392334,23.979999542236328,22.719999313354492,23.420000076293945,358900,23.420000076293945
PTCT,2018-02-13 19:00:00-05:00,23.1299991607666,24.459999084472656,23.1200008392334,24.25,404000,24.25
PTCT,2018-02-14 19:00:00-05:00,24.75,24.850000381469727,23.549999237060547,24.510000228881836,552900,24.510000228881836
PTCT,2018-02-15 19:00:00-05:00,24.399999618530273,24.979999542236328,23.84000015258789,23.93000030517578,578800,23.93000030517578
PTCT,2018-02-19 19:00:00-05:00,23.0,24.591999053955078,22.799999237060547,24.139999389648438,768900,24.139999389648438
PTCT,2018-02-20 19:00:00-05:00,24.479999542236328,26.229999542236328,24.452999114990234,25.010000228881836,1147500,25.010000228881836
PTCT,2018-02-21 19:00:00-05:00,25.360000610351562,26.649999618530273,25.360000610351562,25.65999984741211,1095100,25.65999984741211
PTCT,2018-02-22 19:00:00-05:00,25.739999771118164,26.34000015258789,24.350000381469727,25.520000457763672,573200,25.520000457763672
PTCT,2018-02-25 19:00:00-05:00,25.530000686645508,26.469999313354492,24.31999969482422,26.290000915527344,543100,26.290000915527344
PTCT,2018-02-26 19:00:00-05:00,25.690000534057617,26.260000228881836,25.200000762939453,25.469999313354492,884800,25.469999313354492
PTCT,2018-02-27 19:00:00-05:00,25.469999313354492,26.200000762939453,25.209999084472656,25.75,862100,25.75
PTCT,2018-02-28 19:00:00-05:00,26.0,26.0,24.329999923706055,24.780000686645508,502900,24.780000686645508
PTCT,2018-03-01 19:00:00-05:00,24.399999618530273,25.920000076293945,24.100000381469727,25.729999542236328,579100,25.729999542236328
PTCT,2018-03-04 19:00:00-05:00,25.6299991607666,26.829999923706055,25.239999771118164,26.65999984741211,477500,26.65999984741211
PTCT,2018-03-05 19:00:00-05:00,26.68000030517578,26.959999084472656,26.09000015258789,26.84000015258789,584400,26.84000015258789
PTCT,2018-03-06 19:00:00-05:00,27.899999618530273,31.25,27.0,29.329999923706055,2090600,29.329999923706055
PTCT,2018-03-07 19:00:00-05:00,28.770000457763672,29.600000381469727,27.5,27.979999542236328,1010900,27.979999542236328
PTCT,2018-03-08 19:00:00-05:00,27.729999542236328,29.280000686645508,27.260000228881836,28.790000915527344,892500,28.790000915527344
PTCT,2018-03-11 20:00:00-04:00,29.1200008392334,29.200000762939453,27.950000762939453,28.8700008392334,755900,28.8700008392334
PTCT,2018-03-12 20:00:00-04:00,29.049999237060547,29.940000534057617,28.8700008392334,29.889999389648438,942800,29.889999389648438
PTCT,2018-03-13 20:00:00-04:00,30.0,30.8799991607666,29.100000381469727,30.389999389648438,1069400,30.389999389648438
PTCT,2018-03-14 20:00:00-04:00,30.389999389648438,31.18000030517578,29.940000534057617,30.09000015258789,1245900,30.09000015258789
PTCT,2018-03-15 20:00:00-04:00,30.030000686645508,30.75,29.809999465942383,30.200000762939453,2578000,30.200000762939453
PTCT,2018-03-18 20:00:00-04:00,30.139999389648438,31.030000686645508,29.530000686645508,30.1200008392334,1242000,30.1200008392334
PTCT,2018-03-19 20:00:00-04:00,30.25,32.709999084472656,30.25,32.279998779296875,876100,32.279998779296875
PTCT,2018-03-20 20:00:00-04:00,32.279998779296875,33.220001220703125,31.850000381469727,32.290000915527344,940200,32.290000915527344
PTCT,2018-03-21 20:00:00-04:00,31.600000381469727,32.93000030517578,30.979999542236328,32.0,885300,32.0
PTCT,2018-03-22 20:00:00-04:00,31.850000381469727,32.849998474121094,31.850000381469727,31.989999771118164,571200,31.989999771118164
PTCT,2018-03-25 20:00:00-04:00,32.630001068115234,32.75,31.6299991607666,32.59000015258789,738000,32.59000015258789
PTCT,2018-03-26 20:00:00-04:00,32.83000183105469,32.869998931884766,31.68000030517578,31.920000076293945,438100,31.920000076293945
PTCT,2018-03-27 20:00:00-04:00,29.540000915527344,29.739999771118164,26.579999923706055,27.040000915527344,2150700,27.040000915527344
PTCT,2018-03-28 20:00:00-04:00,29.260000228881836,29.319000244140625,26.719999313354492,27.059999465942383,3543800,27.059999465942383
PTCT,2018-04-01 20:00:00-04:00,26.93000030517578,27.309999465942383,24.774999618530273,25.969999313354492,1663400,25.969999313354492
PTCT,2018-04-02 20:00:00-04:00,26.15999984741211,26.81999969482422,25.5,26.1200008392334,877600,26.1200008392334
PTCT,2018-04-03 20:00:00-04:00,24.790000915527344,26.799999237060547,24.600000381469727,26.56999969482422,1003300,26.56999969482422
PTCT,2018-04-04 20:00:00-04:00,26.81999969482422,26.8799991607666,25.850000381469727,26.030000686645508,690300,26.030000686645508
PTCT,2018-04-05 20:00:00-04:00,25.690000534057617,26.049999237060547,25.270000457763672,25.700000762939453,528000,25.700000762939453
PTCT,2018-04-08 20:00:00-04:00,26.1299991607666,26.760000228881836,25.860000610351562,26.18000030517578,878900,26.18000030517578
PTCT,2018-04-09 20:00:00-04:00,26.5,27.389999389648438,26.190000534057617,27.200000762939453,942000,27.200000762939453
PTCT,2018-04-10 20:00:00-04:00,26.850000381469727,27.5,26.405000686645508,26.690000534057617,751900,26.690000534057617
PTCT,2018-04-11 20:00:00-04:00,26.920000076293945,27.649999618530273,26.760000228881836,27.559999465942383,752700,27.559999465942383
PTCT,2018-04-12 20:00:00-04:00,27.540000915527344,27.559999465942383,26.31999969482422,26.479999542236328,648900,26.479999542236328
PTCT,2018-04-15 20:00:00-04:00,26.530000686645508,26.920000076293945,25.950000762939453,26.649999618530273,403500,26.649999618530273
PTCT,2018-04-16 20:00:00-04:00,26.649999618530273,27.139999389648438,26.489999771118164,26.579999923706055,451600,26.579999923706055
PTCT,2018-04-17 20:00:00-04:00,26.709999084472656,26.709999084472656,25.65999984741211,25.760000228881836,397500,25.760000228881836
PTCT,2018-04-18 20:00:00-04:00,25.540000915527344,26.110000610351562,25.100000381469727,26.100000381469727,694800,26.100000381469727
PTCT,2018-04-19 20:00:00-04:00,25.950000762939453,26.459999084472656,25.600000381469727,26.229999542236328,494300,26.229999542236328
PTCT,2018-04-22 20:00:00-04:00,26.219999313354492,26.760000228881836,25.25,26.030000686645508,588000,26.030000686645508
PTCT,2018-04-23 20:00:00-04:00,26.0,26.459999084472656,25.479999542236328,26.40999984741211,907500,26.40999984741211
PTCT,2018-04-24 20:00:00-04:00,26.360000610351562,27.65999984741211,25.479999542236328,27.600000381469727,894400,27.600000381469727
PTCT,2018-04-25 20:00:00-04:00,27.889999389648438,28.899999618530273,27.13599967956543,27.950000762939453,1197100,27.950000762939453
PTCT,2018-04-26 20:00:00-04:00,28.09000015258789,28.450000762939453,27.450000762939453,27.90999984741211,548800,27.90999984741211
PTCT,2018-04-29 20:00:00-04:00,28.010000228881836,29.260000228881836,27.729999542236328,27.729999542236328,1058200,27.729999542236328
PTCT,2018-04-30 20:00:00-04:00,27.809999465942383,29.260000228881836,27.719999313354492,29.190000534057617,876400,29.190000534057617
PTCT,2018-05-01 20:00:00-04:00,29.010000228881836,31.174999237060547,29.010000228881836,30.329999923706055,841600,30.329999923706055
PTCT,2018-05-02 20:00:00-04:00,30.149999618530273,32.15999984741211,29.871000289916992,31.34000015258789,1073500,31.34000015258789
PTCT,2018-05-03 20:00:00-04:00,31.31999969482422,31.420000076293945,30.65999984741211,31.09000015258789,606600,31.09000015258789
PTCT,2018-05-06 20:00:00-04:00,31.1299991607666,31.25,30.780000686645508,31.059999465942383,425100,31.059999465942383
PTCT,2018-05-07 20:00:00-04:00,30.790000915527344,31.209999084472656,30.09000015258789,30.239999771118164,593600,30.239999771118164
PTCT,2018-05-08 20:00:00-04:00,30.75,30.799999237060547,30.18000030517578,30.739999771118164,470900,30.739999771118164
PTCT,2018-05-09 20:00:00-04:00,30.799999237060547,30.799999237060547,27.649999618530273,28.829999923706055,1200200,28.829999923706055
PTCT,2018-05-10 20:00:00-04:00,29.0,29.979999542236328,28.850000381469727,29.729999542236328,821400,29.729999542236328
PTCT,2018-05-13 20:00:00-04:00,29.729999542236328,30.18000030517578,29.010000228881836,29.450000762939453,1484000,29.450000762939453
PTCT,2018-05-14 20:00:00-04:00,29.100000381469727,30.059999465942383,28.809999465942383,30.020000457763672,1157300,30.020000457763672
PTCT,2018-05-15 20:00:00-04:00,31.0049991607666,31.350000381469727,29.81999969482422,31.06999969482422,1489800,31.06999969482422
PTCT,2018-05-16 20:00:00-04:00,31.139999389648438,31.860000610351562,31.100000381469727,31.540000915527344,621000,31.540000915527344
PTCT,2018-05-17 20:00:00-04:00,31.6299991607666,32.58000183105469,31.329999923706055,31.989999771118164,966100,31.989999771118164
PTCT,2018-05-20 20:00:00-04:00,32.06999969482422,32.34000015258789,30.415000915527344,30.520000457763672,524700,30.520000457763672
PTCT,2018-05-21 20:00:00-04:00,30.459999084472656,30.670000076293945,29.93000030517578,29.959999084472656,410400,29.959999084472656
PTCT,2018-05-22 20:00:00-04:00,29.8799991607666,30.170000076293945,29.540000915527344,29.6299991607666,383900,29.6299991607666
PTCT,2018-05-23 20:00:00-04:00,29.479999542236328,30.149999618530273,29.34000015258789,30.010000228881836,479100,30.010000228881836
PTCT,2018-05-24 20:00:00-04:00,30.079999923706055,30.889999389648438,29.540000915527344,30.799999237060547,578100,30.799999237060547
PTCT,2018-05-28 20:00:00-04:00,30.56999969482422,31.260000228881836,30.239999771118164,30.969999313354492,530400,30.969999313354492
PTCT,2018-05-29 20:00:00-04:00,31.0,32.01499938964844,31.0,31.950000762939453,775300,31.950000762939453
PTCT,2018-05-30 20:00:00-04:00,32.04999923706055,34.22999954223633,31.780000686645508,33.900001525878906,1212300,33.900001525878906
PTCT,2018-05-31 20:00:00-04:00,34.400001525878906,36.849998474121094,34.400001525878906,36.11000061035156,1774900,36.11000061035156
PTCT,2018-06-03 20:00:00-04:00,36.099998474121094,37.040000915527344,34.5099983215332,36.75,888400,36.75
PTCT,2018-06-04 20:00:00-04:00,36.7599983215332,37.209999084472656,36.56999969482422,36.77000045776367,514900,36.77000045776367
PTCT,2018-06-05 20:00:00-04:00,36.849998474121094,37.060001373291016,35.83000183105469,36.279998779296875,421700,36.279998779296875
PTCT,2018-06-06 20:00:00-04:00,36.189998626708984,36.81999969482422,35.685001373291016,36.380001068115234,515300,36.380001068115234
PTCT,2018-06-07 20:00:00-04:00,36.130001068115234,37.63999938964844,35.775001525878906,37.119998931884766,552300,37.119998931884766
PTCT,2018-06-10 20:00:00-04:00,37.25,38.16999816894531,36.691001892089844,37.95000076293945,738800,37.95000076293945
PTCT,2018-06-11 20:00:00-04:00,37.90999984741211,38.52000045776367,37.68000030517578,37.959999084472656,588000,37.959999084472656
PTCT,2018-06-12 20:00:00-04:00,38.0,38.290000915527344,37.189998626708984,37.790000915527344,549700,37.790000915527344
PTCT,2018-06-13 20:00:00-04:00,38.0,38.56999969482422,37.29999923706055,38.38999938964844,1056700,38.38999938964844
PTCT,2018-06-14 20:00:00-04:00,38.310001373291016,39.040000915527344,37.34000015258789,37.54999923706055,1322900,37.54999923706055
PTCT,2018-06-17 20:00:00-04:00,49.540000915527344,52.95000076293945,44.5,47.880001068115234,12064400,47.880001068115234
PTCT,2018-06-18 20:00:00-04:00,47.689998626708984,50.810001373291016,32.2599983215332,33.2400016784668,10788700,33.2400016784668
PTCT,2018-06-19 20:00:00-04:00,35.0,38.33000183105469,33.310001373291016,35.63999938964844,6755600,35.63999938964844
PTCT,2018-06-20 20:00:00-04:00,35.130001068115234,36.91999816894531,34.57899856567383,36.310001373291016,1600700,36.310001373291016
PTCT,2018-06-21 20:00:00-04:00,36.41999816894531,36.689998626708984,34.94300079345703,36.0099983215332,2015900,36.0099983215332
PTCT,2018-06-24 20:00:00-04:00,35.33000183105469,35.72999954223633,33.16999816894531,33.779998779296875,1166200,33.779998779296875
PTCT,2018-06-25 20:00:00-04:00,33.880001068115234,33.959999084472656,31.40999984741211,32.47999954223633,1712200,32.47999954223633
PTCT,2018-06-26 20:00:00-04:00,32.20000076293945,32.77000045776367,31.3799991607666,31.719999313354492,1169100,31.719999313354492
PTCT,2018-06-27 20:00:00-04:00,31.639999389648438,32.529998779296875,30.719999313354492,32.18000030517578,839400,32.18000030517578
PTCT,2018-06-28 20:00:00-04:00,32.209999084472656,34.595001220703125,32.209999084472656,33.72999954223633,1271800,33.72999954223633
PTCT,2018-07-01 20:00:00-04:00,32.790000915527344,33.91999816894531,32.130001068115234,33.900001525878906,971100,33.900001525878906
PTCT,2018-07-02 20:00:00-04:00,34.13999938964844,34.68000030517578,33.40999984741211,33.95000076293945,538900,33.95000076293945
PTCT,2018-07-04 20:00:00-04:00,33.95000076293945,34.72999954223633,33.810001373291016,34.63999938964844,719600,34.63999938964844
PTCT,2018-07-05 20:00:00-04:00,34.84000015258789,36.970001220703125,34.52000045776367,36.70000076293945,817000,36.70000076293945
PTCT,2018-07-08 20:00:00-04:00,36.689998626708984,37.59000015258789,35.63999938964844,37.470001220703125,874100,37.470001220703125
PTCT,2018-07-09 20:00:00-04:00,37.459999084472656,37.83000183105469,36.540000915527344,36.7599983215332,547300,36.7599983215332
PTCT,2018-07-10 20:00:00-04:00,36.77000045776367,37.09000015258789,35.82500076293945,36.540000915527344,356700,36.540000915527344
PTCT,2018-07-11 20:00:00-04:00,37.0,37.31999969482422,36.119998931884766,36.47999954223633,469200,36.47999954223633
PTCT,2018-07-12 20:00:00-04:00,36.43000030517578,37.290000915527344,36.099998474121094,36.2599983215332,547800,36.2599983215332
PTCT,2018-07-15 20:00:00-04:00,36.470001220703125,36.939998626708984,35.619998931884766,36.08000183105469,519000,36.08000183105469
PTCT,2018-07-16 20:00:00-04:00,35.5,35.869998931884766,34.70000076293945,35.22999954223633,1005300,35.22999954223633
PTCT,2018-07-17 20:00:00-04:00,35.349998474121094,35.880001068115234,34.56999969482422,34.9900016784668,632400,34.9900016784668
PTCT,2018-07-18 20:00:00-04:00,36.099998474121094,37.2400016784668,35.11000061035156,36.54999923706055,1441000,36.54999923706055
PTCT,2018-07-19 20:00:00-04:00,38.52000045776367,40.81999969482422,38.5,39.97999954223633,2660100,39.97999954223633
PTCT,2018-07-22 20:00:00-04:00,39.16999816894531,40.869998931884766,38.45100021362305,39.459999084472656,954600,39.459999084472656
PTCT,2018-07-23 20:00:00-04:00,40.22999954223633,40.88999938964844,39.459999084472656,39.63999938964844,1114200,39.63999938964844
PTCT,2018-07-24 20:00:00-04:00,39.93000030517578,40.939998626708984,37.060001373291016,37.58000183105469,749900,37.58000183105469
PTCT,2018-07-25 20:00:00-04:00,37.29999923706055,39.75,37.02000045776367,39.16999816894531,569900,39.16999816894531
PTCT,2018-07-26 20:00:00-04:00,39.2400016784668,40.29999923706055,37.290000915527344,38.060001373291016,534800,38.060001373291016
PTCT,2018-07-29 20:00:00-04:00,37.939998626708984,37.939998626708984,35.779998779296875,36.849998474121094,781400,36.849998474121094
PTCT,2018-07-30 20:00:00-04:00,36.779998779296875,38.47999954223633,36.02000045776367,38.06999969482422,647600,38.06999969482422
PTCT,2018-07-31 20:00:00-04:00,38.439998626708984,39.349998474121094,37.099998474121094,37.72999954223633,1130500,37.72999954223633
PTCT,2018-08-01 20:00:00-04:00,37.56999969482422,38.5099983215332,37.349998474121094,38.2400016784668,361900,38.2400016784668
PTCT,2018-08-02 20:00:00-04:00,38.16999816894531,38.16999816894531,36.9119987487793,37.560001373291016,505100,37.560001373291016
PTCT,2018-08-05 20:00:00-04:00,37.970001220703125,38.15999984741211,37.119998931884766,37.97999954223633,347300,37.97999954223633
PTCT,2018-08-06 20:00:00-04:00,38.0,38.75,37.88999938964844,38.290000915527344,432600,38.290000915527344
PTCT,2018-08-07 20:00:00-04:00,40.810001373291016,42.0099983215332,39.5,40.720001220703125,1312500,40.720001220703125
PTCT,2018-08-08 20:00:00-04:00,40.47999954223633,43.47999954223633,40.47999954223633,43.099998474121094,1218900,43.099998474121094
PTCT,2018-08-09 20:00:00-04:00,42.56999969482422,44.4900016784668,42.0099983215332,43.63999938964844,764500,43.63999938964844
PTCT,2018-08-12 20:00:00-04:00,43.540000915527344,44.16999816894531,42.630001068115234,43.13999938964844,886900,43.13999938964844
PTCT,2018-08-13 20:00:00-04:00,43.04999923706055,44.900001525878906,43.04999923706055,44.88999938964844,731200,44.88999938964844
PTCT,2018-08-14 20:00:00-04:00,44.58000183105469,45.14500045776367,43.06999969482422,43.43000030517578,701600,43.43000030517578
PTCT,2018-08-15 20:00:00-04:00,43.900001525878906,44.5099983215332,41.58000183105469,42.689998626708984,649100,42.689998626708984
PTCT,2018-08-16 20:00:00-04:00,42.599998474121094,42.61000061035156,41.880001068115234,42.349998474121094,732600,42.349998474121094
PTCT,2018-08-19 20:00:00-04:00,42.599998474121094,42.599998474121094,41.685001373291016,42.31999969482422,712800,42.31999969482422
PTCT,2018-08-20 20:00:00-04:00,42.58000183105469,43.41999816894531,42.125,43.380001068115234,440700,43.380001068115234
PTCT,2018-08-21 20:00:00-04:00,43.09000015258789,44.154998779296875,42.599998474121094,43.84000015258789,453700,43.84000015258789
PTCT,2018-08-22 20:00:00-04:00,43.66999816894531,44.61000061035156,42.970001220703125,44.52000045776367,858400,44.52000045776367
PTCT,2018-08-23 20:00:00-04:00,44.540000915527344,44.69499969482422,40.34000015258789,41.15999984741211,2501600,41.15999984741211
PTCT,2018-08-26 20:00:00-04:00,41.20000076293945,42.63999938964844,40.16999816894531,41.7400016784668,966200,41.7400016784668
PTCT,2018-08-27 20:00:00-04:00,41.54999923706055,42.189998626708984,40.5,41.09000015258789,616100,41.09000015258789
PTCT,2018-08-28 20:00:00-04:00,41.0,41.58000183105469,40.94499969482422,41.380001068115234,1042600,41.380001068115234
PTCT,2018-08-29 20:00:00-04:00,41.540000915527344,42.40999984741211,41.25,42.0,609700,42.0
PTCT,2018-08-30 20:00:00-04:00,41.84000015258789,42.38999938964844,41.25,41.7400016784668,611500,41.7400016784668
PTCT,2018-09-03 20:00:00-04:00,41.43000030517578,42.2400016784668,41.2599983215332,42.16999816894531,772400,42.16999816894531
PTCT,2018-09-04 20:00:00-04:00,42.72999954223633,43.2400016784668,42.02000045776367,42.470001220703125,830500,42.470001220703125
PTCT,2018-09-05 20:00:00-04:00,43.06999969482422,44.04999923706055,42.27000045776367,43.810001373291016,873100,43.810001373291016
PTCT,2018-09-06 20:00:00-04:00,43.599998474121094,47.0,43.41999816894531,46.54999923706055,1175600,46.54999923706055
PTCT,2018-09-09 20:00:00-04:00,46.45000076293945,48.27899932861328,46.04999923706055,46.97999954223633,1257600,46.97999954223633
PTCT,2018-09-10 20:00:00-04:00,46.56999969482422,48.36000061035156,46.130001068115234,47.38999938964844,1590100,47.38999938964844
PTCT,2018-09-11 20:00:00-04:00,47.130001068115234,47.849998474121094,45.81999969482422,47.02000045776367,1086200,47.02000045776367
PTCT,2018-09-12 20:00:00-04:00,47.2599983215332,48.25,46.779998779296875,47.33000183105469,948600,47.33000183105469
PTCT,2018-09-13 20:00:00-04:00,47.400001525878906,48.150001525878906,47.1349983215332,47.77000045776367,1355100,47.77000045776367
PTCT,2018-09-16 20:00:00-04:00,47.63999938964844,47.63999938964844,45.650001525878906,45.91999816894531,1094600,45.91999816894531
PTCT,2018-09-17 20:00:00-04:00,45.810001373291016,47.52000045776367,45.41999816894531,47.189998626708984,614700,47.189998626708984
PTCT,2018-09-18 20:00:00-04:00,47.33000183105469,47.48500061035156,45.0099983215332,45.369998931884766,848200,45.369998931884766
PTCT,2018-09-19 20:00:00-04:00,45.38999938964844,46.720001220703125,45.36000061035156,46.310001373291016,845100,46.310001373291016
PTCT,2018-09-20 20:00:00-04:00,46.36000061035156,46.6150016784668,44.790000915527344,45.13999938964844,1820400,45.13999938964844
PTCT,2018-09-23 20:00:00-04:00,44.65999984741211,46.83000183105469,44.5,45.91999816894531,900600,45.91999816894531
PTCT,2018-09-24 20:00:00-04:00,45.970001220703125,47.56999969482422,45.619998931884766,47.220001220703125,799900,47.220001220703125
PTCT,2018-09-25 20:00:00-04:00,47.439998626708984,47.849998474121094,46.540000915527344,46.869998931884766,839300,46.869998931884766
PTCT,2018-09-26 20:00:00-04:00,47.02000045776367,47.7400016784668,46.417999267578125,47.060001373291016,731700,47.060001373291016
PTCT,2018-09-27 20:00:00-04:00,47.36000061035156,48.849998474121094,46.689998626708984,47.0,1345100,47.0
PTCT,2018-09-30 20:00:00-04:00,48.11000061035156,48.9900016784668,46.349998474121094,46.5099983215332,922400,46.5099983215332
PTCT,2018-10-01 20:00:00-04:00,46.31999969482422,46.31999969482422,43.439998626708984,45.279998779296875,1059900,45.279998779296875
PTCT,2018-10-02 20:00:00-04:00,44.95000076293945,47.470001220703125,38.13999938964844,45.279998779296875,3405500,45.279998779296875
PTCT,2018-10-03 20:00:00-04:00,44.9900016784668,45.029998779296875,39.93000030517578,40.290000915527344,1081600,40.290000915527344
PTCT,2018-10-04 20:00:00-04:00,40.689998626708984,41.334999084472656,38.72999954223633,40.95000076293945,1040900,40.95000076293945
PTCT,2018-10-07 20:00:00-04:00,40.81999969482422,41.599998474121094,39.88999938964844,40.900001525878906,844400,40.900001525878906
PTCT,2018-10-08 20:00:00-04:00,40.81999969482422,41.369998931884766,39.5,39.63999938964844,546200,39.63999938964844
PTCT,2018-10-09 20:00:00-04:00,39.5,40.369998931884766,38.61000061035156,38.70000076293945,843800,38.70000076293945
PTCT,2018-10-10 20:00:00-04:00,38.43000030517578,39.5099983215332,37.81999969482422,38.560001373291016,641500,38.560001373291016
PTCT,2018-10-11 20:00:00-04:00,39.33000183105469,40.07500076293945,38.90999984741211,39.47999954223633,698400,39.47999954223633
PTCT,2018-10-14 20:00:00-04:00,39.470001220703125,39.470001220703125,37.2400016784668,38.22999954223633,653000,38.22999954223633
PTCT,2018-10-15 20:00:00-04:00,38.5,39.79999923706055,38.25,39.70000076293945,757800,39.70000076293945
PTCT,2018-10-16 20:00:00-04:00,39.689998626708984,39.81999969482422,38.61000061035156,39.72999954223633,411800,39.72999954223633
PTCT,2018-10-17 20:00:00-04:00,39.599998474121094,39.959999084472656,38.54999923706055,39.29999923706055,457100,39.29999923706055
PTCT,2018-10-18 20:00:00-04:00,39.38999938964844,39.900001525878906,37.869998931884766,38.0,424600,38.0
PTCT,2018-10-21 20:00:00-04:00,38.15999984741211,38.15999984741211,36.38999938964844,37.15999984741211,550300,37.15999984741211
PTCT,2018-10-22 20:00:00-04:00,36.369998931884766,37.775001525878906,35.45000076293945,36.970001220703125,620600,36.970001220703125
PTCT,2018-10-23 20:00:00-04:00,36.900001525878906,37.29999923706055,33.720001220703125,34.2599983215332,874300,34.2599983215332
PTCT,2018-10-24 20:00:00-04:00,34.560001373291016,37.45500183105469,34.5,36.06999969482422,705100,36.06999969482422
PTCT,2018-10-25 20:00:00-04:00,35.41999816894531,37.709999084472656,34.869998931884766,37.22999954223633,586100,37.22999954223633
PTCT,2018-10-28 20:00:00-04:00,37.709999084472656,38.849998474121094,35.459999084472656,36.29999923706055,781100,36.29999923706055
PTCT,2018-10-29 20:00:00-04:00,36.290000915527344,37.22999954223633,35.83000183105469,36.97999954223633,443900,36.97999954223633
PTCT,2018-10-30 20:00:00-04:00,37.54999923706055,39.0,36.7599983215332,38.52000045776367,549900,38.52000045776367
PTCT,2018-10-31 20:00:00-04:00,38.83000183105469,41.25,38.369998931884766,40.970001220703125,1044700,40.970001220703125
PTCT,2018-11-01 20:00:00-04:00,41.33000183105469,41.95000076293945,39.01499938964844,39.68000030517578,575600,39.68000030517578
PTCT,2018-11-04 19:00:00-05:00,39.86000061035156,39.959999084472656,36.880001068115234,37.900001525878906,509600,37.900001525878906
PTCT,2018-11-05 19:00:00-05:00,35.13999938964844,36.79999923706055,32.5,34.7599983215332,1514400,34.7599983215332
PTCT,2018-11-06 19:00:00-05:00,34.630001068115234,37.65999984741211,34.58000183105469,36.529998779296875,841800,36.529998779296875
PTCT,2018-11-07 19:00:00-05:00,36.599998474121094,37.040000915527344,35.939998626708984,36.29999923706055,471900,36.29999923706055
PTCT,2018-11-08 19:00:00-05:00,35.90999984741211,36.4900016784668,33.189998626708984,33.7599983215332,613900,33.7599983215332
PTCT,2018-11-11 19:00:00-05:00,33.84000015258789,35.4900016784668,31.950000762939453,32.34000015258789,1361700,32.34000015258789
PTCT,2018-11-12 19:00:00-05:00,32.630001068115234,33.47999954223633,31.959999084472656,31.959999084472656,759100,31.959999084472656
PTCT,2018-11-13 19:00:00-05:00,32.41999816894531,33.42499923706055,30.31999969482422,31.709999084472656,975400,31.709999084472656
PTCT,2018-11-14 19:00:00-05:00,31.649999618530273,33.439998626708984,31.170000076293945,33.2599983215332,968900,33.2599983215332
PTCT,2018-11-15 19:00:00-05:00,33.06999969482422,34.060001373291016,32.2599983215332,33.91999816894531,578500,33.91999816894531
PTCT,2018-11-18 19:00:00-05:00,33.81999969482422,34.06999969482422,32.58000183105469,32.790000915527344,674900,32.790000915527344
PTCT,2018-11-19 19:00:00-05:00,32.040000915527344,33.09000015258789,30.899999618530273,32.08000183105469,507300,32.08000183105469
PTCT,2018-11-20 19:00:00-05:00,32.56999969482422,33.994998931884766,31.8700008392334,33.79999923706055,546200,33.79999923706055
PTCT,2018-11-22 19:00:00-05:00,33.27000045776367,34.83000183105469,33.2400016784668,34.439998626708984,420500,34.439998626708984
PTCT,2018-11-25 19:00:00-05:00,34.540000915527344,35.85499954223633,34.040000915527344,34.88999938964844,744400,34.88999938964844
PTCT,2018-11-26 19:00:00-05:00,34.7599983215332,35.119998931884766,33.70000076293945,33.88999938964844,423000,33.88999938964844
PTCT,2018-11-27 19:00:00-05:00,34.15999984741211,35.0,33.2400016784668,34.720001220703125,818200,34.720001220703125
PTCT,2018-11-28 19:00:00-05:00,34.41999816894531,35.68000030517578,34.25,35.369998931884766,602100,35.369998931884766
PTCT,2018-11-29 19:00:00-05:00,35.130001068115234,35.540000915527344,34.63999938964844,35.52000045776367,861900,35.52000045776367
PTCT,2018-12-02 19:00:00-05:00,36.529998779296875,36.56999969482422,35.61000061035156,36.31999969482422,769800,36.31999969482422
PTCT,2018-12-03 19:00:00-05:00,36.290000915527344,36.76499938964844,34.20000076293945,34.349998474121094,745600,34.349998474121094
PTCT,2018-12-05 19:00:00-05:00,33.720001220703125,35.95000076293945,33.07600021362305,35.88999938964844,740500,35.88999938964844
PTCT,2018-12-06 19:00:00-05:00,35.779998779296875,36.349998474121094,33.040000915527344,33.36000061035156,866300,33.36000061035156
PTCT,2018-12-09 19:00:00-05:00,33.13999938964844,34.54999923706055,32.86000061035156,34.52000045776367,534400,34.52000045776367
PTCT,2018-12-10 19:00:00-05:00,34.959999084472656,35.040000915527344,34.02000045776367,34.66999816894531,437200,34.66999816894531
PTCT,2018-12-11 19:00:00-05:00,35.02000045776367,35.72999954223633,33.939998626708984,34.880001068115234,555900,34.880001068115234
PTCT,2018-12-12 19:00:00-05:00,34.88999938964844,35.619998931884766,33.65999984741211,33.7599983215332,565700,33.7599983215332
PTCT,2018-12-13 19:00:00-05:00,33.59000015258789,34.900001525878906,33.5099983215332,33.630001068115234,367700,33.630001068115234
PTCT,2018-12-16 19:00:00-05:00,33.400001525878906,34.15999984741211,31.780000686645508,32.22999954223633,633900,32.22999954223633
PTCT,2018-12-17 19:00:00-05:00,32.83000183105469,33.060001373291016,32.040000915527344,32.70000076293945,549300,32.70000076293945
PTCT,2018-12-18 19:00:00-05:00,32.720001220703125,33.4900016784668,31.18000030517578,32.0,700600,32.0
PTCT,2018-12-19 19:00:00-05:00,31.90999984741211,32.994998931884766,30.290000915527344,31.0,787700,31.0
PTCT,2018-12-20 19:00:00-05:00,31.209999084472656,32.143001556396484,29.0,30.229999542236328,1614400,30.229999542236328
PTCT,2018-12-23 19:00:00-05:00,29.739999771118164,30.540000915527344,28.90999984741211,29.829999923706055,249500,29.829999923706055
PTCT,2018-12-25 19:00:00-05:00,30.139999389648438,33.04999923706055,30.099000930786133,32.970001220703125,637400,32.970001220703125
PTCT,2018-12-26 19:00:00-05:00,32.31999969482422,32.34000015258789,30.270000457763672,31.940000534057617,698100,31.940000534057617
PTCT,2018-12-27 19:00:00-05:00,31.959999084472656,33.06999969482422,31.309999465942383,32.0099983215332,569400,32.0099983215332
PTCT,2018-12-30 19:00:00-05:00,32.5,34.56999969482422,32.5,34.31999969482422,896000,34.31999969482422
PTCT,2019-01-01 19:00:00-05:00,33.599998474121094,34.13999938964844,32.959999084472656,33.61000061035156,629500,33.61000061035156
PTCT,2019-01-02 19:00:00-05:00,33.560001373291016,34.13999938964844,32.61000061035156,33.43000030517578,658100,33.43000030517578
PTCT,2019-01-03 19:00:00-05:00,33.79999923706055,35.97999954223633,32.20000076293945,35.86000061035156,985100,35.86000061035156
PTCT,2019-01-06 19:00:00-05:00,34.810001373291016,36.0099983215332,33.90999984741211,35.66999816894531,1241500,35.66999816894531
PTCT,2019-01-07 19:00:00-05:00,35.83000183105469,36.61000061035156,34.04999923706055,36.38999938964844,1151300,36.38999938964844
PTCT,2019-01-08 19:00:00-05:00,36.38999938964844,38.97999954223633,35.2400016784668,37.5099983215332,922800,37.5099983215332
PTCT,2019-01-09 19:00:00-05:00,37.43000030517578,38.61000061035156,36.400001525878906,37.959999084472656,820900,37.959999084472656
PTCT,2019-01-10 19:00:00-05:00,37.77000045776367,37.77000045776367,35.58000183105469,35.70000076293945,462000,35.70000076293945
PTCT,2019-01-13 19:00:00-05:00,35.47999954223633,35.81999969482422,34.689998626708984,34.81999969482422,593200,34.81999969482422
PTCT,2019-01-14 19:00:00-05:00,34.9900016784668,35.244998931884766,34.45000076293945,34.95000076293945,448300,34.95000076293945
PTCT,2019-01-15 19:00:00-05:00,35.02000045776367,36.0,34.72999954223633,34.869998931884766,488000,34.869998931884766
PTCT,2019-01-16 19:00:00-05:00,34.619998931884766,35.18000030517578,34.29999923706055,34.61000061035156,430300,34.61000061035156
PTCT,2019-01-17 19:00:00-05:00,34.75,35.0,33.810001373291016,34.439998626708984,546400,34.439998626708984
PTCT,2019-01-21 19:00:00-05:00,34.06999969482422,34.06999969482422,32.83000183105469,33.02000045776367,739500,33.02000045776367
PTCT,2019-01-22 19:00:00-05:00,30.219999313354492,30.350000381469727,29.149999618530273,29.639999389648438,5265600,29.639999389648438
PTCT,2019-01-23 19:00:00-05:00,29.899999618530273,29.899999618530273,29.280000686645508,29.450000762939453,982800,29.450000762939453
PTCT,2019-01-24 19:00:00-05:00,29.75,29.860000610351562,28.795000076293945,29.420000076293945,1507200,29.420000076293945
PTCT,2019-01-27 19:00:00-05:00,28.860000610351562,29.280000686645508,27.530000686645508,28.09000015258789,1465800,28.09000015258789
PTCT,2019-01-28 19:00:00-05:00,28.270000457763672,28.389999389648438,27.549999237060547,28.149999618530273,586000,28.149999618530273
PTCT,2019-01-29 19:00:00-05:00,28.84000015258789,30.030000686645508,28.719999313354492,29.90999984741211,1294600,29.90999984741211
PTCT,2019-01-30 19:00:00-05:00,29.670000076293945,31.709999084472656,29.59000015258789,31.1299991607666,1256900,31.1299991607666
PTCT,2019-01-31 19:00:00-05:00,31.1299991607666,31.65999984741211,30.6200008392334,30.920000076293945,1127300,30.920000076293945
PTCT,2019-02-03 19:00:00-05:00,30.850000381469727,31.3700008392334,30.579999923706055,30.709999084472656,465800,30.709999084472656
PTCT,2019-02-04 19:00:00-05:00,30.84000015258789,31.600000381469727,30.31999969482422,30.5,852200,30.5
PTCT,2019-02-05 19:00:00-05:00,30.5,30.850000381469727,30.0,30.09000015258789,530000,30.09000015258789
PTCT,2019-02-06 19:00:00-05:00,29.770000457763672,30.5049991607666,29.149999618530273,29.530000686645508,766900,29.530000686645508
PTCT,2019-02-07 19:00:00-05:00,29.5,30.09000015258789,29.459999084472656,29.719999313354492,581400,29.719999313354492
PTCT,2019-02-10 19:00:00-05:00,29.889999389648438,30.270000457763672,29.639999389648438,29.889999389648438,306500,29.889999389648438
PTCT,2019-02-11 19:00:00-05:00,30.1200008392334,30.979999542236328,29.920000076293945,30.40999984741211,802500,30.40999984741211
PTCT,2019-02-12 19:00:00-05:00,30.729999542236328,31.010000228881836,29.610000610351562,29.700000762939453,624900,29.700000762939453
PTCT,2019-02-13 19:00:00-05:00,29.670000076293945,29.829999923706055,28.969999313354492,29.049999237060547,481600,29.049999237060547
PTCT,2019-02-14 19:00:00-05:00,29.200000762939453,29.739999771118164,29.059999465942383,29.68000030517578,805100,29.68000030517578
PTCT,2019-02-18 19:00:00-05:00,29.690000534057617,30.540000915527344,29.639999389648438,29.780000686645508,785000,29.780000686645508
PTCT,2019-02-19 19:00:00-05:00,29.790000915527344,31.329999923706055,29.600000381469727,31.1299991607666,1930400,31.1299991607666
PTCT,2019-02-20 19:00:00-05:00,30.950000762939453,31.540000915527344,30.15999984741211,31.3700008392334,1056500,31.3700008392334
PTCT,2019-02-21 19:00:00-05:00,31.639999389648438,33.2599983215332,31.049999237060547,32.939998626708984,1125100,32.939998626708984
PTCT,2019-02-24 19:00:00-05:00,33.34000015258789,34.79999923706055,33.06999969482422,33.77000045776367,1120200,33.77000045776367
PTCT,2019-02-25 19:00:00-05:00,33.52000045776367,34.27000045776367,32.904998779296875,34.209999084472656,674900,34.209999084472656
PTCT,2019-02-26 19:00:00-05:00,34.150001525878906,35.40999984741211,34.150001525878906,35.22999954223633,718300,35.22999954223633
PTCT,2019-02-27 19:00:00-05:00,35.34000015258789,35.40999984741211,33.900001525878906,34.540000915527344,808300,34.540000915527344
PTCT,2019-02-28 19:00:00-05:00,33.029998779296875,35.619998931884766,32.099998474121094,35.560001373291016,1141000,35.560001373291016
PTCT,2019-03-03 19:00:00-05:00,35.650001525878906,36.244998931884766,34.040000915527344,34.650001525878906,1100700,34.650001525878906
PTCT,2019-03-04 19:00:00-05:00,34.650001525878906,35.869998931884766,33.7400016784668,34.9900016784668,767000,34.9900016784668
PTCT,2019-03-05 19:00:00-05:00,34.599998474121094,35.2400016784668,33.86000061035156,33.86000061035156,801400,33.86000061035156
PTCT,2019-03-06 19:00:00-05:00,33.970001220703125,33.970001220703125,33.0,33.41999816894531,579000,33.41999816894531
PTCT,2019-03-07 19:00:00-05:00,33.43000030517578,33.68000030517578,32.849998474121094,33.58000183105469,487300,33.58000183105469
PTCT,2019-03-10 20:00:00-04:00,33.619998931884766,34.84000015258789,32.959999084472656,34.81999969482422,565800,34.81999969482422
PTCT,2019-03-11 20:00:00-04:00,34.81999969482422,35.31999969482422,34.31999969482422,34.720001220703125,546300,34.720001220703125
PTCT,2019-03-12 20:00:00-04:00,34.900001525878906,35.13999938964844,34.09000015258789,35.04999923706055,477000,35.04999923706055
PTCT,2019-03-13 20:00:00-04:00,35.04999923706055,35.65999984741211,34.84000015258789,35.22999954223633,512300,35.22999954223633
PTCT,2019-03-14 20:00:00-04:00,35.5099983215332,36.470001220703125,35.34000015258789,36.150001525878906,1799300,36.150001525878906
PTCT,2019-03-17 20:00:00-04:00,36.060001373291016,38.029998779296875,35.75,36.939998626708984,888500,36.939998626708984
PTCT,2019-03-18 20:00:00-04:00,36.970001220703125,37.47999954223633,36.209999084472656,37.40999984741211,608600,37.40999984741211
PTCT,2019-03-19 20:00:00-04:00,37.5099983215332,38.18000030517578,36.81999969482422,37.77000045776367,616100,37.77000045776367
PTCT,2019-03-20 20:00:00-04:00,37.349998474121094,39.630001068115234,37.20000076293945,39.4900016784668,714500,39.4900016784668
PTCT,2019-03-21 20:00:00-04:00,39.130001068115234,39.66999816894531,37.63999938964844,37.709999084472656,612300,37.709999084472656
PTCT,2019-03-24 20:00:00-04:00,37.75,38.20000076293945,37.029998779296875,37.529998779296875,456900,37.529998779296875
PTCT,2019-03-25 20:00:00-04:00,37.79999923706055,37.90999984741211,36.41999816894531,36.900001525878906,512200,36.900001525878906
PTCT,2019-03-26 20:00:00-04:00,36.88999938964844,37.04999923706055,35.54999923706055,36.279998779296875,579200,36.279998779296875
PTCT,2019-03-27 20:00:00-04:00,36.279998779296875,37.13999938964844,35.66999816894531,36.58000183105469,326900,36.58000183105469
PTCT,2019-03-28 20:00:00-04:00,36.869998931884766,37.959999084472656,36.470001220703125,37.63999938964844,481700,37.63999938964844
PTCT,2019-03-31 20:00:00-04:00,37.95000076293945,38.2400016784668,37.310001373291016,38.04999923706055,478500,38.04999923706055
PTCT,2019-04-01 20:00:00-04:00,37.9900016784668,38.81999969482422,37.75,38.290000915527344,357000,38.290000915527344
PTCT,2019-04-02 20:00:00-04:00,38.58000183105469,38.689998626708984,37.41999816894531,38.040000915527344,554300,38.040000915527344
PTCT,2019-04-03 20:00:00-04:00,38.02000045776367,38.02000045776367,36.779998779296875,37.4900016784668,542400,37.4900016784668
PTCT,2019-04-04 20:00:00-04:00,37.63999938964844,38.29999923706055,37.310001373291016,38.150001525878906,405100,38.150001525878906
PTCT,2019-04-07 20:00:00-04:00,38.02000045776367,38.025001525878906,36.81999969482422,36.880001068115234,492900,36.880001068115234
PTCT,2019-04-08 20:00:00-04:00,36.869998931884766,38.29999923706055,36.58000183105469,37.70000076293945,830100,37.70000076293945
PTCT,2019-04-09 20:00:00-04:00,37.900001525878906,39.20500183105469,37.869998931884766,38.65999984741211,343000,38.65999984741211
PTCT,2019-04-10 20:00:00-04:00,39.470001220703125,40.31999969482422,38.0099983215332,38.599998474121094,800500,38.599998474121094
PTCT,2019-04-11 20:00:00-04:00,38.790000915527344,38.939998626708984,37.150001525878906,37.43000030517578,446700,37.43000030517578
PTCT,2019-04-14 20:00:00-04:00,37.459999084472656,38.40999984741211,37.04999923706055,38.349998474121094,571800,38.349998474121094
PTCT,2019-04-15 20:00:00-04:00,38.66999816894531,38.66999816894531,37.58000183105469,37.86000061035156,443800,37.86000061035156
PTCT,2019-04-16 20:00:00-04:00,37.90999984741211,38.06999969482422,35.290000915527344,35.41999816894531,951200,35.41999816894531
PTCT,2019-04-17 20:00:00-04:00,35.45000076293945,36.279998779296875,34.5099983215332,36.09000015258789,558300,36.09000015258789
PTCT,2019-04-21 20:00:00-04:00,35.79999923706055,37.95000076293945,35.79999923706055,36.290000915527344,752100,36.290000915527344
PTCT,2019-04-22 20:00:00-04:00,36.470001220703125,36.900001525878906,35.79999923706055,36.61000061035156,944800,36.61000061035156
PTCT,2019-04-23 20:00:00-04:00,36.61000061035156,37.439998626708984,35.89500045776367,37.189998626708984,770600,37.189998626708984
PTCT,2019-04-24 20:00:00-04:00,37.150001525878906,38.900001525878906,36.95000076293945,38.790000915527344,397600,38.790000915527344
PTCT,2019-04-25 20:00:00-04:00,38.650001525878906,39.63999938964844,38.220001220703125,39.2599983215332,517800,39.2599983215332
PTCT,2019-04-28 20:00:00-04:00,39.27000045776367,39.540000915527344,38.18000030517578,38.369998931884766,504200,38.369998931884766
PTCT,2019-04-29 20:00:00-04:00,38.279998779296875,38.83000183105469,37.0099983215332,37.41999816894531,459500,37.41999816894531
PTCT,2019-04-30 20:00:00-04:00,37.380001068115234,38.505001068115234,36.220001220703125,36.29999923706055,481400,36.29999923706055
PTCT,2019-05-01 20:00:00-04:00,36.36000061035156,37.7599983215332,36.09000015258789,37.380001068115234,638300,37.380001068115234
PTCT,2019-05-02 20:00:00-04:00,36.939998626708984,37.529998779296875,35.22999954223633,36.810001373291016,1604700,36.810001373291016
PTCT,2019-05-05 20:00:00-04:00,35.810001373291016,37.04999923706055,35.33000183105469,36.650001525878906,1784200,36.650001525878906
PTCT,2019-05-06 20:00:00-04:00,39.61000061035156,40.869998931884766,35.52000045776367,35.869998931884766,3089000,35.869998931884766
PTCT,2019-05-07 20:00:00-04:00,35.689998626708984,38.86000061035156,35.5099983215332,38.70000076293945,1778300,38.70000076293945
PTCT,2019-05-08 20:00:00-04:00,38.36000061035156,40.540000915527344,37.220001220703125,40.529998779296875,945300,40.529998779296875
PTCT,2019-05-09 20:00:00-04:00,40.029998779296875,42.0,40.029998779296875,40.86000061035156,906100,40.86000061035156
PTCT,2019-05-12 20:00:00-04:00,40.97999954223633,40.97999954223633,39.709999084472656,40.040000915527344,1368400,40.040000915527344
PTCT,2019-05-13 20:00:00-04:00,40.13999938964844,40.439998626708984,38.98500061035156,39.38999938964844,761900,39.38999938964844
PTCT,2019-05-14 20:00:00-04:00,38.970001220703125,40.65999984741211,38.970001220703125,40.38999938964844,607600,40.38999938964844
PTCT,2019-05-15 20:00:00-04:00,40.630001068115234,40.90999984741211,39.81999969482422,39.959999084472656,656400,39.959999084472656
PTCT,2019-05-16 20:00:00-04:00,39.540000915527344,39.95000076293945,38.744998931884766,38.93000030517578,670900,38.93000030517578
PTCT,2019-05-19 20:00:00-04:00,38.52000045776367,38.540000915527344,37.209999084472656,37.38999938964844,1024400,37.38999938964844
PTCT,2019-05-20 20:00:00-04:00,37.77000045776367,40.084999084472656,37.20000076293945,40.060001373291016,1187500,40.060001373291016
PTCT,2019-05-21 20:00:00-04:00,39.93000030517578,41.220001220703125,39.93000030517578,40.38999938964844,870300,40.38999938964844
PTCT,2019-05-22 20:00:00-04:00,39.869998931884766,40.09000015258789,38.75,39.38999938964844,598200,39.38999938964844
PTCT,2019-05-23 20:00:00-04:00,39.7400016784668,40.6349983215332,39.02000045776367,39.470001220703125,419700,39.470001220703125
PTCT,2019-05-27 20:00:00-04:00,39.849998474121094,41.22999954223633,39.67499923706055,40.349998474121094,505500,40.349998474121094
PTCT,2019-05-28 20:00:00-04:00,40.0099983215332,40.81999969482422,39.130001068115234,40.189998626708984,1161100,40.189998626708984
PTCT,2019-05-29 20:00:00-04:00,40.40999984741211,41.6150016784668,40.40999984741211,41.0,536900,41.0
PTCT,2019-05-30 20:00:00-04:00,40.400001525878906,41.18000030517578,39.93000030517578,40.099998474121094,1584100,40.099998474121094
PTCT,2019-06-02 20:00:00-04:00,40.099998474121094,40.70000076293945,39.34000015258789,39.95000076293945,1207800,39.95000076293945
PTCT,2019-06-03 20:00:00-04:00,40.630001068115234,41.209999084472656,39.16999816894531,41.06999969482422,1548200,41.06999969482422
PTCT,2019-06-04 20:00:00-04:00,41.220001220703125,41.75,40.439998626708984,41.630001068115234,686100,41.630001068115234
PTCT,2019-06-05 20:00:00-04:00,41.52000045776367,41.959999084472656,39.900001525878906,40.29999923706055,590300,40.29999923706055
PTCT,2019-06-06 20:00:00-04:00,40.47999954223633,42.41999816894531,40.119998931884766,41.88999938964844,1085600,41.88999938964844
PTCT,2019-06-09 20:00:00-04:00,41.9900016784668,42.27000045776367,40.95000076293945,41.040000915527344,444400,41.040000915527344
PTCT,2019-06-10 20:00:00-04:00,41.349998474121094,41.349998474121094,40.220001220703125,40.5099983215332,521900,40.5099983215332
PTCT,2019-06-11 20:00:00-04:00,40.5,41.279998779296875,40.29999923706055,41.209999084472656,334000,41.209999084472656
PTCT,2019-06-12 20:00:00-04:00,41.470001220703125,41.72999954223633,40.65999984741211,41.70000076293945,360700,41.70000076293945
PTCT,2019-06-13 20:00:00-04:00,41.52000045776367,41.52000045776367,39.75,40.0099983215332,696800,40.0099983215332
PTCT,2019-06-16 20:00:00-04:00,40.41999816894531,40.84000015258789,39.290000915527344,40.369998931884766,685400,40.369998931884766
PTCT,2019-06-17 20:00:00-04:00,40.79999923706055,43.19499969482422,40.79999923706055,42.7400016784668,607500,42.7400016784668
PTCT,2019-06-18 20:00:00-04:00,42.59000015258789,43.220001220703125,42.20500183105469,42.900001525878906,552500,42.900001525878906
PTCT,2019-06-19 20:00:00-04:00,43.38999938964844,44.130001068115234,42.099998474121094,43.959999084472656,789400,43.959999084472656
PTCT,2019-06-20 20:00:00-04:00,43.709999084472656,43.709999084472656,42.5,43.650001525878906,1174400,43.650001525878906
PTCT,2019-06-23 20:00:00-04:00,43.63999938964844,43.779998779296875,42.209999084472656,42.279998779296875,906900,42.279998779296875
PTCT,2019-06-24 20:00:00-04:00,42.400001525878906,42.81999969482422,41.43000030517578,42.02000045776367,571700,42.02000045776367
PTCT,2019-06-25 20:00:00-04:00,42.20000076293945,43.0,41.2599983215332,41.36000061035156,589500,41.36000061035156
PTCT,2019-06-26 20:00:00-04:00,41.70000076293945,43.20000076293945,41.27000045776367,43.13999938964844,616500,43.13999938964844
PTCT,2019-06-27 20:00:00-04:00,41.97999954223633,45.0,41.880001068115234,45.0,2015100,45.0
PTCT,2019-06-30 20:00:00-04:00,45.0,45.88999938964844,43.845001220703125,45.16999816894531,834100,45.16999816894531
PTCT,2019-07-01 20:00:00-04:00,45.41999816894531,45.56999969482422,44.56999969482422,44.91999816894531,362000,44.91999816894531
PTCT,2019-07-02 20:00:00-04:00,44.43000030517578,45.0,43.43000030517578,44.97999954223633,367300,44.97999954223633
PTCT,2019-07-04 20:00:00-04:00,44.7599983215332,45.7400016784668,43.93000030517578,44.06999969482422,479900,44.06999969482422
PTCT,2019-07-07 20:00:00-04:00,44.119998931884766,44.93000030517578,43.15999984741211,43.52000045776367,608000,43.52000045776367
PTCT,2019-07-08 20:00:00-04:00,43.349998474121094,44.59400177001953,43.349998474121094,44.0099983215332,397000,44.0099983215332
PTCT,2019-07-09 20:00:00-04:00,44.540000915527344,44.70000076293945,43.18000030517578,43.959999084472656,308300,43.959999084472656
PTCT,2019-07-10 20:00:00-04:00,44.13999938964844,44.290000915527344,43.0,43.459999084472656,264800,43.459999084472656
PTCT,2019-07-11 20:00:00-04:00,43.41999816894531,43.630001068115234,42.56999969482422,42.959999084472656,245100,42.959999084472656
PTCT,2019-07-14 20:00:00-04:00,43.130001068115234,43.790000915527344,42.685001373291016,43.619998931884766,301300,43.619998931884766
PTCT,2019-07-15 20:00:00-04:00,43.349998474121094,43.564998626708984,42.5,42.9900016784668,253600,42.9900016784668
PTCT,2019-07-16 20:00:00-04:00,43.09000015258789,43.47999954223633,42.52000045776367,42.83000183105469,233500,42.83000183105469
PTCT,2019-07-17 20:00:00-04:00,42.63999938964844,44.099998474121094,42.63999938964844,43.9900016784668,278300,43.9900016784668
PTCT,2019-07-18 20:00:00-04:00,43.97999954223633,45.06999969482422,42.97999954223633,43.02000045776367,321900,43.02000045776367
PTCT,2019-07-21 20:00:00-04:00,43.209999084472656,44.27000045776367,43.11000061035156,44.189998626708984,530500,44.189998626708984
PTCT,2019-07-22 20:00:00-04:00,44.36000061035156,44.720001220703125,43.619998931884766,44.56999969482422,311900,44.56999969482422
PTCT,2019-07-23 20:00:00-04:00,44.7400016784668,45.834999084472656,44.650001525878906,45.4900016784668,365400,45.4900016784668
PTCT,2019-07-24 20:00:00-04:00,45.77000045776367,45.77000045776367,44.36000061035156,44.40999984741211,351900,44.40999984741211
PTCT,2019-07-25 20:00:00-04:00,44.58000183105469,46.66999816894531,44.279998779296875,46.52000045776367,416800,46.52000045776367
PTCT,2019-07-28 20:00:00-04:00,46.689998626708984,47.33000183105469,45.79999923706055,46.7599983215332,423900,46.7599983215332
PTCT,2019-07-29 20:00:00-04:00,46.5,48.36000061035156,46.5,47.849998474121094,658900,47.849998474121094
PTCT,2019-07-30 20:00:00-04:00,47.9900016784668,48.810001373291016,47.779998779296875,48.16999816894531,920800,48.16999816894531
PTCT,2019-07-31 20:00:00-04:00,48.29999923706055,48.54499816894531,46.68000030517578,46.880001068115234,627600,46.880001068115234
PTCT,2019-08-01 20:00:00-04:00,46.529998779296875,46.939998626708984,43.869998931884766,44.720001220703125,382100,44.720001220703125
PTCT,2019-08-04 20:00:00-04:00,44.029998779296875,45.375,42.11000061035156,42.65999984741211,640600,42.65999984741211
PTCT,2019-08-05 20:00:00-04:00,42.77000045776367,45.01499938964844,42.77000045776367,44.75,614600,44.75
PTCT,2019-08-06 20:00:00-04:00,45.439998626708984,47.0,43.630001068115234,46.31999969482422,609100,46.31999969482422
PTCT,2019-08-07 20:00:00-04:00,46.43000030517578,47.66999816894531,45.178001403808594,47.11000061035156,432900,47.11000061035156
PTCT,2019-08-08 20:00:00-04:00,46.880001068115234,47.8849983215332,46.09000015258789,47.099998474121094,422500,47.099998474121094
PTCT,2019-08-11 20:00:00-04:00,46.86000061035156,46.86000061035156,45.83000183105469,46.310001373291016,325200,46.310001373291016
PTCT,2019-08-12 20:00:00-04:00,46.13999938964844,47.505001068115234,45.25,46.400001525878906,182300,46.400001525878906
PTCT,2019-08-13 20:00:00-04:00,45.290000915527344,46.2599983215332,43.540000915527344,44.88999938964844,522800,44.88999938964844
PTCT,2019-08-14 20:00:00-04:00,44.90999984741211,45.5099983215332,44.1349983215332,44.34000015258789,407000,44.34000015258789
PTCT,2019-08-15 20:00:00-04:00,44.880001068115234,45.349998474121094,44.470001220703125,45.119998931884766,345700,45.119998931884766
PTCT,2019-08-18 20:00:00-04:00,45.650001525878906,46.77000045776367,44.540000915527344,46.4900016784668,261200,46.4900016784668
PTCT,2019-08-19 20:00:00-04:00,46.310001373291016,46.869998931884766,45.599998474121094,45.709999084472656,157100,45.709999084472656
PTCT,2019-08-20 20:00:00-04:00,46.2599983215332,46.5629997253418,45.66999816894531,46.459999084472656,195900,46.459999084472656
PTCT,2019-08-21 20:00:00-04:00,46.41999816894531,46.48500061035156,44.61000061035156,45.16999816894531,275200,45.16999816894531
PTCT,2019-08-22 20:00:00-04:00,45.0,45.72999954223633,43.52000045776367,43.68000030517578,266100,43.68000030517578
PTCT,2019-08-25 20:00:00-04:00,44.189998626708984,44.400001525878906,43.16999816894531,44.310001373291016,256400,44.310001373291016
PTCT,2019-08-26 20:00:00-04:00,44.779998779296875,45.189998626708984,42.90999984741211,43.220001220703125,245400,43.220001220703125
PTCT,2019-08-27 20:00:00-04:00,42.45000076293945,44.625,41.91999816894531,44.310001373291016,281200,44.310001373291016
PTCT,2019-08-28 20:00:00-04:00,45.0,45.810001373291016,44.43000030517578,45.68000030517578,242700,45.68000030517578
PTCT,2019-08-29 20:00:00-04:00,45.81999969482422,45.81999969482422,44.099998474121094,44.56999969482422,208600,44.56999969482422
PTCT,2019-09-02 20:00:00-04:00,44.279998779296875,45.5,43.650001525878906,43.70000076293945,371100,43.70000076293945
PTCT,2019-09-03 20:00:00-04:00,44.279998779296875,44.323001861572266,42.41999816894531,43.54999923706055,328800,43.54999923706055
PTCT,2019-09-04 20:00:00-04:00,44.04999923706055,44.220001220703125,42.959999084472656,43.310001373291016,307400,43.310001373291016
PTCT,2019-09-05 20:00:00-04:00,43.470001220703125,43.869998931884766,42.36000061035156,42.380001068115234,373900,42.380001068115234
PTCT,2019-09-08 20:00:00-04:00,42.70000076293945,42.93000030517578,41.529998779296875,42.83000183105469,450000,42.83000183105469
PTCT,2019-09-09 20:00:00-04:00,42.68000030517578,43.0,41.66999816894531,42.27000045776367,513200,42.27000045776367
PTCT,2019-09-10 20:00:00-04:00,42.29999923706055,44.310001373291016,42.154998779296875,44.029998779296875,351400,44.029998779296875
PTCT,2019-09-11 20:00:00-04:00,44.13999938964844,45.20000076293945,41.970001220703125,43.13999938964844,456700,43.13999938964844
PTCT,2019-09-12 20:00:00-04:00,43.029998779296875,43.4900016784668,42.470001220703125,42.86000061035156,259900,42.86000061035156
PTCT,2019-09-15 20:00:00-04:00,42.189998626708984,43.689998626708984,42.189998626708984,42.970001220703125,165700,42.970001220703125
PTCT,2019-09-16 20:00:00-04:00,42.70000076293945,43.59000015258789,42.279998779296875,43.31999969482422,168100,43.31999969482422
PTCT,2019-09-17 20:00:00-04:00,39.529998779296875,39.54999923706055,37.7599983215332,38.43000030517578,5768900,38.43000030517578
PTCT,2019-09-18 20:00:00-04:00,38.75,39.349998474121094,38.2599983215332,39.0,1926800,39.0
PTCT,2019-09-19 20:00:00-04:00,38.959999084472656,39.709999084472656,38.52000045776367,38.970001220703125,1759600,38.970001220703125
PTCT,2019-09-22 20:00:00-04:00,38.90999984741211,39.814998626708984,38.0,39.08000183105469,681200,39.08000183105469
PTCT,2019-09-23 20:00:00-04:00,39.349998474121094,39.349998474121094,36.5099983215332,37.16999816894531,1178800,37.16999816894531
PTCT,2019-09-24 20:00:00-04:00,37.25,37.599998474121094,36.560001373291016,36.599998474121094,553000,36.599998474121094
PTCT,2019-09-25 20:00:00-04:00,36.599998474121094,36.737998962402344,35.380001068115234,35.880001068115234,968500,35.880001068115234
PTCT,2019-09-26 20:00:00-04:00,35.849998474121094,36.19499969482422,34.540000915527344,34.619998931884766,843600,34.619998931884766
PTCT,2019-09-29 20:00:00-04:00,34.540000915527344,34.540000915527344,33.04999923706055,33.81999969482422,1084000,33.81999969482422
PTCT,2019-09-30 20:00:00-04:00,34.16999816894531,34.27000045776367,31.719999313354492,32.220001220703125,1672000,32.220001220703125
PTCT,2019-10-01 20:00:00-04:00,32.08000183105469,34.25,31.489999771118164,34.040000915527344,985200,34.040000915527344
PTCT,2019-10-02 20:00:00-04:00,33.779998779296875,35.029998779296875,33.150001525878906,33.97999954223633,690400,33.97999954223633
PTCT,2019-10-03 20:00:00-04:00,34.060001373291016,35.22999954223633,33.65999984741211,35.18000030517578,683600,35.18000030517578
PTCT,2019-10-06 20:00:00-04:00,34.68000030517578,35.209999084472656,33.599998474121094,34.0,436600,34.0
PTCT,2019-10-07 20:00:00-04:00,33.47999954223633,34.20000076293945,32.880001068115234,33.650001525878906,575700,33.650001525878906
PTCT,2019-10-08 20:00:00-04:00,34.099998474121094,34.099998474121094,33.380001068115234,33.65999984741211,326500,33.65999984741211
PTCT,2019-10-09 20:00:00-04:00,33.849998474121094,34.869998931884766,33.68000030517578,34.380001068115234,528400,34.380001068115234
PTCT,2019-10-10 20:00:00-04:00,34.880001068115234,35.65999984741211,34.67499923706055,35.290000915527344,451200,35.290000915527344
PTCT,2019-10-13 20:00:00-04:00,35.15999984741211,36.279998779296875,34.810001373291016,35.33000183105469,299900,35.33000183105469
PTCT,2019-10-14 20:00:00-04:00,35.5099983215332,36.79999923706055,35.3390007019043,36.189998626708984,486900,36.189998626708984
PTCT,2019-10-15 20:00:00-04:00,36.11000061035156,36.560001373291016,35.560001373291016,36.10499954223633,672400,36.10499954223633
PTCT,2019-10-16 20:00:00-04:00,36.33000183105469,36.98500061035156,36.10499954223633,36.790000915527344,306300,36.790000915527344
PTCT,2019-10-17 20:00:00-04:00,36.54999923706055,37.459999084472656,36.119998931884766,36.279998779296875,315600,36.279998779296875
PTCT,2019-10-20 20:00:00-04:00,36.54999923706055,36.810001373291016,36.2400016784668,36.4900016784668,458600,36.4900016784668
PTCT,2019-10-21 20:00:00-04:00,36.790000915527344,37.93000030517578,36.4900016784668,37.43000030517578,615500,37.43000030517578
PTCT,2019-10-22 20:00:00-04:00,37.38999938964844,38.47999954223633,37.11000061035156,37.880001068115234,430700,37.880001068115234
PTCT,2019-10-23 20:00:00-04:00,38.18000030517578,38.35499954223633,37.790000915527344,38.08000183105469,431100,38.08000183105469
PTCT,2019-10-24 20:00:00-04:00,38.099998474121094,39.09000015258789,37.849998474121094,38.97999954223633,716300,38.97999954223633
PTCT,2019-10-27 20:00:00-04:00,39.29999923706055,40.099998474121094,38.76499938964844,39.970001220703125,630200,39.970001220703125
PTCT,2019-10-28 20:00:00-04:00,39.970001220703125,40.505001068115234,39.04999923706055,39.310001373291016,531400,39.310001373291016
PTCT,2019-10-29 20:00:00-04:00,40.5,42.65999984741211,40.2599983215332,40.7400016784668,2252400,40.7400016784668
PTCT,2019-10-30 20:00:00-04:00,40.27000045776367,41.369998931884766,40.02000045776367,40.88999938964844,1151000,40.88999938964844
PTCT,2019-10-31 20:00:00-04:00,41.279998779296875,41.439998626708984,40.709999084472656,40.90999984741211,1129700,40.90999984741211
PTCT,2019-11-03 19:00:00-05:00,41.119998931884766,41.29999923706055,40.33000183105469,40.90999984741211,508100,40.90999984741211
PTCT,2019-11-04 19:00:00-05:00,41.0099983215332,41.35300064086914,40.2599983215332,40.5,713500,40.5
PTCT,2019-11-05 19:00:00-05:00,40.630001068115234,41.0,39.75,39.869998931884766,652000,39.869998931884766
PTCT,2019-11-06 19:00:00-05:00,40.130001068115234,40.189998626708984,39.54999923706055,39.91999816894531,625800,39.91999816894531
PTCT,2019-11-07 19:00:00-05:00,40.0,41.29999923706055,39.52000045776367,41.18000030517578,685700,41.18000030517578
PTCT,2019-11-10 19:00:00-05:00,42.630001068115234,43.150001525878906,41.15999984741211,41.29999923706055,1118900,41.29999923706055
PTCT,2019-11-11 19:00:00-05:00,41.720001220703125,42.29999923706055,41.060001373291016,41.77000045776367,528800,41.77000045776367
PTCT,2019-11-12 19:00:00-05:00,41.77000045776367,43.09000015258789,41.54999923706055,43.0,511900,43.0
PTCT,2019-11-13 19:00:00-05:00,42.77000045776367,43.084999084472656,41.91999816894531,42.720001220703125,535600,42.720001220703125
PTCT,2019-11-14 19:00:00-05:00,43.029998779296875,43.904998779296875,42.7599983215332,43.689998626708984,412800,43.689998626708984
PTCT,2019-11-17 19:00:00-05:00,43.84000015258789,44.529998779296875,43.310001373291016,44.33000183105469,1069300,44.33000183105469
PTCT,2019-11-18 19:00:00-05:00,44.4900016784668,45.439998626708984,44.04999923706055,44.880001068115234,633700,44.880001068115234
PTCT,2019-11-19 19:00:00-05:00,44.68000030517578,45.38999938964844,43.45000076293945,43.790000915527344,994900,43.790000915527344
PTCT,2019-11-20 19:00:00-05:00,43.779998779296875,43.779998779296875,42.029998779296875,42.880001068115234,937300,42.880001068115234
PTCT,2019-11-21 19:00:00-05:00,43.20000076293945,43.810001373291016,42.25,43.619998931884766,677400,43.619998931884766
PTCT,2019-11-24 19:00:00-05:00,44.279998779296875,47.400001525878906,44.25,45.560001373291016,1493600,45.560001373291016
PTCT,2019-11-25 19:00:00-05:00,45.5,47.0099983215332,44.86000061035156,46.16999816894531,1160800,46.16999816894531
PTCT,2019-11-26 19:00:00-05:00,46.349998474121094,47.0,45.97999954223633,46.689998626708984,529600,46.689998626708984
PTCT,2019-11-28 19:00:00-05:00,46.630001068115234,47.189998626708984,46.2400016784668,46.959999084472656,197500,46.959999084472656
PTCT,2019-12-01 19:00:00-05:00,47.15999984741211,47.72999954223633,46.400001525878906,47.61000061035156,1159700,47.61000061035156
PTCT,2019-12-02 19:00:00-05:00,48.0099983215332,50.31999969482422,48.0099983215332,49.959999084472656,1472100,49.959999084472656
PTCT,2019-12-03 19:00:00-05:00,50.119998931884766,50.220001220703125,48.97999954223633,50.06999969482422,1203500,50.06999969482422
PTCT,2019-12-04 19:00:00-05:00,50.790000915527344,50.959999084472656,49.11000061035156,49.43000030517578,1005900,49.43000030517578
PTCT,2019-12-05 19:00:00-05:00,49.70000076293945,50.16999816894531,48.84000015258789,49.20000076293945,915700,49.20000076293945
PTCT,2019-12-08 19:00:00-05:00,49.31999969482422,49.75,48.13999938964844,48.22999954223633,518600,48.22999954223633
PTCT,2019-12-09 19:00:00-05:00,48.0,49.20000076293945,47.959999084472656,48.650001525878906,564400,48.650001525878906
PTCT,2019-12-10 19:00:00-05:00,48.880001068115234,49.47200012207031,47.91999816894531,48.130001068115234,335800,48.130001068115234
PTCT,2019-12-11 19:00:00-05:00,48.029998779296875,48.86000061035156,47.279998779296875,47.720001220703125,357000,47.720001220703125
PTCT,2019-12-12 19:00:00-05:00,47.38999938964844,48.75,47.20000076293945,48.25,980500,48.25
PTCT,2019-12-15 19:00:00-05:00,48.779998779296875,49.119998931884766,48.029998779296875,48.45000076293945,728100,48.45000076293945
PTCT,2019-12-16 19:00:00-05:00,47.9900016784668,49.09000015258789,47.939998626708984,48.95000076293945,519100,48.95000076293945
PTCT,2019-12-17 19:00:00-05:00,49.029998779296875,49.268001556396484,47.75,48.02000045776367,422300,48.02000045776367
PTCT,2019-12-18 19:00:00-05:00,48.27000045776367,48.75,47.665000915527344,48.380001068115234,553300,48.380001068115234
PTCT,2019-12-19 19:00:00-05:00,48.47999954223633,48.75,47.81999969482422,48.56999969482422,1279000,48.56999969482422
PTCT,2019-12-22 19:00:00-05:00,48.79999923706055,49.68000030517578,47.75,49.33000183105469,588000,49.33000183105469
PTCT,2019-12-23 19:00:00-05:00,49.54999923706055,49.77000045776367,49.02000045776367,49.72999954223633,105700,49.72999954223633
PTCT,2019-12-25 19:00:00-05:00,49.4900016784668,49.630001068115234,48.869998931884766,48.93000030517578,244000,48.93000030517578
PTCT,2019-12-26 19:00:00-05:00,48.959999084472656,49.06999969482422,48.334999084472656,48.810001373291016,382600,48.810001373291016
PTCT,2019-12-29 19:00:00-05:00,48.900001525878906,49.040000915527344,47.125,47.54999923706055,389700,47.54999923706055
PTCT,2019-12-30 19:00:00-05:00,47.40999984741211,48.2400016784668,47.22999954223633,48.029998779296875,253500,48.029998779296875
PTCT,2020-01-01 19:00:00-05:00,48.36000061035156,48.4900016784668,47.5,48.439998626708984,411400,48.439998626708984
PTCT,2020-01-02 19:00:00-05:00,47.41999816894531,48.84000015258789,47.369998931884766,48.310001373291016,427500,48.310001373291016
PTCT,2020-01-05 19:00:00-05:00,47.72999954223633,49.689998626708984,47.54999923706055,49.61000061035156,733500,49.61000061035156
PTCT,2020-01-06 19:00:00-05:00,49.290000915527344,52.11000061035156,49.099998474121094,51.4900016784668,1294100,51.4900016784668
PTCT,2020-01-07 19:00:00-05:00,51.560001373291016,52.63999938964844,51.220001220703125,51.959999084472656,770500,51.959999084472656
PTCT,2020-01-08 19:00:00-05:00,51.540000915527344,53.290000915527344,51.380001068115234,52.22999954223633,627300,52.22999954223633
PTCT,2020-01-09 19:00:00-05:00,51.75,52.345001220703125,50.2400016784668,50.5099983215332,644500,50.5099983215332
PTCT,2020-01-12 19:00:00-05:00,50.47999954223633,50.47999954223633,47.900001525878906,48.38999938964844,1300500,48.38999938964844
PTCT,2020-01-13 19:00:00-05:00,48.22999954223633,50.290000915527344,47.83000183105469,50.060001373291016,578200,50.060001373291016
PTCT,2020-01-14 19:00:00-05:00,50.209999084472656,52.02000045776367,49.54999923706055,51.5,793800,51.5
PTCT,2020-01-15 19:00:00-05:00,51.869998931884766,53.61000061035156,51.58000183105469,52.470001220703125,933200,52.470001220703125
PTCT,2020-01-16 19:00:00-05:00,52.84000015258789,53.849998474121094,52.560001373291016,53.79999923706055,780000,53.79999923706055
PTCT,2020-01-20 19:00:00-05:00,53.27000045776367,54.369998931884766,53.08000183105469,53.5099983215332,925200,53.5099983215332
PTCT,2020-01-21 19:00:00-05:00,52.880001068115234,54.16999816894531,52.18000030517578,53.7400016784668,775300,53.7400016784668
PTCT,2020-01-22 19:00:00-05:00,53.75,53.75,52.369998931884766,53.33000183105469,789600,53.33000183105469
PTCT,2020-01-23 19:00:00-05:00,53.560001373291016,53.880001068115234,51.810001373291016,51.91999816894531,501300,51.91999816894531
PTCT,2020-01-26 19:00:00-05:00,50.900001525878906,51.560001373291016,50.209999084472656,51.09000015258789,1322800,51.09000015258789
PTCT,2020-01-27 19:00:00-05:00,51.459999084472656,52.459999084472656,50.63999938964844,51.529998779296875,645000,51.529998779296875
PTCT,2020-01-28 19:00:00-05:00,51.709999084472656,52.09000015258789,51.119998931884766,51.15999984741211,458000,51.15999984741211
PTCT,2020-01-29 19:00:00-05:00,50.38999938964844,51.54999923706055,50.060001373291016,51.22999954223633,730600,51.22999954223633
PTCT,2020-01-30 19:00:00-05:00,51.25,51.93000030517578,50.47999954223633,51.5,530900,51.5
PTCT,2020-02-02 19:00:00-05:00,52.029998779296875,52.29999923706055,51.040000915527344,52.25,1013900,52.25
PTCT,2020-02-03 19:00:00-05:00,53.0,54.4119987487793,52.415000915527344,53.7400016784668,1063100,53.7400016784668
PTCT,2020-02-04 19:00:00-05:00,54.36000061035156,55.0,52.15999984741211,53.380001068115234,948000,53.380001068115234
PTCT,2020-02-05 19:00:00-05:00,47.0,55.209999084472656,46.79999923706055,54.935001373291016,3660800,54.935001373291016
PTCT,2020-02-06 19:00:00-05:00,54.11000061035156,54.45500183105469,51.630001068115234,53.790000915527344,1234100,53.790000915527344
PTCT,2020-02-09 19:00:00-05:00,53.91999816894531,55.310001373291016,53.71500015258789,55.220001220703125,637500,55.220001220703125
PTCT,2020-02-10 19:00:00-05:00,55.810001373291016,56.88999938964844,54.98500061035156,56.13999938964844,788000,56.13999938964844
PTCT,2020-02-11 19:00:00-05:00,56.61000061035156,58.44499969482422,56.25,57.810001373291016,758400,57.810001373291016
PTCT,2020-02-12 19:00:00-05:00,57.5,58.0,56.400001525878906,56.77000045776367,567400,56.77000045776367
PTCT,2020-02-13 19:00:00-05:00,56.83000183105469,58.439998626708984,56.630001068115234,57.75,554800,57.75
PTCT,2020-02-17 19:00:00-05:00,57.7400016784668,58.95000076293945,56.542999267578125,58.36000061035156,461500,58.36000061035156
PTCT,2020-02-18 19:00:00-05:00,58.36000061035156,59.88999938964844,58.345001220703125,59.36000061035156,729500,59.36000061035156
PTCT,2020-02-19 19:00:00-05:00,57.470001220703125,58.13999938964844,55.654998779296875,57.349998474121094,1250200,57.349998474121094
PTCT,2020-02-20 19:00:00-05:00,57.459999084472656,57.68000030517578,55.0,57.18000030517578,1088400,57.18000030517578
PTCT,2020-02-23 19:00:00-05:00,55.5,56.439998626708984,54.4900016784668,54.88999938964844,1607400,54.88999938964844
PTCT,2020-02-24 19:00:00-05:00,55.33000183105469,55.869998931884766,52.14500045776367,52.81999969482422,917500,52.81999969482422
PTCT,2020-02-25 19:00:00-05:00,53.209999084472656,55.439998626708984,53.0099983215332,54.34000015258789,733000,54.34000015258789
PTCT,2020-02-26 19:00:00-05:00,53.2400016784668,57.369998931884766,51.40999984741211,53.540000915527344,1050300,53.540000915527344
PTCT,2020-02-27 19:00:00-05:00,51.86000061035156,54.84000015258789,51.86000061035156,54.84000015258789,939500,54.84000015258789
PTCT,2020-03-01 19:00:00-05:00,55.0,55.22999954223633,52.720001220703125,54.93000030517578,1686300,54.93000030517578
PTCT,2020-03-02 19:00:00-05:00,55.06999969482422,56.79999923706055,50.224998474121094,51.869998931884766,1285700,51.869998931884766
PTCT,2020-03-03 19:00:00-05:00,52.939998626708984,56.93000030517578,52.220001220703125,56.709999084472656,1149600,56.709999084472656
PTCT,2020-03-04 19:00:00-05:00,55.0,57.060001373291016,54.404998779296875,55.43000030517578,792100,55.43000030517578
PTCT,2020-03-05 19:00:00-05:00,53.709999084472656,55.2599983215332,53.709999084472656,55.060001373291016,705700,55.060001373291016
PTCT,2020-03-08 20:00:00-04:00,51.61000061035156,54.7400016784668,50.81999969482422,50.9900016784668,1104100,50.9900016784668
PTCT,2020-03-09 20:00:00-04:00,52.52000045776367,52.52000045776367,47.38999938964844,51.349998474121094,1317900,51.349998474121094
PTCT,2020-03-10 20:00:00-04:00,50.040000915527344,52.150001525878906,46.88999938964844,47.08000183105469,1017200,47.08000183105469
PTCT,2020-03-11 20:00:00-04:00,43.630001068115234,44.220001220703125,40.0099983215332,41.70000076293945,1615400,41.70000076293945
PTCT,2020-03-12 20:00:00-04:00,43.7599983215332,44.060001373291016,39.619998931884766,43.939998626708984,1133200,43.939998626708984
PTCT,2020-03-15 20:00:00-04:00,39.91999816894531,40.02899932861328,30.799999237060547,32.369998931884766,2330200,32.369998931884766
PTCT,2020-03-16 20:00:00-04:00,33.04999923706055,36.779998779296875,30.79199981689453,36.09000015258789,1602500,36.09000015258789
PTCT,2020-03-17 20:00:00-04:00,33.650001525878906,37.65999984741211,33.540000915527344,37.02000045776367,1373800,37.02000045776367
PTCT,2020-03-18 20:00:00-04:00,37.56999969482422,40.47999954223633,35.36800003051758,39.33000183105469,1363900,39.33000183105469
PTCT,2020-03-19 20:00:00-04:00,39.529998779296875,42.119998931884766,38.66999816894531,39.540000915527344,1774300,39.540000915527344
PTCT,2020-03-22 20:00:00-04:00,40.33000183105469,41.47999954223633,37.209999084472656,40.790000915527344,1067900,40.790000915527344
PTCT,2020-03-23 20:00:00-04:00,42.95000076293945,42.95000076293945,39.4900016784668,42.529998779296875,1099200,42.529998779296875
PTCT,2020-03-24 20:00:00-04:00,42.22999954223633,43.45000076293945,39.95000076293945,41.720001220703125,835200,41.720001220703125
PTCT,2020-03-25 20:00:00-04:00,42.040000915527344,44.470001220703125,40.3650016784668,43.41999816894531,733100,43.41999816894531
PTCT,2020-03-26 20:00:00-04:00,41.84000015258789,43.15999984741211,40.09000015258789,40.34000015258789,672300,40.34000015258789
PTCT,2020-03-29 20:00:00-04:00,40.869998931884766,42.89500045776367,40.34000015258789,42.540000915527344,365500,42.540000915527344
PTCT,2020-03-30 20:00:00-04:00,42.22999954223633,44.900001525878906,40.38600158691406,44.61000061035156,772400,44.61000061035156
PTCT,2020-03-31 20:00:00-04:00,43.029998779296875,45.619998931884766,42.59000015258789,44.61000061035156,721000,44.61000061035156
PTCT,2020-04-01 20:00:00-04:00,44.41999816894531,45.77000045776367,42.040000915527344,44.959999084472656,685600,44.959999084472656
PTCT,2020-04-02 20:00:00-04:00,44.310001373291016,45.7599983215332,42.25,42.560001373291016,631700,42.560001373291016
PTCT,2020-04-05 20:00:00-04:00,43.7400016784668,46.290000915527344,43.7400016784668,44.959999084472656,762100,44.959999084472656
PTCT,2020-04-06 20:00:00-04:00,46.29999923706055,46.97999954223633,42.08000183105469,42.790000915527344,790700,42.790000915527344
PTCT,2020-04-07 20:00:00-04:00,41.54999923706055,44.369998931884766,40.029998779296875,44.150001525878906,938900,44.150001525878906
PTCT,2020-04-08 20:00:00-04:00,47.310001373291016,47.810001373291016,44.279998779296875,45.43000030517578,694100,45.43000030517578
PTCT,2020-04-12 20:00:00-04:00,45.15999984741211,45.93000030517578,43.970001220703125,44.91999816894531,263700,44.91999816894531
PTCT,2020-04-13 20:00:00-04:00,46.060001373291016,47.94499969482422,45.5099983215332,47.380001068115234,557900,47.380001068115234
PTCT,2020-04-14 20:00:00-04:00,46.689998626708984,47.72999954223633,46.02000045776367,46.66999816894531,504800,46.66999816894531
PTCT,2020-04-15 20:00:00-04:00,46.0099983215332,48.20000076293945,45.709999084472656,47.4900016784668,517800,47.4900016784668
PTCT,2020-04-16 20:00:00-04:00,48.34000015258789,50.439998626708984,47.90999984741211,49.779998779296875,953200,49.779998779296875
PTCT,2020-04-19 20:00:00-04:00,49.060001373291016,52.209999084472656,48.41999816894531,51.400001525878906,1243900,51.400001525878906
PTCT,2020-04-20 20:00:00-04:00,50.09000015258789,51.03499984741211,47.744998931884766,49.150001525878906,769200,49.150001525878906
PTCT,2020-04-21 20:00:00-04:00,49.97999954223633,50.83000183105469,48.689998626708984,49.7599983215332,356200,49.7599983215332
PTCT,2020-04-22 20:00:00-04:00,49.91999816894531,52.04999923706055,49.08000183105469,49.400001525878906,569200,49.400001525878906
PTCT,2020-04-23 20:00:00-04:00,49.91999816894531,53.45500183105469,49.099998474121094,53.060001373291016,749700,53.060001373291016
PTCT,2020-04-26 20:00:00-04:00,53.9900016784668,54.88999938964844,52.95000076293945,53.5099983215332,1186400,53.5099983215332
PTCT,2020-04-27 20:00:00-04:00,54.15999984741211,55.0,51.15999984741211,53.849998474121094,1030100,53.849998474121094
PTCT,2020-04-28 20:00:00-04:00,54.34000015258789,54.400001525878906,52.349998474121094,53.540000915527344,507000,53.540000915527344
PTCT,2020-04-29 20:00:00-04:00,53.099998474121094,53.619998931884766,50.68000030517578,50.91999816894531,659800,50.91999816894531
PTCT,2020-04-30 20:00:00-04:00,48.70000076293945,50.150001525878906,46.53499984741211,48.0,1173100,48.0
PTCT,2020-05-03 20:00:00-04:00,48.0,48.779998779296875,46.5,48.20000076293945,597300,48.20000076293945
PTCT,2020-05-04 20:00:00-04:00,49.04999923706055,51.150001525878906,48.72999954223633,49.29999923706055,807300,49.29999923706055
PTCT,2020-05-05 20:00:00-04:00,49.7599983215332,49.7599983215332,47.94499969482422,48.220001220703125,389000,48.220001220703125
PTCT,2020-05-06 20:00:00-04:00,50.099998474121094,50.099998474121094,46.11000061035156,46.90999984741211,1108300,46.90999984741211
PTCT,2020-05-07 20:00:00-04:00,47.040000915527344,47.20500183105469,44.40999984741211,44.5,1010300,44.5
PTCT,2020-05-10 20:00:00-04:00,44.09000015258789,47.534000396728516,43.64500045776367,47.060001373291016,753700,47.060001373291016
PTCT,2020-05-11 20:00:00-04:00,47.77000045776367,49.31999969482422,47.36000061035156,47.36000061035156,855200,47.36000061035156
PTCT,2020-05-12 20:00:00-04:00,46.97999954223633,47.83000183105469,44.71200180053711,45.56999969482422,571400,45.56999969482422
PTCT,2020-05-13 20:00:00-04:00,45.099998474121094,46.02000045776367,43.93000030517578,46.0,579600,46.0
PTCT,2020-05-14 20:00:00-04:00,45.72999954223633,48.849998474121094,45.71500015258789,48.83000183105469,694000,48.83000183105469
PTCT,2020-05-17 20:00:00-04:00,50.47999954223633,50.58000183105469,48.619998931884766,49.63999938964844,622500,49.63999938964844
PTCT,2020-05-18 20:00:00-04:00,49.56999969482422,50.040000915527344,47.70000076293945,47.779998779296875,360900,47.779998779296875
PTCT,2020-05-19 20:00:00-04:00,48.52000045776367,50.2599983215332,47.880001068115234,50.130001068115234,711300,50.130001068115234
PTCT,2020-05-20 20:00:00-04:00,50.5,51.04999923706055,47.93000030517578,49.939998626708984,427800,49.939998626708984
PTCT,2020-05-21 20:00:00-04:00,50.0099983215332,50.68000030517578,49.57500076293945,50.61000061035156,221200,50.61000061035156
PTCT,2020-05-25 20:00:00-04:00,51.91999816894531,52.150001525878906,50.09000015258789,50.29999923706055,567800,50.29999923706055
PTCT,2020-05-26 20:00:00-04:00,50.22999954223633,50.22999954223633,47.7400016784668,49.630001068115234,461200,49.630001068115234
PTCT,2020-05-27 20:00:00-04:00,50.380001068115234,50.9900016784668,49.529998779296875,49.900001525878906,516300,49.900001525878906
PTCT,2020-05-28 20:00:00-04:00,49.689998626708984,50.775001525878906,48.91999816894531,50.709999084472656,516600,50.709999084472656
PTCT,2020-05-31 20:00:00-04:00,50.939998626708984,51.0,49.31999969482422,49.47999954223633,717900,49.47999954223633
PTCT,2020-06-01 20:00:00-04:00,49.77000045776367,51.029998779296875,48.7599983215332,50.95000076293945,747800,50.95000076293945
PTCT,2020-06-02 20:00:00-04:00,51.349998474121094,52.46500015258789,49.900001525878906,49.93000030517578,1003300,49.93000030517578
PTCT,2020-06-03 20:00:00-04:00,49.2599983215332,49.689998626708984,47.08000183105469,47.84000015258789,561700,47.84000015258789
PTCT,2020-06-04 20:00:00-04:00,48.38999938964844,50.54999923706055,46.900001525878906,50.47999954223633,855900,50.47999954223633
PTCT,2020-06-07 20:00:00-04:00,50.91999816894531,51.560001373291016,50.08000183105469,50.709999084472656,645300,50.709999084472656
PTCT,2020-06-08 20:00:00-04:00,50.689998626708984,50.84000015258789,49.380001068115234,49.72999954223633,586600,49.72999954223633
PTCT,2020-06-09 20:00:00-04:00,50.16999816894531,50.540000915527344,49.72999954223633,49.79999923706055,459100,49.79999923706055
PTCT,2020-06-10 20:00:00-04:00,48.36000061035156,49.939998626708984,48.0099983215332,48.16999816894531,672100,48.16999816894531
PTCT,2020-06-11 20:00:00-04:00,48.95000076293945,49.84000015258789,47.5,49.26499938964844,647200,49.26499938964844
PTCT,2020-06-14 20:00:00-04:00,48.349998474121094,50.130001068115234,46.7599983215332,49.22999954223633,485100,49.22999954223633
PTCT,2020-06-15 20:00:00-04:00,50.400001525878906,51.130001068115234,49.44499969482422,50.595001220703125,669500,50.595001220703125
PTCT,2020-06-16 20:00:00-04:00,51.5,52.3650016784668,50.060001373291016,50.34000015258789,662500,50.34000015258789
PTCT,2020-06-17 20:00:00-04:00,49.869998931884766,51.349998474121094,49.599998474121094,50.36000061035156,427700,50.36000061035156
PTCT,2020-06-18 20:00:00-04:00,50.369998931884766,51.04999923706055,49.68000030517578,51.029998779296875,1082500,51.029998779296875
PTCT,2020-06-21 20:00:00-04:00,51.02000045776367,53.5,49.66999816894531,53.27000045776367,987600,53.27000045776367
PTCT,2020-06-22 20:00:00-04:00,53.66999816894531,54.849998474121094,52.849998474121094,53.810001373291016,878000,53.810001373291016
PTCT,2020-06-23 20:00:00-04:00,53.4900016784668,54.119998931884766,51.54999923706055,52.6150016784668,532700,52.6150016784668
PTCT,2020-06-24 20:00:00-04:00,52.84000015258789,55.0,51.970001220703125,54.97999954223633,695400,54.97999954223633
PTCT,2020-06-25 20:00:00-04:00,54.97999954223633,54.97999954223633,52.540000915527344,52.66999816894531,1171300,52.66999816894531
PTCT,2020-06-28 20:00:00-04:00,52.5,53.0,49.63999938964844,50.63999938964844,497700,50.63999938964844
PTCT,2020-06-29 20:00:00-04:00,50.0,51.0,49.209999084472656,50.7400016784668,864200,50.7400016784668
PTCT,2020-06-30 20:00:00-04:00,50.5,52.45000076293945,50.470001220703125,51.599998474121094,529500,51.599998474121094
PTCT,2020-07-01 20:00:00-04:00,51.58000183105469,53.380001068115234,51.13999938964844,53.0,598300,53.0
PTCT,2020-07-05 20:00:00-04:00,52.97999954223633,55.0,52.959999084472656,54.06999969482422,778100,54.06999969482422
PTCT,2020-07-06 20:00:00-04:00,53.91999816894531,55.79999923706055,53.560001373291016,55.0099983215332,647400,55.0099983215332
PTCT,2020-07-07 20:00:00-04:00,55.09000015258789,57.099998474121094,54.75,57.06999969482422,866500,57.06999969482422
PTCT,2020-07-08 20:00:00-04:00,57.630001068115234,58.130001068115234,56.31999969482422,56.880001068115234,842500,56.880001068115234
PTCT,2020-07-09 20:00:00-04:00,56.72999954223633,56.72999954223633,54.97999954223633,54.97999954223633,379900,54.97999954223633
PTCT,2020-07-12 20:00:00-04:00,55.689998626708984,56.189998626708984,52.68000030517578,52.79999923706055,501200,52.79999923706055
PTCT,2020-07-13 20:00:00-04:00,52.650001525878906,54.47999954223633,52.02000045776367,54.459999084472656,428500,54.459999084472656
PTCT,2020-07-14 20:00:00-04:00,55.439998626708984,56.619998931884766,54.689998626708984,55.599998474121094,465000,55.599998474121094
PTCT,2020-07-15 20:00:00-04:00,55.13999938964844,55.81999969482422,53.9900016784668,55.150001525878906,498200,55.150001525878906
PTCT,2020-07-16 20:00:00-04:00,55.15999984741211,56.310001373291016,54.959999084472656,55.70000076293945,329400,55.70000076293945
PTCT,2020-07-19 20:00:00-04:00,53.9900016784668,57.65999984741211,53.27000045776367,53.290000915527344,1378400,53.290000915527344
PTCT,2020-07-20 20:00:00-04:00,53.099998474121094,53.099998474121094,47.439998626708984,48.119998931884766,2050200,48.119998931884766
PTCT,2020-07-21 20:00:00-04:00,48.0099983215332,49.54999923706055,46.540000915527344,47.459999084472656,1024500,47.459999084472656
PTCT,2020-07-22 20:00:00-04:00,47.63999938964844,48.54999923706055,46.814998626708984,47.81999969482422,693100,47.81999969482422
PTCT,2020-07-23 20:00:00-04:00,47.33000183105469,47.974998474121094,46.34000015258789,47.150001525878906,732600,47.150001525878906
PTCT,2020-07-26 20:00:00-04:00,47.2599983215332,49.0099983215332,47.2599983215332,48.77000045776367,694400,48.77000045776367
PTCT,2020-07-27 20:00:00-04:00,48.86000061035156,49.029998779296875,47.869998931884766,47.939998626708984,495000,47.939998626708984
PTCT,2020-07-28 20:00:00-04:00,48.150001525878906,48.40999984741211,46.63999938964844,47.029998779296875,714000,47.029998779296875
PTCT,2020-07-29 20:00:00-04:00,46.650001525878906,47.72999954223633,46.650001525878906,47.25,516900,47.25
PTCT,2020-07-30 20:00:00-04:00,47.66999816894531,47.66999816894531,45.560001373291016,46.33000183105469,506600,46.33000183105469
PTCT,2020-08-02 20:00:00-04:00,46.439998626708984,47.880001068115234,46.0099983215332,47.66999816894531,2298600,47.66999816894531
PTCT,2020-08-03 20:00:00-04:00,47.689998626708984,48.59000015258789,47.0,48.4900016784668,1999100,48.4900016784668
PTCT,2020-08-04 20:00:00-04:00,49.15999984741211,49.25,48.130001068115234,48.970001220703125,1349500,48.970001220703125
PTCT,2020-08-05 20:00:00-04:00,45.040000915527344,47.39500045776367,44.779998779296875,47.02000045776367,3048300,47.02000045776367
PTCT,2020-08-06 20:00:00-04:00,47.15999984741211,50.380001068115234,46.70000076293945,47.83000183105469,2125600,47.83000183105469
PTCT,2020-08-09 20:00:00-04:00,49.84000015258789,49.880001068115234,47.849998474121094,48.029998779296875,636100,48.029998779296875
PTCT,2020-08-10 20:00:00-04:00,48.209999084472656,49.53499984741211,46.869998931884766,48.0,690900,48.0
PTCT,2020-08-11 20:00:00-04:00,48.31999969482422,48.97999954223633,46.9900016784668,47.470001220703125,1029400,47.470001220703125
PTCT,2020-08-12 20:00:00-04:00,47.79999923706055,49.86000061035156,47.41999816894531,49.4900016784668,951700,49.4900016784668
PTCT,2020-08-13 20:00:00-04:00,49.599998474121094,50.02000045776367,48.720001220703125,49.02000045776367,482100,49.02000045776367
PTCT,2020-08-16 20:00:00-04:00,49.08000183105469,51.22999954223633,48.79999923706055,50.439998626708984,496100,50.439998626708984
PTCT,2020-08-17 20:00:00-04:00,50.619998931884766,50.630001068115234,48.83000183105469,49.130001068115234,322100,49.130001068115234
PTCT,2020-08-18 20:00:00-04:00,49.43000030517578,49.880001068115234,48.5,49.130001068115234,410200,49.130001068115234
PTCT,2020-08-19 20:00:00-04:00,49.11000061035156,49.11000061035156,47.779998779296875,48.470001220703125,345900,48.470001220703125
PTCT,2020-08-20 20:00:00-04:00,48.400001525878906,48.77000045776367,47.974998474121094,48.58000183105469,337800,48.58000183105469
PTCT,2020-08-23 20:00:00-04:00,48.4900016784668,49.060001373291016,47.31999969482422,48.040000915527344,466800,48.040000915527344
PTCT,2020-08-24 20:00:00-04:00,48.86000061035156,50.459999084472656,48.20000076293945,50.0099983215332,1050400,50.0099983215332
PTCT,2020-08-25 20:00:00-04:00,50.0099983215332,50.220001220703125,47.54499816894531,47.880001068115234,395100,47.880001068115234
PTCT,2020-08-26 20:00:00-04:00,47.95000076293945,49.5099983215332,47.29999923706055,48.22999954223633,342100,48.22999954223633
PTCT,2020-08-27 20:00:00-04:00,48.59000015258789,48.790000915527344,47.790000915527344,48.75,431100,48.75
PTCT,2020-08-30 20:00:00-04:00,49.209999084472656,50.45000076293945,48.599998474121094,49.42499923706055,584500,49.42499923706055
PTCT,2020-08-31 20:00:00-04:00,49.4900016784668,50.369998931884766,48.939998626708984,49.5,640200,49.5
PTCT,2020-09-01 20:00:00-04:00,49.25,50.7400016784668,49.029998779296875,50.34000015258789,550500,50.34000015258789
PTCT,2020-09-02 20:00:00-04:00,50.310001373291016,50.790000915527344,47.84000015258789,48.5,475700,48.5
PTCT,2020-09-03 20:00:00-04:00,48.7599983215332,49.0099983215332,46.650001525878906,48.0,493300,48.0
PTCT,2020-09-07 20:00:00-04:00,47.380001068115234,48.61000061035156,46.86000061035156,47.5099983215332,512600,47.5099983215332
PTCT,2020-09-08 20:00:00-04:00,48.0,48.75,47.400001525878906,48.189998626708984,419700,48.189998626708984
PTCT,2020-09-09 20:00:00-04:00,48.349998474121094,48.84000015258789,46.2599983215332,46.27000045776367,515000,46.27000045776367
PTCT,2020-09-10 20:00:00-04:00,46.400001525878906,46.689998626708984,44.77000045776367,45.599998474121094,382500,45.599998474121094
PTCT,2020-09-13 20:00:00-04:00,46.38999938964844,48.86000061035156,46.0,48.720001220703125,593300,48.720001220703125
PTCT,2020-09-14 20:00:00-04:00,49.11000061035156,49.61000061035156,47.150001525878906,47.59000015258789,871300,47.59000015258789
PTCT,2020-09-15 20:00:00-04:00,48.060001373291016,48.459999084472656,46.599998474121094,46.81999969482422,459400,46.81999969482422
PTCT,2020-09-16 20:00:00-04:00,46.220001220703125,47.849998474121094,46.0099983215332,47.5,459200,47.5
PTCT,2020-09-17 20:00:00-04:00,48.08000183105469,48.150001525878906,46.15999984741211,47.220001220703125,635300,47.220001220703125
PTCT,2020-09-20 20:00:00-04:00,46.65999984741211,47.54999923706055,45.15999984741211,45.459999084472656,529300,45.459999084472656
PTCT,2020-09-21 20:00:00-04:00,45.34000015258789,46.29999923706055,44.185001373291016,46.119998931884766,421900,46.119998931884766
PTCT,2020-09-22 20:00:00-04:00,46.2400016784668,48.07500076293945,45.369998931884766,45.40999984741211,351400,45.40999984741211
PTCT,2020-09-23 20:00:00-04:00,45.400001525878906,46.540000915527344,44.34000015258789,46.380001068115234,491400,46.380001068115234
PTCT,2020-09-24 20:00:00-04:00,46.47999954223633,47.79999923706055,45.95000076293945,46.599998474121094,524400,46.599998474121094
PTCT,2020-09-27 20:00:00-04:00,46.88999938964844,48.040000915527344,46.540000915527344,47.689998626708984,449600,47.689998626708984
PTCT,2020-09-28 20:00:00-04:00,47.779998779296875,48.279998779296875,47.2400016784668,47.27000045776367,245500,47.27000045776367
PTCT,2020-09-29 20:00:00-04:00,47.189998626708984,47.880001068115234,46.2599983215332,46.75,258200,46.75
PTCT,2020-09-30 20:00:00-04:00,46.86000061035156,49.13999938964844,46.86000061035156,48.93000030517578,409500,48.93000030517578
PTCT,2020-10-01 20:00:00-04:00,48.08000183105469,49.65999984741211,47.099998474121094,47.959999084472656,339500,47.959999084472656
PTCT,2020-10-04 20:00:00-04:00,48.68000030517578,50.0,48.68000030517578,49.970001220703125,573900,49.970001220703125
PTCT,2020-10-05 20:00:00-04:00,49.95000076293945,50.66999816894531,49.349998474121094,49.63999938964844,511900,49.63999938964844
PTCT,2020-10-06 20:00:00-04:00,52.61000061035156,54.130001068115234,51.849998474121094,53.61000061035156,1078100,53.61000061035156
PTCT,2020-10-07 20:00:00-04:00,53.88999938964844,54.05500030517578,52.540000915527344,53.06999969482422,275000,53.06999969482422
PTCT,2020-10-08 20:00:00-04:00,53.279998779296875,53.81999969482422,52.81999969482422,53.810001373291016,240400,53.810001373291016
PTCT,2020-10-11 20:00:00-04:00,54.0,54.869998931884766,53.060001373291016,54.58000183105469,265700,54.58000183105469
PTCT,2020-10-12 20:00:00-04:00,54.529998779296875,55.099998474121094,52.733001708984375,54.599998474121094,324000,54.599998474121094
PTCT,2020-10-13 20:00:00-04:00,54.630001068115234,54.900001525878906,52.22999954223633,52.349998474121094,360100,52.349998474121094
PTCT,2020-10-14 20:00:00-04:00,51.849998474121094,52.66999816894531,50.900001525878906,51.599998474121094,442400,51.599998474121094
PTCT,2020-10-15 20:00:00-04:00,51.290000915527344,52.27000045776367,51.08000183105469,51.38999938964844,315500,51.38999938964844
PTCT,2020-10-18 20:00:00-04:00,51.66999816894531,52.15999984741211,51.03499984741211,52.09000015258789,308500,52.09000015258789
PTCT,2020-10-19 20:00:00-04:00,52.54999923706055,52.9900016784668,51.28499984741211,51.5099983215332,181500,51.5099983215332
PTCT,2020-10-20 20:00:00-04:00,51.0,52.189998626708984,50.7400016784668,51.220001220703125,343600,51.220001220703125
PTCT,2020-10-21 20:00:00-04:00,51.45000076293945,53.13999938964844,51.45000076293945,51.97999954223633,369100,51.97999954223633
PTCT,2020-10-22 20:00:00-04:00,52.38999938964844,52.470001220703125,51.345001220703125,51.959999084472656,221000,51.959999084472656
PTCT,2020-10-25 20:00:00-04:00,51.13999938964844,52.33000183105469,50.90999984741211,51.95000076293945,364000,51.95000076293945
PTCT,2020-10-26 20:00:00-04:00,52.15999984741211,53.970001220703125,51.150001525878906,53.2599983215332,385100,53.2599983215332
PTCT,2020-10-27 20:00:00-04:00,52.66999816894531,53.15999984741211,50.77000045776367,52.470001220703125,637500,52.470001220703125
PTCT,2020-10-28 20:00:00-04:00,52.4900016784668,54.27000045776367,51.23500061035156,53.88999938964844,378800,53.88999938964844
PTCT,2020-10-29 20:00:00-04:00,55.0,55.0,50.77000045776367,52.189998626708984,742300,52.189998626708984
PTCT,2020-11-01 19:00:00-05:00,52.959999084472656,55.09000015258789,52.369998931884766,55.02000045776367,569000,55.02000045776367
PTCT,2020-11-02 19:00:00-05:00,54.75,57.435001373291016,53.97999954223633,56.869998931884766,622100,56.869998931884766
PTCT,2020-11-03 19:00:00-05:00,57.439998626708984,61.68000030517578,56.62300109863281,60.5,1507200,60.5
PTCT,2020-11-04 19:00:00-05:00,60.209999084472656,60.7400016784668,56.849998474121094,59.31999969482422,426100,59.31999969482422
PTCT,2020-11-05 19:00:00-05:00,59.099998474121094,59.75,58.349998474121094,59.380001068115234,260800,59.380001068115234
PTCT,2020-11-08 19:00:00-05:00,61.400001525878906,61.76499938964844,59.150001525878906,59.209999084472656,482000,59.209999084472656
PTCT,2020-11-09 19:00:00-05:00,59.7400016784668,60.72999954223633,57.0,59.25,479000,59.25
PTCT,2020-11-10 19:00:00-05:00,59.880001068115234,60.33000183105469,58.665000915527344,60.0,280700,60.0
PTCT,2020-11-11 19:00:00-05:00,59.7400016784668,60.68000030517578,59.060001373291016,59.4900016784668,219900,59.4900016784668
PTCT,2020-11-12 19:00:00-05:00,58.880001068115234,60.400001525878906,58.880001068115234,60.099998474121094,248800,60.099998474121094
PTCT,2020-11-15 19:00:00-05:00,60.18000030517578,61.290000915527344,59.34000015258789,61.20000076293945,441800,61.20000076293945
PTCT,2020-11-16 19:00:00-05:00,61.0,63.0,60.400001525878906,62.810001373291016,477700,62.810001373291016
PTCT,2020-11-17 19:00:00-05:00,63.0,63.61000061035156,61.720001220703125,61.72999954223633,424300,61.72999954223633
PTCT,2020-11-18 19:00:00-05:00,61.709999084472656,63.119998931884766,61.560001373291016,62.83000183105469,205100,62.83000183105469
PTCT,2020-11-19 19:00:00-05:00,62.290000915527344,63.68000030517578,61.915000915527344,63.130001068115234,395800,63.130001068115234
PTCT,2020-11-22 19:00:00-05:00,63.709999084472656,64.0,62.0,62.2400016784668,416400,62.2400016784668
PTCT,2020-11-23 19:00:00-05:00,62.84000015258789,63.880001068115234,62.0,63.150001525878906,485600,63.150001525878906
PTCT,2020-11-24 19:00:00-05:00,63.4900016784668,64.62000274658203,63.220001220703125,63.529998779296875,319000,63.529998779296875
PTCT,2020-11-26 19:00:00-05:00,64.0,64.61000061035156,63.277000427246094,63.9900016784668,245500,63.9900016784668
PTCT,2020-11-29 19:00:00-05:00,62.349998474121094,63.130001068115234,59.68000030517578,62.56999969482422,757000,62.56999969482422
PTCT,2020-11-30 19:00:00-05:00,63.06999969482422,64.32499694824219,61.97999954223633,62.790000915527344,1054700,62.790000915527344
PTCT,2020-12-01 19:00:00-05:00,62.7599983215332,64.33000183105469,61.099998474121094,63.86000061035156,331900,63.86000061035156
PTCT,2020-12-02 19:00:00-05:00,64.1500015258789,64.66500091552734,63.40999984741211,64.1500015258789,579900,64.1500015258789
PTCT,2020-12-03 19:00:00-05:00,64.75,66.0,63.17499923706055,65.70999908447266,400200,65.70999908447266
PTCT,2020-12-06 19:00:00-05:00,65.5,66.51000213623047,59.099998474121094,59.119998931884766,1010600,59.119998931884766
PTCT,2020-12-07 19:00:00-05:00,59.47999954223633,64.08999633789062,59.47999954223633,63.95000076293945,505300,63.95000076293945
PTCT,2020-12-08 19:00:00-05:00,64.41000366210938,64.76000213623047,61.369998931884766,61.9900016784668,404500,61.9900016784668
PTCT,2020-12-09 19:00:00-05:00,61.560001373291016,64.61000061035156,61.560001373291016,63.790000915527344,473800,63.790000915527344
PTCT,2020-12-10 19:00:00-05:00,63.29999923706055,65.55000305175781,62.38999938964844,64.9800033569336,480900,64.9800033569336
PTCT,2020-12-13 19:00:00-05:00,65.97000122070312,68.80999755859375,65.36000061035156,66.01000213623047,596300,66.01000213623047
PTCT,2020-12-14 19:00:00-05:00,66.41999816894531,67.22000122070312,65.31999969482422,66.37000274658203,286200,66.37000274658203
PTCT,2020-12-15 19:00:00-05:00,66.25,66.92500305175781,64.2699966430664,64.7300033569336,369600,64.7300033569336
PTCT,2020-12-16 19:00:00-05:00,65.0,65.78500366210938,64.22000122070312,65.33999633789062,433900,65.33999633789062
PTCT,2020-12-17 19:00:00-05:00,65.81999969482422,67.91000366210938,65.5199966430664,67.63999938964844,1194000,67.63999938964844
PTCT,2020-12-20 19:00:00-05:00,66.30999755859375,67.0,64.59500122070312,65.08999633789062,676800,65.08999633789062
PTCT,2020-12-21 19:00:00-05:00,65.01000213623047,67.66999816894531,64.37000274658203,65.86000061035156,379000,65.86000061035156
PTCT,2020-12-22 19:00:00-05:00,65.88999938964844,65.91000366210938,63.935001373291016,65.54000091552734,283800,65.54000091552734
PTCT,2020-12-23 19:00:00-05:00,66.4000015258789,66.51000213623047,64.88999938964844,65.05000305175781,78500,65.05000305175781
PTCT,2020-12-27 19:00:00-05:00,65.18000030517578,65.54000091552734,63.849998474121094,64.12999725341797,369800,64.12999725341797
PTCT,2020-12-28 19:00:00-05:00,63.95000076293945,64.52999877929688,62.25,63.45000076293945,217700,63.45000076293945
PTCT,2020-12-29 19:00:00-05:00,63.72999954223633,63.72999954223633,60.8849983215332,61.08000183105469,612000,61.08000183105469
PTCT,2020-12-30 19:00:00-05:00,61.38999938964844,61.869998931884766,60.06999969482422,61.029998779296875,230400,61.029998779296875
PTCT,2021-01-03 19:00:00-05:00,60.650001525878906,61.36000061035156,59.709999084472656,60.5,1046600,60.5
PTCT,2021-01-04 19:00:00-05:00,61.52000045776367,65.04000091552734,61.13999938964844,64.79000091552734,648400,64.79000091552734
PTCT,2021-01-05 19:00:00-05:00,64.91999816894531,67.27999877929688,64.23500061035156,66.48999786376953,482000,66.48999786376953
PTCT,2021-01-06 19:00:00-05:00,66.51000213623047,68.9800033569336,66.51000213623047,68.91999816894531,497000,68.91999816894531
PTCT,2021-01-07 19:00:00-05:00,68.25,70.81999969482422,65.58000183105469,67.58000183105469,611100,67.58000183105469
PTCT,2021-01-10 19:00:00-05:00,66.36000061035156,67.80999755859375,66.19000244140625,66.2699966430664,336900,66.2699966430664
PTCT,2021-01-11 19:00:00-05:00,66.33000183105469,68.51499938964844,66.33000183105469,67.05000305175781,314000,67.05000305175781
PTCT,2021-01-12 19:00:00-05:00,66.56999969482422,67.58499908447266,65.88999938964844,66.63999938964844,280500,66.63999938964844
PTCT,2021-01-13 19:00:00-05:00,67.12999725341797,68.87999725341797,66.58000183105469,68.72000122070312,309600,68.72000122070312
PTCT,2021-01-14 19:00:00-05:00,68.31999969482422,69.4800033569336,67.58999633789062,68.48999786376953,247300,68.48999786376953
PTCT,2021-01-18 19:00:00-05:00,68.55000305175781,68.8499984741211,65.30000305175781,65.62000274658203,673000,65.62000274658203
PTCT,2021-01-19 19:00:00-05:00,65.63999938964844,66.63999938964844,63.380001068115234,63.79499816894531,686200,63.79499816894531
PTCT,2021-01-20 19:00:00-05:00,63.47999954223633,65.05999755859375,62.2599983215332,63.04999923706055,248800,63.04999923706055
PTCT,2021-01-21 19:00:00-05:00,62.34000015258789,64.12999725341797,62.25,63.36000061035156,405000,63.36000061035156
PTCT,2021-01-24 19:00:00-05:00,63.25,63.61000061035156,60.689998626708984,63.52000045776367,340900,63.52000045776367
PTCT,2021-01-25 19:00:00-05:00,63.52000045776367,63.52000045776367,60.81999969482422,61.18000030517578,248500,61.18000030517578
PTCT,2021-01-26 19:00:00-05:00,60.029998779296875,60.439998626708984,55.68000030517578,56.66999816894531,912600,56.66999816894531
PTCT,2021-01-27 19:00:00-05:00,56.72999954223633,58.45000076293945,56.0,56.369998931884766,502300,56.369998931884766
PTCT,2021-01-28 19:00:00-05:00,56.09000015258789,59.08000183105469,55.470001220703125,57.81999969482422,928800,57.81999969482422
PTCT,2021-01-31 19:00:00-05:00,58.97999954223633,59.36000061035156,55.90999984741211,56.790000915527344,674200,56.790000915527344
PTCT,2021-02-01 19:00:00-05:00,57.63999938964844,61.619998931884766,57.25,60.2400016784668,769900,60.2400016784668
PTCT,2021-02-02 19:00:00-05:00,59.959999084472656,61.88999938964844,59.959999084472656,60.77000045776367,421000,60.77000045776367
PTCT,2021-02-03 19:00:00-05:00,60.93000030517578,63.849998474121094,60.0099983215332,63.08000183105469,583500,63.08000183105469
PTCT,2021-02-04 19:00:00-05:00,60.0,64.67500305175781,59.45000076293945,63.54999923706055,954700,63.54999923706055
PTCT,2021-02-07 19:00:00-05:00,63.59000015258789,66.01000213623047,61.150001525878906,63.939998626708984,396700,63.939998626708984
PTCT,2021-02-08 19:00:00-05:00,64.16000366210938,64.43000030517578,63.104000091552734,63.75,286500,63.75
PTCT,2021-02-09 19:00:00-05:00,64.58000183105469,65.48999786376953,63.349998474121094,63.7400016784668,365500,63.7400016784668
PTCT,2021-02-10 19:00:00-05:00,64.47000122070312,64.62999725341797,63.06999969482422,63.275001525878906,599400,63.275001525878906
PTCT,2021-02-11 19:00:00-05:00,61.810001373291016,62.88999938964844,61.380001068115234,61.43000030517578,779400,61.43000030517578
PTCT,2021-02-15 19:00:00-05:00,61.43000030517578,61.65999984741211,59.97999954223633,60.40999984741211,500500,60.40999984741211
PTCT,2021-02-16 19:00:00-05:00,60.95000076293945,60.95000076293945,58.93000030517578,59.47999954223633,536500,59.47999954223633
PTCT,2021-02-17 19:00:00-05:00,58.560001373291016,59.904998779296875,58.0099983215332,58.84000015258789,378300,58.84000015258789
PTCT,2021-02-18 19:00:00-05:00,59.11000061035156,60.43000030517578,57.900001525878906,58.08000183105469,534700,58.08000183105469
PTCT,2021-02-21 19:00:00-05:00,57.349998474121094,58.95000076293945,57.0,57.400001525878906,526100,57.400001525878906
PTCT,2021-02-22 19:00:00-05:00,56.849998474121094,58.724998474121094,56.0,57.290000915527344,541000,57.290000915527344
PTCT,2021-02-23 19:00:00-05:00,57.060001373291016,58.9900016784668,56.27000045776367,57.630001068115234,588700,57.630001068115234
PTCT,2021-02-24 19:00:00-05:00,57.63999938964844,58.529998779296875,55.09000015258789,55.189998626708984,515500,55.189998626708984
PTCT,2021-02-25 19:00:00-05:00,54.40999984741211,57.68000030517578,54.0,57.099998474121094,972400,57.099998474121094
PTCT,2021-02-28 19:00:00-05:00,57.86000061035156,58.439998626708984,56.90999984741211,58.15999984741211,635400,58.15999984741211
PTCT,2021-03-01 19:00:00-05:00,58.18000030517578,58.75,57.09000015258789,57.31999969482422,407100,57.31999969482422
PTCT,2021-03-02 19:00:00-05:00,57.41999816894531,58.01499938964844,56.36000061035156,57.0,398900,57.0
PTCT,2021-03-03 19:00:00-05:00,56.88999938964844,58.709999084472656,55.66999816894531,57.869998931884766,920300,57.869998931884766
PTCT,2021-03-04 19:00:00-05:00,58.61000061035156,60.2400016784668,56.37300109863281,60.13999938964844,926800,60.13999938964844
PTCT,2021-03-07 19:00:00-05:00,60.47999954223633,60.56999969482422,58.29999923706055,58.40999984741211,444500,58.40999984741211
PTCT,2021-03-08 19:00:00-05:00,59.599998474121094,60.61000061035156,58.63999938964844,59.15999984741211,363800,59.15999984741211
PTCT,2021-03-09 19:00:00-05:00,59.58000183105469,60.1349983215332,55.77000045776367,56.54999923706055,638300,56.54999923706055
PTCT,2021-03-10 19:00:00-05:00,57.529998779296875,58.439998626708984,56.81999969482422,57.22999954223633,401200,57.22999954223633
PTCT,2021-03-11 19:00:00-05:00,56.279998779296875,59.18899917602539,55.814998626708984,58.45000076293945,429400,58.45000076293945
PTCT,2021-03-14 20:00:00-04:00,58.04999923706055,58.880001068115234,57.529998779296875,58.06999969482422,229600,58.06999969482422
PTCT,2021-03-15 20:00:00-04:00,58.0,59.47999954223633,56.349998474121094,57.70000076293945,582000,57.70000076293945
PTCT,2021-03-16 20:00:00-04:00,57.63999938964844,57.63999938964844,55.095001220703125,55.75,596900,55.75
PTCT,2021-03-17 20:00:00-04:00,55.279998779296875,58.58000183105469,55.150001525878906,55.5099983215332,381100,55.5099983215332
PTCT,2021-03-18 20:00:00-04:00,55.689998626708984,57.189998626708984,55.36000061035156,56.18000030517578,1123700,56.18000030517578
PTCT,2021-03-21 20:00:00-04:00,56.099998474121094,57.814998626708984,55.779998779296875,57.02000045776367,362900,57.02000045776367
PTCT,2021-03-22 20:00:00-04:00,55.209999084472656,55.25,51.58000183105469,52.029998779296875,1437500,52.029998779296875
PTCT,2021-03-23 20:00:00-04:00,52.560001373291016,52.9900016784668,49.33000183105469,49.529998779296875,608700,49.529998779296875
PTCT,2021-03-24 20:00:00-04:00,49.560001373291016,50.439998626708984,48.13999938964844,50.08000183105469,506600,50.08000183105469
PTCT,2021-03-25 20:00:00-04:00,50.25,51.59000015258789,48.40999984741211,49.209999084472656,281000,49.209999084472656
PTCT,2021-03-28 20:00:00-04:00,49.84000015258789,50.26499938964844,48.02000045776367,48.060001373291016,426900,48.060001373291016
PTCT,2021-03-29 20:00:00-04:00,47.720001220703125,48.11000061035156,46.5099983215332,46.79999923706055,773500,46.79999923706055
PTCT,2021-03-30 20:00:00-04:00,46.970001220703125,47.97800064086914,46.63999938964844,47.349998474121094,1123000,47.349998474121094
PTCT,2021-03-31 20:00:00-04:00,47.790000915527344,50.08000183105469,47.68000030517578,49.189998626708984,537700,49.189998626708984
PTCT,2021-04-04 20:00:00-04:00,49.40999984741211,49.79999923706055,48.79999923706055,49.369998931884766,342100,49.369998931884766
PTCT,2021-04-05 20:00:00-04:00,49.43000030517578,49.85499954223633,48.58000183105469,48.86000061035156,336200,48.86000061035156
PTCT,2021-04-06 20:00:00-04:00,48.869998931884766,49.17499923706055,48.029998779296875,48.279998779296875,336500,48.279998779296875
PTCT,2021-04-07 20:00:00-04:00,48.689998626708984,49.38999938964844,47.93000030517578,48.2599983215332,419400,48.2599983215332
PTCT,2021-04-08 20:00:00-04:00,48.150001525878906,48.18000030517578,46.849998474121094,47.599998474121094,309600,47.599998474121094
PTCT,2021-04-11 20:00:00-04:00,47.630001068115234,47.720001220703125,46.400001525878906,47.130001068115234,588700,47.130001068115234
PTCT,2021-04-12 20:00:00-04:00,47.400001525878906,47.66999816894531,46.0099983215332,47.310001373291016,238100,47.310001373291016
PTCT,2021-04-13 20:00:00-04:00,47.380001068115234,49.415000915527344,47.380001068115234,47.900001525878906,621200,47.900001525878906
PTCT,2021-04-14 20:00:00-04:00,48.22999954223633,50.2599983215332,47.220001220703125,48.189998626708984,535300,48.189998626708984
PTCT,2021-04-15 20:00:00-04:00,49.04999923706055,49.45000076293945,48.25,48.59000015258789,431500,48.59000015258789
PTCT,2021-04-18 20:00:00-04:00,47.93000030517578,48.720001220703125,47.209999084472656,47.540000915527344,461200,47.540000915527344
PTCT,2021-04-19 20:00:00-04:00,47.150001525878906,48.369998931884766,46.150001525878906,46.310001373291016,816700,46.310001373291016
PTCT,2021-04-20 20:00:00-04:00,46.16999816894531,46.9900016784668,45.06999969482422,45.959999084472656,635800,45.959999084472656
PTCT,2021-04-21 20:00:00-04:00,45.540000915527344,47.1349983215332,45.0099983215332,46.81999969482422,581300,46.81999969482422
PTCT,2021-04-22 20:00:00-04:00,46.7400016784668,47.720001220703125,44.849998474121094,45.75,465500,45.75
PTCT,2021-04-25 20:00:00-04:00,46.15999984741211,47.20000076293945,44.86000061035156,46.599998474121094,583900,46.599998474121094
PTCT,2021-04-26 20:00:00-04:00,47.099998474121094,47.099998474121094,45.86000061035156,46.08000183105469,726600,46.08000183105469
PTCT,2021-04-27 20:00:00-04:00,45.72999954223633,45.90999984741211,43.33000183105469,43.349998474121094,817400,43.349998474121094
PTCT,2021-04-28 20:00:00-04:00,43.70000076293945,43.70500183105469,41.349998474121094,42.5,1017900,42.5
PTCT,2021-04-29 20:00:00-04:00,41.91999816894531,42.400001525878906,40.7239990234375,41.209999084472656,887500,41.209999084472656
PTCT,2021-05-02 20:00:00-04:00,41.27000045776367,41.38999938964844,39.68000030517578,40.77000045776367,1483700,40.77000045776367
PTCT,2021-05-03 20:00:00-04:00,40.88999938964844,40.9640007019043,38.0099983215332,38.470001220703125,1406400,38.470001220703125
PTCT,2021-05-04 20:00:00-04:00,38.2599983215332,41.209999084472656,38.2599983215332,40.880001068115234,1175200,40.880001068115234
PTCT,2021-05-05 20:00:00-04:00,41.029998779296875,41.349998474121094,39.5,40.33000183105469,754400,40.33000183105469
PTCT,2021-05-06 20:00:00-04:00,41.42499923706055,41.73500061035156,40.18000030517578,40.2400016784668,636500,40.2400016784668
PTCT,2021-05-09 20:00:00-04:00,39.939998626708984,40.029998779296875,38.70000076293945,38.900001525878906,419200,38.900001525878906
PTCT,2021-05-10 20:00:00-04:00,37.869998931884766,39.970001220703125,37.790000915527344,38.75,367900,38.75
PTCT,2021-05-11 20:00:00-04:00,38.310001373291016,39.5099983215332,38.04999923706055,38.290000915527344,570800,38.290000915527344
PTCT,2021-05-12 20:00:00-04:00,38.40999984741211,39.11000061035156,37.41999816894531,38.38999938964844,496200,38.38999938964844
PTCT,2021-05-13 20:00:00-04:00,38.220001220703125,38.25,37.12200164794922,37.9900016784668,695500,37.9900016784668
PTCT,2021-05-16 20:00:00-04:00,37.959999084472656,38.92499923706055,37.380001068115234,38.0,442600,38.0
PTCT,2021-05-17 20:00:00-04:00,38.18000030517578,39.209999084472656,38.13999938964844,38.25,502700,38.25
PTCT,2021-05-18 20:00:00-04:00,37.86000061035156,38.21500015258789,37.220001220703125,37.95000076293945,356900,37.95000076293945
PTCT,2021-05-19 20:00:00-04:00,38.099998474121094,39.349998474121094,38.099998474121094,39.189998626708984,441500,39.189998626708984
PTCT,2021-05-20 20:00:00-04:00,39.54999923706055,39.75,38.86000061035156,39.43000030517578,518100,39.43000030517578
PTCT,2021-05-23 20:00:00-04:00,39.689998626708984,40.36000061035156,39.119998931884766,39.15999984741211,451900,39.15999984741211
PTCT,2021-05-24 20:00:00-04:00,39.09000015258789,39.83000183105469,39.09000015258789,39.650001525878906,406100,39.650001525878906
PTCT,2021-05-25 20:00:00-04:00,39.630001068115234,40.5,39.185001373291016,39.81999969482422,442000,39.81999969482422
PTCT,2021-05-26 20:00:00-04:00,39.779998779296875,39.994998931884766,38.7400016784668,39.15999984741211,420200,39.15999984741211
PTCT,2021-05-27 20:00:00-04:00,39.41999816894531,40.380001068115234,38.90999984741211,39.27000045776367,423100,39.27000045776367
PTCT,2021-05-31 20:00:00-04:00,39.290000915527344,39.290000915527344,38.10499954223633,38.86000061035156,352900,38.86000061035156
PTCT,2021-06-01 20:00:00-04:00,38.7599983215332,39.36000061035156,37.91999816894531,38.7400016784668,314900,38.7400016784668
PTCT,2021-06-02 20:00:00-04:00,38.56999969482422,39.189998626708984,37.720001220703125,38.4900016784668,401900,38.4900016784668
PTCT,2021-06-03 20:00:00-04:00,38.63999938964844,39.459999084472656,38.560001373291016,39.18000030517578,278900,39.18000030517578
PTCT,2021-06-06 20:00:00-04:00,39.369998931884766,42.25,38.47999954223633,41.810001373291016,792000,41.810001373291016
PTCT,2021-06-07 20:00:00-04:00,41.97999954223633,42.540000915527344,40.720001220703125,41.79999923706055,471800,41.79999923706055
PTCT,2021-06-08 20:00:00-04:00,42.130001068115234,42.630001068115234,41.52000045776367,41.79999923706055,277400,41.79999923706055
PTCT,2021-06-09 20:00:00-04:00,41.93000030517578,43.31999969482422,41.534000396728516,43.16999816894531,536000,43.16999816894531
PTCT,2021-06-10 20:00:00-04:00,43.06999969482422,43.400001525878906,42.459999084472656,42.95000076293945,217600,42.95000076293945
PTCT,2021-06-13 20:00:00-04:00,42.86000061035156,44.29999923706055,42.86000061035156,43.91999816894531,481900,43.91999816894531
PTCT,2021-06-14 20:00:00-04:00,43.91999816894531,44.16400146484375,42.77000045776367,43.810001373291016,390500,43.810001373291016
PTCT,2021-06-15 20:00:00-04:00,43.79999923706055,44.31999969482422,43.2400016784668,44.20000076293945,463700,44.20000076293945
PTCT,2021-06-16 20:00:00-04:00,44.209999084472656,45.154998779296875,43.36000061035156,44.220001220703125,364900,44.220001220703125
PTCT,2021-06-17 20:00:00-04:00,43.529998779296875,44.86000061035156,43.31999969482422,44.63999938964844,834700,44.63999938964844
PTCT,2021-06-20 20:00:00-04:00,44.54999923706055,44.75,43.374000549316406,43.63999938964844,438000,43.63999938964844
PTCT,2021-06-21 20:00:00-04:00,43.5099983215332,43.5099983215332,42.209999084472656,43.27000045776367,420500,43.27000045776367
PTCT,2021-06-22 20:00:00-04:00,43.63999938964844,44.15999984741211,42.875,43.41999816894531,245400,43.41999816894531
PTCT,2021-06-23 20:00:00-04:00,43.310001373291016,44.22999954223633,43.310001373291016,44.13999938964844,326800,44.13999938964844
PTCT,2021-06-24 20:00:00-04:00,44.369998931884766,44.689998626708984,43.61000061035156,43.86000061035156,1214800,43.86000061035156
PTCT,2021-06-27 20:00:00-04:00,43.959999084472656,44.209999084472656,43.20000076293945,43.529998779296875,305100,43.529998779296875
PTCT,2021-06-28 20:00:00-04:00,43.56999969482422,43.56999969482422,41.959999084472656,42.02000045776367,369300,42.02000045776367
PTCT,2021-06-29 20:00:00-04:00,42.02000045776367,42.5,41.45000076293945,42.27000045776367,496400,42.27000045776367
PTCT,2021-06-30 20:00:00-04:00,42.4900016784668,43.939998626708984,41.959999084472656,43.7599983215332,476800,43.7599983215332
PTCT,2021-07-01 20:00:00-04:00,43.779998779296875,43.93000030517578,42.90999984741211,43.09000015258789,254500,43.09000015258789
PTCT,2021-07-05 20:00:00-04:00,43.2400016784668,43.529998779296875,42.41999816894531,43.349998474121094,211000,43.349998474121094
PTCT,2021-07-06 20:00:00-04:00,43.4900016784668,44.08000183105469,42.5099983215332,44.040000915527344,370100,44.040000915527344
PTCT,2021-07-07 20:00:00-04:00,43.400001525878906,45.459999084472656,42.66999816894531,44.7400016784668,396100,44.7400016784668
PTCT,2021-07-08 20:00:00-04:00,44.709999084472656,45.43000030517578,44.15999984741211,44.470001220703125,318200,44.470001220703125
PTCT,2021-07-11 20:00:00-04:00,44.369998931884766,44.849998474121094,43.119998931884766,43.4900016784668,295700,43.4900016784668
PTCT,2021-07-12 20:00:00-04:00,43.09000015258789,44.189998626708984,42.7599983215332,43.41999816894531,424900,43.41999816894531
PTCT,2021-07-13 20:00:00-04:00,43.79999923706055,43.79999923706055,42.15999984741211,42.36000061035156,296100,42.36000061035156
PTCT,2021-07-14 20:00:00-04:00,42.529998779296875,43.15999984741211,41.81999969482422,42.97999954223633,205700,42.97999954223633
PTCT,2021-07-15 20:00:00-04:00,43.38999938964844,43.9900016784668,43.025001525878906,43.16999816894531,252200,43.16999816894531
PTCT,2021-07-18 20:00:00-04:00,42.599998474121094,43.31999969482422,41.189998626708984,41.88999938964844,409000,41.88999938964844
PTCT,2021-07-19 20:00:00-04:00,42.02000045776367,43.68000030517578,41.689998626708984,43.470001220703125,424400,43.470001220703125
PTCT,2021-07-20 20:00:00-04:00,43.41999816894531,43.41999816894531,42.41999816894531,42.5,248400,42.5
PTCT,2021-07-21 20:00:00-04:00,42.599998474121094,43.13999938964844,41.560001373291016,42.08000183105469,315000,42.08000183105469
PTCT,2021-07-22 20:00:00-04:00,42.5,42.5,41.08000183105469,41.220001220703125,236500,41.220001220703125
PTCT,2021-07-25 20:00:00-04:00,41.0099983215332,41.84000015258789,40.029998779296875,40.13999938964844,332800,40.13999938964844
PTCT,2021-07-26 20:00:00-04:00,40.0,40.38999938964844,38.93000030517578,39.029998779296875,486600,39.029998779296875
PTCT,2021-07-27 20:00:00-04:00,39.09000015258789,39.709999084472656,38.13999938964844,39.459999084472656,907600,39.459999084472656
PTCT,2021-07-28 20:00:00-04:00,39.720001220703125,40.93000030517578,38.22999954223633,38.2400016784668,450300,38.2400016784668
PTCT,2021-07-29 20:00:00-04:00,39.86000061035156,39.86000061035156,37.65999984741211,38.33000183105469,442500,38.33000183105469
PTCT,2021-08-01 20:00:00-04:00,38.2599983215332,39.5,38.150001525878906,38.68000030517578,290900,38.68000030517578
PTCT,2021-08-02 20:00:00-04:00,38.59000015258789,38.86000061035156,37.85499954223633,38.540000915527344,224300,38.540000915527344
PTCT,2021-08-03 20:00:00-04:00,38.16999816894531,39.58000183105469,38.16999816894531,38.47999954223633,326500,38.47999954223633
PTCT,2021-08-04 20:00:00-04:00,38.540000915527344,40.02000045776367,38.43000030517578,39.88999938964844,277700,39.88999938964844
PTCT,2021-08-05 20:00:00-04:00,39.79999923706055,40.13999938964844,39.209999084472656,39.91999816894531,496700,39.91999816894531
PTCT,2021-08-08 20:00:00-04:00,40.88999938964844,40.88999938964844,39.4900016784668,39.75,261900,39.75
PTCT,2021-08-09 20:00:00-04:00,39.880001068115234,40.5099983215332,39.35499954223633,40.06999969482422,345000,40.06999969482422
PTCT,2021-08-10 20:00:00-04:00,40.08000183105469,40.68000030517578,39.599998474121094,40.220001220703125,229400,40.220001220703125
PTCT,2021-08-11 20:00:00-04:00,40.220001220703125,40.314998626708984,39.57500076293945,39.970001220703125,366900,39.970001220703125
PTCT,2021-08-12 20:00:00-04:00,39.97999954223633,40.2400016784668,39.76300048828125,40.0099983215332,296100,40.0099983215332
PTCT,2021-08-15 20:00:00-04:00,39.7599983215332,40.0099983215332,38.349998474121094,38.439998626708984,311400,38.439998626708984
PTCT,2021-08-16 20:00:00-04:00,38.0,39.25,37.56999969482422,39.22999954223633,286000,39.22999954223633
PTCT,2021-08-17 20:00:00-04:00,38.970001220703125,39.349998474121094,37.70000076293945,37.81999969482422,1597400,37.81999969482422
PTCT,2021-08-18 20:00:00-04:00,37.61000061035156,38.654998779296875,36.83000183105469,37.0099983215332,492800,37.0099983215332
PTCT,2021-08-19 20:00:00-04:00,36.900001525878906,38.400001525878906,36.380001068115234,38.20000076293945,464000,38.20000076293945
PTCT,2021-08-22 20:00:00-04:00,38.84000015258789,39.849998474121094,38.84000015258789,39.529998779296875,278900,39.529998779296875
PTCT,2021-08-23 20:00:00-04:00,39.70000076293945,40.04999923706055,39.189998626708984,40.029998779296875,286700,40.029998779296875
PTCT,2021-08-24 20:00:00-04:00,40.20000076293945,40.61000061035156,39.40999984741211,40.5099983215332,220900,40.5099983215332
PTCT,2021-08-25 20:00:00-04:00,40.38999938964844,40.994998931884766,39.494998931884766,40.220001220703125,309100,40.220001220703125
PTCT,2021-08-26 20:00:00-04:00,40.41999816894531,42.7400016784668,40.297000885009766,42.33000183105469,589100,42.33000183105469
PTCT,2021-08-29 20:00:00-04:00,42.310001373291016,42.7400016784668,41.939998626708984,42.13999938964844,417400,42.13999938964844
PTCT,2021-08-30 20:00:00-04:00,42.34000015258789,43.959999084472656,41.7400016784668,43.650001525878906,402400,43.650001525878906
PTCT,2021-08-31 20:00:00-04:00,43.70000076293945,44.939998626708984,43.56999969482422,44.459999084472656,314100,44.459999084472656
PTCT,2021-09-01 20:00:00-04:00,44.81999969482422,45.099998474121094,44.255001068115234,44.59000015258789,359900,44.59000015258789
PTCT,2021-09-02 20:00:00-04:00,44.47999954223633,44.709999084472656,43.880001068115234,44.150001525878906,195100,44.150001525878906
PTCT,2021-09-06 20:00:00-04:00,43.88999938964844,44.5099983215332,43.220001220703125,43.40999984741211,328400,43.40999984741211
PTCT,2021-09-07 20:00:00-04:00,43.400001525878906,43.650001525878906,42.209999084472656,42.5,279300,42.5
PTCT,2021-09-08 20:00:00-04:00,42.59000015258789,43.25,41.77000045776367,42.529998779296875,540600,42.529998779296875
PTCT,2021-09-09 20:00:00-04:00,42.630001068115234,42.63999938964844,40.869998931884766,41.79999923706055,213700,41.79999923706055
PTCT,2021-09-12 20:00:00-04:00,42.13999938964844,42.28499984741211,41.130001068115234,41.599998474121094,249500,41.599998474121094
PTCT,2021-09-13 20:00:00-04:00,41.599998474121094,41.849998474121094,40.880001068115234,40.9900016784668,203500,40.9900016784668
PTCT,2021-09-14 20:00:00-04:00,40.91999816894531,41.16999816894531,40.31999969482422,40.560001373291016,511500,40.560001373291016
PTCT,2021-09-15 20:00:00-04:00,40.689998626708984,40.97999954223633,39.47999954223633,40.59000015258789,287700,40.59000015258789
PTCT,2021-09-16 20:00:00-04:00,40.959999084472656,42.779998779296875,40.209999084472656,42.630001068115234,1049200,42.630001068115234
PTCT,2021-09-19 20:00:00-04:00,41.84000015258789,42.77000045776367,41.400001525878906,41.59000015258789,353300,41.59000015258789
PTCT,2021-09-20 20:00:00-04:00,41.70000076293945,43.900001525878906,41.599998474121094,43.56999969482422,395300,43.56999969482422
PTCT,2021-09-21 20:00:00-04:00,43.63999938964844,44.22999954223633,43.310001373291016,43.81999969482422,398600,43.81999969482422
PTCT,2021-09-22 20:00:00-04:00,42.099998474121094,42.099998474121094,37.970001220703125,39.47999954223633,1334500,39.47999954223633
PTCT,2021-09-23 20:00:00-04:00,39.41999816894531,39.95000076293945,38.691001892089844,39.290000915527344,734100,39.290000915527344
PTCT,2021-09-26 20:00:00-04:00,39.040000915527344,39.709999084472656,38.66999816894531,38.91999816894531,660200,38.91999816894531
PTCT,2021-09-27 20:00:00-04:00,38.880001068115234,39.75,37.970001220703125,38.29999923706055,1075100,38.29999923706055
PTCT,2021-09-28 20:00:00-04:00,38.470001220703125,39.130001068115234,36.91999816894531,37.04999923706055,362900,37.04999923706055
PTCT,2021-09-29 20:00:00-04:00,37.06999969482422,38.380001068115234,37.0,37.209999084472656,417500,37.209999084472656
PTCT,2021-09-30 20:00:00-04:00,37.16999816894531,37.81999969482422,36.29999923706055,37.72999954223633,494100,37.72999954223633
PTCT,2021-10-03 20:00:00-04:00,37.529998779296875,38.040000915527344,36.369998931884766,36.849998474121094,332700,36.849998474121094
PTCT,2021-10-04 20:00:00-04:00,36.7599983215332,37.7400016784668,35.93000030517578,36.52000045776367,364400,36.52000045776367
PTCT,2021-10-05 20:00:00-04:00,36.16999816894531,36.529998779296875,35.77000045776367,36.20000076293945,517200,36.20000076293945
PTCT,2021-10-06 20:00:00-04:00,36.25,37.4900016784668,36.25,36.79999923706055,231600,36.79999923706055
PTCT,2021-10-07 20:00:00-04:00,36.720001220703125,37.439998626708984,35.849998474121094,36.72999954223633,309100,36.72999954223633
PTCT,2021-10-10 20:00:00-04:00,36.47999954223633,37.540000915527344,36.45600128173828,37.119998931884766,168200,37.119998931884766
PTCT,2021-10-11 20:00:00-04:00,37.13999938964844,37.33000183105469,36.11000061035156,36.779998779296875,301700,36.779998779296875
PTCT,2021-10-12 20:00:00-04:00,36.720001220703125,37.189998626708984,35.91999816894531,37.18000030517578,289100,37.18000030517578
PTCT,2021-10-13 20:00:00-04:00,37.599998474121094,38.68000030517578,37.04499816894531,37.189998626708984,429900,37.189998626708984
PTCT,2021-10-14 20:00:00-04:00,37.81999969482422,38.25,37.189998626708984,38.09000015258789,450800,38.09000015258789
PTCT,2021-10-17 20:00:00-04:00,36.29999923706055,37.43000030517578,35.689998626708984,37.369998931884766,1216700,37.369998931884766
PTCT,2021-10-18 20:00:00-04:00,37.59000015258789,37.88999938964844,36.209999084472656,36.27000045776367,524700,36.27000045776367
PTCT,2021-10-19 20:00:00-04:00,36.29999923706055,36.83000183105469,35.400001525878906,35.869998931884766,601300,35.869998931884766
PTCT,2021-10-20 20:00:00-04:00,35.93000030517578,36.369998931884766,35.69499969482422,35.97999954223633,400700,35.97999954223633
PTCT,2021-10-21 20:00:00-04:00,36.060001373291016,36.22999954223633,35.40999984741211,35.9900016784668,397400,35.9900016784668
PTCT,2021-10-24 20:00:00-04:00,36.029998779296875,36.47999954223633,35.400001525878906,36.20000076293945,313300,36.20000076293945
PTCT,2021-10-25 20:00:00-04:00,36.439998626708984,37.029998779296875,35.720001220703125,35.790000915527344,373900,35.790000915527344
PTCT,2021-10-26 20:00:00-04:00,35.599998474121094,35.93000030517578,35.209999084472656,35.45000076293945,611800,35.45000076293945
PTCT,2021-10-27 20:00:00-04:00,35.47999954223633,36.4900016784668,34.849998474121094,36.439998626708984,393200,36.439998626708984
PTCT,2021-10-28 20:00:00-04:00,35.05500030517578,38.584999084472656,35.05500030517578,37.93000030517578,631800,37.93000030517578
PTCT,2021-10-31 20:00:00-04:00,37.68000030517578,39.4900016784668,37.27000045776367,39.31999969482422,408000,39.31999969482422
PTCT,2021-11-01 20:00:00-04:00,39.0,40.060001373291016,38.369998931884766,39.849998474121094,392300,39.849998474121094
PTCT,2021-11-02 20:00:00-04:00,39.869998931884766,40.81999969482422,39.4900016784668,40.79999923706055,484200,40.79999923706055
PTCT,2021-11-03 20:00:00-04:00,40.790000915527344,41.93000030517578,40.709999084472656,41.59000015258789,334600,41.59000015258789
PTCT,2021-11-04 20:00:00-04:00,41.650001525878906,42.95000076293945,40.20000076293945,41.29999923706055,396900,41.29999923706055
PTCT,2021-11-07 19:00:00-05:00,41.29999923706055,42.099998474121094,41.01499938964844,41.25,410600,41.25
PTCT,2021-11-08 19:00:00-05:00,41.41999816894531,41.68000030517578,40.310001373291016,40.54999923706055,235900,40.54999923706055
PTCT,2021-11-09 19:00:00-05:00,38.459999084472656,41.33000183105469,38.459999084472656,40.279998779296875,376600,40.279998779296875
PTCT,2021-11-10 19:00:00-05:00,40.20000076293945,40.369998931884766,39.25,39.709999084472656,208200,39.709999084472656
PTCT,2021-11-11 19:00:00-05:00,39.75,39.959999084472656,39.029998779296875,39.5,244200,39.5
PTCT,2021-11-14 19:00:00-05:00,39.86000061035156,40.76499938964844,38.63999938964844,38.84000015258789,360000,38.84000015258789
PTCT,2021-11-15 19:00:00-05:00,38.470001220703125,40.38999938964844,38.470001220703125,40.33000183105469,361600,40.33000183105469
PTCT,2021-11-16 19:00:00-05:00,40.16999816894531,40.970001220703125,40.040000915527344,40.11000061035156,347200,40.11000061035156
PTCT,2021-11-17 19:00:00-05:00,40.459999084472656,40.619998931884766,38.970001220703125,39.43000030517578,366000,39.43000030517578
PTCT,2021-11-18 19:00:00-05:00,39.31999969482422,40.20000076293945,39.130001068115234,40.0099983215332,262100,40.0099983215332
PTCT,2021-11-21 19:00:00-05:00,40.25,40.994998931884766,39.36000061035156,39.7599983215332,283700,39.7599983215332
PTCT,2021-11-22 19:00:00-05:00,39.75,40.060001373291016,38.540000915527344,39.810001373291016,389200,39.810001373291016
PTCT,2021-11-23 19:00:00-05:00,39.619998931884766,39.709999084472656,38.31999969482422,39.40999984741211,3136500,39.40999984741211
PTCT,2021-11-25 19:00:00-05:00,39.08000183105469,39.529998779296875,37.029998779296875,38.060001373291016,679900,38.060001373291016
PTCT,2021-11-28 19:00:00-05:00,38.58000183105469,38.58000183105469,36.7400016784668,36.88999938964844,999900,36.88999938964844
PTCT,2021-11-29 19:00:00-05:00,37.08000183105469,37.70000076293945,36.02000045776367,37.15999984741211,1116500,37.15999984741211
PTCT,2021-11-30 19:00:00-05:00,36.97999954223633,38.27000045776367,35.81999969482422,35.93000030517578,583400,35.93000030517578
PTCT,2021-12-01 19:00:00-05:00,35.79999923706055,37.189998626708984,35.625,37.11000061035156,733300,37.11000061035156
PTCT,2021-12-02 19:00:00-05:00,37.369998931884766,37.54499816894531,35.119998931884766,35.36000061035156,636700,35.36000061035156
PTCT,2021-12-05 19:00:00-05:00,35.58000183105469,37.08000183105469,35.099998474121094,36.97999954223633,386100,36.97999954223633
PTCT,2021-12-06 19:00:00-05:00,37.54999923706055,38.849998474121094,37.49300003051758,37.93000030517578,513500,37.93000030517578
PTCT,2021-12-07 19:00:00-05:00,38.0,38.720001220703125,37.1150016784668,38.209999084472656,397400,38.209999084472656
PTCT,2021-12-08 19:00:00-05:00,37.83000183105469,37.97999954223633,35.5099983215332,35.95000076293945,545500,35.95000076293945
PTCT,2021-12-09 19:00:00-05:00,36.099998474121094,36.36000061035156,34.849998474121094,35.369998931884766,567700,35.369998931884766
PTCT,2021-12-12 19:00:00-05:00,35.005001068115234,37.0099983215332,35.0,36.45000076293945,486800,36.45000076293945
PTCT,2021-12-13 19:00:00-05:00,36.220001220703125,37.36000061035156,36.04499816894531,37.06999969482422,354800,37.06999969482422
PTCT,2021-12-14 19:00:00-05:00,37.08000183105469,38.06999969482422,35.95000076293945,38.0099983215332,487200,38.0099983215332
PTCT,2021-12-15 19:00:00-05:00,38.16999816894531,38.845001220703125,36.38999938964844,36.58000183105469,515900,36.58000183105469
PTCT,2021-12-16 19:00:00-05:00,36.56999969482422,39.33000183105469,36.48500061035156,39.11000061035156,886000,39.11000061035156
PTCT,2021-12-19 19:00:00-05:00,38.880001068115234,40.75,37.75,40.2599983215332,391600,40.2599983215332
PTCT,2021-12-20 19:00:00-05:00,40.349998474121094,41.06999969482422,39.29999923706055,40.09000015258789,294800,40.09000015258789
PTCT,2021-12-21 19:00:00-05:00,39.880001068115234,40.9900016784668,38.619998931884766,40.849998474121094,270200,40.849998474121094
PTCT,2021-12-22 19:00:00-05:00,40.849998474121094,42.150001525878906,40.625,41.86000061035156,331700,41.86000061035156
PTCT,2021-12-26 19:00:00-05:00,41.72999954223633,42.03499984741211,40.84000015258789,41.04999923706055,357600,41.04999923706055
PTCT,2021-12-27 19:00:00-05:00,41.04999923706055,41.900001525878906,40.029998779296875,40.41999816894531,324400,40.41999816894531
PTCT,2021-12-28 19:00:00-05:00,40.41999816894531,40.7400016784668,39.959999084472656,40.61000061035156,223100,40.61000061035156
PTCT,2021-12-29 19:00:00-05:00,40.5,42.0,39.92499923706055,40.08000183105469,1084900,40.08000183105469
PTCT,2021-12-30 19:00:00-05:00,39.970001220703125,41.44499969482422,39.57500076293945,39.83000183105469,1215400,39.83000183105469
PTCT,2022-01-02 19:00:00-05:00,39.95000076293945,42.630001068115234,38.790000915527344,42.58000183105469,1439700,42.58000183105469
PTCT,2022-01-03 19:00:00-05:00,42.4900016784668,43.775001525878906,40.22999954223633,40.90999984741211,1220200,40.90999984741211
PTCT,2022-01-04 19:00:00-05:00,40.38999938964844,41.939998626708984,38.43000030517578,38.47999954223633,1302700,38.47999954223633
PTCT,2022-01-05 19:00:00-05:00,37.75,39.70000076293945,37.2400016784668,38.90999984741211,1372700,38.90999984741211
PTCT,2022-01-06 19:00:00-05:00,38.529998779296875,39.42499923706055,37.650001525878906,38.099998474121094,1302400,38.099998474121094
PTCT,2022-01-09 19:00:00-05:00,37.95000076293945,41.15999984741211,37.540000915527344,40.029998779296875,2001400,40.029998779296875
PTCT,2022-01-10 19:00:00-05:00,40.310001373291016,42.369998931884766,40.27000045776367,40.439998626708984,1334500,40.439998626708984
PTCT,2022-01-11 19:00:00-05:00,40.0,41.599998474121094,39.13999938964844,41.150001525878906,1597600,41.150001525878906
PTCT,2022-01-12 19:00:00-05:00,40.849998474121094,42.97999954223633,40.81999969482422,42.22999954223633,820800,42.22999954223633
PTCT,2022-01-13 19:00:00-05:00,42.119998931884766,44.029998779296875,41.28499984741211,43.75,1494000,43.75
PTCT,2022-01-17 19:00:00-05:00,43.130001068115234,44.099998474121094,41.41999816894531,41.439998626708984,769200,41.439998626708984
PTCT,2022-01-18 19:00:00-05:00,41.459999084472656,43.02000045776367,41.0099983215332,41.13999938964844,488000,41.13999938964844
PTCT,2022-01-19 19:00:00-05:00,41.27000045776367,42.21500015258789,40.060001373291016,40.06999969482422,977000,40.06999969482422
PTCT,2022-01-20 19:00:00-05:00,39.5,40.5,38.57899856567383,38.81999969482422,709200,38.81999969482422
PTCT,2022-01-23 19:00:00-05:00,38.209999084472656,40.459999084472656,37.4900016784668,40.119998931884766,766500,40.119998931884766
PTCT,2022-01-24 19:00:00-05:00,39.75,40.39799880981445,38.16999816894531,39.150001525878906,649900,39.150001525878906
PTCT,2022-01-25 19:00:00-05:00,39.939998626708984,41.81999969482422,39.349998474121094,39.779998779296875,695600,39.779998779296875
PTCT,2022-01-26 19:00:00-05:00,39.97999954223633,40.650001525878906,38.45000076293945,38.52000045776367,568500,38.52000045776367
PTCT,2022-01-27 19:00:00-05:00,38.130001068115234,39.310001373291016,37.33000183105469,39.029998779296875,548300,39.029998779296875
PTCT,2022-01-30 19:00:00-05:00,38.9900016784668,40.224998474121094,38.814998626708984,40.220001220703125,615700,40.220001220703125
PTCT,2022-01-31 19:00:00-05:00,40.22999954223633,40.75,38.8650016784668,40.529998779296875,594000,40.529998779296875
PTCT,2022-02-01 19:00:00-05:00,40.380001068115234,40.84000015258789,39.0099983215332,39.400001525878906,415700,39.400001525878906
PTCT,2022-02-02 19:00:00-05:00,38.91999816894531,40.400001525878906,38.650001525878906,39.959999084472656,578300,39.959999084472656
PTCT,2022-02-03 19:00:00-05:00,39.810001373291016,42.790000915527344,39.810001373291016,42.09000015258789,584400,42.09000015258789
PTCT,2022-02-06 19:00:00-05:00,42.20000076293945,43.779998779296875,41.65999984741211,43.16999816894531,464100,43.16999816894531
PTCT,2022-02-07 19:00:00-05:00,43.0099983215332,44.13999938964844,42.7599983215332,43.65999984741211,462500,43.65999984741211
PTCT,2022-02-08 19:00:00-05:00,44.0099983215332,44.95000076293945,43.68000030517578,44.599998474121094,919900,44.599998474121094
PTCT,2022-02-09 19:00:00-05:00,44.0,45.185001373291016,43.209999084472656,43.900001525878906,674500,43.900001525878906
PTCT,2022-02-10 19:00:00-05:00,43.849998474121094,44.220001220703125,42.41999816894531,42.66999816894531,519000,42.66999816894531
PTCT,2022-02-13 19:00:00-05:00,42.779998779296875,42.91999816894531,41.03499984741211,41.130001068115234,525000,41.130001068115234
PTCT,2022-02-14 19:00:00-05:00,41.95000076293945,43.02000045776367,41.09000015258789,41.209999084472656,425900,41.209999084472656
PTCT,2022-02-15 19:00:00-05:00,40.95000076293945,41.0,40.040000915527344,40.720001220703125,469300,40.720001220703125
PTCT,2022-02-16 19:00:00-05:00,40.29999923706055,40.529998779296875,39.02000045776367,39.119998931884766,532700,39.119998931884766
PTCT,2022-02-17 19:00:00-05:00,39.15999984741211,39.7599983215332,38.599998474121094,39.060001373291016,663900,39.060001373291016
PTCT,2022-02-21 19:00:00-05:00,38.810001373291016,39.810001373291016,37.81999969482422,38.45000076293945,509400,38.45000076293945
PTCT,2022-02-22 19:00:00-05:00,37.29999923706055,38.77000045776367,35.361000061035156,35.630001068115234,1257200,35.630001068115234
PTCT,2022-02-23 19:00:00-05:00,34.70000076293945,36.560001373291016,34.13999938964844,36.029998779296875,751800,36.029998779296875
PTCT,2022-02-24 19:00:00-05:00,35.54999923706055,36.220001220703125,34.70000076293945,35.66999816894531,570300,35.66999816894531
PTCT,2022-02-27 19:00:00-05:00,35.29999923706055,35.63999938964844,34.56999969482422,35.119998931884766,560600,35.119998931884766
PTCT,2022-02-28 19:00:00-05:00,34.970001220703125,35.66999816894531,34.025001525878906,34.310001373291016,531900,34.310001373291016
PTCT,2022-03-01 19:00:00-05:00,34.45000076293945,34.70000076293945,33.81999969482422,34.18000030517578,404100,34.18000030517578
PTCT,2022-03-02 19:00:00-05:00,33.849998474121094,34.595001220703125,33.13999938964844,34.040000915527344,489700,34.040000915527344
PTCT,2022-03-03 19:00:00-05:00,33.540000915527344,34.31999969482422,33.290000915527344,33.33000183105469,417400,33.33000183105469
PTCT,2022-03-06 19:00:00-05:00,33.40999984741211,33.880001068115234,32.599998474121094,33.790000915527344,610700,33.790000915527344
PTCT,2022-03-07 19:00:00-05:00,33.189998626708984,35.060001373291016,32.44499969482422,33.540000915527344,431600,33.540000915527344
PTCT,2022-03-08 19:00:00-05:00,34.029998779296875,35.369998931884766,34.029998779296875,35.310001373291016,604200,35.310001373291016
PTCT,2022-03-09 19:00:00-05:00,34.68000030517578,35.45000076293945,34.599998474121094,35.279998779296875,823500,35.279998779296875
PTCT,2022-03-10 19:00:00-05:00,35.7400016784668,35.939998626708984,33.93000030517578,34.2599983215332,558000,34.2599983215332
PTCT,2022-03-13 20:00:00-04:00,34.599998474121094,35.34000015258789,33.40999984741211,33.849998474121094,627900,33.849998474121094
PTCT,2022-03-14 20:00:00-04:00,33.81999969482422,34.40999984741211,32.939998626708984,34.220001220703125,448100,34.220001220703125
PTCT,2022-03-15 20:00:00-04:00,34.65999984741211,35.66999816894531,33.880001068115234,35.63999938964844,431300,35.63999938964844
PTCT,2022-03-16 20:00:00-04:00,35.380001068115234,36.7599983215332,35.3650016784668,36.70000076293945,345500,36.70000076293945
PTCT,2022-03-17 20:00:00-04:00,36.58000183105469,37.97999954223633,36.36000061035156,37.79999923706055,627600,37.79999923706055
PTCT,2022-03-20 20:00:00-04:00,37.22999954223633,37.97999954223633,35.959999084472656,36.599998474121094,572500,36.599998474121094
PTCT,2022-03-21 20:00:00-04:00,36.619998931884766,37.970001220703125,36.5,37.7400016784668,416300,37.7400016784668
PTCT,2022-03-22 20:00:00-04:00,37.599998474121094,37.599998474121094,36.619998931884766,36.84000015258789,370300,36.84000015258789
PTCT,2022-03-23 20:00:00-04:00,36.9900016784668,37.470001220703125,36.42499923706055,37.439998626708984,291000,37.439998626708984
PTCT,2022-03-24 20:00:00-04:00,37.56999969482422,37.59000015258789,36.54999923706055,37.0,369800,37.0
PTCT,2022-03-27 20:00:00-04:00,37.11000061035156,37.689998626708984,35.75,36.220001220703125,363900,36.220001220703125
PTCT,2022-03-28 20:00:00-04:00,36.77000045776367,38.88999938964844,36.77000045776367,38.88999938964844,463600,38.88999938964844
PTCT,2022-03-29 20:00:00-04:00,38.810001373291016,38.81399917602539,37.19499969482422,37.33000183105469,350100,37.33000183105469
PTCT,2022-03-30 20:00:00-04:00,37.45000076293945,38.29999923706055,36.869998931884766,37.310001373291016,420400,37.310001373291016
PTCT,2022-03-31 20:00:00-04:00,37.38999938964844,41.70000076293945,37.130001068115234,41.45000076293945,1465000,41.45000076293945
PTCT,2022-04-03 20:00:00-04:00,41.4900016784668,43.33000183105469,40.90999984741211,43.310001373291016,1018500,43.310001373291016
PTCT,2022-04-04 20:00:00-04:00,43.56999969482422,45.189998626708984,43.099998474121094,43.63999938964844,728700,43.63999938964844
PTCT,2022-04-05 20:00:00-04:00,43.25,44.900001525878906,42.939998626708984,43.900001525878906,613100,43.900001525878906
PTCT,2022-04-06 20:00:00-04:00,43.619998931884766,44.060001373291016,42.68000030517578,43.0,402100,43.0
PTCT,2022-04-07 20:00:00-04:00,43.0,43.599998474121094,42.39799880981445,42.849998474121094,350200,42.849998474121094
PTCT,2022-04-10 20:00:00-04:00,42.61000061035156,43.09000015258789,41.67499923706055,42.72999954223633,668700,42.72999954223633
PTCT,2022-04-11 20:00:00-04:00,42.869998931884766,44.26499938964844,42.54999923706055,43.16999816894531,412600,43.16999816894531
PTCT,2022-04-12 20:00:00-04:00,43.0099983215332,45.380001068115234,43.0099983215332,45.22999954223633,474400,45.22999954223633
PTCT,2022-04-13 20:00:00-04:00,45.54999923706055,45.79999923706055,43.9900016784668,44.5,625500,44.5
PTCT,2022-04-17 20:00:00-04:00,44.43000030517578,44.43000030517578,42.6150016784668,42.810001373291016,547800,42.810001373291016
PTCT,2022-04-18 20:00:00-04:00,42.7400016784668,43.755001068115234,42.099998474121094,43.529998779296875,365000,43.529998779296875
PTCT,2022-04-19 20:00:00-04:00,43.810001373291016,43.810001373291016,41.900001525878906,42.7599983215332,610000,42.7599983215332
PTCT,2022-04-20 20:00:00-04:00,42.349998474121094,43.060001373291016,40.13999938964844,40.7400016784668,663800,40.7400016784668
PTCT,2022-04-21 20:00:00-04:00,40.72999954223633,41.130001068115234,39.6349983215332,39.7599983215332,482100,39.7599983215332
PTCT,2022-04-24 20:00:00-04:00,40.02000045776367,40.7400016784668,39.494998931884766,40.150001525878906,489100,40.150001525878906
PTCT,2022-04-25 20:00:00-04:00,39.619998931884766,40.41999816894531,37.439998626708984,37.47999954223633,735100,37.47999954223633
PTCT,2022-04-26 20:00:00-04:00,37.65999984741211,38.79999923706055,36.79999923706055,37.150001525878906,593900,37.150001525878906
PTCT,2022-04-27 20:00:00-04:00,37.45000076293945,37.45000076293945,35.599998474121094,36.349998474121094,567500,36.349998474121094
PTCT,2022-04-28 20:00:00-04:00,36.290000915527344,37.040000915527344,35.130001068115234,35.33000183105469,540300,35.33000183105469
PTCT,2022-05-01 20:00:00-04:00,35.31999969482422,36.25,34.650001525878906,36.18000030517578,462500,36.18000030517578
PTCT,2022-05-02 20:00:00-04:00,36.20000076293945,36.70500183105469,35.45000076293945,35.7599983215332,273400,35.7599983215332
PTCT,2022-05-03 20:00:00-04:00,35.470001220703125,36.83000183105469,34.7599983215332,36.709999084472656,808600,36.709999084472656
PTCT,2022-05-04 20:00:00-04:00,36.41999816894531,37.2400016784668,34.6349983215332,35.13999938964844,581600,35.13999938964844
PTCT,2022-05-05 20:00:00-04:00,34.619998931884766,34.66999816894531,32.56999969482422,33.34000015258789,921600,33.34000015258789
PTCT,2022-05-08 20:00:00-04:00,32.9900016784668,33.689998626708984,30.780000686645508,30.860000610351562,893000,30.860000610351562
PTCT,2022-05-09 20:00:00-04:00,31.989999771118164,33.439998626708984,31.299999237060547,33.2400016784668,924600,33.2400016784668
PTCT,2022-05-10 20:00:00-04:00,32.849998474121094,33.529998779296875,30.899999618530273,30.979999542236328,819500,30.979999542236328
PTCT,2022-05-11 20:00:00-04:00,30.530000686645508,32.0099983215332,30.030000686645508,30.850000381469727,702700,30.850000381469727
PTCT,2022-05-12 20:00:00-04:00,31.299999237060547,32.07500076293945,30.68000030517578,31.639999389648438,575400,31.639999389648438
PTCT,2022-05-15 20:00:00-04:00,31.440000534057617,32.33000183105469,30.739999771118164,30.790000915527344,385900,30.790000915527344
PTCT,2022-05-16 20:00:00-04:00,31.6299991607666,32.369998931884766,30.780000686645508,31.850000381469727,411600,31.850000381469727
PTCT,2022-05-17 20:00:00-04:00,31.010000228881836,32.18000030517578,30.920000076293945,31.510000228881836,633700,31.510000228881836
PTCT,2022-05-18 20:00:00-04:00,31.399999618530273,32.939998626708984,30.8700008392334,32.5,437500,32.5
PTCT,2022-05-19 20:00:00-04:00,32.83000183105469,33.470001220703125,31.440000534057617,32.33000183105469,727300,32.33000183105469
PTCT,2022-05-22 20:00:00-04:00,32.75,32.84000015258789,31.860000610351562,32.20000076293945,518100,32.20000076293945
PTCT,2022-05-23 20:00:00-04:00,31.950000762939453,32.099998474121094,30.764999389648438,31.360000610351562,602600,31.360000610351562
PTCT,2022-05-24 20:00:00-04:00,31.09000015258789,31.600000381469727,29.940000534057617,30.579999923706055,540000,30.579999923706055
PTCT,2022-05-25 20:00:00-04:00,30.81999969482422,31.549999237060547,30.31999969482422,30.6200008392334,926200,30.6200008392334
PTCT,2022-05-26 20:00:00-04:00,30.729999542236328,31.399999618530273,30.020000457763672,30.350000381469727,652900,30.350000381469727
PTCT,2022-05-30 20:00:00-04:00,30.079999923706055,30.959999084472656,28.979999542236328,29.3700008392334,891800,29.3700008392334
PTCT,2022-05-31 20:00:00-04:00,29.3799991607666,29.739999771118164,28.329999923706055,29.079999923706055,845100,29.079999923706055
PTCT,2022-06-01 20:00:00-04:00,28.65999984741211,28.65999984741211,26.889999389648438,27.170000076293945,1195200,27.170000076293945
PTCT,2022-06-02 20:00:00-04:00,27.239999771118164,28.889999389648438,27.239999771118164,28.670000076293945,808300,28.670000076293945
PTCT,2022-06-05 20:00:00-04:00,29.989999771118164,29.989999771118164,26.760000228881836,26.940000534057617,666300,26.940000534057617
PTCT,2022-06-06 20:00:00-04:00,26.799999237060547,28.420000076293945,26.760000228881836,28.3700008392334,705900,28.3700008392334
PTCT,2022-06-07 20:00:00-04:00,28.079999923706055,29.21500015258789,27.8799991607666,28.139999389648438,627400,28.139999389648438
PTCT,2022-06-08 20:00:00-04:00,27.969999313354492,28.510000228881836,26.969999313354492,27.850000381469727,500900,27.850000381469727
PTCT,2022-06-09 20:00:00-04:00,27.170000076293945,27.799999237060547,26.030000686645508,26.799999237060547,728400,26.799999237060547
PTCT,2022-06-12 20:00:00-04:00,26.309999465942383,26.389999389648438,25.440000534057617,25.600000381469727,857400,25.600000381469727
PTCT,2022-06-13 20:00:00-04:00,25.709999084472656,25.854999542236328,25.079999923706055,25.65999984741211,795100,25.65999984741211
PTCT,2022-06-14 20:00:00-04:00,25.8700008392334,26.549999237060547,25.440000534057617,26.190000534057617,719500,26.190000534057617
PTCT,2022-06-15 20:00:00-04:00,25.450000762939453,27.1299991607666,25.010000228881836,26.260000228881836,583200,26.260000228881836
PTCT,2022-06-16 20:00:00-04:00,27.09000015258789,29.81999969482422,27.09000015258789,28.40999984741211,1628200,28.40999984741211
PTCT,2022-06-20 20:00:00-04:00,33.400001525878906,34.61000061035156,31.360000610351562,34.06999969482422,5019800,34.06999969482422
PTCT,2022-06-21 20:00:00-04:00,33.45000076293945,37.25,33.45000076293945,36.02000045776367,2133300,36.02000045776367
PTCT,2022-06-22 20:00:00-04:00,36.52000045776367,40.16999816894531,36.52000045776367,40.11000061035156,1380600,40.11000061035156
PTCT,2022-06-23 20:00:00-04:00,40.20000076293945,40.79999923706055,37.63999938964844,40.220001220703125,1594500,40.220001220703125
PTCT,2022-06-26 20:00:00-04:00,40.47999954223633,40.91999816894531,39.5099983215332,40.04999923706055,748800,40.04999923706055
PTCT,2022-06-27 20:00:00-04:00,39.93000030517578,40.59000015258789,39.38100051879883,39.939998626708984,957100,39.939998626708984
PTCT,2022-06-28 20:00:00-04:00,39.810001373291016,40.779998779296875,39.41999816894531,40.400001525878906,704600,40.400001525878906
PTCT,2022-06-29 20:00:00-04:00,40.06999969482422,40.68000030517578,39.790000915527344,40.060001373291016,627000,40.060001373291016
PTCT,2022-06-30 20:00:00-04:00,40.36000061035156,42.34000015258789,40.0,41.849998474121094,512500,41.849998474121094
PTCT,2022-07-04 20:00:00-04:00,41.33000183105469,43.89500045776367,40.90999984741211,43.779998779296875,1117900,43.779998779296875
PTCT,2022-07-05 20:00:00-04:00,43.779998779296875,44.91999816894531,42.630001068115234,42.90999984741211,948200,42.90999984741211
PTCT,2022-07-06 20:00:00-04:00,42.77000045776367,44.18000030517578,42.20000076293945,44.060001373291016,615600,44.060001373291016
PTCT,2022-07-07 20:00:00-04:00,43.68000030517578,44.88999938964844,43.529998779296875,44.72999954223633,388800,44.72999954223633
PTCT,2022-07-10 20:00:00-04:00,44.43000030517578,44.540000915527344,43.2400016784668,43.43000030517578,605700,43.43000030517578
PTCT,2022-07-11 20:00:00-04:00,43.56999969482422,44.18000030517578,42.290000915527344,43.70000076293945,483900,43.70000076293945
PTCT,2022-07-12 20:00:00-04:00,43.27000045776367,45.084999084472656,43.0,44.400001525878906,620500,44.400001525878906
PTCT,2022-07-13 20:00:00-04:00,44.15999984741211,44.59000015258789,43.290000915527344,43.880001068115234,420600,43.880001068115234
PTCT,2022-07-14 20:00:00-04:00,44.06999969482422,44.2400016784668,42.84000015258789,43.81999969482422,553400,43.81999969482422
PTCT,2022-07-17 20:00:00-04:00,44.189998626708984,44.9900016784668,42.970001220703125,43.40999984741211,492400,43.40999984741211
PTCT,2022-07-18 20:00:00-04:00,44.02000045776367,44.40999984741211,43.2400016784668,44.119998931884766,470000,44.119998931884766
PTCT,2022-07-19 20:00:00-04:00,44.560001373291016,45.060001373291016,43.2599983215332,44.400001525878906,533300,44.400001525878906
PTCT,2022-07-20 20:00:00-04:00,44.33000183105469,44.810001373291016,43.0099983215332,44.79999923706055,316100,44.79999923706055
PTCT,2022-07-21 20:00:00-04:00,44.810001373291016,44.96500015258789,43.45000076293945,43.63999938964844,639400,43.63999938964844
PTCT,2022-07-24 20:00:00-04:00,43.79999923706055,44.349998474121094,42.77000045776367,43.25,274100,43.25
PTCT,2022-07-25 20:00:00-04:00,43.119998931884766,44.900001525878906,42.84000015258789,43.66999816894531,469700,43.66999816894531
PTCT,2022-07-26 20:00:00-04:00,43.7400016784668,44.63999938964844,43.18000030517578,44.349998474121094,359900,44.349998474121094
PTCT,2022-07-27 20:00:00-04:00,44.349998474121094,44.63999938964844,42.84000015258789,44.38999938964844,338000,44.38999938964844
PTCT,2022-07-28 20:00:00-04:00,44.029998779296875,44.380001068115234,43.0,43.54999923706055,505700,43.54999923706055
PTCT,2022-07-31 20:00:00-04:00,43.119998931884766,47.56999969482422,42.869998931884766,44.880001068115234,1014500,44.880001068115234
PTCT,2022-08-01 20:00:00-04:00,44.88999938964844,47.15999984741211,44.540000915527344,46.900001525878906,541800,46.900001525878906
PTCT,2022-08-02 20:00:00-04:00,47.20000076293945,48.880001068115234,47.150001525878906,47.81999969482422,589100,47.81999969482422
PTCT,2022-08-03 20:00:00-04:00,47.619998931884766,49.880001068115234,47.619998931884766,49.22999954223633,1347700,49.22999954223633
PTCT,2022-08-04 20:00:00-04:00,46.08000183105469,53.71500015258789,43.95000076293945,53.5,1237600,53.5
PTCT,2022-08-07 20:00:00-04:00,53.27000045776367,54.290000915527344,51.939998626708984,53.40999984741211,692100,53.40999984741211
PTCT,2022-08-08 20:00:00-04:00,52.7400016784668,53.290000915527344,50.51499938964844,51.720001220703125,702300,51.720001220703125
PTCT,2022-08-09 20:00:00-04:00,52.599998474121094,53.84000015258789,51.959999084472656,53.709999084472656,575200,53.709999084472656
PTCT,2022-08-10 20:00:00-04:00,53.630001068115234,53.709999084472656,51.63999938964844,52.0099983215332,616900,52.0099983215332
PTCT,2022-08-11 20:00:00-04:00,52.2400016784668,54.459999084472656,52.2400016784668,52.75,518200,52.75
PTCT,2022-08-14 20:00:00-04:00,52.61000061035156,53.97999954223633,51.88999938964844,52.91999816894531,471100,52.91999816894531
PTCT,2022-08-15 20:00:00-04:00,53.06999969482422,53.400001525878906,51.36000061035156,51.86000061035156,563200,51.86000061035156
PTCT,2022-08-16 20:00:00-04:00,51.41999816894531,52.349998474121094,50.90999984741211,51.16999816894531,482400,51.16999816894531
PTCT,2022-08-17 20:00:00-04:00,51.0099983215332,52.13999938964844,49.720001220703125,52.099998474121094,402500,52.099998474121094
PTCT,2022-08-18 20:00:00-04:00,51.56999969482422,52.13999938964844,51.08000183105469,51.45000076293945,314500,51.45000076293945
PTCT,2022-08-21 20:00:00-04:00,51.25,52.4900016784668,50.86000061035156,51.27000045776367,326800,51.27000045776367
PTCT,2022-08-22 20:00:00-04:00,51.41999816894531,52.90999984741211,50.33700180053711,51.959999084472656,514200,51.959999084472656
PTCT,2022-08-23 20:00:00-04:00,51.61000061035156,54.13999938964844,50.540000915527344,53.08000183105469,664300,53.08000183105469
PTCT,2022-08-24 20:00:00-04:00,53.63999938964844,53.70000076293945,52.099998474121094,52.56999969482422,360800,52.56999969482422
PTCT,2022-08-25 20:00:00-04:00,52.68000030517578,53.029998779296875,50.150001525878906,50.380001068115234,825200,50.380001068115234
PTCT,2022-08-28 20:00:00-04:00,49.5,50.95000076293945,48.689998626708984,49.7400016784668,447800,49.7400016784668
PTCT,2022-08-29 20:00:00-04:00,49.93000030517578,50.0,48.56999969482422,49.56999969482422,679100,49.56999969482422
PTCT,2022-08-30 20:00:00-04:00,50.279998779296875,52.310001373291016,49.7599983215332,49.939998626708984,609900,49.939998626708984
PTCT,2022-08-31 20:00:00-04:00,50.43000030517578,52.0,49.619998931884766,51.77000045776367,576900,51.77000045776367
PTCT,2022-09-01 20:00:00-04:00,52.2400016784668,53.66999816894531,51.540000915527344,51.880001068115234,561300,51.880001068115234
PTCT,2022-09-05 20:00:00-04:00,51.650001525878906,52.04999923706055,48.56999969482422,51.209999084472656,439600,51.209999084472656
PTCT,2022-09-06 20:00:00-04:00,51.34000015258789,54.220001220703125,51.34000015258789,53.790000915527344,561700,53.790000915527344
PTCT,2022-09-07 20:00:00-04:00,53.15999984741211,54.689998626708984,52.83000183105469,53.849998474121094,1389200,53.849998474121094
PTCT,2022-09-08 20:00:00-04:00,53.400001525878906,54.88999938964844,53.14500045776367,53.63999938964844,428200,53.63999938964844
PTCT,2022-09-11 20:00:00-04:00,53.900001525878906,54.2400016784668,51.2400016784668,53.06999969482422,599200,53.06999969482422
PTCT,2022-09-12 20:00:00-04:00,52.20000076293945,52.689998626708984,50.650001525878906,51.65999984741211,747200,51.65999984741211
PTCT,2022-09-13 20:00:00-04:00,51.95000076293945,53.470001220703125,50.744998931884766,53.45000076293945,494200,53.45000076293945
PTCT,2022-09-14 20:00:00-04:00,53.290000915527344,54.23699951171875,52.59000015258789,53.650001525878906,688300,53.650001525878906
PTCT,2022-09-15 20:00:00-04:00,53.529998779296875,53.529998779296875,52.08000183105469,52.81999969482422,1838700,52.81999969482422
PTCT,2022-09-18 20:00:00-04:00,52.41999816894531,53.380001068115234,51.130001068115234,53.16999816894531,461700,53.16999816894531
PTCT,2022-09-19 20:00:00-04:00,52.93000030517578,55.58000183105469,50.70000076293945,52.779998779296875,607000,52.779998779296875
PTCT,2022-09-20 20:00:00-04:00,52.599998474121094,52.939998626708984,50.09000015258789,50.38999938964844,351300,50.38999938964844
PTCT,2022-09-21 20:00:00-04:00,50.29999923706055,50.47999954223633,49.400001525878906,50.04999923706055,348300,50.04999923706055
PTCT,2022-09-22 20:00:00-04:00,49.63999938964844,49.63999938964844,47.70000076293945,49.15999984741211,545800,49.15999984741211
PTCT,2022-09-25 20:00:00-04:00,49.150001525878906,50.40999984741211,48.2400016784668,48.25,388800,48.25
PTCT,2022-09-26 20:00:00-04:00,49.13999938964844,50.27000045776367,48.81999969482422,49.400001525878906,399300,49.400001525878906
PTCT,2022-09-27 20:00:00-04:00,49.79999923706055,51.529998779296875,49.79999923706055,51.18000030517578,497100,51.18000030517578
PTCT,2022-09-28 20:00:00-04:00,51.66999816894531,51.66999816894531,50.02000045776367,50.349998474121094,492800,50.349998474121094
PTCT,2022-09-29 20:00:00-04:00,50.22999954223633,52.31999969482422,49.900001525878906,50.20000076293945,753000,50.20000076293945
PTCT,2022-10-02 20:00:00-04:00,50.650001525878906,51.13999938964844,49.400001525878906,50.68000030517578,568700,50.68000030517578
PTCT,2022-10-03 20:00:00-04:00,51.0,52.03499984741211,50.43000030517578,51.5,567800,51.5
PTCT,2022-10-04 20:00:00-04:00,50.959999084472656,51.7599983215332,49.34000015258789,51.189998626708984,380000,51.189998626708984
PTCT,2022-10-05 20:00:00-04:00,50.86000061035156,51.89699935913086,50.540000915527344,51.400001525878906,351600,51.400001525878906
PTCT,2022-10-06 20:00:00-04:00,51.0,51.43000030517578,49.76599884033203,50.09000015258789,659000,50.09000015258789
PTCT,2022-10-09 20:00:00-04:00,49.790000915527344,50.470001220703125,49.130001068115234,49.470001220703125,358500,49.470001220703125
PTCT,2022-10-10 20:00:00-04:00,49.61000061035156,51.43000030517578,48.91999816894531,50.56999969482422,308600,50.56999969482422
PTCT,2022-10-11 20:00:00-04:00,50.900001525878906,51.5,49.91999816894531,51.22999954223633,346500,51.22999954223633
PTCT,2022-10-12 20:00:00-04:00,50.70000076293945,52.900001525878906,49.689998626708984,52.2599983215332,421400,52.2599983215332
PTCT,2022-10-13 20:00:00-04:00,52.720001220703125,53.18199920654297,51.54999923706055,51.63999938964844,342700,51.63999938964844
PTCT,2022-10-16 20:00:00-04:00,52.380001068115234,55.0,52.26300048828125,54.790000915527344,470700,54.790000915527344
PTCT,2022-10-17 20:00:00-04:00,55.25,55.25,47.540000915527344,48.779998779296875,2099800,48.779998779296875
PTCT,2022-10-18 20:00:00-04:00,43.45000076293945,46.689998626708984,42.994998931884766,44.060001373291016,1666400,44.060001373291016
PTCT,2022-10-19 20:00:00-04:00,43.70000076293945,46.189998626708984,43.56999969482422,45.66999816894531,813900,45.66999816894531
PTCT,2022-10-20 20:00:00-04:00,45.9900016784668,47.7400016784668,45.72999954223633,46.630001068115234,771900,46.630001068115234
PTCT,2022-10-23 20:00:00-04:00,46.630001068115234,46.69499969482422,45.040000915527344,45.63999938964844,523900,45.63999938964844
PTCT,2022-10-24 20:00:00-04:00,45.900001525878906,46.16999816894531,44.439998626708984,44.59000015258789,627600,44.59000015258789
PTCT,2022-10-25 20:00:00-04:00,44.959999084472656,46.91999816894531,44.779998779296875,45.650001525878906,431400,45.650001525878906
PTCT,2022-10-26 20:00:00-04:00,46.220001220703125,46.84000015258789,44.43000030517578,44.59000015258789,559300,44.59000015258789
PTCT,2022-10-27 20:00:00-04:00,40.47999954223633,40.47999954223633,36.040000915527344,38.470001220703125,1887900,38.470001220703125
PTCT,2022-10-30 20:00:00-04:00,38.5099983215332,38.560001373291016,36.66999816894531,37.81999969482422,815100,37.81999969482422
PTCT,2022-10-31 20:00:00-04:00,38.150001525878906,39.03499984741211,37.459999084472656,37.72999954223633,597400,37.72999954223633
PTCT,2022-11-01 20:00:00-04:00,37.689998626708984,38.52000045776367,36.70000076293945,36.790000915527344,643200,36.790000915527344
PTCT,2022-11-02 20:00:00-04:00,36.25,36.91999816894531,35.709999084472656,36.2400016784668,659100,36.2400016784668
PTCT,2022-11-03 20:00:00-04:00,36.31999969482422,36.31999969482422,33.25,34.439998626708984,1736100,34.439998626708984
PTCT,2022-11-06 19:00:00-05:00,34.630001068115234,35.54999923706055,34.29499816894531,34.68000030517578,629800,34.68000030517578
PTCT,2022-11-07 19:00:00-05:00,34.93000030517578,35.52000045776367,34.630001068115234,35.119998931884766,504300,35.119998931884766
PTCT,2022-11-08 19:00:00-05:00,35.25,35.7599983215332,34.47999954223633,35.279998779296875,594200,35.279998779296875
PTCT,2022-11-09 19:00:00-05:00,36.65999984741211,38.709999084472656,36.310001373291016,38.04999923706055,889400,38.04999923706055
PTCT,2022-11-10 19:00:00-05:00,37.70000076293945,38.4900016784668,36.65999984741211,37.2400016784668,519400,37.2400016784668
PTCT,2022-11-13 19:00:00-05:00,37.310001373291016,39.209999084472656,37.310001373291016,37.970001220703125,664400,37.970001220703125
PTCT,2022-11-14 19:00:00-05:00,38.880001068115234,39.845001220703125,37.65999984741211,38.04999923706055,474800,38.04999923706055
PTCT,2022-11-15 19:00:00-05:00,38.06999969482422,39.16999816894531,37.08000183105469,37.38999938964844,449300,37.38999938964844
PTCT,2022-11-16 19:00:00-05:00,37.27000045776367,39.029998779296875,37.1349983215332,39.0099983215332,483700,39.0099983215332
PTCT,2022-11-17 19:00:00-05:00,39.88999938964844,40.95000076293945,39.415000915527344,40.47999954223633,739300,40.47999954223633
PTCT,2022-11-20 19:00:00-05:00,40.54999923706055,41.040000915527344,39.36000061035156,39.779998779296875,478900,39.779998779296875
PTCT,2022-11-21 19:00:00-05:00,39.849998474121094,40.63999938964844,39.400001525878906,40.099998474121094,565700,40.099998474121094
PTCT,2022-11-22 19:00:00-05:00,40.29999923706055,40.70000076293945,38.88999938964844,39.400001525878906,365800,39.400001525878906
PTCT,2022-11-24 19:00:00-05:00,39.29999923706055,40.47999954223633,39.029998779296875,39.75,236000,39.75
PTCT,2022-11-27 19:00:00-05:00,39.810001373291016,40.935001373291016,39.810001373291016,40.47999954223633,549400,40.47999954223633
PTCT,2022-11-28 19:00:00-05:00,40.66999816894531,41.220001220703125,39.52799987792969,40.349998474121094,582800,40.349998474121094
PTCT,2022-11-29 19:00:00-05:00,40.59000015258789,41.529998779296875,39.869998931884766,41.4900016784668,503800,41.4900016784668
PTCT,2022-11-30 19:00:00-05:00,41.79999923706055,42.189998626708984,40.73500061035156,41.54999923706055,359400,41.54999923706055
PTCT,2022-12-01 19:00:00-05:00,41.45000076293945,42.43000030517578,40.88999938964844,42.060001373291016,500500,42.060001373291016
PTCT,2022-12-04 19:00:00-05:00,42.09000015258789,42.334999084472656,40.79999923706055,41.119998931884766,506000,41.119998931884766
PTCT,2022-12-05 19:00:00-05:00,40.83000183105469,41.040000915527344,39.209999084472656,39.68000030517578,597500,39.68000030517578
PTCT,2022-12-06 19:00:00-05:00,39.68000030517578,40.189998626708984,39.279998779296875,39.40999984741211,680700,39.40999984741211
PTCT,2022-12-07 19:00:00-05:00,39.470001220703125,39.689998626708984,37.93000030517578,38.279998779296875,356300,38.279998779296875
PTCT,2022-12-08 19:00:00-05:00,38.060001373291016,38.810001373291016,38.0099983215332,38.13999938964844,537400,38.13999938964844
PTCT,2022-12-11 19:00:00-05:00,38.25,39.92499923706055,37.63999938964844,39.439998626708984,445800,39.439998626708984
PTCT,2022-12-12 19:00:00-05:00,40.09000015258789,40.65999984741211,39.34000015258789,40.13999938964844,469200,40.13999938964844
PTCT,2022-12-13 19:00:00-05:00,38.81999969482422,40.07500076293945,38.040000915527344,39.560001373291016,542000,39.560001373291016
PTCT,2022-12-14 19:00:00-05:00,39.810001373291016,39.81999969482422,38.415000915527344,38.5,450000,38.5
PTCT,2022-12-15 19:00:00-05:00,38.15999984741211,39.68000030517578,38.040000915527344,39.220001220703125,1280400,39.220001220703125
PTCT,2022-12-18 19:00:00-05:00,38.88999938964844,39.18000030517578,37.1349983215332,38.189998626708984,561400,38.189998626708984
PTCT,2022-12-19 19:00:00-05:00,37.959999084472656,39.439998626708984,37.79999923706055,39.2599983215332,406800,39.2599983215332
PTCT,2022-12-20 19:00:00-05:00,39.18000030517578,39.689998626708984,37.790000915527344,37.86000061035156,465300,37.86000061035156
PTCT,2022-12-21 19:00:00-05:00,37.810001373291016,37.95000076293945,36.52000045776367,37.279998779296875,399600,37.279998779296875
PTCT,2022-12-22 19:00:00-05:00,36.9900016784668,36.9900016784668,35.869998931884766,36.470001220703125,275900,36.470001220703125
PTCT,2022-12-26 19:00:00-05:00,36.66999816894531,36.790000915527344,35.0,35.290000915527344,311000,35.290000915527344
PTCT,2022-12-27 19:00:00-05:00,35.130001068115234,36.040000915527344,34.560001373291016,35.77000045776367,489900,35.77000045776367
PTCT,2022-12-28 19:00:00-05:00,36.0099983215332,37.5099983215332,35.32500076293945,37.08000183105469,766500,37.08000183105469
PTCT,2022-12-29 19:00:00-05:00,36.779998779296875,38.2400016784668,36.72999954223633,38.16999816894531,518600,38.16999816894531
PTCT,2023-01-02 19:00:00-05:00,38.209999084472656,38.900001525878906,37.25,38.15999984741211,1204200,38.15999984741211
PTCT,2023-01-03 19:00:00-05:00,38.130001068115234,40.1349983215332,37.849998474121094,39.5,852800,39.5
PTCT,2023-01-04 19:00:00-05:00,39.099998474121094,39.93000030517578,38.7400016784668,39.41999816894531,537500,39.41999816894531
PTCT,2023-01-05 19:00:00-05:00,39.63999938964844,40.02000045776367,38.75,39.33000183105469,600900,39.33000183105469
PTCT,2023-01-08 19:00:00-05:00,39.369998931884766,43.47999954223633,38.27000045776367,41.599998474121094,1321000,41.599998474121094
PTCT,2023-01-09 19:00:00-05:00,42.029998779296875,44.380001068115234,41.290000915527344,44.36000061035156,1052900,44.36000061035156
PTCT,2023-01-10 19:00:00-05:00,44.5,45.75,42.52000045776367,45.720001220703125,871400,45.720001220703125
PTCT,2023-01-11 19:00:00-05:00,45.29999923706055,47.88999938964844,44.849998474121094,47.83000183105469,908500,47.83000183105469
PTCT,2023-01-12 19:00:00-05:00,47.63999938964844,49.314998626708984,47.36000061035156,47.779998779296875,1615500,47.779998779296875
PTCT,2023-01-16 19:00:00-05:00,47.77000045776367,48.43000030517578,47.31999969482422,47.779998779296875,1640100,47.779998779296875
PTCT,2023-01-17 19:00:00-05:00,48.0,48.779998779296875,47.060001373291016,47.20000076293945,649000,47.20000076293945
PTCT,2023-01-18 19:00:00-05:00,47.209999084472656,47.53300094604492,46.26499938964844,46.5,477500,46.5
PTCT,2023-01-19 19:00:00-05:00,47.0099983215332,47.75,44.779998779296875,47.7400016784668,1258000,47.7400016784668
PTCT,2023-01-22 19:00:00-05:00,47.59000015258789,48.380001068115234,46.77000045776367,47.31999969482422,854800,47.31999969482422
PTCT,2023-01-23 19:00:00-05:00,47.18000030517578,48.084999084472656,46.44499969482422,47.279998779296875,795600,47.279998779296875
PTCT,2023-01-24 19:00:00-05:00,47.5099983215332,47.619998931884766,45.91999816894531,46.369998931884766,576100,46.369998931884766
PTCT,2023-01-25 19:00:00-05:00,46.470001220703125,46.9900016784668,45.46500015258789,45.9900016784668,519600,45.9900016784668
PTCT,2023-01-26 19:00:00-05:00,46.08000183105469,46.75,45.48099899291992,46.25,588300,46.25
PTCT,2023-01-29 19:00:00-05:00,45.959999084472656,46.30500030517578,45.02000045776367,45.5099983215332,743300,45.5099983215332
PTCT,2023-01-30 19:00:00-05:00,45.58000183105469,46.0,45.349998474121094,45.88999938964844,532600,45.88999938964844
PTCT,2023-01-31 19:00:00-05:00,45.900001525878906,47.81999969482422,45.7599983215332,47.369998931884766,567200,47.369998931884766
PTCT,2023-02-01 19:00:00-05:00,47.560001373291016,48.06999969482422,46.720001220703125,47.36000061035156,440900,47.36000061035156
PTCT,2023-02-02 19:00:00-05:00,46.86000061035156,48.2400016784668,46.86000061035156,48.040000915527344,659500,48.040000915527344
PTCT,2023-02-05 19:00:00-05:00,48.040000915527344,49.0,46.04999923706055,46.22999954223633,466900,46.22999954223633
PTCT,2023-02-06 19:00:00-05:00,46.290000915527344,46.290000915527344,43.0,46.22999954223633,505500,46.22999954223633
PTCT,2023-02-07 19:00:00-05:00,45.93000030517578,46.47999954223633,45.54999923706055,45.599998474121094,562300,45.599998474121094
PTCT,2023-02-08 19:00:00-05:00,45.72999954223633,46.400001525878906,43.84000015258789,46.36000061035156,505600,46.36000061035156
PTCT,2023-02-09 19:00:00-05:00,46.2599983215332,46.474998474121094,45.16600036621094,45.5,388200,45.5
PTCT,2023-02-12 19:00:00-05:00,45.38999938964844,46.119998931884766,44.48500061035156,45.86000061035156,304700,45.86000061035156
PTCT,2023-02-13 19:00:00-05:00,45.619998931884766,46.650001525878906,45.150001525878906,45.540000915527344,365800,45.540000915527344
PTCT,2023-02-14 19:00:00-05:00,45.13999938964844,46.20500183105469,44.439998626708984,46.13999938964844,298700,46.13999938964844
PTCT,2023-02-15 19:00:00-05:00,45.459999084472656,45.90999984741211,44.189998626708984,44.939998626708984,636600,44.939998626708984
PTCT,2023-02-16 19:00:00-05:00,45.25,46.79999923706055,44.904998779296875,46.68000030517578,589800,46.68000030517578
PTCT,2023-02-20 19:00:00-05:00,46.290000915527344,46.435001373291016,44.720001220703125,44.720001220703125,824400,44.720001220703125
PTCT,2023-02-21 19:00:00-05:00,45.849998474121094,45.849998474121094,41.02000045776367,44.22999954223633,1052100,44.22999954223633
PTCT,2023-02-22 19:00:00-05:00,44.08000183105469,46.11000061035156,42.2599983215332,43.52000045776367,506300,43.52000045776367
PTCT,2023-02-23 19:00:00-05:00,43.09000015258789,43.90999984741211,42.939998626708984,43.2400016784668,611900,43.2400016784668
PTCT,2023-02-26 19:00:00-05:00,43.25,44.11000061035156,42.119998931884766,42.189998626708984,736100,42.189998626708984
PTCT,2023-02-27 19:00:00-05:00,42.2400016784668,43.88999938964844,42.2400016784668,43.66999816894531,673200,43.66999816894531
PTCT,2023-02-28 19:00:00-05:00,43.70000076293945,46.13999938964844,42.689998626708984,45.2400016784668,1005000,45.2400016784668
PTCT,2023-03-01 19:00:00-05:00,44.790000915527344,45.150001525878906,43.939998626708984,44.709999084472656,509500,44.709999084472656
PTCT,2023-03-02 19:00:00-05:00,44.86000061035156,46.44499969482422,43.970001220703125,46.099998474121094,796300,46.099998474121094
PTCT,2023-03-05 19:00:00-05:00,46.15999984741211,46.55500030517578,45.13999938964844,45.58000183105469,413800,45.58000183105469
PTCT,2023-03-06 19:00:00-05:00,45.63999938964844,47.72999954223633,45.209999084472656,47.310001373291016,833100,47.310001373291016
PTCT,2023-03-07 19:00:00-05:00,47.369998931884766,48.2400016784668,47.0,48.189998626708984,986900,48.189998626708984
PTCT,2023-03-08 19:00:00-05:00,48.470001220703125,48.7400016784668,45.619998931884766,45.939998626708984,1079300,45.939998626708984
PTCT,2023-03-09 19:00:00-05:00,45.7599983215332,45.7599983215332,43.0,44.22999954223633,1094400,44.22999954223633
PTCT,2023-03-12 20:00:00-04:00,43.75,47.439998626708984,43.75,46.08000183105469,795200,46.08000183105469
PTCT,2023-03-13 20:00:00-04:00,47.11000061035156,47.5099983215332,46.040000915527344,46.959999084472656,676100,46.959999084472656
PTCT,2023-03-14 20:00:00-04:00,46.43000030517578,47.209999084472656,45.02000045776367,46.7400016784668,815700,46.7400016784668
PTCT,2023-03-15 20:00:00-04:00,46.4900016784668,48.33000183105469,45.66999816894531,48.099998474121094,514600,48.099998474121094
PTCT,2023-03-16 20:00:00-04:00,47.4900016784668,47.689998626708984,45.0099983215332,47.29999923706055,1472900,47.29999923706055
PTCT,2023-03-19 20:00:00-04:00,47.40999984741211,48.78499984741211,47.09000015258789,48.4900016784668,442200,48.4900016784668
PTCT,2023-03-20 20:00:00-04:00,48.77000045776367,49.255001068115234,47.93000030517578,48.459999084472656,744200,48.459999084472656
PTCT,2023-03-21 20:00:00-04:00,48.279998779296875,48.279998779296875,46.29999923706055,46.349998474121094,646200,46.349998474121094
PTCT,2023-03-22 20:00:00-04:00,46.7599983215332,47.189998626708984,45.81999969482422,46.66999816894531,498400,46.66999816894531
PTCT,2023-03-23 20:00:00-04:00,45.27000045776367,45.41999816894531,42.27000045776367,44.16999816894531,1977500,44.16999816894531
PTCT,2023-03-26 20:00:00-04:00,44.33000183105469,46.400001525878906,43.650001525878906,45.7599983215332,814700,45.7599983215332
PTCT,2023-03-27 20:00:00-04:00,45.7400016784668,46.65999984741211,44.58000183105469,45.119998931884766,643200,45.119998931884766
PTCT,2023-03-28 20:00:00-04:00,45.34000015258789,48.33000183105469,45.0,48.189998626708984,603300,48.189998626708984
PTCT,2023-03-29 20:00:00-04:00,48.47999954223633,49.09000015258789,47.720001220703125,48.86000061035156,640900,48.86000061035156
PTCT,2023-03-30 20:00:00-04:00,49.11000061035156,50.20000076293945,48.29999923706055,48.439998626708984,785700,48.439998626708984
PTCT,2023-04-02 20:00:00-04:00,48.18000030517578,49.665000915527344,47.09000015258789,47.43000030517578,726400,47.43000030517578
PTCT,2023-04-03 20:00:00-04:00,47.70000076293945,48.040000915527344,47.25,47.5,492800,47.5
PTCT,2023-04-04 20:00:00-04:00,47.29999923706055,47.9900016784668,46.9900016784668,47.45000076293945,366300,47.45000076293945
PTCT,2023-04-05 20:00:00-04:00,47.63999938964844,49.02000045776367,46.525001525878906,48.84000015258789,652600,48.84000015258789
PTCT,2023-04-09 20:00:00-04:00,48.56999969482422,49.16999816894531,47.16999816894531,48.630001068115234,715000,48.630001068115234
PTCT,2023-04-10 20:00:00-04:00,48.7599983215332,49.3650016784668,47.880001068115234,48.5099983215332,615600,48.5099983215332
PTCT,2023-04-11 20:00:00-04:00,48.779998779296875,48.939998626708984,47.849998474121094,48.029998779296875,338800,48.029998779296875
PTCT,2023-04-12 20:00:00-04:00,47.9900016784668,49.86000061035156,47.95000076293945,49.41999816894531,984900,49.41999816894531
PTCT,2023-04-13 20:00:00-04:00,49.209999084472656,49.70000076293945,48.45000076293945,49.27000045776367,430600,49.27000045776367
PTCT,2023-04-16 20:00:00-04:00,49.75,51.849998474121094,49.70000076293945,51.630001068115234,925900,51.630001068115234
PTCT,2023-04-17 20:00:00-04:00,52.0,53.119998931884766,51.65999984741211,52.959999084472656,958100,52.959999084472656
PTCT,2023-04-18 20:00:00-04:00,52.709999084472656,53.7400016784668,52.0,53.20000076293945,830700,53.20000076293945
PTCT,2023-04-19 20:00:00-04:00,52.72999954223633,54.189998626708984,51.93000030517578,53.810001373291016,979700,53.810001373291016
PTCT,2023-04-20 20:00:00-04:00,53.75,55.70000076293945,53.75,55.130001068115234,940000,55.130001068115234
PTCT,2023-04-23 20:00:00-04:00,55.0,55.47999954223633,52.81999969482422,52.849998474121094,669100,52.849998474121094
PTCT,2023-04-24 20:00:00-04:00,52.65999984741211,52.810001373291016,51.04499816894531,51.20000076293945,658900,51.20000076293945
PTCT,2023-04-25 20:00:00-04:00,51.02000045776367,52.42499923706055,51.02000045776367,52.2400016784668,731900,52.2400016784668
PTCT,2023-04-26 20:00:00-04:00,52.41999816894531,53.0,51.95000076293945,52.63999938964844,780200,52.63999938964844
PTCT,2023-04-27 20:00:00-04:00,55.380001068115234,55.97999954223633,52.689998626708984,55.13999938964844,1149500,55.13999938964844
PTCT,2023-04-30 20:00:00-04:00,55.0099983215332,56.2400016784668,54.18199920654297,55.16999816894531,760900,55.16999816894531
PTCT,2023-05-01 20:00:00-04:00,54.97999954223633,55.9900016784668,53.20000076293945,54.970001220703125,1088700,54.970001220703125
PTCT,2023-05-02 20:00:00-04:00,55.060001373291016,55.88999938964844,54.630001068115234,55.40999984741211,1129300,55.40999984741211
PTCT,2023-05-03 20:00:00-04:00,55.20000076293945,55.959999084472656,54.02000045776367,55.86000061035156,682300,55.86000061035156
PTCT,2023-05-04 20:00:00-04:00,56.06999969482422,56.720001220703125,55.220001220703125,55.81999969482422,1250300,55.81999969482422
PTCT,2023-05-07 20:00:00-04:00,56.0,56.0,54.9900016784668,55.54999923706055,472000,55.54999923706055
PTCT,2023-05-08 20:00:00-04:00,55.11000061035156,56.68000030517578,55.0099983215332,55.939998626708984,488500,55.939998626708984
PTCT,2023-05-09 20:00:00-04:00,56.5,57.2400016784668,55.36000061035156,56.880001068115234,589300,56.880001068115234
PTCT,2023-05-10 20:00:00-04:00,56.70000076293945,57.41999816894531,54.34000015258789,54.79999923706055,840700,54.79999923706055
PTCT,2023-05-11 20:00:00-04:00,55.060001373291016,56.060001373291016,54.61000061035156,54.68000030517578,470000,54.68000030517578
PTCT,2023-05-14 20:00:00-04:00,54.9900016784668,56.119998931884766,54.75,55.29999923706055,634000,55.29999923706055
PTCT,2023-05-15 20:00:00-04:00,54.599998474121094,54.599998474121094,53.03499984741211,54.20000076293945,394800,54.20000076293945
PTCT,2023-05-16 20:00:00-04:00,55.18000030517578,58.58000183105469,54.630001068115234,58.290000915527344,1432500,58.290000915527344
PTCT,2023-05-17 20:00:00-04:00,58.689998626708984,59.25,57.15999984741211,58.130001068115234,865300,58.130001068115234
PTCT,2023-05-18 20:00:00-04:00,58.95000076293945,59.435001373291016,57.93000030517578,58.369998931884766,719200,58.369998931884766
PTCT,2023-05-21 20:00:00-04:00,58.38999938964844,59.84000015258789,58.18000030517578,59.099998474121094,633300,59.099998474121094
PTCT,2023-05-22 20:00:00-04:00,58.900001525878906,59.75,58.185001373291016,58.40999984741211,782200,58.40999984741211
PTCT,2023-05-23 20:00:00-04:00,45.9900016784668,48.630001068115234,42.22999954223633,46.95000076293945,5831800,46.95000076293945
PTCT,2023-05-24 20:00:00-04:00,46.7599983215332,46.7599983215332,42.84000015258789,43.459999084472656,1671000,43.459999084472656
PTCT,2023-05-25 20:00:00-04:00,43.25,44.02000045776367,42.279998779296875,42.65999984741211,1076800,42.65999984741211
PTCT,2023-05-29 20:00:00-04:00,42.4900016784668,43.064998626708984,41.029998779296875,41.15999984741211,854300,41.15999984741211
PTCT,2023-05-30 20:00:00-04:00,41.29999923706055,42.349998474121094,40.900001525878906,41.970001220703125,1032600,41.970001220703125
PTCT,2023-05-31 20:00:00-04:00,41.970001220703125,44.224998474121094,41.369998931884766,43.5,819900,43.5
PTCT,2023-06-01 20:00:00-04:00,44.04999923706055,44.400001525878906,43.060001373291016,44.119998931884766,678200,44.119998931884766
PTCT,2023-06-04 20:00:00-04:00,43.83000183105469,43.915000915527344,42.2599983215332,42.56999969482422,599400,42.56999969482422
PTCT,2023-06-05 20:00:00-04:00,42.720001220703125,45.400001525878906,42.540000915527344,45.01499938964844,752500,45.01499938964844
PTCT,2023-06-06 20:00:00-04:00,44.86000061035156,45.68000030517578,43.275001525878906,43.58000183105469,507600,43.58000183105469
PTCT,2023-06-07 20:00:00-04:00,43.369998931884766,44.040000915527344,42.4900016784668,42.560001373291016,567600,42.560001373291016
PTCT,2023-06-08 20:00:00-04:00,42.41999816894531,43.41999816894531,42.06999969482422,43.0,484100,43.0
PTCT,2023-06-11 20:00:00-04:00,43.220001220703125,44.459999084472656,42.970001220703125,43.349998474121094,636300,43.349998474121094
PTCT,2023-06-12 20:00:00-04:00,43.220001220703125,44.290000915527344,42.959999084472656,44.06999969482422,893000,44.06999969482422
PTCT,2023-06-13 20:00:00-04:00,44.16999816894531,44.564998626708984,42.459999084472656,43.0099983215332,639400,43.0099983215332
PTCT,2023-06-14 20:00:00-04:00,42.790000915527344,44.0099983215332,42.4900016784668,43.4900016784668,508900,43.4900016784668
PTCT,2023-06-15 20:00:00-04:00,44.11000061035156,44.2599983215332,42.529998779296875,43.029998779296875,1969800,43.029998779296875
PTCT,2023-06-19 20:00:00-04:00,42.77000045776367,43.33000183105469,41.650001525878906,41.93000030517578,824400,41.93000030517578
PTCT,2023-06-20 20:00:00-04:00,42.58000183105469,44.65999984741211,41.275001525878906,43.060001373291016,1543400,43.060001373291016
PTCT,2023-06-21 20:00:00-04:00,42.880001068115234,43.310001373291016,41.869998931884766,41.91999816894531,490600,41.91999816894531
PTCT,2023-06-22 20:00:00-04:00,41.5099983215332,42.22999954223633,41.22999954223633,41.47999954223633,1047000,41.47999954223633
PTCT,2023-06-25 20:00:00-04:00,41.380001068115234,41.58000183105469,40.29999923706055,40.400001525878906,726900,40.400001525878906
PTCT,2023-06-26 20:00:00-04:00,40.400001525878906,41.15999984741211,40.119998931884766,41.130001068115234,980700,41.130001068115234
PTCT,2023-06-27 20:00:00-04:00,41.54999923706055,41.92499923706055,40.915000915527344,41.5,421700,41.5
PTCT,2023-06-28 20:00:00-04:00,41.560001373291016,41.560001373291016,40.779998779296875,41.22999954223633,509100,41.22999954223633
PTCT,2023-06-29 20:00:00-04:00,40.9900016784668,42.13999938964844,39.65999984741211,40.66999816894531,1164500,40.66999816894531
PTCT,2023-07-02 20:00:00-04:00,40.68000030517578,41.88999938964844,40.65999984741211,41.40999984741211,324200,41.40999984741211
PTCT,2023-07-04 20:00:00-04:00,41.380001068115234,41.93000030517578,41.099998474121094,41.790000915527344,581700,41.790000915527344
PTCT,2023-07-05 20:00:00-04:00,41.52000045776367,42.06999969482422,40.974998474121094,41.9900016784668,549900,41.9900016784668
PTCT,2023-07-06 20:00:00-04:00,42.15999984741211,42.630001068115234,41.150001525878906,41.209999084472656,391400,41.209999084472656
PTCT,2023-07-09 20:00:00-04:00,41.20000076293945,41.45000076293945,40.16999816894531,40.27000045776367,756100,40.27000045776367
PTCT,2023-07-10 20:00:00-04:00,40.0,40.369998931884766,38.61000061035156,40.220001220703125,565900,40.220001220703125
PTCT,2023-07-11 20:00:00-04:00,40.900001525878906,40.900001525878906,39.84000015258789,40.150001525878906,746200,40.150001525878906
PTCT,2023-07-12 20:00:00-04:00,40.40999984741211,40.40999984741211,39.66999816894531,39.81999969482422,535800,39.81999969482422
PTCT,2023-07-13 20:00:00-04:00,39.79999923706055,39.80500030517578,39.020999908447266,39.18000030517578,528600,39.18000030517578
PTCT,2023-07-16 20:00:00-04:00,39.41999816894531,39.82500076293945,38.63999938964844,38.66999816894531,617900,38.66999816894531
PTCT,2023-07-17 20:00:00-04:00,38.54999923706055,40.099998474121094,38.310001373291016,39.5099983215332,723600,39.5099983215332
PTCT,2023-07-18 20:00:00-04:00,39.52000045776367,40.619998931884766,39.52000045776367,40.02000045776367,634600,40.02000045776367
PTCT,2023-07-19 20:00:00-04:00,39.9900016784668,40.244998931884766,38.82500076293945,39.150001525878906,521700,39.150001525878906
PTCT,2023-07-20 20:00:00-04:00,39.470001220703125,39.97999954223633,39.22999954223633,39.52000045776367,717300,39.52000045776367
PTCT,2023-07-23 20:00:00-04:00,39.79999923706055,39.79999923706055,38.47999954223633,38.66999816894531,447400,38.66999816894531
PTCT,2023-07-24 20:00:00-04:00,38.560001373291016,39.18000030517578,37.95000076293945,38.81999969482422,2619000,38.81999969482422
PTCT,2023-07-25 20:00:00-04:00,38.93000030517578,40.22999954223633,38.599998474121094,39.91999816894531,583100,39.91999816894531
PTCT,2023-07-26 20:00:00-04:00,40.310001373291016,40.310001373291016,38.56999969482422,38.7400016784668,522200,38.7400016784668
PTCT,2023-07-27 20:00:00-04:00,39.08000183105469,41.58000183105469,39.08000183105469,40.93000030517578,953300,40.93000030517578
PTCT,2023-07-30 20:00:00-04:00,41.029998779296875,41.5,39.900001525878906,40.34000015258789,711500,40.34000015258789
PTCT,2023-07-31 20:00:00-04:00,40.5099983215332,40.7599983215332,39.814998626708984,40.66999816894531,497200,40.66999816894531
PTCT,2023-08-01 20:00:00-04:00,40.08000183105469,41.45000076293945,39.8650016784668,40.20000076293945,347200,40.20000076293945
PTCT,2023-08-02 20:00:00-04:00,39.83000183105469,41.08000183105469,39.65999984741211,40.31999969482422,659500,40.31999969482422
PTCT,2023-08-03 20:00:00-04:00,41.09000015258789,41.150001525878906,38.4900016784668,38.709999084472656,778200,38.709999084472656
PTCT,2023-08-06 20:00:00-04:00,38.66999816894531,38.77000045776367,37.7400016784668,37.970001220703125,815600,37.970001220703125
PTCT,2023-08-07 20:00:00-04:00,37.869998931884766,39.16999816894531,37.56999969482422,39.02000045776367,559500,39.02000045776367
PTCT,2023-08-08 20:00:00-04:00,39.189998626708984,40.095001220703125,38.709999084472656,39.849998474121094,334200,39.849998474121094
PTCT,2023-08-09 20:00:00-04:00,39.900001525878906,41.06999969482422,39.75,40.63999938964844,400100,40.63999938964844
PTCT,2023-08-10 20:00:00-04:00,40.63999938964844,42.13999938964844,40.63999938964844,41.68000030517578,700800,41.68000030517578
PTCT,2023-08-13 20:00:00-04:00,40.9900016784668,41.90999984741211,40.58000183105469,41.61000061035156,494500,41.61000061035156
PTCT,2023-08-14 20:00:00-04:00,41.349998474121094,41.96500015258789,40.70500183105469,41.2599983215332,439500,41.2599983215332
PTCT,2023-08-15 20:00:00-04:00,41.209999084472656,41.2400016784668,40.11000061035156,40.369998931884766,400600,40.369998931884766
PTCT,2023-08-16 20:00:00-04:00,40.52000045776367,40.58000183105469,39.7599983215332,40.0,342700,40.0
PTCT,2023-08-17 20:00:00-04:00,39.68000030517578,40.81999969482422,39.369998931884766,39.41999816894531,628700,39.41999816894531
PTCT,2023-08-20 20:00:00-04:00,39.279998779296875,39.970001220703125,38.483001708984375,39.79999923706055,505700,39.79999923706055
PTCT,2023-08-21 20:00:00-04:00,39.86000061035156,40.09000015258789,39.33000183105469,39.400001525878906,306900,39.400001525878906
PTCT,2023-08-22 20:00:00-04:00,39.41999816894531,40.720001220703125,39.41999816894531,39.529998779296875,407100,39.529998779296875
PTCT,2023-08-23 20:00:00-04:00,39.40999984741211,39.7400016784668,38.439998626708984,39.0,361400,39.0
PTCT,2023-08-24 20:00:00-04:00,39.15999984741211,39.869998931884766,38.630001068115234,39.720001220703125,251500,39.720001220703125
PTCT,2023-08-27 20:00:00-04:00,39.4900016784668,40.029998779296875,39.15999984741211,40.02000045776367,307100,40.02000045776367
PTCT,2023-08-28 20:00:00-04:00,39.79999923706055,41.255001068115234,39.65999984741211,40.779998779296875,351800,40.779998779296875
PTCT,2023-08-29 20:00:00-04:00,40.869998931884766,40.9900016784668,40.07500076293945,40.529998779296875,348600,40.529998779296875
PTCT,2023-08-30 20:00:00-04:00,40.54999923706055,40.625,39.470001220703125,39.5,352800,39.5
PTCT,2023-08-31 20:00:00-04:00,39.65999984741211,40.279998779296875,39.63999938964844,40.08000183105469,380800,40.08000183105469
PTCT,2023-09-04 20:00:00-04:00,40.02000045776367,40.02000045776367,38.63999938964844,38.93000030517578,406600,38.93000030517578
PTCT,2023-09-05 20:00:00-04:00,38.93000030517578,40.29999923706055,38.93000030517578,40.279998779296875,362000,40.279998779296875
PTCT,2023-09-06 20:00:00-04:00,40.13999938964844,41.93000030517578,40.0,41.79999923706055,594300,41.79999923706055
PTCT,2023-09-07 20:00:00-04:00,41.79999923706055,41.79999923706055,40.95000076293945,40.970001220703125,317000,40.970001220703125
PTCT,2023-09-10 20:00:00-04:00,40.939998626708984,41.27000045776367,39.97999954223633,40.189998626708984,435400,40.189998626708984
PTCT,2023-09-11 20:00:00-04:00,40.0,40.47999954223633,39.310001373291016,40.380001068115234,324000,40.380001068115234
PTCT,2023-09-12 20:00:00-04:00,40.2599983215332,40.86000061035156,37.25,38.619998931884766,2335500,38.619998931884766
PTCT,2023-09-13 20:00:00-04:00,38.81999969482422,38.939998626708984,35.459999084472656,37.38999938964844,2215400,37.38999938964844
PTCT,2023-09-14 20:00:00-04:00,25.489999771118164,27.530000686645508,24.43000030517578,26.260000228881836,6787900,26.260000228881836
PTCT,2023-09-17 20:00:00-04:00,25.15999984741211,25.170000076293945,23.825000762939453,24.280000686645508,4077600,24.280000686645508
PTCT,2023-09-18 20:00:00-04:00,23.610000610351562,25.700000762939453,23.565000534057617,25.68000030517578,1893100,25.68000030517578
PTCT,2023-09-19 20:00:00-04:00,25.719999313354492,26.889999389648438,25.43000030517578,25.530000686645508,1336500,25.530000686645508
PTCT,2023-09-20 20:00:00-04:00,25.329999923706055,25.774999618530273,24.31999969482422,24.81999969482422,1474300,24.81999969482422
PTCT,2023-09-21 20:00:00-04:00,24.639999389648438,24.969999313354492,23.8700008392334,23.920000076293945,1514700,23.920000076293945
PTCT,2023-09-24 20:00:00-04:00,23.829999923706055,23.875999450683594,22.434999465942383,22.559999465942383,1585100,22.559999465942383
PTCT,2023-09-25 20:00:00-04:00,22.68000030517578,23.649999618530273,22.030000686645508,22.600000381469727,1736300,22.600000381469727
PTCT,2023-09-26 20:00:00-04:00,22.75,23.545000076293945,22.489999771118164,23.270000457763672,1280000,23.270000457763672
PTCT,2023-09-27 20:00:00-04:00,23.200000762939453,23.270000457763672,22.34000015258789,22.65999984741211,1069900,22.65999984741211
PTCT,2023-09-28 20:00:00-04:00,22.959999084472656,23.3700008392334,22.219999313354492,22.40999984741211,767700,22.40999984741211
PTCT,2023-10-01 20:00:00-04:00,22.309999465942383,22.309999465942383,21.030000686645508,21.239999771118164,1329400,21.239999771118164
PTCT,2023-10-02 20:00:00-04:00,21.209999084472656,21.350000381469727,20.399999618530273,20.43000030517578,1569200,20.43000030517578
PTCT,2023-10-03 20:00:00-04:00,20.40999984741211,21.25,20.170000076293945,21.200000762939453,1644100,21.200000762939453
PTCT,2023-10-04 20:00:00-04:00,21.25,22.219999313354492,21.25,22.200000762939453,1483800,22.200000762939453
PTCT,2023-10-05 20:00:00-04:00,21.030000686645508,22.0049991607666,20.900999069213867,21.600000381469727,1177900,21.600000381469727
PTCT,2023-10-08 20:00:00-04:00,21.479999542236328,21.700000762939453,21.110000610351562,21.350000381469727,2174400,21.350000381469727
PTCT,2023-10-09 20:00:00-04:00,21.309999465942383,22.610000610351562,21.309999465942383,22.469999313354492,3861200,22.469999313354492
PTCT,2023-10-10 20:00:00-04:00,22.510000228881836,22.729999542236328,21.709999084472656,22.139999389648438,761800,22.139999389648438
PTCT,2023-10-11 20:00:00-04:00,22.0,22.0,20.200000762939453,20.510000228881836,1707900,20.510000228881836
PTCT,2023-10-12 20:00:00-04:00,20.510000228881836,20.510000228881836,19.700000762939453,20.389999389648438,1145100,20.389999389648438
PTCT,2023-10-15 20:00:00-04:00,20.420000076293945,20.575000762939453,19.739999771118164,20.020000457763672,983900,20.020000457763672
PTCT,2023-10-16 20:00:00-04:00,19.889999389648438,20.979999542236328,19.889999389648438,20.610000610351562,1267700,20.610000610351562
PTCT,2023-10-17 20:00:00-04:00,20.579999923706055,20.8700008392334,20.049999237060547,20.5,795900,20.5
PTCT,2023-10-18 20:00:00-04:00,21.209999084472656,25.280000686645508,21.0,23.56999969482422,5179100,23.56999969482422
PTCT,2023-10-19 20:00:00-04:00,23.700000762939453,23.729999542236328,22.6200008392334,23.209999084472656,1896000,23.209999084472656
PTCT,2023-10-22 20:00:00-04:00,22.780000686645508,23.670000076293945,22.479999542236328,22.770000457763672,1477900,22.770000457763672
PTCT,2023-10-23 20:00:00-04:00,23.09000015258789,23.40999984741211,22.665000915527344,23.219999313354492,757000,23.219999313354492
PTCT,2023-10-24 20:00:00-04:00,22.90999984741211,23.420000076293945,22.899999618530273,23.280000686645508,1187800,23.280000686645508
PTCT,2023-10-25 20:00:00-04:00,23.459999084472656,24.06999969482422,23.0,23.950000762939453,1025800,23.950000762939453
PTCT,2023-10-26 20:00:00-04:00,19.360000610351562,19.950000762939453,18.030000686645508,18.510000228881836,4879900,18.510000228881836
PTCT,2023-10-29 20:00:00-04:00,18.579999923706055,19.600000381469727,18.524999618530273,18.739999771118164,1819400,18.739999771118164
PTCT,2023-10-30 20:00:00-04:00,18.549999237060547,18.850000381469727,17.809999465942383,18.75,1851800,18.75
PTCT,2023-10-31 20:00:00-04:00,18.700000762939453,18.700000762939453,17.860000610351562,18.450000762939453,1750400,18.450000762939453
PTCT,2023-11-01 20:00:00-04:00,18.600000381469727,18.84000015258789,17.530000686645508,18.06999969482422,1674800,18.06999969482422
PTCT,2023-11-02 20:00:00-04:00,18.31999969482422,19.84000015258789,18.139999389648438,19.530000686645508,2373500,19.530000686645508
PTCT,2023-11-05 19:00:00-05:00,19.520000457763672,19.649999618530273,18.947999954223633,19.43000030517578,1824200,19.43000030517578
PTCT,2023-11-06 19:00:00-05:00,19.520000457763672,20.399999618530273,18.959999084472656,20.260000228881836,1135500,20.260000228881836
PTCT,2023-11-07 19:00:00-05:00,20.25,20.25,19.43000030517578,19.600000381469727,744200,19.600000381469727
PTCT,2023-11-08 19:00:00-05:00,19.719999313354492,19.719999313354492,18.530000686645508,18.719999313354492,965400,18.719999313354492
PTCT,2023-11-09 19:00:00-05:00,18.920000076293945,18.969999313354492,18.280000686645508,18.540000915527344,756100,18.540000915527344
PTCT,2023-11-12 19:00:00-05:00,18.530000686645508,18.690000534057617,18.149999618530273,18.530000686645508,1062600,18.530000686645508
PTCT,2023-11-13 19:00:00-05:00,19.049999237060547,20.34000015258789,19.049999237060547,20.329999923706055,1118400,20.329999923706055
PTCT,2023-11-14 19:00:00-05:00,20.270000457763672,21.709999084472656,20.06999969482422,20.770000457763672,971600,20.770000457763672
PTCT,2023-11-15 19:00:00-05:00,20.760000228881836,20.950000762939453,19.7450008392334,20.0,1030900,20.0
PTCT,2023-11-16 19:00:00-05:00,20.209999084472656,20.559999465942383,19.795000076293945,20.459999084472656,776800,20.459999084472656
PTCT,2023-11-19 19:00:00-05:00,20.579999923706055,22.209999084472656,20.4950008392334,22.170000076293945,1020000,22.170000076293945
PTCT,2023-11-20 19:00:00-05:00,22.0,22.25,21.575000762939453,21.850000381469727,920800,21.850000381469727
PTCT,2023-11-21 19:00:00-05:00,22.149999618530273,22.34000015258789,21.43000030517578,21.6200008392334,693400,21.6200008392334
PTCT,2023-11-23 19:00:00-05:00,21.65999984741211,22.31999969482422,21.56999969482422,21.670000076293945,265800,21.670000076293945
PTCT,2023-11-26 19:00:00-05:00,21.43000030517578,21.670000076293945,20.7450008392334,21.479999542236328,695800,21.479999542236328
PTCT,2023-11-27 19:00:00-05:00,21.3799991607666,21.979999542236328,21.100000381469727,21.889999389648438,1010800,21.889999389648438
PTCT,2023-11-28 19:00:00-05:00,22.100000381469727,23.524999618530273,21.920000076293945,22.959999084472656,1133300,22.959999084472656
PTCT,2023-11-29 19:00:00-05:00,23.110000610351562,23.84000015258789,22.799999237060547,23.020000457763672,1036200,23.020000457763672
PTCT,2023-11-30 19:00:00-05:00,22.959999084472656,24.149999618530273,22.469999313354492,23.989999771118164,1117700,23.989999771118164
PTCT,2023-12-03 19:00:00-05:00,24.079999923706055,25.200000762939453,24.010000228881836,25.079999923706055,1109700,25.079999923706055
PTCT,2023-12-04 19:00:00-05:00,24.709999084472656,25.299999237060547,24.6299991607666,24.940000534057617,887600,24.940000534057617
PTCT,2023-12-05 19:00:00-05:00,25.09000015258789,26.40999984741211,24.399999618530273,25.8700008392334,854800,25.8700008392334
PTCT,2023-12-06 19:00:00-05:00,26.299999237060547,26.44499969482422,25.700000762939453,26.280000686645508,860400,26.280000686645508
PTCT,2023-12-07 19:00:00-05:00,26.280000686645508,26.989999771118164,25.81999969482422,26.389999389648438,797400,26.389999389648438
PTCT,2023-12-10 19:00:00-05:00,26.610000610351562,26.90999984741211,25.790000915527344,25.829999923706055,1056700,25.829999923706055
PTCT,2023-12-11 19:00:00-05:00,25.8700008392334,26.3700008392334,25.25,26.110000610351562,547700,26.110000610351562
PTCT,2023-12-12 19:00:00-05:00,26.049999237060547,28.010000228881836,26.049999237060547,27.90999984741211,966800,27.90999984741211
PTCT,2023-12-13 19:00:00-05:00,28.649999618530273,29.149999618530273,26.854999542236328,27.600000381469727,1769400,27.600000381469727
PTCT,2023-12-14 19:00:00-05:00,28.479999542236328,30.110000610351562,27.90999984741211,28.389999389648438,4132600,28.389999389648438
PTCT,2023-12-17 19:00:00-05:00,28.079999923706055,28.31999969482422,27.260000228881836,27.520000457763672,1036100,27.520000457763672
PTCT,2023-12-18 19:00:00-05:00,26.450000762939453,27.979000091552734,26.30500030517578,27.600000381469727,1561800,27.600000381469727
PTCT,2023-12-19 19:00:00-05:00,27.59000015258789,28.295000076293945,26.950000762939453,27.040000915527344,1148400,27.040000915527344
PTCT,2023-12-20 19:00:00-05:00,27.639999389648438,28.729999542236328,27.639999389648438,28.420000076293945,1083100,28.420000076293945
PTCT,2023-12-21 19:00:00-05:00,28.639999389648438,29.229999542236328,27.540000915527344,27.610000610351562,922400,27.610000610351562
PTCT,2023-12-25 19:00:00-05:00,28.020000457763672,28.889999389648438,27.90999984741211,28.489999771118164,671400,28.489999771118164
PTCT,2023-12-26 19:00:00-05:00,28.540000915527344,29.40999984741211,28.190000534057617,29.3700008392334,797700,29.3700008392334
PTCT,2023-12-27 19:00:00-05:00,29.170000076293945,29.351999282836914,28.06999969482422,28.579999923706055,868800,28.579999923706055
PTCT,2023-12-28 19:00:00-05:00,28.530000686645508,28.530000686645508,27.2549991607666,27.559999465942383,1216500,27.559999465942383
PTCT,2024-01-01 19:00:00-05:00,27.040000915527344,28.489999771118164,27.0,28.040000915527344,976800,28.040000915527344
PTCT,2024-01-02 19:00:00-05:00,27.68000030517578,27.940000534057617,27.0,27.229999542236328,1019500,27.229999542236328
PTCT,2024-01-03 19:00:00-05:00,27.440000534057617,28.329999923706055,27.440000534057617,28.09000015258789,1269200,28.09000015258789
PTCT,2024-01-04 19:00:00-05:00,27.5,27.979999542236328,26.861000061035156,27.899999618530273,849200,27.899999618530273
PTCT,2024-01-07 19:00:00-05:00,27.809999465942383,30.0,27.06999969482422,29.989999771118164,1384900,29.989999771118164
PTCT,2024-01-08 19:00:00-05:00,29.31999969482422,30.0,28.56999969482422,28.709999084472656,1330300,28.709999084472656
PTCT,2024-01-09 19:00:00-05:00,28.510000228881836,29.360000610351562,27.899999618530273,28.850000381469727,912800,28.850000381469727
PTCT,2024-01-10 19:00:00-05:00,28.450000762939453,29.030000686645508,27.959999084472656,28.770000457763672,1197500,28.770000457763672
PTCT,2024-01-11 19:00:00-05:00,29.229999542236328,29.549999237060547,27.149999618530273,27.329999923706055,762600,27.329999923706055
PTCT,2024-01-15 19:00:00-05:00,27.1299991607666,28.725000381469727,26.988000869750977,28.6200008392334,1192800,28.6200008392334
PTCT,2024-01-16 19:00:00-05:00,28.5,28.809999465942383,27.15999984741211,28.100000381469727,887100,28.100000381469727
PTCT,2024-01-17 19:00:00-05:00,27.989999771118164,28.350000381469727,27.0,27.329999923706055,1110900,27.329999923706055
PTCT,2024-01-18 19:00:00-05:00,27.3700008392334,27.56999969482422,26.15999984741211,27.059999465942383,4177600,27.059999465942383
PTCT,2024-01-21 19:00:00-05:00,27.290000915527344,27.90999984741211,27.0,27.270000457763672,1105400,27.270000457763672
PTCT,2024-01-22 19:00:00-05:00,27.790000915527344,28.190000534057617,27.329999923706055,27.959999084472656,667900,27.959999084472656
PTCT,2024-01-23 19:00:00-05:00,28.360000610351562,28.649999618530273,27.18000030517578,27.209999084472656,562500,27.209999084472656
PTCT,2024-01-24 19:00:00-05:00,27.229999542236328,28.09000015258789,26.530000686645508,26.65999984741211,1052300,26.65999984741211
PTCT,2024-01-25 19:00:00-05:00,25.709999084472656,27.209999084472656,25.100000381469727,27.049999237060547,2864600,27.049999237060547
PTCT,2024-01-28 19:00:00-05:00,27.1299991607666,28.5,25.790000915527344,28.15999984741211,928500,28.15999984741211
PTCT,2024-01-29 19:00:00-05:00,28.1299991607666,28.1299991607666,26.440000534057617,26.559999465942383,902600,26.559999465942383
PTCT,2024-01-30 19:00:00-05:00,26.520000457763672,27.350000381469727,26.014999389648438,26.09000015258789,940400,26.09000015258789
PTCT,2024-01-31 19:00:00-05:00,26.239999771118164,26.34000015258789,25.219999313354492,26.030000686645508,760600,26.030000686645508
PTCT,2024-02-01 19:00:00-05:00,25.469999313354492,25.844999313354492,24.790000915527344,25.18000030517578,745400,25.18000030517578
PTCT,2024-02-04 19:00:00-05:00,24.780000686645508,25.18000030517578,23.940000534057617,25.06999969482422,756500,25.06999969482422
PTCT,2024-02-05 19:00:00-05:00,24.950000762939453,26.889999389648438,24.690000534057617,26.790000915527344,1098100,26.790000915527344
PTCT,2024-02-06 19:00:00-05:00,26.739999771118164,26.739999771118164,25.18000030517578,25.239999771118164,661500,25.239999771118164
PTCT,2024-02-07 19:00:00-05:00,25.309999465942383,25.667999267578125,24.8799991607666,25.25,573300,25.25
PTCT,2024-02-08 19:00:00-05:00,25.40999984741211,25.75,25.219999313354492,25.510000228881836,630500,25.510000228881836
PTCT,2024-02-11 19:00:00-05:00,25.690000534057617,25.96500015258789,25.43000030517578,25.920000076293945,918900,25.920000076293945
PTCT,2024-02-12 19:00:00-05:00,24.850000381469727,25.100000381469727,23.579999923706055,24.149999618530273,1408400,24.149999618530273
PTCT,2024-02-13 19:00:00-05:00,24.34000015258789,25.375,24.290000915527344,25.040000915527344,1265800,25.040000915527344
PTCT,2024-02-14 19:00:00-05:00,25.34000015258789,25.8700008392334,25.18000030517578,25.690000534057617,838000,25.690000534057617
PTCT,2024-02-15 19:00:00-05:00,25.420000076293945,26.350000381469727,25.1299991607666,25.90999984741211,1078900,25.90999984741211
PTCT,2024-02-19 19:00:00-05:00,25.709999084472656,26.360000610351562,25.309999465942383,25.979999542236328,711000,25.979999542236328
PTCT,2024-02-20 19:00:00-05:00,25.940000534057617,26.184999465942383,25.344999313354492,25.940000534057617,652400,25.940000534057617
PTCT,2024-02-21 19:00:00-05:00,25.81999969482422,26.610000610351562,25.520000457763672,26.040000915527344,589100,26.040000915527344
PTCT,2024-02-22 19:00:00-05:00,26.010000228881836,27.75,25.7450008392334,27.06999969482422,861900,27.06999969482422
PTCT,2024-02-25 19:00:00-05:00,27.020000457763672,28.459999084472656,26.834999084472656,27.950000762939453,773400,27.950000762939453
PTCT,2024-02-26 19:00:00-05:00,28.43000030517578,28.65999984741211,27.610000610351562,28.309999465942383,823200,28.309999465942383
PTCT,2024-02-27 19:00:00-05:00,28.18000030517578,28.915000915527344,27.979999542236328,28.200000762939453,780000,28.200000762939453
PTCT,2024-02-28 19:00:00-05:00,28.8700008392334,28.940000534057617,27.790000915527344,28.190000534057617,1529100,28.190000534057617
PTCT,2024-02-29 19:00:00-05:00,26.5,32.904998779296875,25.399999618530273,31.950000762939453,2092100,31.950000762939453
PTCT,2024-03-03 19:00:00-05:00,32.709999084472656,32.77000045776367,30.079999923706055,30.979999542236328,1151600,30.979999542236328
PTCT,2024-03-04 19:00:00-05:00,30.709999084472656,31.579999923706055,30.25,31.299999237060547,779500,31.299999237060547
PTCT,2024-03-05 19:00:00-05:00,31.8700008392334,31.899999618530273,30.174999237060547,30.8799991607666,740900,30.8799991607666
PTCT,2024-03-06 19:00:00-05:00,31.170000076293945,31.28499984741211,30.600000381469727,30.760000228881836,654000,30.760000228881836
PTCT,2024-03-07 19:00:00-05:00,31.34000015258789,31.649999618530273,30.545000076293945,31.15999984741211,616200,31.15999984741211
PTCT,2024-03-10 20:00:00-04:00,31.190000534057617,31.65999984741211,30.56999969482422,30.700000762939453,906600,30.700000762939453
PTCT,2024-03-11 20:00:00-04:00,30.6299991607666,31.739999771118164,30.110000610351562,31.690000534057617,760900,31.690000534057617
PTCT,2024-03-12 20:00:00-04:00,31.719999313354492,32.22999954223633,30.579999923706055,30.790000915527344,820000,30.790000915527344
PTCT,2024-03-13 20:00:00-04:00,30.360000610351562,30.360000610351562,28.25,28.889999389648438,881800,28.889999389648438
PTCT,2024-03-14 20:00:00-04:00,28.790000915527344,29.915000915527344,28.709999084472656,29.549999237060547,2231600,29.549999237060547
PTCT,2024-03-17 20:00:00-04:00,29.43000030517578,29.84000015258789,28.56999969482422,29.010000228881836,690700,29.010000228881836
PTCT,2024-03-18 20:00:00-04:00,28.93000030517578,30.809999465942383,28.5049991607666,30.43000030517578,725400,30.43000030517578
PTCT,2024-03-19 20:00:00-04:00,30.65999984741211,30.670000076293945,29.0,29.510000228881836,782900,29.510000228881836
PTCT,2024-03-20 20:00:00-04:00,29.969999313354492,30.94499969482422,29.420000076293945,30.170000076293945,697600,30.170000076293945
PTCT,2024-03-21 20:00:00-04:00,30.200000762939453,30.459999084472656,29.049999237060547,29.09000015258789,462800,29.09000015258789
PTCT,2024-03-24 20:00:00-04:00,29.0,29.760000228881836,28.290000915527344,28.860000610351562,363800,28.860000610351562
PTCT,2024-03-25 20:00:00-04:00,29.3799991607666,29.469999313354492,27.920000076293945,27.959999084472656,631400,27.959999084472656
PTCT,2024-03-26 20:00:00-04:00,28.18000030517578,29.850000381469727,27.90999984741211,29.440000534057617,436900,29.440000534057617
PTCT,2024-03-27 20:00:00-04:00,29.479999542236328,29.829999923706055,29.0,29.09000015258789,1084000,29.09000015258789
PTCT,2024-03-31 20:00:00-04:00,29.010000228881836,29.010000228881836,27.954999923706055,28.59000015258789,733600,28.59000015258789
PTCT,2024-04-01 20:00:00-04:00,28.049999237060547,28.959999084472656,27.600000381469727,28.399999618530273,727700,28.399999618530273
PTCT,2024-04-02 20:00:00-04:00,28.1299991607666,29.139999389648438,27.700000762939453,29.0,716900,29.0
PTCT,2024-04-03 20:00:00-04:00,29.1299991607666,29.420000076293945,27.719999313354492,27.81999969482422,504100,27.81999969482422
PTCT,2024-04-04 20:00:00-04:00,27.309999465942383,27.719999313354492,26.459999084472656,27.020000457763672,526000,27.020000457763672
PTCT,2024-04-07 20:00:00-04:00,27.1200008392334,27.43000030517578,26.540000915527344,26.8799991607666,477900,26.8799991607666
PTCT,2024-04-08 20:00:00-04:00,26.950000762939453,27.719999313354492,26.719999313354492,27.600000381469727,442300,27.600000381469727
PTCT,2024-04-09 20:00:00-04:00,26.56999969482422,27.34000015258789,26.299999237060547,26.90999984741211,533500,26.90999984741211
PTCT,2024-04-10 20:00:00-04:00,27.450000762939453,27.81999969482422,26.655000686645508,27.399999618530273,621300,27.399999618530273
PTCT,2024-04-11 20:00:00-04:00,27.579999923706055,28.0049991607666,26.110000610351562,26.420000076293945,736800,26.420000076293945
PTCT,2024-04-14 20:00:00-04:00,26.420000076293945,26.780000686645508,25.389999389648438,25.68000030517578,962600,25.68000030517578
PTCT,2024-04-15 20:00:00-04:00,25.420000076293945,26.31999969482422,25.139999389648438,25.290000915527344,712700,25.290000915527344
PTCT,2024-04-16 20:00:00-04:00,25.5,25.5,24.790000915527344,25.15999984741211,665600,25.15999984741211
PTCT,2024-04-17 20:00:00-04:00,25.1299991607666,25.280000686645508,24.469999313354492,24.690000534057617,820100,24.690000534057617
PTCT,2024-04-18 20:00:00-04:00,24.010000228881836,25.549999237060547,24.010000228881836,25.31999969482422,3931900,25.31999969482422
PTCT,2024-04-21 20:00:00-04:00,25.34000015258789,26.489999771118164,25.18000030517578,25.969999313354492,647500,25.969999313354492
PTCT,2024-04-22 20:00:00-04:00,26.15999984741211,26.270000457763672,25.165000915527344,25.40999984741211,754400,25.40999984741211
PTCT,2024-04-23 20:00:00-04:00,25.790000915527344,26.0,24.850000381469727,25.209999084472656,560800,25.209999084472656
PTCT,2024-04-24 20:00:00-04:00,24.65999984741211,25.649999618530273,23.9950008392334,25.489999771118164,1024800,25.489999771118164
PTCT,2024-04-25 20:00:00-04:00,27.0,29.270000457763672,25.670000076293945,28.56999969482422,1645900,28.56999969482422
PTCT,2024-04-28 20:00:00-04:00,29.399999618530273,32.61000061035156,29.075000762939453,32.13999938964844,1861600,32.13999938964844
PTCT,2024-04-29 20:00:00-04:00,31.959999084472656,32.880001068115234,31.700000762939453,32.150001525878906,1420000,32.150001525878906
PTCT,2024-04-30 20:00:00-04:00,32.310001373291016,35.470001220703125,31.700000762939453,34.15999984741211,1095100,34.15999984741211
PTCT,2024-05-01 20:00:00-04:00,34.72999954223633,34.900001525878906,33.209999084472656,33.619998931884766,911700,33.619998931884766
PTCT,2024-05-02 20:00:00-04:00,34.72999954223633,34.83000183105469,32.810001373291016,33.0099983215332,992600,33.0099983215332
PTCT,2024-05-05 20:00:00-04:00,32.959999084472656,33.31999969482422,32.540000915527344,32.959999084472656,468700,32.959999084472656
PTCT,2024-05-06 20:00:00-04:00,33.15999984741211,33.29999923706055,31.700000762939453,31.790000915527344,512500,31.790000915527344
PTCT,2024-05-07 20:00:00-04:00,31.1299991607666,31.600000381469727,30.704999923706055,31.139999389648438,623800,31.139999389648438
PTCT,2024-05-08 20:00:00-04:00,31.139999389648438,31.38800048828125,30.790000915527344,31.049999237060547,822500,31.049999237060547
PTCT,2024-05-09 20:00:00-04:00,31.229999542236328,32.689998626708984,31.010000228881836,32.25,590700,32.25
PTCT,2024-05-12 20:00:00-04:00,32.25,33.2599983215332,31.479999542236328,31.700000762939453,922300,31.700000762939453
PTCT,2024-05-13 20:00:00-04:00,32.540000915527344,33.1349983215332,30.950000762939453,31.18000030517578,497800,31.18000030517578
PTCT,2024-05-14 20:00:00-04:00,32.029998779296875,33.790000915527344,31.920000076293945,33.65999984741211,573700,33.65999984741211
PTCT,2024-05-15 20:00:00-04:00,33.7400016784668,34.31999969482422,33.31999969482422,34.029998779296875,546600,34.029998779296875
PTCT,2024-05-16 20:00:00-04:00,33.709999084472656,33.939998626708984,32.880001068115234,33.095001220703125,646600,33.095001220703125
PTCT,2024-05-19 20:00:00-04:00,38.5,40.689998626708984,37.56999969482422,40.119998931884766,2858600,40.119998931884766
PTCT,2024-05-20 20:00:00-04:00,39.91999816894531,40.689998626708984,38.27000045776367,38.849998474121094,1357500,38.849998474121094
PTCT,2024-05-21 20:00:00-04:00,38.86000061035156,39.02000045776367,37.209999084472656,38.63999938964844,1085700,38.63999938964844
PTCT,2024-05-22 20:00:00-04:00,38.630001068115234,38.630001068115234,36.92499923706055,37.130001068115234,848100,37.130001068115234
PTCT,2024-05-23 20:00:00-04:00,37.27000045776367,38.13999938964844,37.060001373291016,37.20000076293945,540500,37.20000076293945
PTCT,2024-05-27 20:00:00-04:00,37.7599983215332,37.7599983215332,36.25,36.470001220703125,844800,36.470001220703125
PTCT,2024-05-28 20:00:00-04:00,35.72999954223633,36.49300003051758,34.79999923706055,35.029998779296875,786500,35.029998779296875
PTCT,2024-05-29 20:00:00-04:00,35.40999984741211,36.59000015258789,35.029998779296875,35.810001373291016,983200,35.810001373291016
PTCT,2024-05-30 20:00:00-04:00,35.9900016784668,36.81999969482422,35.849998474121094,36.36000061035156,611500,36.36000061035156
PTCT,2024-06-02 20:00:00-04:00,36.02000045776367,37.939998626708984,35.95000076293945,37.43000030517578,1411800,37.43000030517578
PTCT,2024-06-03 20:00:00-04:00,37.5099983215332,38.709999084472656,37.220001220703125,37.90999984741211,550300,37.90999984741211
PTCT,2024-06-04 20:00:00-04:00,38.119998931884766,38.65999984741211,37.56999969482422,38.0,654300,38.0
PTCT,2024-06-05 20:00:00-04:00,38.09000015258789,38.16999816894531,36.76499938964844,36.93000030517578,624100,36.93000030517578
PTCT,2024-06-06 20:00:00-04:00,36.77000045776367,37.290000915527344,36.220001220703125,36.52000045776367,549000,36.52000045776367
PTCT,2024-06-09 20:00:00-04:00,36.119998931884766,38.27000045776367,36.119998931884766,37.61000061035156,1258000,37.61000061035156
PTCT,2024-06-10 20:00:00-04:00,37.18000030517578,37.79999923706055,36.599998474121094,37.689998626708984,588000,37.689998626708984
PTCT,2024-06-11 20:00:00-04:00,38.959999084472656,39.95000076293945,36.974998474121094,37.66999816894531,645800,37.66999816894531
PTCT,2024-06-12 20:00:00-04:00,37.599998474121094,38.119998931884766,36.70000076293945,36.900001525878906,774700,36.900001525878906
PTCT,2024-06-13 20:00:00-04:00,36.45000076293945,36.56999969482422,35.529998779296875,35.810001373291016,837700,35.810001373291016
PTCT,2024-06-16 20:00:00-04:00,35.66999816894531,36.599998474121094,35.189998626708984,35.400001525878906,974800,35.400001525878906
PTCT,2024-06-17 20:00:00-04:00,35.41999816894531,36.119998931884766,34.494998931884766,35.619998931884766,800100,35.619998931884766
PTCT,2024-06-19 20:00:00-04:00,36.20000076293945,36.939998626708984,32.849998474121094,33.290000915527344,2190300,33.290000915527344
PTCT,2024-06-20 20:00:00-04:00,33.47999954223633,36.540000915527344,33.47999954223633,36.52000045776367,3750600,36.52000045776367
PTCT,2024-06-23 20:00:00-04:00,36.95000076293945,37.63999938964844,35.689998626708984,35.77000045776367,787100,35.77000045776367
PTCT,2024-06-24 20:00:00-04:00,36.5,37.31999969482422,35.08000183105469,35.150001525878906,793400,35.150001525878906
PTCT,2024-06-25 20:00:00-04:00,35.08000183105469,35.349998474121094,34.459999084472656,35.02000045776367,699600,35.02000045776367
PTCT,2024-06-26 20:00:00-04:00,35.56999969482422,36.220001220703125,34.560001373291016,34.65999984741211,662300,34.65999984741211
PTCT,2024-06-27 20:00:00-04:00,29.25,32.40999984741211,28.719999313354492,30.579999923706055,3274400,30.579999923706055
PTCT,2024-06-30 20:00:00-04:00,30.559999465942383,31.850000381469727,30.399999618530273,31.170000076293945,828400,31.170000076293945
PTCT,2024-07-01 20:00:00-04:00,31.100000381469727,31.329999923706055,29.920000076293945,30.389999389648438,866200,30.389999389648438
PTCT,2024-07-02 20:00:00-04:00,30.920000076293945,31.139999389648438,30.290000915527344,31.0,362300,31.0
PTCT,2024-07-04 20:00:00-04:00,30.899999618530273,31.200000762939453,30.145000457763672,30.93000030517578,519900,30.93000030517578
PTCT,2024-07-07 20:00:00-04:00,31.6299991607666,32.16999816894531,30.989999771118164,31.729999542236328,512800,31.729999542236328
PTCT,2024-07-08 20:00:00-04:00,31.649999618530273,32.33000183105469,30.875,31.549999237060547,612100,31.549999237060547
PTCT,2024-07-09 20:00:00-04:00,31.690000534057617,32.400001525878906,31.420000076293945,31.770000457763672,387700,31.770000457763672
PTCT,2024-07-10 20:00:00-04:00,32.41999816894531,33.880001068115234,31.8700008392334,33.20000076293945,603200,33.20000076293945
PTCT,2024-07-11 20:00:00-04:00,33.61000061035156,34.439998626708984,32.7599983215332,33.27000045776367,584900,33.27000045776367
PTCT,2024-07-14 20:00:00-04:00,33.380001068115234,33.7599983215332,32.529998779296875,33.130001068115234,666200,33.130001068115234
PTCT,2024-07-15 20:00:00-04:00,33.75,34.4900016784668,33.66999816894531,34.16999816894531,795000,34.16999816894531
PTCT,2024-07-16 20:00:00-04:00,33.86000061035156,34.560001373291016,33.362998962402344,34.189998626708984,1058500,34.189998626708984
PTCT,2024-07-17 20:00:00-04:00,34.06999969482422,34.18000030517578,32.349998474121094,32.810001373291016,800500,32.810001373291016
PTCT,2024-07-18 20:00:00-04:00,32.97999954223633,33.619998931884766,32.40999984741211,32.630001068115234,537200,32.630001068115234
PTCT,2024-07-21 20:00:00-04:00,32.93000030517578,33.209999084472656,32.540000915527344,33.029998779296875,501700,33.029998779296875
PTCT,2024-07-23 14:47:58-04:00,32.790000915527344,33.70500183105469,32.790000915527344,33.599998474121094,121986,33.599998474121094
